RFdist
0.1666667
0.2
0.1463415
0.1764706
0.1707317
0.05263158
0.12
0.1627907
0.1851852
0.1034483
0.1111111
0.1333333
0.1818182
0.0625
0.2894737
0.05617978
0.125
0.08108108
0
0.0625
0.2
0.2
0.04918033
0.1666667
0.1168831
0.1428571
0.2121212
0.2238806
0.07692308
0.1052632
0.1168831
0.1428571
0.07042254
0.25
0.1136364
0.3333333
0.12
0.1219512
0.08108108
0.1914894
0.1363636
0.05454545
0.1666667
0.2444444
0.1304348
0.1320755
0.09090909
0
0.1428571
0.07865169
0.06976744
0.1176471
0.08108108
0.1481481
0.09375
0.08823529
0.1463415
0.1707317
0.1666667
0.1515152
0.02857143
0.1388889
0.06122449
0.1264368
0.125
0.12
0.1333333
0.2631579
0.1428571
0.09803922
0.1081081
0.09433962
0.08108108
0.06666667
0.1153846
0.1666667
0.1388889
0.06666667
0.12
0.02702703
0.1111111
0.05882353
0.1466667
0.1044776
0.05263158
0.04109589
0.1929825
0.1666667
0.24
0.04347826
0.02380952
0.08823529
0.06666667
0.1724138
0.1428571
0.1264368
0.01694915
0.1923077
0.09859155
0.1724138
