      age[0]                   0.944742    0.002037    0.860314    1.034617    0.940387    1.002    2
      age[0]                   0.993515    0.000622    0.954724    1.040499    0.989433    1.000    2
      age[0]                   0.994426    0.000556    0.951381    1.043118    0.991718    1.001    2
      age[0]                   0.975267    0.000708    0.929260    1.029218    0.972528    1.004    2
      age[0]                   1.016951    0.000767    0.963181    1.071023    1.014781    1.013    2
      age[0]                  1.026213    0.001429    0.955268    1.101557    1.023376    1.008    2
      age[0]                   1.001320    0.000326    0.967767    1.038229    0.999658    1.000    2
      age[0]                  0.793722    0.002529    0.723605    0.887356    0.784618    1.001    2
      age[0]                  0.963513    0.000379    0.928169    1.003738    0.961662    1.000    2
      age[0]                   0.974622    0.001066    0.918031    1.043834    0.970532    1.001    2
      age[0]                  0.933788    0.000525    0.893878    0.984119    0.931630    1.027    2
      age[0]                  0.892906    0.004349    0.831187    1.027822    0.870013    1.004    2
      age[0]                  0.960480    0.004083    0.857055    1.072875    0.955389    1.002    2
      age[0]                  0.915380    0.004971    0.813840    1.058724    0.897525    1.004    2
      age[0]                   0.991081    0.001374    0.928209    1.069316    0.986650    1.000    2
      age[0]                   0.986065    0.000525    0.942156    1.029576    0.985701    1.001    2
      age[0]                   1.031898    0.000574    0.989087    1.080357    1.029252    1.002    2
      age[0]                  1.012871    0.002434    0.919378    1.112750    1.008981    1.000    2
      age[0]                  0.903182    0.014886    0.680910    1.146649    0.888897    1.000    2
      age[0]                  0.984120    0.000713    0.951793    1.037035    0.977581    1.001    2
      age[0]                   0.996027    0.000629    0.950695    1.046804    0.994180    1.000    2
      age[0]                  0.999815    0.000434    0.979085    1.041149    0.993644    1.001    2
      age[0]                  0.921100    0.002006    0.836511    1.009827    0.917736    1.004    2
      age[0]                  0.968628    0.002339    0.860472    1.048954    0.966339    1.006    2
      age[0]                  0.969257    0.000883    0.915221    1.029391    0.966533    1.000    2
      age[0]                  0.938497    0.002436    0.848042    1.035945    0.934216    1.021    2
      age[0]                  0.894957    0.001580    0.819448    0.974045    0.891794    1.003    2
      age[0]                  0.957074    0.002292    0.864922    1.054036    0.952815    1.000    2
      age[0]                  0.850998    0.003497    0.739322    0.964291    0.848534    1.001    2
      age[0]                   0.963190    0.001514    0.890403    1.040114    0.959443    1.000    2
      age[0]                   0.967682    0.000795    0.916049    1.023472    0.965239    1.006    2
      age[0]                   0.957159    0.001066    0.914771    1.020168    0.951209    1.000    2
      age[0]                  1.009012    0.000500    0.965641    1.054025    1.007986    1.000    2
      age[0]                  1.008331    0.000933    0.970762    1.065883    1.001484    1.000    2
      age[0]                   1.006402    0.000843    0.952765    1.063636    1.004463    1.000    2
      age[0]                  0.994488    0.001086    0.935601    1.061380    0.991360    1.000    2
      age[0]                  0.934086    0.001718    0.859116    1.022080    0.931043    1.001    2
      age[0]                  0.929618    0.001178    0.886164    0.996381    0.921852    1.019    2
      age[0]                  1.004929    0.000443    0.971067    1.043866    1.001843    1.000    2
      age[0]                  1.009477    0.000747    0.957132    1.063601    1.007163    1.002    2
      age[0]                   0.943011    0.001012    0.882956    1.008504    0.940748    1.007    2
      age[0]                  0.997006    0.003192    0.886118    1.109595    0.995323    1.025    2
      age[0]                   0.874261    0.003418    0.767920    0.993344    0.872192    1.001    2
      age[0]                   0.951750    0.000625    0.905666    1.001190    0.950390    1.001    2
      age[0]                  0.989563    0.000539    0.952899    1.027432    0.986352    1.004    2
      age[0]                  1.006402    0.000658    0.959389    1.058365    1.003854    1.003    2
      age[0]                   0.971259    0.000753    0.919010    1.023434    0.969232    1.001    2
      age[0]                  0.996934    0.001647    0.918668    1.071004    0.993171    1.012    2
      age[0]                  1.013205    0.001032    0.956639    1.076660    1.008965    1.002    2
      age[0]                   0.997181    0.000773    0.945666    1.048876    0.994850    1.024    2
      age[0]                  1.015016    0.001238    0.946698    1.083996    1.012697    1.000    2
      age[0]                  0.940867    0.003052    0.842739    1.048844    0.934167    1.030    2
      age[0]                  0.875831    0.001141    0.827732    0.940171    0.870188    1.017    2
      age[0]                  0.954831    0.004139    0.821879    1.073104    0.952042    1.002    2
      age[0]                  0.991545    0.001137    0.929581    1.058813    0.988954    1.004    2
      age[0]                  0.992084    0.000367    0.966027    1.029155    0.988267    1.000    2
      age[0]                   1.040050    0.002583    0.960697    1.151163    1.028306    1.015    2
      age[0]                  0.985281    0.002357    0.893160    1.086104    0.982338    1.001    2
      age[0]                  0.926430    0.000930    0.868987    0.984499    0.923000    1.004    2
      age[0]                   0.967162    0.000611    0.931533    1.019636    0.960759    1.000    2
      age[0]                  1.000920    0.000789    0.956540    1.053014    0.996844    1.001    2
      age[0]                   0.936233    0.000911    0.886451    1.003404    0.931320    1.004    2
      age[0]                  1.006826    0.000739    0.957638    1.061720    1.004633    1.017    2
      age[0]                   1.053819    0.002222    0.959023    1.149970    1.050435    1.005    2
      age[0]                   0.959077    0.001065    0.898596    1.017526    0.957431    1.003    2
      age[0]                   0.939955    0.000838    0.885302    0.997725    0.937187    1.004    2
      age[0]                  0.962337    0.006268    0.809609    1.116211    0.956497    1.007    2
      age[0]                  1.036827    0.001705    0.959999    1.119275    1.033618    1.000    2
      age[0]                  1.062397    0.005488    0.919822    1.206028    1.058698    1.007    2
      age[0]                  0.982578    0.000869    0.926441    1.040534    0.979487    1.001    2
      age[0]                   0.988387    0.000809    0.935659    1.045278    0.986181    1.001    2
      age[0]                  0.987129    0.000833    0.931506    1.043241    0.984996    1.000    2
      age[0]                   0.999422    0.001832    0.921123    1.084015    0.997078    1.000    2
      age[0]                  1.036470    0.005181    0.886073    1.175550    1.030927    1.002    2
      age[0]                  0.979604    0.001038    0.927599    1.042244    0.974058    1.001    2
      age[0]                  0.866984    0.005219    0.792186    1.008317    0.847942    1.001    2
      age[0]                   1.014464    0.001477    0.945675    1.097121    1.010440    1.000    2
      age[0]                  1.047344    0.002203    0.958592    1.143017    1.043947    1.003    2
      age[0]                   0.978043    0.000684    0.929905    1.030511    0.976263    1.004    2
      age[0]                  0.974389    0.001003    0.914803    1.036983    0.971914    1.001    2
      age[0]                  1.020632    0.004141    0.899401    1.145541    1.017906    1.014    2
      age[0]                   0.960292    0.001646    0.877911    1.036728    0.956503    1.002    2
      age[0]                   0.998035    0.001632    0.925966    1.070057    0.993840    1.000    2
      age[0]                  0.995110    0.006583    0.845959    1.142507    0.988932    1.001    2
      age[0]                  0.919324    0.001216    0.853595    0.989409    0.917296    1.000    2
      age[0]                  0.988566    0.000939    0.930805    1.047506    0.986365    1.005    2
      age[0]                  0.780394    0.003389    0.664816    0.898061    0.776485    1.008    2
      age[0]                  0.972016    0.001935    0.905143    1.050742    0.968062    1.025    2
      age[0]                  0.970232    0.001400    0.902132    1.049089    0.966977    1.002    2
      age[0]                  0.939740    0.001704    0.862889    1.021383    0.935559    1.000    2
      age[0]                   1.005287    0.000779    0.953474    1.061729    1.002826    1.000    2
      age[0]                  1.035133    0.001663    0.958614    1.113503    1.030649    1.000    2
      age[0]                   0.983450    0.000917    0.924760    1.044120    0.981919    1.025    2
      age[0]                  0.932521    0.002318    0.856532    1.030183    0.922728    1.000    2
      age[0]                   0.982607    0.001247    0.913964    1.055727    0.980970    1.032    2
      age[0]                   1.014050    0.000589    0.967347    1.060060    1.012224    1.012    2
      age[0]                  1.014446    0.000551    0.970657    1.060998    1.012945    1.001    2
      age[0]                  1.006740    0.000339    0.974358    1.044391    1.004485    1.000    2
      age[0]                   0.950580    0.002343    0.863571    1.046719    0.949484    1.001    2
      age[0]                  0.879758    0.007243    0.778684    1.054458    0.851442    1.012    2
