0.2325581
0.1666667
0.09090909
0.1818182
0.1818182
0.1
0.07692308
0.1818182
0.2758621
0.1333333
0.1052632
0.125
0.1304348
0.125
0.2093023
0.06521739
0.255814
0.05263158
0
0.0625
0.173913
0.125
0.03225806
0.1020408
0.025
0.2222222
0.2941176
0.1714286
0.2222222
0.1538462
0.195122
0.2702703
0.08108108
0.1176471
0.173913
0.1
0.03703704
0.2272727
0.1052632
0.12
0.1702128
0.1034483
0.2340426
0.2340426
0.2162162
0.1111111
0.225
0.25
0.1212121
0.08888889
0.04347826
0.1111111
0.1052632
0.1666667
0.09375
0.1428571
0.1428571
0.1363636
0.15
0.05405405
0.05555556
0.2
0.08
0.1555556
0.255814
0.15
0.05882353
0.1818182
0.1153846
0.2307692
0.275
0.1111111
0.15
0.1304348
0.1923077
0.1666667
0.1794872
0.1333333
0.09756098
0.1578947
0.1842105
0.04545455
0.2051282
0.2
0.1052632
0.1052632
0.2
0.25
0.2307692
0.08333333
0.1162791
0.1428571
0.08695652
0
0.15
0.173913
0.1333333
0.1071429
0.1315789
0.09677419
