reso  sja  d_qt  d_ci  d_rf
0.7209302 0.9540538 0.09764684 0.2136784 0.3639249
0.6944444 0.9566118 0.06561622 0.2471443 0.3562109
0.8181818 0.9843884 0.05676282 0.1895274 0.2619403
0.5454545 1 0.0463684 0.2680897 0.261201
0.7954545 0.9734217 0.09075491 0.2162423 0.3089977
0.65 0.9234186 0.1447205 0.3632258 0.5188578
0.8461538 0.9579612 0.0858751 0.1860766 0.2565111
0.9130435 0.9501623 0.06158103 0.1699004 0.2266262
0.7241379 0.9526438 0.0826891 0.2067466 0.3288811
0.7826087 0.9450098 0.07882105 0.2182969 0.3985792
0.7179487 0.9971726 0.128424 0.2249994 0.2596484
0.875 0.8959227 0.119195 0.2377316 0.4487535
0.7826087 0.9543789 0.09361204 0.195715 0.4166624
0.8823529 0.9776079 0.04876161 0.1438787 0.1640901
0.5116279 0.9792771 0.2145602 0.4729352 0.5437207
0.8723404 0.9933146 0.01799874 0.1264289 0.1749991
0.7045455 0.9591865 0.07839875 0.2574629 0.3115773
0.7894737 0.9331104 0.1282297 0.2036918 0.2970135
1 1 0 0 0
0.8823529 0.9953569 0.05959752 0.1207166 0.1266322
0.8723404 0.9477576 0.06473834 0.1666203 0.2576187
0.8333333 0.9344811 0.08586895 0.224777 0.4513361
0.8387097 0.9553398 0.06514145 0.1655682 0.3147204
0.8148148 1 0.06521831 0.1207834 0.1273613
0.825 0.9887598 0.04265457 0.1790561 0.2860115
0.75 0.9643534 0.160135 0.2761665 0.3959664
0.7352941 0.9318474 0.09339844 0.2245379 0.4588187
0.75 0.9839125 0.1030888 0.230382 0.2687019
0.8928571 0.8760202 0.1469622 0.1932468 0.3071977
0.9 0.9712125 0.03568748 0.1357242 0.2472352
0.7560976 0.9598178 0.05761284 0.2064571 0.3286018
0.7297297 0.9854149 0.1314586 0.2278914 0.3332805
0.7894737 1 0.02225079 0.1350167 0.1401881
0.8823529 0.9692898 0.04582043 0.1022205 0.1433048
0.893617 0.9878829 0.03479394 0.14921 0.1924956
0.7619048 0.9950434 0.04884246 0.1709277 0.171505
0.7037037 0.9917184 0.08401752 0.2004508 0.2615058
0.6521739 0.838427 0.2435178 0.456183 0.5731955
0.8947368 0.926479 0.09002051 0.2163291 0.2997196
0.7692308 0.9801798 0.09296703 0.1971978 0.2438919
0.6875 0.9583112 0.08397959 0.2978274 0.4371926
0.7666667 0.9442229 0.09735818 0.2996659 0.4242799
0.8333333 0.9837188 0.0702779 0.1703908 0.2125563
0.625 0.9807104 0.08003691 0.2898223 0.4605375
0.7297297 0.9513263 0.1459022 0.2940475 0.431219
0.7407407 0.9821131 0.05643131 0.2098459 0.2523832
0.7317073 0.9826792 0.03980229 0.184868 0.2131407
0.875 0.9678382 0.08888889 0.227092 0.3745108
0.7878788 0.9875931 0.03297683 0.2054336 0.2552784
0.9130435 0.980576 0.02597389 0.1026844 0.1583172
0.7826087 1 0.0326087 0.1302221 0.1331286
1 0.9478697 0.05213033 0.1926746 0.212665
0.9 0.941496 0.06671224 0.1489011 0.2249188
0.7419355 0.9976058 0.07335044 0.1870275 0.2016265
0.7575758 0.8779137 0.1754966 0.2126263 0.2694777
0.9444444 0.9574412 0.05398632 0.1462084 0.254323
0.8095238 0.9894727 0.06061613 0.2326876 0.2794421
0.8695652 0.9843414 0.05498024 0.1087697 0.1993535
0.6190476 0.9589416 0.1591756 0.3027003 0.3848609
0.8378378 0.8896944 0.1294343 0.2475599 0.4039477
0.9444444 0.9866048 0.02656642 0.08924642 0.104699
0.9 0.9350437 0.07088567 0.183598 0.362661
0.8461538 0.9929726 0.08886447 0.1382775 0.1879535
0.7826087 0.9948412 0.06224175 0.1676943 0.1897887
0.7272727 0.9622072 0.06246591 0.2137355 0.3549569
0.65 0.9959656 0.06966615 0.2279515 0.2483394
0.8823529 0.9620712 0.05242518 0.1994115 0.2483659
0.7272727 0.9459029 0.1012253 0.2161423 0.3419965
0.8846154 0.9671989 0.04542967 0.1556953 0.1965066
0.7037037 0.9542427 0.1037641 0.2727426 0.3571754
0.8780488 0.9350008 0.06877076 0.1453596 0.2734981
0.6785714 0.9610532 0.1172779 0.323099 0.4107368
0.725 0.9555054 0.09784053 0.2182043 0.2845198
0.8333333 0.9609876 0.1103344 0.2303471 0.3252773
0.5769231 0.9824142 0.1858448 0.3216596 0.3770055
1 0.9206349 0.07936508 0.154929 0.1522582
0.5897436 0.9564831 0.06918163 0.2747015 0.4427373
0.8666667 0.9814624 0.04166667 0.159652 0.1811636
0.7142857 0.9912869 0.1041687 0.2134377 0.2504208
0.5789474 0.9308377 0.2419686 0.4039713 0.4895072
0.7179487 0.9730017 0.0598894 0.2209796 0.3254858
0.7954545 0.9863028 0.06726376 0.1739352 0.2414899
0.8205128 0.9962467 0.02159385 0.1429277 0.152963
0.7714286 0.9824168 0.05099912 0.1717893 0.2254495
0.7368421 0.9835859 0.1334928 0.2146113 0.2858649
0.8205128 0.9921675 0.03959712 0.1484118 0.1830604
0.7741935 0.9593966 0.07281281 0.2119167 0.2963212
0.7142857 1 0.04918125 0.1564267 0.1486361
0.8148148 0.9751684 0.06332365 0.1330043 0.1680116
0.8333333 0.9646647 0.04592593 0.133386 0.1913253
0.7209302 0.9990247 0.1143334 0.2198564 0.2347392
0.8 0.9932041 0.03888776 0.177272 0.2038093
0.7021277 0.9394014 0.2642041 0.3239031 0.4357622
0.75 0.9512485 0.1083591 0.265426 0.3381853
0.8 0.9816472 0.08340896 0.2173846 0.3697485
0.673913 0.9637435 0.1457574 0.3256766 0.3682493
0.9032258 0.9898 0.01652004 0.09856243 0.1373831
0.7857143 0.9684959 0.09354839 0.1986678 0.2919077
0.7435897 0.9817398 0.03889602 0.1769801 0.1972303
0.6875 0.9456928 0.1809341 0.2795901 0.3897865
