      age[0]                   0.890724    0.001021    0.835705    0.955491    0.886832    1.002    2
      age[0]                   0.984845    0.000531    0.954723    1.029261    0.979997    1.000    2
      age[0]                   1.004236    0.001198    0.944189    1.074949    0.999853    1.000    2
      age[0]                   0.979360    0.001192    0.921688    1.048825    0.974669    1.000    2
      age[0]                   0.982649    0.000862    0.928367    1.040199    0.980002    1.001    2
      age[0]                  0.984107    0.002467    0.892621    1.080269    0.979768    1.001    2
      age[0]                   1.039251    0.001073    0.979311    1.104634    1.035936    1.000    2
      age[0]                  0.796017    0.004141    0.723508    0.923720    0.777539    1.003    2
      age[0]                  0.975983    0.000686    0.929314    1.028383    0.973281    1.000    2
      age[0]                   0.987928    0.001700    0.912766    1.070189    0.983649    1.001    2
      age[0]                   1.029422    0.003316    0.924757    1.143191    1.026067    1.010    2
      age[0]                  0.878078    0.002861    0.831187    0.983373    0.860978    1.000    2
      age[0]                  0.894907    0.001285    0.857037    0.964611    0.884598    1.000    2
      age[0]                  0.861042    0.002590    0.792766    0.956927    0.849950    1.000    2
      age[0]                   1.001840    0.001695    0.927561    1.087330    0.997661    1.010    2
      age[0]                   1.029453    0.001532    0.959151    1.111095    1.026986    1.033    2
      age[0]                   0.987708    0.000598    0.961070    1.033658    0.981460    1.004    2
      age[0]                  0.936164    0.002589    0.848806    1.036458    0.928782    1.001    2
      age[0]                  0.764622    0.008134    0.612888    0.945845    0.751304    1.000    2
      age[0]                  1.033067    0.004273    0.951793    1.160265    1.018151    1.047    2
      age[0]                   0.975281    0.001454    0.908951    1.052676    0.970630    1.001    2
      age[0]                  1.023158    0.001224    0.979082    1.089616    1.015272    1.001    2
      age[0]                  0.869309    0.002765    0.775073    0.975876    0.863888    1.002    2
      age[0]                  0.944557    0.001759    0.864146    1.022767    0.941027    1.001    2
      age[0]                   0.953124    0.001384    0.898868    1.022370    0.946578    1.000    2
      age[0]                  0.945350    0.008642    0.776203    1.119502    0.934323    1.000    2
      age[0]                   0.956714    0.003067    0.853150    1.069231    0.951958    1.001    2
      age[0]                   0.922435    0.001940    0.845306    1.007754    0.916685    1.002    2
      age[0]                  0.865056    0.002401    0.776470    0.962445    0.860303    1.000    2
      age[0]                   0.984495    0.003132    0.882068    1.095572    0.979649    1.001    2
      age[0]                   0.964020    0.001386    0.899012    1.038710    0.959975    1.000    2
      age[0]                   0.944243    0.000612    0.914770    0.993606    0.937783    1.003    2
      age[0]                   1.017798    0.000845    0.962736    1.075480    1.016103    1.005    2
      age[0]                  1.022177    0.002867    0.970761    1.126025    1.005702    1.000    2
      age[0]                   0.989483    0.001726    0.915684    1.076511    0.983475    1.000    2
      age[0]                  1.005099    0.002040    0.931156    1.087269    0.998528    1.015    2
      age[0]                  0.896726    0.002300    0.808880    0.994002    0.893007    1.015    2
      age[0]                  0.898615    0.000569    0.872941    0.940224    0.892829    1.001    2
      age[0]                  1.045611    0.004184    0.965594    1.171220    1.030476    1.000    2
      age[0]                  0.992420    0.001085    0.931322    1.059857    0.989554    1.001    2
      age[0]                   0.921173    0.001503    0.850599    1.000058    0.918131    1.013    2
      age[0]                  0.925580    0.002930    0.829654    1.034114    0.918905    1.001    2
      age[0]                   0.883175    0.003289    0.776105    0.997869    0.878475    1.000    2
      age[0]                   0.962601    0.001242    0.901050    1.035727    0.958909    1.006    2
      age[0]                   1.023753    0.001116    0.966229    1.082812    1.019442    1.002    2
      age[0]                  1.007490    0.001266    0.942545    1.077744    1.003356    1.001    2
      age[0]                   1.009520    0.001821    0.929902    1.094216    1.005189    1.001    2
      age[0]                  1.047852    0.006640    0.915332    1.200309    1.035872    1.000    2
      age[0]                   1.021830    0.001525    0.958055    1.100512    1.015761    1.001    2
      age[0]                   0.991030    0.001007    0.943407    1.052437    0.985125    1.009    2
      age[0]                  0.993853    0.001533    0.929547    1.068030    0.988021    1.004    2
      age[0]                  0.865746    0.002287    0.790765    0.956096    0.856354    1.000    2
      age[0]                  0.904188    0.002615    0.827728    1.001455    0.895340    1.009    2
      age[0]                  0.917560    0.002391    0.829558    1.014478    0.913516    1.003    2
      age[0]                  1.026436    0.003110    0.925095    1.139756    1.021551    1.001    2
      age[0]                  1.071269    0.002238    0.983834    1.161698    1.065666    1.002    2
      age[0]                   0.981330    0.000782    0.933587    1.034369    0.977494    1.000    2
      age[0]                  0.945227    0.002492    0.855295    1.036312    0.939561    1.004    2
      age[0]                  0.938644    0.001445    0.866760    1.006956    0.934900    1.002    2
      age[0]                   0.950014    0.000298    0.927809    0.984236    0.945892    1.002    2
      age[0]                  1.042096    0.005954    0.956541    1.192961    1.021560    1.004    2
      age[0]                   0.920316    0.000821    0.871129    0.976104    0.916556    1.004    2
      age[0]                  1.044305    0.001618    0.970104    1.125860    1.040780    1.002    2
      age[0]                   1.031891    0.003045    0.929326    1.139844    1.025717    1.001    2
      age[0]                   0.953403    0.001083    0.898418    1.014696    0.948988    1.002    2
      age[0]                   0.967845    0.001316    0.898203    1.040591    0.964467    1.001    2
      age[0]                  0.830923    0.003724    0.720651    0.954605    0.824950    1.003    2
      age[0]                  1.010388    0.002199    0.928325    1.105877    1.004370    1.002    2
      age[0]                  0.925240    0.002282    0.835280    1.018094    0.921309    1.004    2
      age[0]                  1.022558    0.002772    0.927274    1.126772    1.016811    1.000    2
      age[0]                   0.965472    0.001171    0.903691    1.032254    0.961333    1.001    2
      age[0]                  0.974780    0.001751    0.901316    1.057499    0.969639    1.004    2
      age[0]                   0.965069    0.003883    0.874152    1.082009    0.950744    1.000    2
      age[0]                  0.913715    0.002017    0.837480    0.994783    0.907123    1.001    2
      age[0]                  0.979858    0.002081    0.905407    1.061840    0.975012    1.002    2
      age[0]                  0.927921    0.020604    0.792186    1.208823    0.883143    1.001    2
      age[0]                   0.985679    0.001828    0.907041    1.073187    0.980906    1.000    2
      age[0]                  0.964914    0.003180    0.874827    1.065866    0.956326    1.001    2
      age[0]                   0.989990    0.001041    0.933059    1.053670    0.986960    1.001    2
      age[0]                  0.969246    0.001855    0.890796    1.055032    0.964901    1.000    2
      age[0]                   0.940705    0.004084    0.821745    1.066351    0.935037    1.001    2
      age[0]                   1.007264    0.002539    0.912780    1.106575    1.003611    1.001    2
      age[0]                   0.977553    0.001951    0.925966    1.061103    0.966687    1.000    2
      age[0]                   0.818315    0.002709    0.726669    0.921453    0.812416    1.023    2
      age[0]                  0.877560    0.002513    0.778253    0.968910    0.873313    1.001    2
      age[0]                   0.967713    0.001258    0.904427    1.038020    0.963827    1.000    2
      age[0]                  0.766332    0.004692    0.637283    0.909993    0.760113    1.000    2
      age[0]                  1.027272    0.004325    0.905173    1.142699    1.023654    1.012    2
      age[0]                  1.008544    0.003119    0.904652    1.120176    1.002585    1.000    2
      age[0]                  0.945583    0.002545    0.853215    1.050013    0.941104    1.000    2
      age[0]                   0.998081    0.001593    0.934886    1.072079    0.991407    1.006    2
      age[0]                   1.005307    0.005027    0.902820    1.139182    0.991827    1.000    2
      age[0]                   1.017452    0.002303    0.931524    1.112704    1.011375    1.003    2
      age[0]                  0.918372    0.002845    0.837651    1.022481    0.908564    1.001    2
      age[0]                   0.992667    0.002971    0.887718    1.103886    0.991229    1.076    2
      age[0]                   1.068366    0.001890    0.995462    1.154612    1.061895    1.000    2
      age[0]                  0.992811    0.000720    0.945527    1.046321    0.990851    1.000    2
      age[0]                  1.023058    0.001157    0.965041    1.088567    1.017750    1.002    2
      age[0]                   0.938166    0.002870    0.839539    1.045517    0.933529    1.001    2
      age[0]                  0.940310    0.003793    0.828290    1.064232    0.934968    1.001    2
