      TL             2.442133    3.133897    1.147722    6.455225    1.628169     12.75     21.57    1.141
      TL             3.917303    2.915682    1.310283    6.835895    4.003685    881.27    936.27    1.001
      TL             4.504627    1.268031    2.204005    6.800105    4.476164   4337.72   4669.59    1.000
      TL             2.539701    0.743523    1.096365    4.143357    2.468033   3588.65   3612.31    1.001
      TL             5.325647    1.626775    2.997639    8.680409    5.387954     69.12    375.59    1.015
      TL             4.020519    2.408983    1.073793    6.990321    3.830131   8751.14   8791.71    1.000
      TL             4.579439    1.483071    1.230059    6.577826    4.635155    792.22   1428.53    1.001
      TL             1.967316    0.595831    0.622708    3.387321    1.925108   4833.85   5063.83    1.000
      TL             4.238234    2.539480    0.944445    6.745437    4.365595    600.89    624.25    1.001
      TL             5.331143    2.625185    2.131360    8.329258    5.296517   3363.37   3435.60    1.000
      TL             3.911594    0.949059    1.959422    5.951354    3.897712   5949.50   6032.47    1.000
      TL             1.130831    0.168679    0.348258    1.880825    1.112233   7294.33   7354.72    1.000
      TL             3.032510    1.366196    0.884182    5.182974    2.961748   4381.41   4505.61    1.000
      TL             1.903114    0.587505    0.479842    3.321944    1.849469   5462.53   5705.67    1.000
      TL             5.437134    2.611741    1.708519    8.114253    5.536147    863.63   1355.08    1.003
      TL             5.718341    1.374334    3.533974    8.117204    5.652976   8113.46   8489.19    1.000
      TL             3.116063    0.730912    0.981146    4.516343    3.173025   2307.58   2397.71    1.000
      TL             2.541013    0.818963    0.640300    4.071704    2.556441   3580.56   3624.97    1.000
      TL             1.105815    0.356395    0.206777    2.221336    1.005311  10448.72  10993.80    1.000
      TL             1.113706    0.150370    0.358383    1.830006    1.088807   8543.43   8671.09    1.000
      TL             4.492365    1.448770    2.265113    6.989862    4.390968   5134.20   5140.76    1.000
      TL             2.659920    0.970649    0.687612    4.273451    2.728595   2045.54   2052.73    1.000
      TL             2.463219    0.705858    0.967306    3.960874    2.438240   4548.12   4681.26    1.000
      TL             3.001852    1.989062    0.723335    5.140647    3.271099    324.05    335.38    1.000
      TL             2.449576    0.563643    0.930758    3.792002    2.473021   4242.84   4561.95    1.000
      TL             3.510980    1.334611    1.470857    5.719010    3.386373   7826.09   7827.77    1.000
      TL             4.593122    2.588379    1.214487    7.223525    4.681557    609.06    883.32    1.001
      TL             3.420420    0.933374    1.611960    5.224474    3.383023    169.52   2678.97    1.012
      TL             2.171327    0.349603    1.111703    3.327503    2.109844   8171.85   8712.82    1.000
      TL             2.684118    2.273110    0.769997    4.880248    3.154418     44.08     59.94    1.011
      TL             4.066460    0.887836    2.096353    5.977359    4.085087   5528.11   6084.85    1.000
      TL             4.506592    2.264333    1.210595    6.546022    4.823580    277.35    324.77    1.006
      TL             2.939176    0.981161    1.038550    4.602672    3.020965   2515.66   2622.29    1.000
      TL             1.714259    0.321588    0.551621    2.726664    1.706780   5080.47   5781.47    1.000
      TL             3.530048    0.734421    1.801643    5.138492    3.539883   6271.57   6593.69    1.000
      TL             2.087315    0.634581    0.599172    3.489404    2.080463   3416.37   3887.77    1.000
      TL             2.021514    0.475453    0.719476    3.222973    2.034483   3779.50   3952.58    1.000
      TL             1.207976    0.158515    0.432806    1.960481    1.190542   6969.08   6992.80    1.000
      TL             2.453127    0.608877    0.959000    3.889434    2.445577   7102.64   7328.53    1.000
      TL             3.118759    0.661290    1.412635    4.963184    3.119926   2327.52   2872.00    1.000
      TL             2.499805    0.725223    1.215791    4.158120    2.320097    578.95    595.22    1.001
      TL             2.348730    1.112853    0.909011    4.250758    2.061408   1266.36   1476.33    1.000
      TL             4.281401    3.057632    1.631374    7.197610    4.356138    798.24    815.64    1.000
      TL             5.690606    1.747789    3.005687    8.446363    5.672867   3472.82   4024.66    1.000
      TL             4.274606    1.308751    2.021963    6.404411    4.243253   5746.78   6074.55    1.000
      TL             2.241560    0.416943    1.069675    3.506069    2.175962  14808.20  14914.45    1.000
      TL             3.174887    2.704758    0.960553    5.546787    3.681979     45.35     76.09    1.016
      TL             2.253410    0.528775    0.838137    3.651083    2.216770   8146.63   8359.10    1.000
      TL             3.540917    1.281444    1.520182    5.733902    3.402340   8045.77   8311.82    1.000
      TL             3.091115    1.062056    1.283476    4.922956    3.081876   3759.02   3867.74    1.000
      TL             2.368538    0.534346    0.580269    3.509853    2.425174   1267.29   1385.11    1.000
      TL             2.442305    0.912553    0.585385    3.899575    2.576446    998.90   1062.55    1.000
      TL             2.273921    0.520816    0.696427    3.549447    2.282040   5569.49   5859.26    1.000
      TL             3.392018    0.686132    1.756727    5.047330    3.367796   7941.40   9652.99    1.000
      TL             3.520991    1.010673    1.601870    5.449768    3.470133   6491.38   6970.27    1.000
      TL             3.780772    1.579155    1.300298    6.139734    3.705955   3553.64   3616.35    1.000
      TL             4.268051    1.230522    1.467148    6.218002    4.308166   2569.50   2629.25    1.000
      TL             2.778626    0.682967    0.806313    4.156240    2.821046   3173.16   3418.92    1.000
      TL             2.801604    1.161083    0.915001    4.941399    2.650424   9086.74   9239.66    1.000
      TL             3.987064    1.137694    1.529021    5.947358    4.036225   1342.36   2640.56    1.000
      TL             1.277041    0.187788    0.386392    2.056574    1.261928   5284.11   5933.07    1.000
      TL             3.842553    1.609277    1.609541    6.188673    3.747329   2669.01   2685.98    1.000
      TL             1.914671    0.457212    0.636315    3.098034    1.917960   5261.89   5360.15    1.000
      TL             5.837568    2.645659    1.298112    7.904567    6.098436     19.12     37.87    1.022
      TL             4.585689    2.741672    1.181063    7.125735    4.781080    595.54    623.97    1.000
      TL             4.102478    1.802005    1.716346    6.691810    3.976087   4921.34   5290.35    1.000
      TL             2.320314    0.703586    0.640340    3.797313    2.313553   5541.17   5643.69    1.000
      TL             2.038616    0.761800    0.615653    3.509195    2.080779   2280.85   2283.19    1.000
      TL             4.588357    4.756548    1.033448    7.709070    5.124152     53.12     61.87    1.002
      TL             4.473068    2.877994    1.154383    7.336958    4.528392   2263.37   2417.32    1.000
      TL             3.277467    0.751720    1.606529    4.974469    3.224405   8972.68   9095.23    1.000
      TL             4.959963    3.044669    2.119110    8.454939    4.673469   8668.27   8927.85    1.000
      TL             5.688272    2.043055    3.100915    9.131939    5.617324   3589.89   3618.92    1.000
      TL             2.177329    1.040726    0.545840    3.909805    2.210555   1001.66   1052.23    1.000
      TL             2.586087    1.110662    0.610959    4.250610    2.695131   1094.48   1238.15    1.000
      TL             0.958022    0.284271    0.161799    1.944877    0.856012  12560.25  12656.06    1.000
      TL             4.650030    1.045481    2.667596    6.655849    4.596978   9723.34   9865.92    1.000
      TL             1.617137    0.390825    0.514886    2.811298    1.536664  11233.89  12083.12    1.000
      TL             3.845463    0.919894    1.792256    5.703430    3.859976   6052.96   6063.77    1.000
      TL             3.169889    1.436684    1.007815    5.397899    3.049002   9569.31   9674.01    1.000
      TL             2.782104    0.977818    0.745836    4.470830    2.802318   2622.80   2658.81    1.000
      TL             3.961261    1.395079    1.823579    6.173952    3.876320   4326.43   4421.95    1.000
      TL             2.531593    1.017259    0.838390    4.200837    2.599644   1689.68   1790.74    1.000
      TL             2.651015    1.199260    0.850469    4.716684    2.536671   2753.21   2796.72    1.000
      TL             3.456833    2.141478    0.801356    5.878551    3.504046   1868.86   1935.44    1.000
      TL             4.331479    1.605173    1.371756    6.487034    4.391054   1890.86   2032.84    1.000
      TL             2.397290    0.849237    0.789709    3.999851    2.403758   2844.22   3025.16    1.000
      TL             1.814654    0.500661    0.447638    3.008022    1.825780   3384.35   3444.51    1.000
      TL             2.018829    0.294364    0.991977    3.090424    1.988384  11450.79  12493.67    1.000
      TL             3.064087    0.813810    0.716652    4.584514    3.060856   1904.74   2264.79    1.001
      TL             4.501260    0.930665    2.739751    6.387374    4.395849   9962.46  10309.52    1.000
      TL             5.489984    1.973652    2.935443    8.325997    5.337069   6405.91   6804.35    1.000
      TL             5.350365    3.169198    1.462440    8.338170    5.413618   1337.61   1688.52    1.000
      TL             2.133092    1.225535    0.538725    3.892499    2.299567    498.22    578.84    1.000
      TL             4.478826    1.295927    1.439550    6.428156    4.556407   1514.09   1748.17    1.000
      TL             6.209721    1.703255    3.644448    8.829860    6.207674   2198.71   2223.81    1.000
      TL             1.345088    0.256596    0.387847    2.219918    1.347117   3808.40   3918.40    1.000
      TL             2.744252    1.292159    0.706086    4.640010    2.816680   1604.39   1885.74    1.000
      TL             3.115055    0.892014    1.083788    4.873508    3.103791   4027.05   4218.94    1.000
      TL             3.056486    1.449171    1.084338    5.273543    2.945129    334.94   1915.37    1.001
