      alpha_symdir{1}               0.481012    0.022061    0.277481    0.773582    0.438545   2757.57   3101.87    1.000
      alpha_symdir{1}               0.542174    0.020850    0.160006    0.721549    0.570243    120.11    153.97    1.000
      alpha_symdir{1}               0.507635    0.059504    0.189723    0.809386    0.636156      5.66      6.02    1.111
      alpha_symdir{1}               0.454283    0.005716    0.322212    0.598212    0.448653   5244.79   5430.81    1.000
      alpha_symdir{1}               0.471042    0.010155    0.308500    0.676676    0.455797   5546.84   5625.54    1.000
      alpha_symdir{1}               0.530133    0.044936    0.177106    0.816937    0.599714   1012.68   1047.12    1.000
      alpha_symdir{1}               0.567345    0.005459    0.417729    0.719061    0.565522   5424.14   5646.69    1.000
      alpha_symdir{1}               0.405754    0.042110    0.186661    0.834646    0.313055   2074.84   2079.30    1.000
      alpha_symdir{1}               0.413206    0.033579    0.109042    0.671913    0.460857    519.78    612.39    1.003
      alpha_symdir{1}               0.464722    0.011878    0.296189    0.673290    0.447647   4431.86   4481.12    1.000
      alpha_symdir{1}               0.567556    0.007333    0.401784    0.730063    0.567245   5464.47   5864.80    1.001
      alpha_symdir{1}               0.310402    0.031125    0.147379    0.704915    0.230160    527.96    675.21    1.001
      alpha_symdir{1}               1.437338    0.334574    0.310503    2.506276    1.337992   2576.42   2694.69    1.001
      alpha_symdir{1}               0.389939    0.009161    0.199489    0.612979    0.385634   2171.38   2698.36    1.000
      alpha_symdir{1}               0.493295    0.005696    0.346892    0.643657    0.487124   4353.16   4697.68    1.000
      alpha_symdir{1}               0.524830    0.028895    0.298432    0.887750    0.493944   2315.21   2441.68    1.000
      alpha_symdir{1}               0.320627    0.020392    0.218314    0.754694    0.284880    117.21    153.00    1.008
      alpha_symdir{1}               0.806559    0.144519    0.216048    1.440353    0.788340   1812.21   1913.58    1.000
      alpha_symdir{1}               0.334571    0.035551    0.130601    0.740035    0.253842   2151.38   2233.24    1.000
      alpha_symdir{1}               0.480669    0.021088    0.134743    0.717385    0.489526   2684.88   2882.10    1.000
      alpha_symdir{1}               0.450791    0.004628    0.328905    0.587963    0.443661   5068.84   5255.81    1.000
      alpha_symdir{1}               0.355179    0.045066    0.152746    0.721655    0.209190    204.24    278.97    1.000
      alpha_symdir{1}               0.411059    0.035033    0.212575    0.847239    0.337189   2000.20   2094.22    1.001
      alpha_symdir{1}               0.443906    0.043612    0.160463    0.732734    0.529042    285.67    299.50    1.001
      alpha_symdir{1}               0.649091    0.080067    0.279071    1.203603    0.624854   1920.42   2252.52    1.004
      alpha_symdir{1}               0.349494    0.009832    0.210817    0.545803    0.326773   3897.22   3974.53    1.000
      alpha_symdir{1}               0.308663    0.025557    0.180122    0.681489    0.237246    481.73    559.86    1.000
      alpha_symdir{1}               0.413261    0.008204    0.262427    0.585566    0.400258   4424.96   4660.91    1.000
      alpha_symdir{1}               0.384825    0.019091    0.234576    0.732993    0.343909   2365.57   2394.94    1.000
      alpha_symdir{1}               0.414564    0.014712    0.204037    0.638213    0.405872   3879.97   4224.89    1.000
      alpha_symdir{1}               0.455239    0.002180    0.374401    0.542307    0.454263    412.93   2510.80    1.001
      alpha_symdir{1}               0.650983    0.038305    0.294696    1.024987    0.629354   4311.35   4366.67    1.000
      alpha_symdir{1}               0.522545    0.026742    0.180667    0.760378    0.548635   2924.23   2973.29    1.000
      alpha_symdir{1}               0.415718    0.035472    0.220918    0.864395    0.349444   1620.16   1980.67    1.000
      alpha_symdir{1}               0.443303    0.004071    0.323716    0.567719    0.439316   5203.27   5527.52    1.000
      alpha_symdir{1}               0.323314    0.031832    0.101514    0.585745    0.369582    332.83    332.89    1.000
      alpha_symdir{1}               0.436834    0.015091    0.177143    0.662026    0.428631   3699.97   3740.36    1.000
      alpha_symdir{1}               0.377076    0.041290    0.178665    0.794429    0.273200   1376.45   1570.55    1.001
      alpha_symdir{1}               0.509780    0.032114    0.152070    0.820852    0.528780   1718.07   1809.72    1.000
      alpha_symdir{1}               0.393698    0.045424    0.157668    0.718802    0.245123    122.98    185.41    1.006
      alpha_symdir{1}               0.308396    0.002189    0.228427    0.390946    0.304902   4183.97   4450.13    1.000
      alpha_symdir{1}               0.421144    0.010748    0.158662    0.627317    0.412971   2256.71   2507.97    1.000
      alpha_symdir{1}               0.489315    0.003766    0.367795    0.605298    0.488491   3637.11   4318.22    1.000
      alpha_symdir{1}               0.518894    0.024320    0.287988    0.795942    0.514731   3001.78   3174.86    1.000
      alpha_symdir{1}               0.588672    0.038294    0.236428    0.882877    0.634095   2083.27   2233.12    1.000
      alpha_symdir{1}               0.442942    0.028561    0.195588    0.774398    0.393163   3389.49   3508.21    1.000
      alpha_symdir{1}               0.437034    0.004254    0.329886    0.573628    0.427073   4162.67   4193.50    1.000
      alpha_symdir{1}               0.414601    0.052505    0.169240    0.832517    0.284416    564.77    675.11    1.000
      alpha_symdir{1}               0.293498    0.023772    0.199430    0.775002    0.249101     13.84     40.81    1.007
      alpha_symdir{1}               0.551852    0.023323    0.267417    0.804706    0.570098   3742.75   3972.72    1.000
      alpha_symdir{1}               0.478850    0.018809    0.107232    0.685364    0.483271    336.56    368.45    1.001
      alpha_symdir{1}               0.487182    0.026370    0.144034    0.715659    0.517809    722.57    730.45    1.001
      alpha_symdir{1}               0.500779    0.083771    0.211511    1.060714    0.339594   1043.88   1075.97    1.000
      alpha_symdir{1}               0.510866    0.045106    0.213623    0.861475    0.533543   1372.04   1484.63    1.000
      alpha_symdir{1}               0.415345    0.007318    0.281145    0.599544    0.398782   4571.43   4789.33    1.000
      alpha_symdir{1}               0.599923    0.012075    0.381968    0.830501    0.594898   4337.37   4500.77    1.000
      alpha_symdir{1}               0.578170    0.008006    0.360333    0.739634    0.588212   3872.24   4090.58    1.000
      alpha_symdir{1}               0.360412    0.032679    0.122095    0.610161    0.429293    231.39    258.56    1.001
      alpha_symdir{1}               0.570481    0.063215    0.092480    1.056700    0.523098   1720.31   1767.13    1.000
      alpha_symdir{1}               0.471591    0.021770    0.248800    0.761785    0.429488   1476.55   1793.93    1.000
      alpha_symdir{1}               0.431887    0.037049    0.108821    0.717784    0.458123   1060.39   1073.48    1.000
      alpha_symdir{1}               0.506226    0.019509    0.269932    0.782275    0.491602   4723.22   4801.91    1.000
      alpha_symdir{1}               0.393825    0.021760    0.163675    0.649704    0.420539   2242.70   2246.72    1.000
      alpha_symdir{1}               0.400680    0.002354    0.317107    0.499901    0.396016   5542.77   5619.58    1.000
      alpha_symdir{1}               0.510453    0.008089    0.350896    0.672814    0.517848   1797.48   2043.98    1.000
      alpha_symdir{1}               0.347937    0.001631    0.278561    0.416929    0.345337   2690.91   3181.90    1.000
      alpha_symdir{1}               0.539287    0.064835    0.085622    0.978495    0.494687   1175.81   1378.80    1.000
      alpha_symdir{1}               0.430986    0.039567    0.149846    0.705376    0.505484    310.19    338.42    1.004
      alpha_symdir{1}               0.268733    0.014037    0.160194    0.565430    0.219907   1330.10   1708.49    1.001
      alpha_symdir{1}               0.614607    0.034197    0.260958    0.951565    0.610972   3952.32   4098.30    1.000
      alpha_symdir{1}               0.462647    0.001589    0.386196    0.543956    0.461154   4804.92   5011.39    1.000
      alpha_symdir{1}               0.345727    0.003840    0.254692    0.467705    0.334051   4177.05   4197.13    1.000
      alpha_symdir{1}               0.589977    0.009863    0.395205    0.783240    0.584415   6280.15   6397.23    1.001
      alpha_symdir{1}               0.489444    0.020333    0.217477    0.749492    0.484668   3843.11   4159.22    1.000
      alpha_symdir{1}               0.278289    0.016392    0.159876    0.603829    0.229140   1923.20   2073.63    1.000
      alpha_symdir{1}               0.647963    0.163597    0.152473    1.387941    0.558087   1721.43   1787.44    1.000
      alpha_symdir{1}               0.862669    0.064505    0.280539    1.253715    0.879730    714.49    815.23    1.000
      alpha_symdir{1}               0.540399    0.051097    0.187525    1.034010    0.495240    546.44   2096.49    1.005
      alpha_symdir{1}               0.516809    0.002825    0.415306    0.621851    0.514629   4775.21   4779.24    1.000
      alpha_symdir{1}               0.571083    0.069572    0.194920    0.999468    0.594530   1556.36   1589.26    1.000
      alpha_symdir{1}               0.371081    0.010752    0.215680    0.581099    0.352872   3993.48   4070.44    1.000
      alpha_symdir{1}               1.107370    0.069953    0.315432    1.501658    1.126740    597.00    618.28    1.002
      alpha_symdir{1}               0.399000    0.003047    0.300426    0.509468    0.394331   5016.45   5115.72    1.000
      alpha_symdir{1}               0.534779    0.007002    0.365734    0.696348    0.532570   2007.94   2708.25    1.000
      alpha_symdir{1}               0.667805    0.053170    0.212591    1.137312    0.648348   2287.87   2509.17    1.001
      alpha_symdir{1}               0.326385    0.034250    0.176546    0.719549    0.233660    461.49    495.67    1.000
      alpha_symdir{1}               0.355461    0.006035    0.215455    0.509035    0.347066   4443.06   4809.57    1.000
      alpha_symdir{1}               0.431977    0.014885    0.237591    0.694844    0.409944   3853.26   4163.72    1.000
      alpha_symdir{1}               0.392949    0.012534    0.211149    0.646307    0.371235   4494.47   4525.75    1.000
      alpha_symdir{1}               0.452820    0.019232    0.248538    0.736989    0.422359   3675.63   3910.46    1.000
      alpha_symdir{1}               0.680049    0.035677    0.243538    0.926028    0.721679    382.82    486.99    1.003
      alpha_symdir{1}               0.470031    0.005435    0.339440    0.614909    0.470306   1815.80   2271.29    1.000
      alpha_symdir{1}               0.643832    0.022002    0.282208    0.869783    0.669837   2311.98   2489.13    1.000
      alpha_symdir{1}               0.406202    0.032065    0.112340    0.753167    0.368876   2042.94   2179.45    1.000
      alpha_symdir{1}               0.436417    0.017413    0.270772    0.752085    0.396435   3722.07   3857.25    1.001
      alpha_symdir{1}               0.282025    0.020637    0.176680    0.623021    0.218995    203.72    216.23    1.000
      alpha_symdir{1}               0.403384    0.005958    0.258254    0.562186    0.396448   4831.49   4988.54    1.000
      alpha_symdir{1}               0.479115    0.030229    0.137649    0.723337    0.517883    814.25    931.59    1.000
      alpha_symdir{1}               0.473648    0.006172    0.331201    0.628524    0.465050   6060.01   6110.59    1.000
      alpha_symdir{1}               0.420626    0.011893    0.247956    0.620210    0.401143   3392.13   3450.06    1.000
