0.255814
0.3611111
0.2045455
0.09090909
0.1363636
0.3
0.1794872
0.2727273
0.2758621
0.1777778
0.1315789
0.125
0.3043478
0.125
0.3255814
0.173913
0.06976744
0.1578947
0.1428571
0.125
0.2391304
0.3333333
0.09677419
0.1923077
0.15
0.3333333
0.2352941
0.2285714
0.2592593
0.1794872
0.2195122
0.2702703
0.1081081
0.2352941
0.1956522
0.2
0.2222222
0.2272727
0.05263158
0.12
0.3617021
0.03448276
0.1489362
0.3191489
0.2432432
0.1851852
0.175
0.25
0.1818182
0.1111111
0.2173913
0.2222222
0.1578947
0.2333333
0.3125
0.1428571
0.1428571
0.1818182
0.15
0.2876712
0
0.1
0.2
0.2444444
0.1627907
0.2
0.2352941
0.2727273
0.1538462
0.1538462
0.2
0.3333333
0.225
0.173913
0.2692308
0
0.3333333
0
0.2926829
0.1578947
0.1842105
0.2045455
0.2564103
0.2571429
0
0.1052632
0.1666667
0.3
0.2692308
0.08333333
0.09302326
0.1142857
0.2391304
0
0.15
0.1086957
0.1
0.2142857
0.2835821
0.2258065
