      age{all}[0]                   0.925448    0.001971    0.850808    1.015012    0.918722    1.000    2
      age{all}[0]                   0.982035    0.000494    0.954716    1.025717    0.977177    1.000    2
      age{all}[0]                   1.039780    0.001821    0.962389    1.123739    1.035894    1.015    2
      age{all}[0]                   1.020824    0.001937    0.935744    1.110886    1.017629    1.025    2
      age{all}[0]                   1.047116    0.001606    0.973277    1.128366    1.042973    1.009    2
      age{all}[0]                  0.978257    0.001321    0.909165    1.048296    0.975005    1.001    2
      age{all}[0]                   1.004067    0.000612    0.959248    1.052267    1.001219    1.000    2
      age{all}[0]                  0.759543    0.000956    0.723509    0.818154    0.751943    1.002    2
      age{all}[0]                  1.016843    0.002076    0.934406    1.108331    1.011854    1.000    2
      age{all}[0]                   0.969139    0.001188    0.907775    1.038526    0.965549    1.000    2
      age{all}[0]                   0.928933    0.000827    0.879601    0.989193    0.925212    1.000    2
      age{all}[0]                  0.917954    0.006672    0.831191    1.090920    0.893179    1.000    2
      age{all}[0]                  0.933756    0.003073    0.857044    1.040215    0.923376    1.000    2
      age{all}[0]                  0.868614    0.001821    0.801028    0.954340    0.860700    1.000    2
      age{all}[0]                   1.050970    0.002853    0.948226    1.153530    1.048335    1.006    2
      age{all}[0]                   0.981005    0.000917    0.925956    1.043509    0.978049    1.004    2
      age{all}[0]                   1.063344    0.001670    0.990059    1.143794    1.058439    1.015    2
      age{all}[0]                  1.054085    0.006394    0.907747    1.211691    1.046308    1.000    2
      age{all}[0]                  0.849923    0.015564    0.627671    1.096288    0.834368    1.010    2
      age{all}[0]                  1.020066    0.001795    0.951793    1.098101    1.015169    1.000    2
      age{all}[0]                   0.998489    0.001308    0.932856    1.072004    0.994918    1.000    2
      age{all}[0]                  1.031534    0.001679    0.979082    1.107900    1.022861    1.002    2
      age{all}[0]                  0.922021    0.002692    0.826503    1.026270    0.917525    1.000    2
      age{all}[0]                  0.936102    0.002726    0.859133    1.026999    0.934721    1.001    2
      age{all}[0]                   0.936301    0.000716    0.898866    0.987645    0.931406    1.002    2
      age{all}[0]                  0.920092    0.003678    0.808500    1.039733    0.914163    1.003    2
      age{all}[0]                  1.013797    0.003490    0.908371    1.133083    1.009065    1.003    2
      age{all}[0]                  0.885484    0.001162    0.834448    0.949282    0.879828    1.000    2
      age{all}[0]                  0.858872    0.001781    0.780752    0.944242    0.854998    1.002    2
      age{all}[0]                   1.029280    0.005274    0.885809    1.170810    1.027188    1.000    2
      age{all}[0]                   0.991794    0.001772    0.911380    1.073771    0.987895    1.006    2
      age{all}[0]                   0.968912    0.002098    0.914784    1.063530    0.956519    1.005    2
      age{all}[0]                  1.048316    0.001084    0.990919    1.115981    1.046276    1.003    2
      age{all}[0]                  1.079664    0.008357    0.970763    1.258390    1.057453    1.002    2
      age{all}[0]                   0.954350    0.000758    0.903622    1.011575    0.951249    1.000    2
      age{all}[0]                  1.037411    0.002173    0.955959    1.132785    1.032347    1.002    2
      age{all}[0]                  0.950534    0.004230    0.830188    1.078584    0.949306    1.011    2
      age{all}[0]                  0.936349    0.000834    0.887102    0.993623    0.932377    1.004    2
      age{all}[0]                  1.037056    0.002740    0.965596    1.141879    1.023554    1.002    2
      age{all}[0]                  1.020232    0.001602    0.946555    1.098749    1.015713    1.003    2
      age{all}[0]                   0.980086    0.002785    0.882843    1.085115    0.975431    1.006    2
      age{all}[0]                  1.002029    0.003389    0.893876    1.118255    0.997838    1.005    2
      age{all}[0]                   0.896947    0.003775    0.778345    1.018790    0.895986    1.006    2
      age{all}[0]                   0.997410    0.001476    0.926659    1.073428    0.994882    1.000    2
      age{all}[0]                   1.044440    0.001289    0.980658    1.113950    1.040154    1.005    2
      age{all}[0]                  1.007378    0.001659    0.934947    1.087158    1.002426    1.002    2
      age{all}[0]                   0.986617    0.001834    0.907124    1.065511    0.983479    1.000    2
      age{all}[0]                  0.996339    0.002260    0.915386    1.084799    0.990012    1.000    2
      age{all}[0]                  1.003939    0.000743    0.955055    1.057047    1.000829    1.001    2
      age{all}[0]                   1.010549    0.001284    0.947518    1.079107    1.005411    1.009    2
      age{all}[0]                  1.016475    0.001838    0.932832    1.100069    1.014087    1.009    2
      age{all}[0]                  0.995621    0.005061    0.861021    1.138155    0.990583    1.001    2
      age{all}[0]                  0.864060    0.000911    0.827727    0.923078    0.856686    1.000    2
      age{all}[0]                  0.909719    0.002164    0.822856    1.001653    0.905974    1.000    2
      age{all}[0]                  0.971133    0.000996    0.911887    1.032086    0.968407    1.000    2
      age{all}[0]                  0.990053    0.000455    0.966031    1.031965    0.984415    1.000    2
      age{all}[0]                   1.034047    0.001310    0.967886    1.106320    1.029931    1.004    2
      age{all}[0]                  0.944451    0.003046    0.855269    1.043439    0.936396    1.003    2
      age{all}[0]                  1.023458    0.003513    0.916075    1.146261    1.017841    1.000    2
      age{all}[0]                   1.004932    0.002134    0.932903    1.090381    0.996952    1.011    2
      age{all}[0]                  0.997546    0.001015    0.956539    1.058770    0.990886    1.000    2
      age{all}[0]                   0.973958    0.001217    0.911319    1.045567    0.970414    1.003    2
      age{all}[0]                  1.111072    0.002779    1.015443    1.216622    1.106648    1.002    2
      age{all}[0]                   1.041508    0.002474    0.952930    1.139827    1.037142    1.005    2
      age{all}[0]                   0.967207    0.001237    0.900508    1.032413    0.963515    1.001    2
      age{all}[0]                   0.944017    0.001738    0.869372    1.025040    0.939727    1.001    2
      age{all}[0]                  0.862507    0.005749    0.723729    1.011692    0.856010    1.000    2
      age{all}[0]                  0.975943    0.001287    0.910478    1.045420    0.971542    1.000    2
      age{all}[0]                  1.023969    0.004325    0.900991    1.155619    1.019451    1.001    2
      age{all}[0]                  1.008193    0.001871    0.927353    1.093506    1.003904    1.002    2
      age{all}[0]                   1.007858    0.002102    0.920870    1.099608    1.005198    1.006    2
      age{all}[0]                  1.025344    0.002344    0.936829    1.121304    1.020119    1.000    2
      age{all}[0]                   0.990154    0.002049    0.907591    1.082705    0.986164    1.032    2
      age{all}[0]                  0.939029    0.002184    0.849791    1.028954    0.935075    1.002    2
      age{all}[0]                  1.041974    0.002608    0.944067    1.140553    1.038384    1.001    2
      age{all}[0]                  0.874850    0.005540    0.792187    1.020223    0.855167    1.003    2
      age{all}[0]                   1.028883    0.002481    0.932134    1.130171    1.025941    1.002    2
      age{all}[0]                  1.018942    0.003363    0.912546    1.134081    1.014480    1.014    2
      age{all}[0]                   1.054969    0.002503    0.961774    1.153029    1.051414    1.014    2
      age{all}[0]                  1.013834    0.002360    0.925360    1.113236    1.009885    1.000    2
      age{all}[0]                   0.918446    0.002777    0.814847    1.019395    0.917266    1.011    2
      age{all}[0]                   0.919858    0.002004    0.835611    1.009827    0.917235    1.064    2
      age{all}[0]                   0.994551    0.002374    0.925963    1.087629    0.986062    1.000    2
      age{all}[0]                  0.859666    0.002937    0.757573    0.969023    0.856342    1.000    2
      age{all}[0]                  1.020100    0.003966    0.902263    1.144376    1.015934    1.022    2
      age{all}[0]                  1.065909    0.002917    0.970931    1.175542    1.060124    1.000    2
      age{all}[0]                  0.733331    0.004664    0.607329    0.872719    0.730417    1.000    2
      age{all}[0]                  1.002893    0.004755    0.905146    1.132102    0.989042    1.030    2
      age{all}[0]                  0.958614    0.001720    0.885331    1.043318    0.954084    1.003    2
      age{all}[0]                  1.032367    0.005435    0.887883    1.180489    1.028881    1.008    2
      age{all}[0]                   1.034394    0.001707    0.955902    1.114098    1.030988    1.000    2
      age{all}[0]                  0.984672    0.001834    0.907712    1.067037    0.979171    1.000    2
      age{all}[0]                   0.985208    0.001342    0.916774    1.057513    0.982656    1.005    2
      age{all}[0]                  1.014719    0.005667    0.872037    1.158418    1.008888    1.002    2
      age{all}[0]                   1.013925    0.001641    0.938785    1.094241    1.010945    1.002    2
      age{all}[0]                   1.049645    0.001199    0.984490    1.118720    1.047106    1.000    2
      age{all}[0]                  1.016192    0.000907    0.962144    1.078981    1.013703    1.006    2
      age{all}[0]                  1.003978    0.000550    0.962769    1.047445    1.000803    1.000    2
      age{all}[0]                   0.961471    0.003930    0.843631    1.081694    0.959553    1.002    2
      age{all}[0]                  0.920179    0.004594    0.795035    1.051888    0.915297    1.025    2
