      clockrate                0.884438    0.014763    0.658216    1.123342    0.874433     91.76    133.56    1.020
      clockrate                0.763336    0.041105    0.435038    1.175812    0.726874     56.83     67.88    1.000
      clockrate                0.712184    0.006714    0.557897    0.876854    0.707881    584.18    708.78    1.000
      clockrate                0.718817    0.010640    0.536020    0.914199    0.708659     81.78    142.89    1.018
      clockrate                0.745267    0.009950    0.561686    0.938327    0.735406     71.92    294.79    1.018
      clockrate                0.594368    0.014716    0.380441    0.836145    0.579308    189.44    373.19    1.000
      clockrate                0.596211    0.005514    0.457857    0.746617    0.592388   1302.56   1340.81    1.001
      clockrate                1.299525    0.104628    0.788651    1.952030    1.237729     63.98     90.02    1.024
      clockrate                0.746537    0.050512    0.419805    1.172622    0.697644     46.98     79.17    1.007
      clockrate                0.812351    0.011463    0.610897    1.025821    0.805586    217.85    347.92    1.000
      clockrate                0.725106    0.008219    0.555665    0.907889    0.719477   1107.48   1111.66    1.000
      clockrate                0.914178    0.083881    0.437880    1.495712    0.864151    432.24    475.36    1.001
      clockrate                0.836135    0.035792    0.515566    1.223710    0.806824    127.67    256.25    1.001
      clockrate                1.579218    0.233044    0.746386    2.526486    1.509456    543.16    633.34    1.001
      clockrate                0.750277    0.011423    0.549905    0.961932    0.742225    102.58    179.51    1.009
      clockrate                0.701487    0.006087    0.549451    0.853391    0.697747    602.17    659.71    1.000
      clockrate                0.896267    0.022753    0.638426    1.207943    0.875966     47.78     59.19    1.000
      clockrate                1.298853    0.206956    0.521984    2.210826    1.239988    196.48    244.90    1.000
      clockrate                1.373026    0.412581    0.297517    2.537355    1.314376     51.92    282.52    1.018
      clockrate                0.662909    0.022266    0.407910    0.962337    0.643498    242.77    308.48    1.001
      clockrate                0.791790    0.017976    0.567638    1.071723    0.769475     41.58     50.56    1.059
      clockrate                0.829171    0.033221    0.533790    1.185371    0.798116    115.68    143.93    1.000
      clockrate                1.636227    0.390214    0.639648    2.899696    1.519077     79.71    104.20    1.001
      clockrate                0.557591    0.015271    0.346256    0.806703    0.538133     44.40    138.23    1.020
      clockrate                0.803607    0.008426    0.628776    0.987968    0.799138   1178.20   1425.48    1.000
      clockrate                0.645811    0.032542    0.355853    1.003850    0.614449    119.40    189.29    1.000
      clockrate                0.552327    0.009893    0.381168    0.749900    0.538114     95.49    155.04    1.010
      clockrate                0.887844    0.024595    0.605735    1.181160    0.867100     54.95     68.53    1.000
      clockrate                1.300464    0.153869    0.686602    2.102936    1.225465    294.22    326.77    1.005
      clockrate                0.558771    0.008510    0.388472    0.740286    0.549293     63.56    101.49    1.007
      clockrate                0.659993    0.020502    0.421471    0.945787    0.636768     73.37    313.11    1.192
      clockrate                0.591582    0.007148    0.436572    0.760577    0.583228    126.55    950.81    1.018
      clockrate                0.589574    0.005025    0.457067    0.731711    0.585573    741.28    843.15    1.000
      clockrate                0.838297    0.062800    0.438821    1.344873    0.792688    353.58    366.86    1.002
      clockrate                0.702082    0.005694    0.556948    0.851553    0.699194   1477.75   1648.88    1.001
      clockrate                0.706056    0.018741    0.460944    0.970237    0.691598    103.96    345.61    1.001
      clockrate                0.933707    0.053844    0.549804    1.400259    0.891283     58.74    101.86    1.006
      clockrate                0.935127    0.048926    0.563131    1.375904    0.900234     98.25    135.23    1.013
      clockrate                0.894500    0.024294    0.606511    1.196781    0.877305    130.89    150.63    1.002
      clockrate                0.642830    0.013718    0.430259    0.876491    0.630272    539.14    571.21    1.000
      clockrate                0.882039    0.013952    0.660520    1.118685    0.873392    357.30    476.94    1.000
      clockrate                1.449682    0.234603    0.653020    2.380313    1.383625     55.76     83.83    1.001
      clockrate                0.798619    0.024222    0.556686    1.146033    0.766244     32.63    394.56    1.145
      clockrate                1.026665    0.022996    0.745945    1.331970    1.012881     93.86     98.59    1.007
      clockrate                0.646655    0.013684    0.438972    0.879487    0.631451     74.86    187.09    1.001
      clockrate                0.814625    0.036409    0.485080    1.194362    0.786436    169.95    200.29    1.000
      clockrate                1.114787    0.032107    0.782953    1.466387    1.093969     85.05     88.53    1.031
      clockrate                1.145397    0.115102    0.595279    1.812874    1.088335     73.49    154.37    1.010
      clockrate                0.878143    0.022078    0.610635    1.176460    0.862357     61.89    260.44    1.013
      clockrate                0.991615    0.039197    0.663484    1.397929    0.956573     90.75     98.57    1.178
      clockrate                1.057136    0.093884    0.536539    1.670890    1.011821     95.84    300.54    1.007
      clockrate                0.886568    0.050177    0.527899    1.348123    0.846664     76.98     82.49    1.000
      clockrate                1.584303    0.317362    0.763634    2.739476    1.462242     66.59     96.63    1.033
      clockrate                0.783105    0.039146    0.473557    1.184420    0.743876     57.01     60.77    1.000
      clockrate                0.779877    0.012895    0.566812    1.007037    0.773514   1425.30   1440.56    1.000
      clockrate                0.837421    0.017380    0.591652    1.094479    0.826235    329.55    685.97    1.004
      clockrate                0.664168    0.009052    0.485335    0.853925    0.657511     92.16    280.09    1.026
      clockrate                0.768580    0.026218    0.487845    1.088516    0.751627    274.43    355.07    1.013
      clockrate                0.895792    0.028302    0.596731    1.224175    0.876964    130.85    756.13    1.007
      clockrate                0.740903    0.028045    0.455711    1.067547    0.716908     33.70    320.88    1.052
      clockrate                0.693092    0.037440    0.364251    1.084242    0.666158    102.22    123.29    1.003
      clockrate                0.732617    0.005945    0.584749    0.885784    0.728980   2073.75   2119.81    1.000
      clockrate                0.585373    0.017104    0.360511    0.845363    0.567102    139.67    145.04    1.001
      clockrate                0.721300    0.007561    0.558376    0.897631    0.717938    555.18    560.16    1.002
      clockrate                0.763874    0.013324    0.552234    0.988275    0.753894    100.63    357.53    1.024
      clockrate                0.916993    0.019915    0.661326    1.185614    0.903463     69.04    310.14    1.023
      clockrate                0.875396    0.099191    0.428304    1.522461    0.801381    157.91    202.90    1.006
      clockrate                1.924386    0.370641    0.753813    3.105937    1.860013    154.78    363.95    1.003
      clockrate                0.576307    0.017643    0.358613    0.828232    0.554491     73.50    122.14    1.023
      clockrate                0.670969    0.030794    0.368974    1.023893    0.647535    166.00    190.38    1.011
      clockrate                0.924540    0.032159    0.639564    1.231370    0.896844     31.08    383.82    1.038
      clockrate                0.747456    0.028235    0.465205    1.073881    0.721225     95.97    105.85    1.007
      clockrate                0.885794    0.020753    0.638104    1.183747    0.865941     44.11     53.08    1.043
      clockrate                0.876720    0.062459    0.489156    1.381847    0.826614     40.44     41.80    1.008
      clockrate                0.862947    0.027277    0.568358    1.198405    0.845654    216.11    236.10    1.002
      clockrate                1.434551    0.573415    0.330047    2.891994    1.276820    236.91    439.45    1.002
      clockrate                0.808767    0.018348    0.569314    1.064972    0.792907     38.73    181.09    1.064
      clockrate                0.822181    0.055062    0.471710    1.307120    0.770817     89.18    107.45    1.017
      clockrate                1.113609    0.112884    0.552913    1.753138    1.075955     24.17     63.86    1.015
      clockrate                0.753997    0.052867    0.407254    1.214135    0.707077    163.22    171.00    1.004
      clockrate                0.737070    0.011275    0.539886    0.950334    0.729130    294.34    319.37    1.000
      clockrate                0.641625    0.005703    0.500428    0.793758    0.638199    836.26    859.70    1.001
      clockrate                0.920391    0.032949    0.596190    1.278913    0.898557     57.97     60.97    1.002
      clockrate                1.176588    0.019340    0.910115    1.452137    1.170357    515.31    673.78    1.000
      clockrate                1.893480    0.654321    0.646311    3.427285    1.771045    105.68    169.58    1.001
      clockrate                0.616261    0.007639    0.455666    0.792551    0.608918    167.61    581.79    1.002
      clockrate                0.732003    0.017062    0.491768    0.982374    0.718619    112.73    119.60    1.000
      clockrate                1.065602    0.129206    0.484073    1.779975    1.001342    140.91    163.46    1.003
      clockrate                0.701070    0.029115    0.417162    1.038124    0.673866     76.79    132.68    1.008
      clockrate                1.029444    0.149257    0.502449    1.827979    0.924622     49.50     58.63    1.001
      clockrate                0.769656    0.009514    0.590364    0.967890    0.764242   1037.69   1047.62    1.000
      clockrate                0.826572    0.044121    0.510323    1.269826    0.778692     44.28     52.53    1.098
      clockrate                0.806882    0.009657    0.617628    0.996359    0.801609    268.15    373.07    1.005
      clockrate                1.094233    0.159943    0.537532    1.930577    0.989242     36.87     45.61    1.000
      clockrate                1.116407    0.024026    0.831115    1.431543    1.105148    105.37    111.88    1.005
      clockrate                0.877086    0.010196    0.682853    1.076126    0.871427    357.56    461.43    1.001
      clockrate                0.745491    0.016291    0.517819    1.002333    0.729936    113.35    116.93    1.007
      clockrate                1.216966    0.087324    0.741464    1.819447    1.162589     69.08     73.98    1.000
      clockrate                0.835369    0.054799    0.526140    1.362551    0.770976     28.40    249.33    1.309
      clockrate                0.811346    0.018485    0.575053    1.078787    0.793808     76.23    842.56    1.026
