0.4186047
0.5
0.2272727
0.5
0.3636364
0.5
0.2051282
0.1818182
0.3448276
0.4
0.3947368
0.25
0.3043478
0.125
0.5116279
0.3478261
0.3255814
0.3157895
0.4285714
0.375
0.4130435
0.25
0.1290323
0.3461538
0.3
0.3333333
0.3529412
0.3428571
0.2222222
0.4102564
0.4146341
0.4324324
0.2702703
0.2941176
0.3478261
0.25
0.2962963
0.2727273
0.2105263
0.36
0.4680851
0.2413793
0.4680851
0.3404255
0.2972973
0.2962963
0.4
0.3333333
0.3939394
0.2222222
0.3478261
0.05555556
0.4210526
0.3333333
0.25
0.1142857
0.3809524
0.3181818
0.35
0.1621622
0.1666667
0.35
0.16
0.2666667
0.3488372
0.15
0.1176471
0.4090909
0.4230769
0.4615385
0.35
0.2592593
0.275
0.3043478
0.2307692
0.1666667
0.3846154
0.4
0.2926829
0.2631579
0.3157895
0.3636364
0.3589744
0.2285714
0.2631579
0.3421053
0.5
0.35
0.3076923
0.2083333
0.4651163
0.1428571
0.2608696
0.1875
0.35
0.2173913
0.1666667
0.25
0.2631579
0.2903226
