      TL          5.382060    0.068145    4.868891    5.892376    5.377270   9816.40  10054.53    1.000
      TL          5.053597    0.072237    4.540281    5.589349    5.047671   9257.23   9445.22    1.000
      TL          6.051671    0.076718    5.514096    6.593919    6.048656   9935.29   9942.18    1.000
      TL          5.843086    0.082342    5.297897    6.422102    5.839408   6358.52   6599.16    1.000
      TL          5.814398    0.079237    5.283603    6.389163    5.809366   7997.06   8284.40    1.000
      TL          3.552462    0.074214    3.009508    4.075300    3.545144   7818.04   7858.42    1.000
      TL          5.703878    0.079157    5.160821    6.260039    5.698577   9647.77   9934.39    1.000
      TL          3.636941    0.065218    3.137446    4.137382    3.631718   9965.41  10255.81    1.000
      TL          4.886129    0.077517    4.353821    5.448526    4.879972  10232.95  10317.65    1.000
      TL          6.279831    0.082195    5.725353    6.843199    6.274298   7562.67   8066.94    1.000
      TL          5.324644    0.072590    4.807071    5.859202    5.320568   7998.49   8434.91    1.000
      TL          2.686899    0.061485    2.226276    3.191631    2.677736  11219.15  11491.82    1.000
      TL          3.981324    0.073379    3.466630    4.527376    3.977899  10136.63  10389.41    1.000
      TL          2.780503    0.061945    2.304275    3.274605    2.770382  12615.62  12799.19    1.000
      TL          6.202562    0.089118    5.616185    6.783268    6.195359   8275.67   8322.37    1.000
      TL          5.761997    0.074805    5.226345    6.292667    5.755160   8699.60   8903.67    1.000
      TL          5.453699    0.067601    4.935245    5.959688    5.448147   9230.67   9533.22    1.000
      TL          3.123048    0.063077    2.641057    3.621763    3.116321  12334.21  12344.48    1.000
      TL          2.422565    0.133928    1.734996    3.153979    2.399357  12928.78  13239.00    1.000
      TL          2.971349    0.063179    2.488646    3.469870    2.963600  10373.80  10820.81    1.000
      TL          5.265213    0.066180    4.773179    5.775905    5.260518   8876.11   9213.05    1.000
      TL          4.324890    0.081378    3.771257    4.885754    4.318403   8061.42   8825.69    1.000
      TL          5.177225    0.079982    4.650982    5.755798    5.169973   9352.17   9709.18    1.000
      TL          3.723613    0.067628    3.233010    4.244496    3.716149   9293.66   9318.34    1.000
      TL          5.250196    0.068692    4.749639    5.776715    5.245560   9597.77   9810.21    1.000
      TL          5.011692    0.089393    4.421453    5.594791    5.004786   8208.92   8393.59    1.000
      TL          5.835023    0.092954    5.242178    6.436783    5.830834   7761.24   8032.52    1.000
      TL          4.541842    0.059801    4.062742    5.022219    4.537365  10327.92  10775.84    1.000
      TL          4.512302    0.071419    3.997384    5.038653    4.505673   9808.09  10868.49    1.000
      TL          4.834106    0.066155    4.334053    5.338740    4.830232   9690.49   9723.36    1.000
      TL          4.236925    0.054104    3.798361    4.707720    4.232545   9038.06   9661.71    1.000
      TL          5.094441    0.067918    4.591319    5.610104    5.090550   9145.20   9399.06    1.000
      TL          4.548690    0.063112    4.050396    5.032078    4.543085   6788.78   7333.19    1.000
      TL          2.808401    0.063336    2.327093    3.311984    2.801500  12399.65  12477.78    1.000
      TL          5.509463    0.072028    5.009261    6.061528    5.505845   8432.79   8650.89    1.000
      TL          3.174097    0.063154    2.681134    3.665936    3.168167   8744.54   9917.77    1.000
      TL          3.775897    0.062719    3.298826    4.273458    3.771322   9724.49  10139.07    1.000
      TL          2.821570    0.054096    2.376153    3.279197    2.814366  10508.82  10709.22    1.000
      TL          3.404952    0.067712    2.912851    3.935696    3.399415  12303.58  12426.92    1.000
      TL          3.811419    0.062421    3.320492    4.297900    3.805487  11054.18  11331.63    1.000
      TL          5.458269    0.071815    4.948111    5.996786    5.456079   7918.30   7960.25    1.000
      TL          4.008330    0.062768    3.518707    4.496393    4.003334  10507.10  10571.26    1.000
      TL          5.370433    0.064373    4.883531    5.876318    5.365963   9279.90   9441.87    1.000
      TL          6.219694    0.078645    5.679350    6.775245    6.215089   8629.88   8864.57    1.000
      TL          5.282740    0.073808    4.758674    5.819681    5.279066   8597.36   8775.35    1.000
      TL          4.711804    0.079787    4.158299    5.269861    4.703776   9550.25  10113.20    1.000
      TL          4.625514    0.060275    4.135282    5.101727    4.620614   8518.74   8592.08    1.000
      TL          4.196645    0.079672    3.646459    4.740840    4.188789   9025.97   9082.96    1.000
      TL          4.992464    0.078431    4.449838    5.546676    4.987090   8896.37   9047.55    1.000
      TL          4.861837    0.061464    4.375077    5.339692    4.857166   8756.51   9008.57    1.000
      TL          3.638138    0.065012    3.140210    4.135559    3.629802  10448.72  10782.90    1.000
      TL          3.795412    0.085733    3.245873    4.389788    3.784687  12561.89  12591.12    1.000
      TL          2.948081    0.061993    2.453330    3.429854    2.940792  11563.87  11602.17    1.000
      TL          4.621229    0.070113    4.097084    5.137998    4.616221  10953.75  11386.66    1.000
      TL          4.125125    0.059229    3.662577    4.607541    4.120305  10102.32  10223.55    1.000
      TL          4.887050    0.074454    4.352665    5.418970    4.881141   8732.02   9122.16    1.000
      TL          6.467908    0.090576    5.878869    7.052344    6.460749   8390.84   8810.04    1.000
      TL          3.461517    0.062453    2.976534    3.952456    3.456633  10587.33  10822.08    1.000
      TL          3.496649    0.072628    2.977190    4.024937    3.488940   9845.24   9977.62    1.000
      TL          4.582948    0.063384    4.100142    5.084392    4.578532   7782.67   8185.14    1.000
      TL          2.990035    0.070661    2.470338    3.504626    2.979168   8259.13   8264.13    1.000
      TL          5.235824    0.072162    4.719477    5.773396    5.229858   9161.32   9479.09    1.000
      TL          4.093540    0.078153    3.568420    4.654849    4.085774  10314.31  10634.73    1.000
      TL          6.768653    0.094059    6.172784    7.378011    6.762104   8746.40   8789.64    1.000
      TL          5.486536    0.070506    4.974812    6.012425    5.484109   9092.40  10022.52    1.000
      TL          6.157793    0.089625    5.555165    6.731238    6.152976   6990.24   7110.90    1.000
      TL          3.069359    0.063049    2.579457    3.553012    3.061686  10107.69  11335.04    1.000
      TL          3.468778    0.070459    2.959258    3.989178    3.461581   9860.18  10134.42    1.000
      TL          3.991641    0.067778    3.484466    4.501854    3.985495  10809.93  10839.57    1.000
      TL          5.060316    0.092161    4.474994    5.658258    5.053365   9554.83   9628.59    1.000
      TL          5.066648    0.067225    4.563160    5.581745    5.062412   9506.52   9910.87    1.000
      TL          5.008901    0.092618    4.426667    5.613924    5.001413   8026.49   8431.11    1.000
      TL          5.740762    0.077047    5.222876    6.308017    5.733963   9659.33  10176.83    1.000
      TL          4.002112    0.072380    3.496226    4.540071    3.993345   7959.32   9512.93    1.000
      TL          4.250651    0.072212    3.734902    4.782311    4.244932   9651.15   9757.64    1.000
      TL          2.615423    0.216037    1.805440    3.578643    2.571507  10870.64  11015.14    1.000
      TL          5.561071    0.080401    5.016780    6.128153    5.554229   7390.66   7506.62    1.000
      TL          3.256643    0.080017    2.710119    3.815501    3.248020  12236.52  12266.59    1.000
      TL          5.777635    0.082456    5.250810    6.373004    5.772153   6327.22   6715.63    1.000
      TL          3.943355    0.086464    3.359449    4.507849    3.934902   8331.31   8721.59    1.000
      TL          5.581484    0.080672    5.027800    6.132123    5.574612   8650.47   8749.70    1.000
      TL          6.350424    0.080693    5.789603    6.901568    6.344855   8476.67   9153.19    1.000
      TL          4.977699    0.067314    4.475857    5.495081    4.971924   8427.98   8772.57    1.000
      TL          4.679836    0.068068    4.184061    5.201126    4.676709  10127.93  10139.74    1.000
      TL          3.667652    0.076291    3.145775    4.226906    3.658465  10323.29  10332.12    1.000
      TL          5.278407    0.069544    4.770605    5.804919    5.273953  10019.57  10239.90    1.000
      TL          4.380767    0.067035    3.885073    4.896111    4.375391  10106.46  10445.69    1.000
      TL          3.811809    0.079527    3.271868    4.373693    3.804466   9755.90  10517.57    1.000
      TL          4.011211    0.064915    3.528772    4.528701    4.007024  10076.59  10341.49    1.000
      TL          4.057500    0.069524    3.549973    4.580782    4.052388  10059.30  10398.99    1.000
      TL          6.038132    0.082801    5.493664    6.616536    6.034686   8285.60   8988.27    1.000
      TL          5.256581    0.074521    4.712300    5.783600    5.251497   9616.07   9937.37    1.000
      TL          6.100873    0.083245    5.552611    6.684170    6.096255   6106.48   6442.14    1.000
      TL          3.733938    0.084149    3.175763    4.312314    3.725079  10639.02  11012.73    1.000
      TL          5.756015    0.084317    5.202616    6.334387    5.749119   6651.07   7180.62    1.000
      TL          6.816126    0.095592    6.218850    7.423999    6.806849   7117.30   7124.88    1.000
      TL          3.502976    0.055928    3.038145    3.961269    3.497274   9784.72  10110.79    1.000
      TL          3.860075    0.056931    3.404714    4.333708    3.853619  11512.37  11911.68    1.000
      TL          5.820305    0.081745    5.264826    6.380786    5.814329   8834.58   9605.73    1.000
      TL          4.577002    0.071047    4.063364    5.104042    4.570452   9387.28   9885.71    1.000
