0.255814
0.4166667
0.2954545
0.3636364
0.2954545
0.4
0.2564103
0.2272727
0.2758621
0.3333333
0.3157895
0.3125
0.2173913
0.1875
0.5813953
0.2173913
0.3953488
0.1578947
0.2857143
0.25
0.3478261
0.5
0.4193548
0.3076923
0.25
0.3703704
0.3823529
0.4285714
0.2962963
0.3846154
0.3902439
0.3513514
0.2432432
0.2941176
0.2391304
0.25
0.1851852
0.6363636
0.3157895
0.44
0.6170213
0.3103448
0.2978723
0.4042553
0.4864865
0.3703704
0.4
0.2083333
0.3939394
0.4666667
0.4347826
0.1111111
0.3684211
0.3
0.5
0.1714286
0.4285714
0.3636364
0.45
0.2162162
0.2222222
0.35
0.16
0.3333333
0.4186047
0.35
0.3529412
0.5
0.5384615
0.3461538
0.325
0.4444444
0.4
0.3913043
0.1923077
0.3333333
0.4871795
0.2666667
0.2682927
0.3684211
0.4210526
0.3181818
0.4102564
0.3142857
0.3684211
0.2368421
0.4333333
0.45
0.3076923
0.4583333
0.3488372
0.2571429
0.4565217
0.0625
0.35
0.2826087
0.2333333
0.3928571
0.4210526
0.3548387
