      TL{all}           6.690968    0.118964    6.033246    7.388613    6.684933  10849.09  10882.94    1.000
      TL{all}           6.841750    0.146868    6.092135    7.589312    6.834045   6575.53   7528.71    1.000
      TL{all}           6.993661    0.118585    6.330915    7.681285    6.986143   8420.45   8610.07    1.000
      TL{all}           6.565138    0.113184    5.935416    7.242831    6.559363   5949.74   6582.55    1.000
      TL{all}           7.006770    0.134311    6.279541    7.721041    6.997447   8017.58   8152.43    1.000
      TL{all}           4.716833    0.148578    3.973543    5.476648    4.701548   5411.55   6227.41    1.000
      TL{all}           6.714903    0.126909    6.033031    7.424432    6.705971  11095.94  11744.61    1.000
      TL{all}           4.576111    0.121035    3.890624    5.244916    4.562725  10246.52  10326.29    1.000
      TL{all}           6.099601    0.131433    5.400510    6.818792    6.089439  11093.03  11577.00    1.000
      TL{all}           7.628515    0.146387    6.884687    8.376757    7.619420   7331.31   7895.44    1.000
      TL{all}           6.272939    0.108886    5.640524    6.929494    6.265836   6802.91   9148.78    1.000
      TL{all}           3.279651    0.104442    2.658835    3.914960    3.261667  11061.93  11439.28    1.000
      TL{all}           4.759636    0.128194    4.078145    5.469639    4.746950  11393.25  11526.56    1.000
      TL{all}           3.043085    0.079577    2.496506    3.594543    3.033436  13264.61  13552.34    1.000
      TL{all}           7.739439    0.148010    7.000159    8.511532    7.730132   8498.68   8939.26    1.000
      TL{all}           6.957462    0.124041    6.278205    7.645609    6.948920  11512.28  11958.14    1.000
      TL{all}           6.769163    0.124946    6.075149    7.462786    6.762314   9412.67   9487.14    1.000
      TL{all}           4.106938    0.107659    3.494954    4.779189    4.094012    259.20    485.42    1.000
      TL{all}           2.382258    0.189993    1.586981    3.254792    2.340166  10666.48  11427.27    1.000
      TL{all}           3.353068    0.097828    2.752949    3.969390    3.338981  12555.82  13534.36    1.000
      TL{all}           6.561950    0.116684    5.880487    7.214541    6.552887   9676.12   9718.71    1.000
      TL{all}           5.060721    0.129178    4.376271    5.773795    5.046840   8242.64   8599.96    1.000
      TL{all}           5.756355    0.119971    5.088572    6.447266    5.746843  10436.99  10637.71    1.000
      TL{all}           4.365409    0.092904    3.770180    4.956671    4.356200  13711.43  14114.70    1.000
      TL{all}           6.121277    0.110922    5.467439    6.766411    6.114006   6892.26   7015.24    1.000
      TL{all}           6.218008    0.174850    5.413588    7.046301    6.205923   3222.38   3503.50    1.000
      TL{all}           7.203175    0.163005    6.425169    7.997320    7.194549   9269.09  10170.33    1.000
      TL{all}           5.664533    0.106211    5.027570    6.302549    5.657966  10746.25  10869.44    1.000
      TL{all}           5.695204    0.129531    4.986826    6.395338    5.682700  11483.73  11552.94    1.000
      TL{all}           5.534941    0.102791    4.913854    6.168687    5.527347  10085.21  10380.83    1.000
      TL{all}           6.393529    0.121691    5.729012    7.095572    6.385332   7533.55   7753.53    1.000
      TL{all}           7.001049    0.135696    6.292557    7.733161    6.990130  10975.52  11795.39    1.000
      TL{all}           6.326247    0.128243    5.633100    7.026178    6.318523   8257.65   9078.46    1.000
      TL{all}           3.231155    0.083706    2.669895    3.794679    3.219615  13071.22  13119.51    1.000
      TL{all}           6.382654    0.106459    5.749601    7.027574    6.375923  10683.50  11621.14    1.000
      TL{all}           3.455237    0.077919    2.916049    4.005516    3.444058  13064.86  13615.14    1.000
      TL{all}           4.993360    0.105635    4.366720    5.633860    4.984152   7222.75   7341.51    1.000
      TL{all}           3.116015    0.070278    2.614768    3.647352    3.107038   9096.92   9364.87    1.000
      TL{all}           3.751162    0.106088    3.125148    4.398841    3.736404  12244.25  12611.56    1.000
      TL{all}           4.422527    0.090882    3.834336    5.014281    4.414050  13133.25  13504.01    1.000
      TL{all}           7.239927    0.131970    6.548991    7.978604    7.233192   9477.02  10056.46    1.000
      TL{all}           5.007620    0.105730    4.371919    5.639952    4.998076  10873.76  11087.80    1.000
      TL{all}           7.113493    0.132645    6.406356    7.828808    7.104852   7297.92   8205.93    1.000
      TL{all}           6.926514    0.119011    6.238349    7.586823    6.919189  11706.87  11917.24    1.000
      TL{all}           6.098794    0.111995    5.436463    6.753865    6.090579   9840.25  10886.44    1.000
      TL{all}           5.272426    0.129558    4.585908    5.997931    5.261620  10391.17  11287.98    1.000
      TL{all}           5.537229    0.095864    4.939999    6.149955    5.528169  10710.82  11249.25    1.000
      TL{all}           4.181466    0.104446    3.563155    4.816417    4.171245   9356.25   9419.15    1.000
      TL{all}           5.422365    0.106219    4.772665    6.043124    5.412897  10559.40  10644.70    1.000
      TL{all}           6.304672    0.109139    5.679067    6.968069    6.297880  10822.95  11428.36    1.000
      TL{all}           4.377187    0.109567    3.745308    5.037923    4.363004  10109.40  10418.60    1.000
      TL{all}           4.334040    0.117852    3.689436    5.030446    4.321675  11917.29  12133.59    1.000
      TL{all}           3.704186    0.104758    3.078543    4.344150    3.689364  12936.48  13209.38    1.000
      TL{all}           5.309485    0.106067    4.678784    5.956652    5.299869   7749.31   9479.84    1.000
      TL{all}           5.497250    0.112043    4.825913    6.133082    5.485544   8478.26   8661.89    1.000
      TL{all}           5.914679    0.121104    5.252663    6.611964    5.903088  10517.60  10998.14    1.000
      TL{all}           7.449946    0.145331    6.703326    8.190042    7.441963   9752.13  10096.52    1.000
      TL{all}           4.450835    0.105849    3.810981    5.087305    4.441300  11109.04  11811.56    1.000
      TL{all}           4.812210    0.128236    4.123481    5.517242    4.800190  12241.50  12995.61    1.000
      TL{all}           5.856706    0.110711    5.220030    6.518027    5.847693  12477.75  12622.91    1.000
      TL{all}           3.123270    0.083218    2.578555    3.698577    3.112032  12341.25  13021.96    1.000
      TL{all}           6.180215    0.114679    5.532684    6.852499    6.171884  10175.78  10530.03    1.000
      TL{all}           4.362106    0.090216    3.766582    4.943407    4.352775  13891.40  14328.98    1.000
      TL{all}           7.706123    0.136532    6.995870    8.441915    7.697281   9913.01  10160.25    1.000
      TL{all}           7.761053    0.160128    7.002436    8.568851    7.752788   7617.94   7712.22    1.000
      TL{all}           7.759524    0.169156    6.973002    8.584525    7.749024   5014.25   5636.52    1.000
      TL{all}           4.217164    0.134679    3.491705    4.923332    4.201879  12560.74  12967.70    1.000
      TL{all}           4.535101    0.125026    3.857628    5.235973    4.523688  11604.57  11712.94    1.000
      TL{all}           5.194242    0.132537    4.495719    5.921771    5.182426  10368.46  10665.22    1.000
      TL{all}           5.623069    0.130036    4.915915    6.325498    5.613095  11651.10  11996.14    1.000
      TL{all}           6.045876    0.115409    5.367471    6.697224    6.038635   6041.66   8827.41    1.000
      TL{all}           5.825363    0.135100    5.096033    6.538740    5.813014  12094.15  12145.64    1.000
      TL{all}           6.983628    0.124880    6.321284    7.703933    6.976628   8059.53   8472.87    1.000
      TL{all}           5.130640    0.140139    4.408263    5.864656    5.114413   7589.99   8008.71    1.000
      TL{all}           4.841893    0.111826    4.220681    5.531797    4.831613   9234.43  10393.56    1.000
      TL{all}           2.867657    0.308332    1.888416    3.992877    2.806762  11029.61  11264.30    1.000
      TL{all}           7.014060    0.132127    6.323878    7.749580    7.005986   8440.75   9343.03    1.000
      TL{all}           3.987304    0.119842    3.325255    4.675943    3.974898  13244.30  14033.47    1.000
      TL{all}           6.456321    0.113093    5.808828    7.123893    6.448653  10621.35  10762.15    1.000
      TL{all}           4.304465    0.121866    3.626266    4.992136    4.290832  10611.44  11246.06    1.000
      TL{all}           6.479804    0.124832    5.792704    7.177938    6.471493  11325.04  11500.73    1.000
      TL{all}           8.450617    0.165244    7.648800    9.245000    8.441864  10800.88  11332.62    1.000
      TL{all}           6.108003    0.114377    5.431076    6.756823    6.100382  10079.66  10205.89    1.000
      TL{all}           5.855708    0.119296    5.192105    6.537959    5.846837   9675.47   9961.76    1.000
      TL{all}           4.518312    0.131628    3.814432    5.230978    4.505918   8913.59  10009.26    1.000
      TL{all}           6.942878    0.126572    6.232215    7.622783    6.934559  11013.19  11257.99    1.000
      TL{all}           5.337479    0.115142    4.674870    6.000955    5.327225   7076.20   8175.91    1.000
      TL{all}           4.071851    0.105533    3.463616    4.732904    4.059551  10878.76  11175.88    1.000
      TL{all}           4.327441    0.088527    3.744446    4.908075    4.317599  12492.03  12616.32    1.000
      TL{all}           5.083430    0.114167    4.431903    5.748811    5.072330  12986.16  13146.19    1.000
      TL{all}           6.820237    0.117094    6.153134    7.490567    6.813381  10381.54  10756.18    1.000
      TL{all}           6.832674    0.145685    6.120019    7.611651    6.822582   7024.60   7694.23    1.000
      TL{all}           8.234357    0.175129    7.425400    9.060662    8.224594   3549.93   4032.61    1.000
      TL{all}           4.166511    0.118357    3.504436    4.851767    4.153177  12693.51  13314.04    1.000
      TL{all}           6.778591    0.118207    6.124506    7.461366    6.771081  11595.13  11725.03    1.000
      TL{all}           7.411182    0.134990    6.693298    8.137331    7.403946   9303.31   9446.06    1.000
      TL{all}           4.192652    0.083084    3.621587    4.750668    4.185607   9959.64  10541.58    1.000
      TL{all}           5.280955    0.105374    4.666130    5.925694    5.273191  11666.88  11673.65    1.000
      TL{all}           6.915720    0.130967    6.211670    7.625849    6.905230   7913.67   8280.80    1.000
      TL{all}           5.541114    0.118915    4.892573    6.240744    5.529434   9516.36   9660.64    1.000
