      clockrate                0.677685    0.004503    0.553887    0.815077    0.672677    254.49    307.85    1.001
      clockrate                0.602974    0.003699    0.488325    0.725107    0.599541    367.80    401.69    1.005
      clockrate                0.591134    0.001798    0.510484    0.676375    0.589479    596.81    756.47    1.001
      clockrate                0.591360    0.003229    0.486376    0.705814    0.587161    160.19    219.62    1.008
      clockrate                0.644823    0.003798    0.529187    0.768078    0.640498    207.89    225.20    1.004
      clockrate                0.551453    0.009167    0.386708    0.746633    0.538372    423.46    428.13    1.001
      clockrate                0.646054    0.002120    0.556334    0.736348    0.644255    238.49    326.15    1.001
      clockrate                1.061423    0.049476    0.646214    1.501725    1.038706    279.29    293.30    1.004
      clockrate                0.709805    0.006663    0.553924    0.873091    0.706251    553.35    698.35    1.002
      clockrate                0.817813    0.005075    0.680385    0.961347    0.813813    161.99    214.31    1.001
      clockrate                0.772109    0.010683    0.588461    0.971357    0.759776    115.71    165.53    1.000
      clockrate                0.663949    0.010739    0.470334    0.873481    0.657794   1060.52   1273.18    1.000
      clockrate                0.683403    0.011087    0.490696    0.890100    0.672506    370.58    517.55    1.002
      clockrate                0.724907    0.024309    0.457641    1.042256    0.703472    303.74    401.19    1.000
      clockrate                0.641508    0.004204    0.511626    0.765437    0.640830    186.33    240.48    1.001
      clockrate                0.533651    0.001455    0.460803    0.609926    0.532109    349.61    468.14    1.001
      clockrate                0.577552    0.002936    0.473731    0.684030    0.574052     97.68    109.48    1.000
      clockrate                0.624840    0.013245    0.417568    0.858059    0.612195    498.44    545.83    1.003
      clockrate                0.634365    0.064384    0.251783    1.149033    0.582625    430.50    442.07    1.000
      clockrate                0.737671    0.008064    0.571256    0.911067    0.727819    528.28    651.63    1.000
      clockrate                0.573369    0.001990    0.490228    0.664859    0.570823    291.63    455.51    1.001
      clockrate                0.635341    0.009993    0.462048    0.841557    0.623086    227.12    275.52    1.001
      clockrate                0.503756    0.010972    0.331719    0.711601    0.488469    208.76    239.03    1.003
      clockrate                0.754256    0.014857    0.535090    0.991446    0.742439    274.89    314.34    1.001
      clockrate                0.730298    0.002567    0.634487    0.833266    0.728509    224.58    530.11    1.000
      clockrate                0.576273    0.008706    0.408620    0.757553    0.565664    232.70    249.31    1.001
      clockrate                0.668381    0.008055    0.506021    0.850900    0.659283    101.24    214.73    1.000
      clockrate                0.712930    0.016078    0.490423    0.959125    0.693349    173.01    226.11    1.004
      clockrate                0.541120    0.005362    0.412428    0.692407    0.533024    138.56    212.43    1.001
      clockrate                0.661197    0.004112    0.538990    0.789210    0.657672    382.18    649.66    1.000
      clockrate                0.662577    0.006762    0.513730    0.827775    0.652757     94.99     97.22    1.009
      clockrate                0.673983    0.005066    0.538388    0.815902    0.668530    226.58    266.43    1.001
      clockrate                0.600659    0.002240    0.509919    0.694426    0.598842    431.90    552.71    1.001
      clockrate                0.647710    0.013609    0.435768    0.875084    0.633847    438.50    475.74    1.000
      clockrate                0.664574    0.003288    0.556137    0.780436    0.660723    116.45    164.69    1.008
      clockrate                0.458615    0.004455    0.336406    0.591852    0.452573    482.00    660.47    1.000
      clockrate                0.726340    0.006019    0.583361    0.884499    0.721283    287.27    442.85    1.001
      clockrate                0.676985    0.005561    0.531234    0.821219    0.672549   1324.73   1379.32    1.001
      clockrate                0.467293    0.008308    0.308458    0.646291    0.453380    167.50    302.66    1.000
      clockrate                0.710749    0.007315    0.550763    0.879982    0.703839    548.61    627.50    1.000
      clockrate                0.615473    0.003501    0.504938    0.734206    0.610874    205.53    209.42    1.003
      clockrate                0.612711    0.007816    0.457713    0.795752    0.602339    191.49    225.57    1.002
      clockrate                0.617436    0.005147    0.483922    0.759718    0.610984     81.91    144.54    1.002
      clockrate                0.651546    0.005514    0.510636    0.799193    0.646005    185.15    227.94    1.000
      clockrate                0.620185    0.002516    0.523955    0.720018    0.618586   1062.41   1097.97    1.001
      clockrate                0.558231    0.002832    0.456267    0.664133    0.555589   1932.54   1932.72    1.000
      clockrate                0.610113    0.006767    0.451962    0.775754    0.604179    191.76    205.95    1.002
      clockrate                0.695311    0.008192    0.522084    0.876744    0.690553    529.96    540.44    1.000
      clockrate                0.517857    0.003740    0.408578    0.642247    0.510504    216.67    248.96    1.004
      clockrate                0.595891    0.003438    0.488667    0.714535    0.590721    151.63    168.27    1.001
      clockrate                0.545481    0.005719    0.406262    0.698537    0.537460    533.72    640.18    1.000
      clockrate                0.527911    0.007962    0.369609    0.704102    0.516197    348.65    444.88    1.000
      clockrate                1.046513    0.028778    0.740122    1.381860    1.027845    298.55    415.08    1.000
      clockrate                0.568117    0.004735    0.437513    0.702628    0.562132    232.23    248.58    1.008
      clockrate                0.687425    0.007550    0.529092    0.862326    0.677926    263.45    292.09    1.002
      clockrate                0.765076    0.008574    0.599511    0.952821    0.753646    116.97    188.46    1.008
      clockrate                0.588048    0.001327    0.517308    0.660059    0.586962   1637.58   1674.74    1.001
      clockrate                0.655638    0.014382    0.443459    0.902358    0.638861    354.98    363.66    1.005
      clockrate                0.786204    0.024495    0.509273    1.100355    0.768305    255.10    260.41    1.000
      clockrate                0.751743    0.015364    0.529397    0.999268    0.738196    202.34    206.72    1.001
      clockrate                0.473813    0.008641    0.317537    0.664505    0.461195    339.45    355.28    1.001
      clockrate                0.581316    0.002833    0.484162    0.690792    0.577229    320.99    372.22    1.000
      clockrate                0.759670    0.013377    0.552521    0.996551    0.745132    339.14    345.61    1.000
      clockrate                0.675322    0.002823    0.571898    0.779226    0.673995    564.16    765.45    1.000
      clockrate                0.637693    0.004979    0.499881    0.773188    0.632311    136.15    161.82    1.002
      clockrate                0.515079    0.003013    0.411860    0.625703    0.510030    104.67    191.24    1.001
      clockrate                0.592966    0.021960    0.356286    0.884110    0.564292    283.37    300.39    1.000
      clockrate                0.577093    0.004142    0.458677    0.705450    0.572375    843.68   1071.43    1.001
      clockrate                0.590517    0.012443    0.403919    0.819151    0.571873    236.09    302.61    1.001
      clockrate                0.624588    0.010700    0.440305    0.829139    0.610636    158.19    166.60    1.001
      clockrate                0.591051    0.002846    0.491400    0.698914    0.587557    377.35    479.48    1.001
      clockrate                0.739159    0.008330    0.577248    0.925118    0.728159    304.11    335.74    1.002
      clockrate                0.553289    0.005177    0.417762    0.696752    0.547142    124.48    129.84    1.001
      clockrate                0.543931    0.006686    0.395119    0.706458    0.533432    469.42    475.94    1.001
      clockrate                0.738363    0.011060    0.553475    0.945372    0.724612    152.67    262.99    1.004
      clockrate                0.702791    0.070458    0.279699    1.225192    0.652780    517.65    612.89    1.002
      clockrate                0.622547    0.005182    0.491528    0.769271    0.615962    171.16    194.66    1.004
      clockrate                0.642006    0.010067    0.468288    0.837855    0.628840    599.80    625.81    1.002
      clockrate                0.631801    0.003653    0.517750    0.752560    0.627286    252.77    269.13    1.002
      clockrate                0.584697    0.006893    0.436026    0.753553    0.575326    319.90    465.85    1.001
      clockrate                0.578634    0.002942    0.473733    0.684940    0.575313    271.42    304.42    1.002
      clockrate                0.588654    0.002539    0.493909    0.689415    0.584861    133.37    187.77    1.001
      clockrate                0.524719    0.004358    0.404220    0.657862    0.518134    259.49    268.37    1.006
      clockrate                0.733670    0.016902    0.497665    0.993022    0.719144    209.84    228.26    1.001
      clockrate                0.509337    0.009807    0.351470    0.703397    0.492394    323.69    344.23    1.002
      clockrate                0.543882    0.002273    0.452848    0.637006    0.540321    180.53    464.95    1.000
      clockrate                0.751600    0.008391    0.582396    0.938738    0.744108    219.21    226.16    1.003
      clockrate                0.702436    0.021840    0.447208    1.005195    0.683181    209.39    290.91    1.000
      clockrate                0.611177    0.004485    0.489212    0.749186    0.604834    372.05    472.47    1.000
      clockrate                0.636792    0.013297    0.443312    0.866709    0.618547    125.51    193.42    1.000
      clockrate                0.556006    0.002149    0.463661    0.645758    0.554277    538.68    893.82    1.004
      clockrate                0.644804    0.009200    0.470500    0.836487    0.633509    296.29    298.93    1.002
      clockrate                0.511844    0.002241    0.422280    0.606774    0.509123    282.30    308.04    1.000
      clockrate                0.731036    0.064534    0.404788    1.228025    0.668490     79.93     82.81    1.003
      clockrate                0.601292    0.004999    0.474765    0.742606    0.594586    154.55    240.59    1.004
      clockrate                0.611744    0.005773    0.473050    0.763640    0.602754    248.66    313.22    1.000
      clockrate                0.701693    0.004275    0.575575    0.829484    0.698283    552.10    755.79    1.000
      clockrate                0.714949    0.014601    0.511585    0.959658    0.694113    127.46    150.75    1.005
      clockrate                0.500947    0.003085    0.399957    0.613446    0.495954    124.51    171.29    1.001
      clockrate                0.648868    0.008419    0.475761    0.828955    0.640559    334.35    368.81    1.000
