      ilnvar                   0.084999    0.004375    0.001593    0.210455    0.071769     70.52    103.78    1.001
      ilnvar                   0.029133    0.000936    0.000072    0.086954    0.019973     61.52     77.44    1.014
      ilnvar                   0.018213    0.000373    0.000155    0.057308    0.011704     49.83     60.11    1.008
      ilnvar                   0.058583    0.002579    0.000068    0.156093    0.047816     43.26     66.53    1.037
      ilnvar                   0.077004    0.002494    0.002243    0.170567    0.066736     85.36     86.01    1.005
      ilnvar                   0.141982    0.014118    0.001206    0.357205    0.111783    270.79    287.74    1.000
      ilnvar                   0.014267    0.000388    0.000021    0.053775    0.007019     34.76     45.26    1.003
      ilnvar                   0.427192    0.068583    0.047132    0.925275    0.369540    303.70    402.61    1.001
      ilnvar                   0.046784    0.002675    0.000558    0.142481    0.031313    103.02    117.43    1.008
      ilnvar                   0.032878    0.001120    0.000724    0.100381    0.021910     61.27     73.05    1.003
      ilnvar                   0.165881    0.012934    0.004846    0.361871    0.142916     69.52     95.26    1.000
      ilnvar                   0.034174    0.002211    0.000019    0.121068    0.018250    204.74    250.14    1.001
      ilnvar                   0.176596    0.015856    0.001038    0.409078    0.148340    283.06    417.05    1.001
      ilnvar                   0.169346    0.023739    0.000183    0.459604    0.128666    285.86    363.88    1.001
      ilnvar                   0.039228    0.001527    0.000100    0.112174    0.028687     48.79     62.60    1.002
      ilnvar                   0.015949    0.000333    0.000113    0.051233    0.009898     42.08     51.00    1.001
      ilnvar                   0.041716    0.001829    0.000066    0.125941    0.029894     38.65     40.48    1.000
      ilnvar                   0.112009    0.009193    0.001398    0.291214    0.087432    371.85    393.66    1.003
      ilnvar                   0.675423    0.342523    0.006014    1.808990    0.513315    785.07    797.95    1.001
      ilnvar                   0.084674    0.008428    0.000012    0.253441    0.058714    192.47    255.88    1.000
      ilnvar                   0.018836    0.000459    0.000037    0.061104    0.011484     47.63     51.66    1.003
      ilnvar                   0.098404    0.008319    0.000644    0.269812    0.072906    144.57    157.17    1.004
      ilnvar                   0.203305    0.019294    0.016054    0.468123    0.170924    197.47    207.09    1.002
      ilnvar                   0.152751    0.013905    0.003240    0.364501    0.126906    209.09    243.22    1.002
      ilnvar                   0.012634    0.000279    0.000008    0.046666    0.006239     37.52     49.42    1.000
      ilnvar                   0.157383    0.016732    0.002466    0.400879    0.126513    164.99    176.82    1.002
      ilnvar                   0.085389    0.005315    0.000122    0.227039    0.067800     59.23    121.15    1.001
      ilnvar                   0.209975    0.021817    0.013067    0.493901    0.174313    162.43    163.62    1.002
      ilnvar                   0.056343    0.003901    0.000053    0.176905    0.037844     72.61     94.29    1.001
      ilnvar                   0.034884    0.001274    0.000383    0.107737    0.023394     70.75     82.71    1.002
      ilnvar                   0.059176    0.003867    0.000256    0.183719    0.038929     42.20     49.75    1.030
      ilnvar                   0.055612    0.002738    0.000210    0.155157    0.042075     73.08     73.32    1.000
      ilnvar                   0.020459    0.000527    0.000127    0.065005    0.012677     47.60     51.50    1.016
      ilnvar                   0.129363    0.017326    0.000515    0.369415    0.093138    305.33    355.85    1.000
      ilnvar                   0.051167    0.001976    0.000060    0.138953    0.041257     35.00     45.09    1.040
      ilnvar                   0.066579    0.005154    0.001041    0.200110    0.045382    166.53    233.80    1.000
      ilnvar                   0.046514    0.002750    0.000047    0.141472    0.030934     77.67     89.81    1.000
      ilnvar                   0.044638    0.002933    0.000025    0.145057    0.027783    111.67    142.65    1.004
      ilnvar                   0.158296    0.023391    0.000377    0.444339    0.116363    126.86    230.66    1.001
      ilnvar                   0.072379    0.004467    0.001251    0.197716    0.055001    158.05    195.98    1.003
      ilnvar                   0.049313    0.002013    0.000369    0.137584    0.038035     57.97     62.48    1.007
      ilnvar                   0.105056    0.007764    0.000835    0.274749    0.083378     92.31    122.37    1.001
      ilnvar                   0.085029    0.005553    0.001077    0.226621    0.066498     43.59     52.77    1.004
      ilnvar                   0.113765    0.004799    0.009049    0.251578    0.099508     76.57    106.91    1.001
      ilnvar                   0.019689    0.000381    0.000302    0.055232    0.013976     96.10    118.81    1.004
      ilnvar                   0.013514    0.000334    0.000032    0.049753    0.006959     97.47    100.43    1.001
      ilnvar                   0.061867    0.002524    0.001400    0.162169    0.049410    109.54    112.80    1.003
      ilnvar                   0.028922    0.001454    0.000078    0.104181    0.015449    142.06    158.30    1.000
      ilnvar                   0.097727    0.007193    0.000700    0.246609    0.077313     97.93    121.26    1.012
      ilnvar                   0.056906    0.002722    0.000881    0.160702    0.042084     47.06     48.79    1.000
      ilnvar                   0.072075    0.005162    0.000464    0.213253    0.050637    138.95    222.63    1.007
      ilnvar                   0.088694    0.008492    0.000584    0.266130    0.060920    207.90    268.69    1.000
      ilnvar                   0.143306    0.019437    0.000127    0.400166    0.104988    194.67    260.24    1.000
      ilnvar                   0.063022    0.003779    0.000155    0.178733    0.046445     97.05    113.42    1.014
      ilnvar                   0.117930    0.006396    0.003076    0.268728    0.102176    169.99    180.65    1.006
      ilnvar                   0.122160    0.011075    0.000583    0.319190    0.097986     65.90    100.02    1.012
      ilnvar                   0.010817    0.000132    0.000020    0.033513    0.007165     61.67     87.29    1.001
      ilnvar                   0.153553    0.020613    0.000195    0.424154    0.119443     72.68    165.86    1.006
      ilnvar                   0.157142    0.018190    0.000571    0.409316    0.123582    188.40    247.45    1.000
      ilnvar                   0.175802    0.010359    0.026470    0.377998    0.155211    190.49    205.03    1.002
      ilnvar                   0.088572    0.010387    0.000906    0.276246    0.056266    150.95    188.85    1.000
      ilnvar                   0.064568    0.002350    0.000356    0.155554    0.055226     81.70     95.52    1.002
      ilnvar                   0.212698    0.022603    0.008359    0.501508    0.179872    246.73    271.50    1.001
      ilnvar                   0.019866    0.000536    0.000145    0.066452    0.011757     46.68     50.64    1.000
      ilnvar                   0.044888    0.002031    0.000087    0.128509    0.032569     47.66     52.10    1.006
      ilnvar                   0.047970    0.002161    0.000107    0.140884    0.034023     51.25     81.75    1.005
      ilnvar                   0.229327    0.044683    0.001701    0.620116    0.171020    315.97    347.69    1.000
      ilnvar                   0.029785    0.001698    0.000006    0.097123    0.017754    117.95    121.90    1.001
      ilnvar                   0.257317    0.039049    0.007410    0.641231    0.207773    211.42    246.55    1.002
      ilnvar                   0.080564    0.007835    0.000250    0.255567    0.053565     89.65    108.11    1.000
      ilnvar                   0.034496    0.001222    0.000004    0.102825    0.023893     41.35     76.94    1.002
      ilnvar                   0.080736    0.006510    0.000034    0.235206    0.057920     68.99    119.01    1.009
      ilnvar                   0.075408    0.003893    0.000330    0.195800    0.061579     52.19     52.44    1.002
      ilnvar                   0.110256    0.007941    0.001124    0.274608    0.089402    275.21    300.36    1.002
      ilnvar                   0.112970    0.009276    0.001000    0.288721    0.089186    115.27    186.14    1.002
      ilnvar                   0.646005    0.352130    0.008656    1.807258    0.470387   1331.87   1356.40    1.002
      ilnvar                   0.083015    0.003996    0.001273    0.202460    0.069869     80.95     82.38    1.008
      ilnvar                   0.070732    0.008676    0.000009    0.238856    0.042039    211.32    261.42    1.008
      ilnvar                   0.052306    0.002092    0.000769    0.140102    0.040184     71.14     89.84    1.011
      ilnvar                   0.060305    0.004958    0.000116    0.183864    0.040099    175.94    217.95    1.000
      ilnvar                   0.043978    0.001708    0.000197    0.127575    0.031768     63.92     64.80    1.007
      ilnvar                   0.052673    0.002223    0.000283    0.146245    0.041366     45.29     58.29    1.003
      ilnvar                   0.074595    0.003843    0.000244    0.194748    0.061882     62.19     62.97    1.030
      ilnvar                   0.370855    0.054781    0.027293    0.796862    0.324972     96.91    126.95    1.001
      ilnvar                   0.190489    0.030275    0.001506    0.498630    0.147525    299.11    318.72    1.003
      ilnvar                   0.034809    0.001186    0.000015    0.102437    0.025064     44.68     77.29    1.003
      ilnvar                   0.063454    0.003868    0.000060    0.185050    0.045318     61.81     74.36    1.007
      ilnvar                   0.284783    0.042467    0.008486    0.671653    0.234144    280.18    354.57    1.000
      ilnvar                   0.043138    0.002659    0.000022    0.137002    0.027565     94.91    154.92    1.006
      ilnvar                   0.141323    0.019415    0.000728    0.386593    0.104085    104.28    150.48    1.001
      ilnvar                   0.021829    0.000505    0.000105    0.064273    0.014829     61.49     71.58    1.065
      ilnvar                   0.203687    0.014435    0.032516    0.438397    0.177762    171.98    197.53    1.000
      ilnvar                   0.036185    0.001087    0.000169    0.099268    0.027266     55.32     67.45    1.000
      ilnvar                   0.210971    0.101469    0.000405    0.786444    0.113061     74.24     82.76    1.005
      ilnvar                   0.086639    0.004947    0.002431    0.222176    0.068843    104.78    106.74    1.019
      ilnvar                   0.194584    0.008378    0.046663    0.377069    0.177958    186.68    219.96    1.000
      ilnvar                   0.033156    0.001862    0.000037    0.120118    0.017306     41.03     76.35    1.005
      ilnvar                   0.076837    0.008538    0.000058    0.254130    0.045461    110.77    113.47    1.006
      ilnvar                   0.054644    0.002945    0.000137    0.160418    0.038928     42.21     61.83    1.003
      ilnvar                   0.147957    0.009641    0.012154    0.337318    0.125613    250.13    275.36    1.001
