reso  sja  d_qt  d_ci  d_rf
0.8181818 0.8342759 0.1899347 0.3044293 0.4906311
0.8108108 0.933663 0.09799273 0.2564251 0.4416742
0.9111111 0.9628087 0.05404928 0.1728708 0.2513416
0.7777778 0.9905514 0.0348611 0.1757032 0.2019745
0.8863636 0.9610942 0.1313599 0.1868902 0.2591492
0.9047619 0.9454653 0.07566347 0.1840485 0.2850094
0.9 0.9677727 0.07906727 0.1182223 0.1752149
0.8695652 0.9415574 0.07952569 0.1161207 0.1889059
0.6896552 0.9865204 0.0955089 0.2988927 0.3723222
0.8695652 0.9448783 0.08430466 0.2023498 0.3001415
0.8947368 0.9512592 0.09975314 0.1628793 0.2321221
0.9411765 0.9511041 0.05727554 0.1958204 0.2389413
0.9565217 0.9266417 0.08063545 0.2120866 0.277306
0.9411765 0.9088083 0.09287926 0.1858773 0.2257364
0.8409091 0.8288554 0.2149033 0.2962428 0.4176879
0.8723404 0.9689565 0.04582869 0.1408105 0.2189323
0.9090909 0.9245438 0.07939762 0.1746406 0.3498547
0.9473684 0.9014888 0.1055366 0.173106 0.2409443
0.75 0.9542484 0.1690476 0.2798249 0.3578549
1 0.7616099 0.2383901 0.313913 0.6608865
0.8723404 0.9568308 0.08504975 0.1715971 0.2625641
0.96 0.9398869 0.06552707 0.1522983 0.2872709
0.9032258 0.9457649 0.08670433 0.1894247 0.3515634
0.8461538 0.9074265 0.1008589 0.1813566 0.2609329
0.9268293 0.9351556 0.1111984 0.1357254 0.2380635
0.8148148 0.977989 0.05228973 0.2115289 0.3480604
0.8235294 0.9685891 0.04237262 0.1383412 0.2444185
0.8611111 0.8318277 0.1815281 0.2927133 0.4884377
0.7857143 0.969733 0.1109469 0.197335 0.2501669
0.95 0.9634801 0.03852408 0.1298278 0.2482155
0.8571429 0.9137042 0.08946527 0.2489097 0.3326991
0.7297297 0.8891097 0.1571671 0.2716943 0.2991618
0.9736842 0.9529713 0.05345224 0.1799819 0.4575997
0.9444444 0.9653372 0.04004128 0.1777595 0.1906543
0.9361702 0.9808933 0.03434084 0.08565357 0.1969762
0.952381 0.9459152 0.05680407 0.1409428 0.2435174
0.8928571 0.9476973 0.06084656 0.1942862 0.233488
0.9565217 0.8969453 0.1096443 0.22532 0.32226
0.7368421 0.8249858 0.1877649 0.4242611 0.5584454
0.8076923 0.7833333 0.257558 0.3237555 0.6921511
0.8510638 0.9066254 0.1061224 0.2659386 0.4440561
0.8666667 1 0.01717186 0.08379135 0.08750016
0.8541667 0.8987724 0.1500413 0.2061512 0.359229
0.8085106 0.9537755 0.1051129 0.238698 0.4180514
0.7297297 0.9554869 0.09691979 0.2465443 0.2964235
0.7777778 0.9915286 0.02785988 0.1835809 0.1890095
0.902439 0.9654487 0.04295438 0.1741919 0.2396324
0.875 0.9856955 0.07823362 0.1745835 0.215612
0.8484848 0.9311119 0.07609711 0.2308733 0.3741073
0.9782609 0.9865627 0.02043889 0.1073908 0.1413348
0.9583333 0.9682777 0.03986622 0.1512685 0.2058484
0.9444444 1 0.005012531 0.0201041 0.01493408
0.85 0.9183381 0.1008202 0.1948074 0.3691085
0.8064516 0.9827997 0.05893206 0.1595184 0.2412003
0.8787879 0.9591464 0.1063407 0.1583449 0.2019124
1 0.9923728 0.007627176 0.05567893 0.0606928
0.9047619 0.9314618 0.08306655 0.2004735 0.5446348
1 0.9016601 0.09833992 0.14523 0.2826187
0.8095238 0.7470344 0.3189159 0.3530751 0.6067242
0.8684211 0.8304719 0.2080753 0.3492948 0.4859279
0.8333333 0.9433401 0.1012531 0.2589736 0.3394353
0.9268293 0.9166541 0.09613484 0.2356867 0.4255783
0.8461538 0.8792638 0.1638584 0.2529764 0.489766
0.9111111 0.9896537 0.03520146 0.1649061 0.2230857
0.9090909 0.9897058 0.01462757 0.1077239 0.1833634
0.8536585 0.9529941 0.09034519 0.2048968 0.3064272
0.8888889 0.9106204 0.09700722 0.2104449 0.2884209
0.8636364 0.871867 0.1340711 0.2551833 0.3566701
0.7692308 0.9417458 0.09835375 0.2268112 0.3053544
0.8461538 0.9016713 0.1266052 0.2599568 0.4556165
0.8536585 0.9545899 0.07039948 0.2017756 0.3802423
0.8214286 0.8965847 0.1517059 0.2727464 0.4792961
0.9512195 0.9475851 0.05604894 0.1314924 0.1843312
0.7391304 0.9110139 0.1165886 0.2632187 0.4327771
0.8888889 0.9691206 0.09191192 0.1315168 0.1910639
0.8571429 1 0.02380952 0.07695838 0.06262106
0.8717949 0.9073053 0.09686858 0.1997557 0.3182908
0.9333333 0.9100164 0.09199346 0.1589538 0.2304401
0.8333333 0.964724 0.108909 0.1986047 0.2726638
0.75 1 0.05010253 0.1263411 0.1118828
0.8421053 0.8746471 0.1370544 0.2425483 0.3928113
0.8636364 0.9549794 0.07142937 0.1790127 0.2760137
0.925 0.959919 0.04144108 0.151346 0.1949906
0.6944444 0.9635678 0.1050803 0.2715487 0.3817399
0.9473684 0.9166046 0.1175666 0.1807684 0.2922563
0.974359 0.9891684 0.0157006 0.09373863 0.1418253
0.9354839 0.9510224 0.05801564 0.1690321 0.2701411
0.7 0.9474145 0.1540937 0.3441958 0.4023178
0.8518519 0.9202259 0.09279609 0.1497947 0.2359663
0.88 0.9837579 0.02820513 0.1738635 0.1775908
0.9767442 0.977259 0.02646996 0.09337824 0.1166456
0.9142857 0.8388748 0.1672357 0.2135361 0.3350182
0.8723404 0.7747203 0.2466348 0.3094375 0.591189
0.9375 0.8026756 0.2198142 0.1790453 0.2507517
0.825 0.9541751 0.1187667 0.1996072 0.2771233
0.8695652 0.8827008 0.1304631 0.2046991 0.3043088
0.9677419 0.9704755 0.03191593 0.1205342 0.1764835
0.8928571 0.9698252 0.04474813 0.1194631 0.2013103
0.8947368 0.8896588 0.117952 0.2179877 0.4068544
0.96875 0.9810253 0.02333103 0.08554914 0.1267108
