0.4186047
0.4166667
0.2272727
0.3181818
0.4545455
0.3
0.2820513
0.2727273
0.3448276
0.2222222
0.3243243
0.25
0.3913043
0.1875
0.4883721
0.2608696
0.3255814
0.2631579
0.2857143
0.1875
0.2608696
0.2916667
0.2258065
0.5769231
0.2
0.2592593
0.1470588
0.3142857
0.1481481
0.2820513
0.4146341
0.2702703
0.2162162
0.2352941
0.2608696
0.35
0.3703704
0.4090909
0.3684211
0.36
0.4042553
0.2068966
0.2765957
0.3191489
0.2432432
0.2222222
0.3
0.5416667
0.34375
0.1777778
0.2608696
0.05555556
0.2105263
0.3666667
0.1875
0.1714286
0.4761905
0.09090909
0.25
0.2162162
0.1666667
0.35
0.28
0.3777778
0.255814
0.3
0.2941176
0.2727273
0.4230769
0.2307692
0.275
0.2592593
0.175
0.4347826
0.2692308
0.1666667
0.2051282
0.3333333
0.3170732
0.2631579
0.1842105
0.1136364
0.3846154
0.2571429
0.2631579
0.2631579
0.3666667
0.45
0.2692308
0.1666667
0.372093
0.2285714
0.3695652
0.125
0.275
0.2747253
0.2
0.4285714
0.4736842
0.3225806
