      ilnvar                   0.038577    0.001233    0.001407    0.108557    0.029937     23.85     29.32    1.005
      ilnvar                   0.024787    0.001117    0.000034    0.092232    0.012153     28.76     28.83    1.000
      ilnvar                   0.028090    0.001302    0.000018    0.097479    0.014158     21.15     29.90    1.001
      ilnvar                   0.022594    0.000793    0.000012    0.078996    0.011095     16.59     17.08    1.035
      ilnvar                   0.003587    0.000058    0.000001    0.017671    0.000631     25.23     28.02    1.012
      ilnvar                   0.015144    0.000768    0.000001    0.065587    0.003995     38.30     40.75    1.004
      ilnvar                   0.000975    0.000007    0.000001    0.004751    0.000088     13.72     15.54    1.038
      ilnvar                   0.060834    0.008231    0.000017    0.230830    0.028496     27.20     46.95    1.004
      ilnvar                   0.034137    0.001416    0.000305    0.110059    0.021096     62.94     64.18    1.018
      ilnvar                   0.012339    0.000235    0.000033    0.043001    0.006610     21.18     23.02    1.000
      ilnvar                   0.008488    0.000242    0.000001    0.036384    0.002796     15.18     41.44    1.065
      ilnvar                   0.030104    0.005648    0.000001    0.121676    0.008395     54.80    139.42    1.003
      ilnvar                   0.033034    0.004216    0.000002    0.150658    0.007322     46.80     65.30    1.012
      ilnvar                   0.498874    0.170118    0.007866    1.293655    0.390959    222.94    265.99    1.004
      ilnvar                   0.033157    0.001705    0.000045    0.120934    0.017608     18.69     21.77    1.011
      ilnvar                   0.032325    0.000662    0.000275    0.082778    0.025962     51.58     51.77    1.001
      ilnvar                   0.020829    0.000626    0.000040    0.071309    0.012004     18.63     26.34    1.004
      ilnvar                   0.177821    0.042691    0.000346    0.558450    0.114901    121.14    148.91    1.009
      ilnvar                   0.746257    0.472684    0.005906    2.099441    0.543503    588.79    673.98    1.000
      ilnvar                   0.278708    0.119150    0.000059    0.946699    0.162362     63.22     81.44    1.012
      ilnvar                   0.034730    0.001006    0.000138    0.099450    0.025327     24.75     31.96    1.001
      ilnvar                   0.027688    0.001601    0.000085    0.105333    0.012350     59.13     83.19    1.002
      ilnvar                   0.022031    0.000876    0.000030    0.079255    0.010879     31.10     42.02    1.003
      ilnvar                   0.081466    0.011164    0.000096    0.276091    0.045744     37.86     62.28    1.045
      ilnvar                   0.002449    0.000025    0.000001    0.012091    0.000649     19.21     30.68    1.006
      ilnvar                   0.029165    0.001988    0.000066    0.109405    0.012560     36.14     60.08    1.001
      ilnvar                   0.053739    0.003566    0.000316    0.172412    0.034527     29.88     34.31    1.001
      ilnvar                   0.007673    0.000279    0.000002    0.042066    0.000755     17.74     19.05    1.000
      ilnvar                   0.069761    0.008956    0.000078    0.238827    0.039562     38.86     57.10    1.051
      ilnvar                   0.002521    0.000021    0.000003    0.011510    0.000686     14.97     19.24    1.029
      ilnvar                   0.034435    0.002065    0.000060    0.118291    0.017776     24.31     25.35    1.026
      ilnvar                   0.056268    0.003538    0.000100    0.172968    0.039807     20.11     30.86    1.019
      ilnvar                   0.020897    0.000951    0.000011    0.086971    0.006896     16.27     24.71    1.153
      ilnvar                   0.054254    0.005955    0.000020    0.190009    0.029562    145.18    151.98    1.014
      ilnvar                   0.001286    0.000023    0.000001    0.006477    0.000030     13.99     16.07    1.089
      ilnvar                   0.014094    0.001175    0.000001    0.071688    0.000832     27.61     37.19    1.001
      ilnvar                   0.025962    0.001559    0.000005    0.102166    0.011219     34.19     51.28    1.000
      ilnvar                   0.147899    0.015082    0.000326    0.383875    0.116036     92.14    153.42    1.005
      ilnvar                   0.033261    0.004520    0.000022    0.128301    0.012480     75.32    104.10    1.002
      ilnvar                   0.026269    0.002294    0.000001    0.123799    0.002213     21.67     25.21    1.001
      ilnvar                   0.005095    0.000155    0.000001    0.030002    0.000320     16.01     20.28    1.190
      ilnvar                   0.227664    0.032399    0.002655    0.551219    0.188544     69.43    102.23    1.001
      ilnvar                   0.030893    0.001729    0.000054    0.116191    0.014729     17.03     24.95    1.052
      ilnvar                   0.030839    0.000967    0.001376    0.092505    0.020846     25.84     28.76    1.017
      ilnvar                   0.006901    0.000111    0.000017    0.028174    0.002732     19.16     31.61    1.047
      ilnvar                   0.018548    0.000520    0.000023    0.062526    0.010700     49.59     81.85    1.010
      ilnvar                   0.008902    0.000203    0.000002    0.038257    0.003287     23.45     46.72    1.104
      ilnvar                   0.090920    0.018769    0.000015    0.349791    0.044415     28.68     53.17    1.026
      ilnvar                   0.009576    0.000189    0.000035    0.037754    0.004064     41.80     51.50    1.062
      ilnvar                   0.015154    0.000770    0.000002    0.072764    0.002855     15.43     22.85    1.090
      ilnvar                   0.024269    0.002991    0.000002    0.110270    0.006142     44.50     64.56    1.008
      ilnvar                   0.472293    0.191552    0.000076    1.292095    0.387623     34.66     85.34    1.053
      ilnvar                   0.071141    0.012147    0.000035    0.270828    0.033495     90.79     91.06    1.004
      ilnvar                   0.014909    0.001187    0.000001    0.085737    0.000851     23.14     35.57    1.152
      ilnvar                   0.011467    0.000542    0.000003    0.050363    0.003184     35.80     52.90    1.131
      ilnvar                   0.029016    0.001267    0.000022    0.097590    0.017165     35.01     39.13    1.001
      ilnvar                   0.006839    0.000104    0.000010    0.027630    0.002532     18.19     20.87    1.000
      ilnvar                   0.016423    0.001284    0.000001    0.080508    0.001997     16.41     25.28    1.002
      ilnvar                   0.085165    0.017655    0.000001    0.322396    0.034351     51.95     56.60    1.019
      ilnvar                   0.012667    0.000315    0.000012    0.049723    0.005950     24.11     25.52    1.105
      ilnvar                   0.188756    0.055244    0.000036    0.631069    0.110801     54.90     59.74    1.000
      ilnvar                   0.000241    0.000000    0.000001    0.001377    0.000013     13.68     21.92    1.000
      ilnvar                   0.010534    0.000281    0.000012    0.041997    0.004215     48.20     66.97    1.018
      ilnvar                   0.000389    0.000001    0.000001    0.002006    0.000051     15.97     18.88    1.009
      ilnvar                   0.008906    0.000394    0.000006    0.052042    0.000395     14.39     23.13    1.120
      ilnvar                   0.253921    0.047800    0.011651    0.673969    0.193607     16.84     69.18    1.051
      ilnvar                   0.049164    0.005863    0.000068    0.179543    0.023020    104.73    123.03    1.006
      ilnvar                   0.094466    0.025446    0.000197    0.432860    0.029810     53.13     55.56    1.016
      ilnvar                   0.024224    0.001753    0.000001    0.110914    0.006789     25.52     42.63    1.007
      ilnvar                   0.043891    0.003169    0.000006    0.153117    0.024264     33.99     61.08    1.021
      ilnvar                   0.005193    0.000138    0.000001    0.026479    0.000763     20.24     21.15    1.021
      ilnvar                   0.022206    0.001019    0.000035    0.080506    0.011178     64.33     66.58    1.011
      ilnvar                   0.009133    0.000336    0.000001    0.043559    0.000906     17.90     27.03    1.085
      ilnvar                   0.020948    0.001426    0.000001    0.098345    0.004202     18.08     35.41    1.023
      ilnvar                   0.039031    0.002346    0.000054    0.134828    0.021751     31.19     37.61    1.000
      ilnvar                   0.188196    0.074286    0.000054    0.677412    0.099494    640.86    713.14    1.000
      ilnvar                   0.001842    0.000022    0.000001    0.010193    0.000163     23.26     30.33    1.068
      ilnvar                   0.021661    0.001468    0.000001    0.093060    0.007053    104.29    132.64    1.003
      ilnvar                   0.023796    0.000770    0.000159    0.075834    0.014316     33.96     38.29    1.005
      ilnvar                   0.040784    0.004498    0.000012    0.163009    0.017358    109.90    126.01    1.006
      ilnvar                   0.088492    0.009360    0.000005    0.266855    0.068081     11.75     37.33    1.142
      ilnvar                   0.000028    0.000000    0.000001    0.000146    0.000005     22.69     26.58    1.010
      ilnvar                   0.015489    0.000384    0.000015    0.055059    0.008703     30.00     32.60    1.036
      ilnvar                   0.032731    0.001687    0.000067    0.115848    0.017608     30.76     31.00    1.033
      ilnvar                   0.303166    0.116139    0.001200    0.977926    0.188534     80.14     99.29    1.013
      ilnvar                   0.004698    0.000115    0.000005    0.023872    0.000727     16.23     21.87    1.000
      ilnvar                   0.029452    0.003966    0.000031    0.118949    0.006815     31.85     46.50    1.001
      ilnvar                   0.143485    0.030467    0.000279    0.471610    0.090551     75.24    113.78    1.000
      ilnvar                   0.047288    0.003007    0.000156    0.150451    0.030110     59.17     63.12    1.001
      ilnvar                   0.160399    0.036595    0.000091    0.518281    0.101363     40.01     59.62    1.014
      ilnvar                   0.004228    0.000172    0.000002    0.024515    0.000284     15.72     19.92    1.119
      ilnvar                   0.035218    0.001227    0.000119    0.104124    0.024940     37.53     39.45    1.033
      ilnvar                   0.012525    0.000477    0.000008    0.056907    0.002919     20.65     29.25    1.026
      ilnvar                   0.224453    0.080834    0.000914    0.702219    0.140244     69.24     85.51    1.007
      ilnvar                   0.076489    0.008021    0.000101    0.249719    0.051188     15.69     34.77    1.040
      ilnvar                   0.002183    0.000024    0.000003    0.010749    0.000374     16.62     25.47    1.030
      ilnvar                   0.071732    0.004861    0.000073    0.207007    0.054795     49.59     76.87    1.040
      ilnvar                   0.073657    0.005090    0.000358    0.211239    0.054880     45.28     60.95    1.001
      ilnvar                   0.008259    0.000175    0.000003    0.035517    0.002691     23.78     27.95    1.019
      ilnvar                   0.025236    0.001610    0.000004    0.106916    0.009461     16.72     37.60    1.018
