      age[0]                   0.876021    0.000717    0.829347    0.931304    0.871754    1.011    2
      age[0]                   1.008525    0.000540    0.964924    1.054097    1.006570    1.000    2
      age[0]                   1.052069    0.001789    0.978753    1.141293    1.045611    1.002    2
      age[0]                   1.006678    0.001016    0.947233    1.068395    1.004315    1.001    2
      age[0]                   1.016234    0.001355    0.953038    1.089783    1.011311    1.014    2
      age[0]                  1.028818    0.001799    0.953093    1.113958    1.025795    1.000    2
      age[0]                  1.020327    0.000525    0.976685    1.065869    1.018200    1.004    2
      age[0]                  0.802710    0.003274    0.724361    0.915144    0.788053    1.000    2
      age[0]                  0.978243    0.000518    0.935823    1.023538    0.976180    1.000    2
      age[0]                   0.995685    0.001815    0.921264    1.087652    0.991629    1.057    2
      age[0]                  1.020108    0.002473    0.923333    1.115937    1.015209    1.003    2
      age[0]                  0.894653    0.006441    0.831193    1.054546    0.867180    1.003    2
      age[0]                  0.951408    0.003090    0.857053    1.048225    0.948374    1.000    2
      age[0]                  0.950740    0.004225    0.842531    1.091079    0.940622    1.002    2
      age[0]                   1.009085    0.001666    0.933750    1.089506    1.004812    1.000    2
      age[0]                   0.998380    0.000696    0.947167    1.050075    0.995629    1.024    2
      age[0]                   1.034939    0.000490    0.992961    1.079058    1.033116    1.001    2
      age[0]                  0.969484    0.001934    0.888563    1.058835    0.965855    1.000    2
      age[0]                  0.933134    0.026847    0.656362    1.257293    0.909842    1.000    2
      age[0]                  0.976809    0.000509    0.951797    1.021098    0.970824    1.000    2
      age[0]                   1.017127    0.001624    0.949027    1.096725    1.010995    1.003    2
      age[0]                  1.005372    0.000539    0.979087    1.051870    0.999203    1.001    2
      age[0]                  0.990025    0.004607    0.860871    1.131675    0.984670    1.004    2
      age[0]                  1.007017    0.002226    0.921791    1.105676    1.004825    1.002    2
      age[0]                   0.974227    0.001861    0.899420    1.056294    0.968208    1.001    2
      age[0]                  0.941586    0.005228    0.798279    1.087125    0.939029    1.006    2
      age[0]                  0.947680    0.002144    0.863101    1.042119    0.944726    1.006    2
      age[0]                  0.951690    0.001359    0.882382    1.027716    0.949140    1.028    2
      age[0]                  0.930267    0.002490    0.838307    1.032104    0.926629    1.017    2
      age[0]                   0.879685    0.001218    0.812768    0.951350    0.877035    1.012    2
      age[0]                   1.048858    0.003842    0.927135    1.171760    1.046917    1.026    2
      age[0]                   0.971860    0.001208    0.914791    1.035763    0.968131    1.000    2
      age[0]                  0.989176    0.000437    0.948569    1.030934    0.988056    1.018    2
      age[0]                  1.009163    0.001525    0.970761    1.089820    0.997173    1.003    2
      age[0]                   1.065056    0.001432    0.994872    1.140626    1.061841    1.002    2
      age[0]                  1.057800    0.001208    0.992841    1.126987    1.054830    1.000    2
      age[0]                  1.000699    0.002865    0.899462    1.106278    0.996758    1.003    2
      age[0]                  0.911431    0.000271    0.882942    0.943197    0.909200    1.002    2
      age[0]                  1.008886    0.000571    0.971325    1.058310    1.003814    1.002    2
      age[0]                  0.996801    0.000533    0.953117    1.042199    0.995516    1.000    2
      age[0]                   0.955280    0.001092    0.893294    1.023976    0.953400    1.001    2
      age[0]                  0.990088    0.001331    0.919883    1.060732    0.987492    1.000    2
      age[0]                   0.863449    0.003481    0.749535    0.974221    0.858717    1.050    2
      age[0]                   0.993276    0.001063    0.933062    1.057657    0.990471    1.003    2
      age[0]                  1.019212    0.000715    0.972607    1.071273    1.015821    1.000    2
      age[0]                  1.040643    0.002429    0.940242    1.135539    1.037806    1.002    2
      age[0]                   1.015437    0.001139    0.951997    1.082136    1.013956    1.000    2
      age[0]                  1.003317    0.003267    0.915297    1.115238    0.995232    1.000    2
      age[0]                  1.027558    0.001760    0.958524    1.111358    1.020870    1.037    2
      age[0]                   1.028921    0.001237    0.961495    1.097063    1.026247    1.036    2
      age[0]                  0.974640    0.000619    0.928415    1.022622    0.972777    1.001    2
      age[0]                  0.940065    0.002831    0.840583    1.045165    0.935579    1.002    2
      age[0]                  0.922988    0.004190    0.827726    1.038424    0.914109    1.004    2
      age[0]                  0.914049    0.002137    0.830681    1.014319    0.908383    1.001    2
      age[0]                  0.981909    0.000899    0.924958    1.041549    0.979693    1.001    2
      age[0]                  0.992253    0.000449    0.966028    1.033643    0.987312    1.001    2
      age[0]                   1.015156    0.000982    0.961417    1.079476    1.011116    1.003    2
      age[0]                  1.008490    0.004438    0.877446    1.132524    1.006163    1.007    2
      age[0]                  0.985144    0.001364    0.916354    1.059210    0.981723    1.000    2
      age[0]                   0.980583    0.001083    0.927813    1.041003    0.976986    1.000    2
      age[0]                  1.039489    0.001825    0.956800    1.115009    1.035999    1.001    2
      age[0]                   0.952133    0.000966    0.902346    1.015300    0.946912    1.020    2
      age[0]                  0.982332    0.000508    0.939811    1.027405    0.980368    1.001    2
      age[0]                   0.980615    0.001750    0.910357    1.061409    0.973521    1.029    2
      age[0]                   0.960100    0.000913    0.902438    1.018440    0.956960    1.019    2
      age[0]                   0.969979    0.001449    0.898759    1.046408    0.966083    1.012    2
      age[0]                  0.856619    0.004385    0.737905    0.993479    0.849128    1.000    2
      age[0]                  0.984970    0.000891    0.932204    1.045343    0.981956    1.001    2
      age[0]                  0.956716    0.001974    0.875154    1.044325    0.953092    1.002    2
      age[0]                  0.992552    0.002319    0.910252    1.087739    0.984568    1.004    2
      age[0]                   0.995073    0.001599    0.924172    1.081029    0.991341    1.001    2
      age[0]                  1.008321    0.001041    0.948767    1.072486    1.005713    1.000    2
      age[0]                   0.982400    0.001332    0.917504    1.054510    0.977599    1.000    2
      age[0]                  0.902353    0.001394    0.836722    0.970711    0.898180    1.007    2
      age[0]                  0.992600    0.000672    0.944223    1.048645    0.991021    1.013    2
      age[0]                  0.889940    0.007382    0.792186    1.057449    0.868313    1.000    2
      age[0]                   0.987191    0.001228    0.919418    1.054080    0.984551    1.001    2
      age[0]                  0.989094    0.001254    0.922554    1.061328    0.986515    1.004    2
      age[0]                   0.977777    0.000527    0.934060    1.022974    0.976474    1.001    2
      age[0]                  0.968999    0.001007    0.910031    1.031345    0.965974    1.000    2
      age[0]                   1.013395    0.006097    0.855587    1.157422    1.009936    1.004    2
      age[0]                   1.054570    0.004460    0.940612    1.191943    1.046078    1.021    2
      age[0]                   0.981769    0.001015    0.925976    1.039407    0.978050    1.002    2
      age[0]                  0.910415    0.003829    0.796693    1.039468    0.903987    1.005    2
      age[0]                  0.960379    0.002030    0.879163    1.059094    0.957138    1.002    2
      age[0]                  1.059025    0.002548    0.966640    1.158447    1.054978    1.000    2
      age[0]                  0.754176    0.008895    0.590760    0.939598    0.745503    1.001    2
      age[0]                  1.029722    0.003710    0.910378    1.146682    1.022165    1.002    2
      age[0]                  0.978478    0.001558    0.904315    1.058692    0.975790    1.001    2
      age[0]                  0.914091    0.001008    0.855067    0.976166    0.911540    1.001    2
      age[0]                   1.034333    0.001623    0.964038    1.114982    1.030019    1.026    2
      age[0]                  1.002159    0.001106    0.941714    1.068090    0.998403    1.008    2
      age[0]                   1.010076    0.001255    0.946399    1.078765    1.005827    1.001    2
      age[0]                  0.913637    0.002756    0.837171    1.020737    0.901023    1.004    2
      age[0]                   0.998065    0.002091    0.912079    1.089755    0.994435    1.072    2
      age[0]                   1.036103    0.000701    0.985837    1.086613    1.033936    1.001    2
      age[0]                  0.994146    0.000424    0.954980    1.034659    0.992429    1.001    2
      age[0]                  0.993790    0.000220    0.966294    1.022688    0.992131    1.002    2
      age[0]                   0.960055    0.002919    0.863375    1.079368    0.956912    1.020    2
      age[0]                  0.962653    0.004277    0.843167    1.111354    0.957541    1.002    2
