      alpha_symdir   7.181586    2.534376    4.411149   10.358950    6.969775   9976.81  10075.72    1.000
      alpha_symdir   5.617928    1.917374    3.289137    8.426184    5.410659   2851.46   3148.46    1.000
      alpha_symdir   7.318009    2.863835    4.377085   10.739330    7.096991   8879.70   9311.64    1.000
      alpha_symdir   7.832164    2.998833    4.742191   11.283660    7.604480  11205.64  11228.64    1.000
      alpha_symdir   7.640336    2.989267    4.495935   11.049150    7.420294   9693.82  10165.76    1.000
      alpha_symdir   7.395362    3.569727    4.208380   11.305360    7.138635  10294.49  10793.35    1.000
      alpha_symdir   8.452900    3.594082    5.060517   12.207610    8.208148  10255.57  10388.51    1.000
      alpha_symdir   5.531293    2.430901    2.873254    8.615408    5.294578  10573.06  10942.41    1.000
      alpha_symdir   7.385479    3.129538    4.398485   11.077070    7.144761  10653.57  10851.20    1.000
      alpha_symdir   7.067310    2.422570    4.334470   10.209280    6.875892   8153.45   9154.74    1.000
      alpha_symdir   8.567655    3.735457    5.118201   12.387160    8.339919  11109.38  11359.50    1.000
      alpha_symdir   3.943825    1.517520    1.931581    6.386650    3.718518   9930.49  10143.98    1.000
      alpha_symdir   6.017218    2.532100    3.262607    9.157464    5.777666   9512.56   9838.81    1.000
      alpha_symdir   4.193649    1.732763    2.052818    6.803995    3.958513   6341.96   6435.66    1.000
      alpha_symdir   9.704541    4.186905    5.979315   13.761650    9.462072  10428.98  10763.90    1.000
      alpha_symdir   8.541191    3.667257    5.254497   12.445410    8.311669   8897.84   9150.75    1.000
      alpha_symdir   7.324801    2.931632    4.380670   10.781400    7.105920   7703.08   8190.94    1.000
      alpha_symdir   4.845406    1.608827    2.732471    7.396417    4.648561   7733.16   8646.50    1.000
      alpha_symdir   4.131468    1.848148    1.890329    6.840733    3.890055  10795.13  10867.72    1.000
      alpha_symdir   5.934925    2.785587    3.110980    9.265703    5.678466  10771.64  10893.80    1.000
      alpha_symdir   7.780342    3.082079    4.701945   11.276210    7.567680   9465.48  10399.19    1.000
      alpha_symdir   6.963583    3.153848    3.916754   10.484690    6.732361  10701.66  11320.35    1.000
      alpha_symdir   4.502366    1.131409    2.710470    6.632777    4.340703   7970.63   8413.76    1.000
      alpha_symdir   5.759108    2.378382    3.065328    8.799558    5.516368   8609.70   9191.95    1.000
      alpha_symdir   7.729220    3.241259    4.527138   11.324720    7.493293  11091.46  11171.72    1.000
      alpha_symdir   7.029366    2.975233    4.123318   10.567680    6.810568   8286.15   8483.74    1.000
      alpha_symdir   7.411194    2.996416    4.407628   10.887130    7.178044   7453.71   8110.13    1.000
      alpha_symdir   5.713348    1.672493    3.464445    8.303378    5.535324   9083.54   9516.09    1.000
      alpha_symdir   5.894948    2.316857    3.347181    8.999719    5.664986   6919.05   7053.28    1.000
      alpha_symdir   5.793672    1.845242    3.389491    8.472162    5.599975  10225.26  10403.07    1.000
      alpha_symdir   7.590676    3.174877    4.477151   11.141220    7.357988   8317.08   8555.06    1.000
      alpha_symdir   7.182906    2.724962    4.370336   10.583940    6.970743   8124.02   9497.92    1.000
      alpha_symdir   7.356687    3.130256    4.331985   10.956890    7.126251  10750.67  10784.23    1.000
      alpha_symdir   4.772410    1.948525    2.474775    7.590109    4.536229  10135.52  10136.69    1.000
      alpha_symdir   8.910017    4.054388    5.390020   12.959730    8.670296  11433.21  11500.62    1.000
      alpha_symdir   6.930255    3.312918    3.823576   10.597250    6.681509  10252.13  10856.60    1.000
      alpha_symdir   7.100302    3.328854    3.876773   10.716000    6.853946  11017.68  11186.61    1.000
      alpha_symdir   5.299852    2.440219    2.666412    8.406489    5.048696  10469.94  10777.93    1.000
      alpha_symdir   5.783102    2.563707    3.018844    8.927430    5.533170  10420.77  10875.51    1.000
      alpha_symdir   6.254599    2.743479    3.427933    9.574885    6.007165  10736.97  10940.21    1.000
      alpha_symdir   8.298563    3.423509    5.138676   12.084220    8.060402   9952.12  10026.29    1.000
      alpha_symdir   6.498713    2.675370    3.785658    9.863630    6.263537   8721.06   9108.88    1.000
      alpha_symdir   7.649876    2.991978    4.655725   11.164030    7.424903   8728.94   9187.25    1.000
      alpha_symdir   5.492922    1.798710    3.253945    8.226549    5.294395   2322.47   2451.59    1.000
      alpha_symdir   7.171123    2.763526    4.249916   10.530240    6.953097   9896.79   9983.68    1.000
      alpha_symdir   5.467312    2.003191    3.096362    8.319030    5.259588   9250.65   9318.24    1.000
      alpha_symdir   6.162070    2.240879    3.672109    9.250432    5.952378   9515.41  10124.85    1.000
      alpha_symdir   5.104037    2.092787    2.657350    7.925420    4.881713   7958.26   8078.28    1.000
      alpha_symdir   7.483805    3.149790    4.426867   11.059540    7.257354  11516.54  11519.00    1.000
      alpha_symdir   5.417281    1.743798    3.190990    8.112948    5.218804   6437.88   6605.32    1.000
      alpha_symdir   5.456504    2.127878    2.987985    8.357864    5.236129  10196.66  10409.29    1.000
      alpha_symdir   6.457924    2.947000    3.510697    9.926253    6.216463  10032.29  10082.95    1.000
      alpha_symdir   6.141372    2.790355    3.286741    9.451273    5.900495  11331.38  11362.34    1.000
      alpha_symdir   8.697612    3.963711    5.205764   12.693630    8.467203  11227.53  11546.13    1.000
      alpha_symdir   6.519353    2.435216    3.804436    9.623637    6.300983   9221.16   9521.13    1.000
      alpha_symdir   6.208435    2.392023    3.548178    9.319981    5.995150  10199.74  10370.61    1.000
      alpha_symdir   7.853990    3.028067    4.772380   11.295690    7.624661   8462.19   8823.54    1.000
      alpha_symdir   5.991241    2.496846    3.245332    9.108484    5.756315  11053.21  11144.77    1.000
      alpha_symdir   5.926934    2.385132    3.341470    9.044941    5.700799  10512.77  10720.25    1.000
      alpha_symdir   6.059145    2.038381    3.676740    8.976882    5.851144   9533.69   9550.49    1.000
      alpha_symdir   5.003634    2.287976    2.446845    7.998559    4.770649  10768.95  10779.03    1.000
      alpha_symdir   7.794075    3.290484    4.649357   11.476260    7.560037  10658.51  10774.25    1.000
      alpha_symdir   5.484629    2.172806    2.930659    8.400198    5.251117   8512.41   9083.63    1.000
      alpha_symdir   8.634585    3.658910    5.315948   12.570920    8.403544  10021.47  10521.39    1.000
      alpha_symdir   6.373255    2.155999    3.825598    9.295723    6.161782   7532.43   7957.11    1.001
      alpha_symdir  10.102848    4.613311    6.283548   14.399160    9.869976  10294.48  10855.92    1.000
      alpha_symdir   5.662405    2.378087    3.076667    8.719522    5.433538   8030.13   8729.18    1.000
      alpha_symdir   6.780694    3.118581    3.731639   10.298500    6.543084   9480.08   9603.39    1.000
      alpha_symdir   6.634801    2.864572    3.662042    9.953501    6.387886   8957.58   9349.51    1.000
      alpha_symdir   6.551480    2.781906    3.655969    9.896330    6.319494   9278.78   9849.32    1.000
      alpha_symdir   9.558680    4.708016    5.775278   13.980910    9.298231  10807.54  11116.82    1.000
      alpha_symdir   7.474974    3.174629    4.242311   10.928570    7.243814   9925.36  10034.78    1.000
      alpha_symdir   7.277300    2.651776    4.540220   10.661800    7.058050   9209.58   9547.81    1.000
      alpha_symdir   7.925148    3.788688    4.524317   11.826300    7.679966  10357.42  10410.56    1.000
      alpha_symdir   6.713752    2.979057    3.790269   10.208540    6.475608  10864.28  11041.72    1.000
      alpha_symdir   3.687600    1.654047    1.620034    6.218128    3.441605   9959.10  10032.22    1.000
      alpha_symdir   7.978913    3.328242    4.752487   11.616410    7.743174   9988.31  10302.41    1.000
      alpha_symdir   7.254891    3.557001    3.973100   11.022670    7.009330  10168.07  10518.75    1.000
      alpha_symdir   6.667419    2.316481    4.013647    9.692715    6.454124   9895.30  10360.84    1.000
      alpha_symdir   4.768888    1.591892    2.679844    7.295214    4.564313   9840.46   9900.91    1.000
      alpha_symdir   6.531609    2.249867    3.908739    9.562850    6.326210   8058.53   8699.13    1.000
      alpha_symdir   9.499106    4.151967    5.907493   13.543060    9.275803  10772.96  10889.06    1.000
      alpha_symdir   6.915336    2.639195    4.068827   10.141450    6.698163   9713.03  10054.99    1.000
      alpha_symdir   4.996116    1.425877    2.967674    7.355768    4.807223   8997.29   9441.28    1.000
      alpha_symdir   6.606405    2.944908    3.716703   10.022980    6.353004  10002.22  10096.12    1.000
      alpha_symdir   6.483025    2.365310    3.737098    9.491795    6.266636   9549.14   9806.81    1.000
      alpha_symdir   7.357098    3.298372    4.244903   11.040190    7.140131  10222.47  10390.52    1.000
      alpha_symdir   5.624912    2.329864    3.053021    8.688990    5.381169  10575.37  10714.49    1.000
      alpha_symdir   6.345505    2.676676    3.531728    9.582696    6.110835  11159.25  11277.76    1.000
      alpha_symdir   6.346972    2.456118    3.630089    9.447263    6.118274   9854.25  10372.59    1.000
      alpha_symdir   8.465081    3.463445    5.209412   12.227370    8.259477  10022.46  10258.95    1.000
      alpha_symdir   7.736433    2.976161    4.699275   11.167190    7.518247  10231.30  10449.47    1.000
      alpha_symdir   7.190445    2.463416    4.406280   10.302800    6.988923   7534.65   7701.07    1.000
      alpha_symdir   5.877482    2.366736    3.321510    9.037038    5.643819  10441.67  10626.59    1.000
      alpha_symdir   6.550542    2.263454    3.981946    9.571749    6.342914   8114.13   8660.72    1.000
      alpha_symdir   7.220052    2.448085    4.463095   10.331950    7.025655   7547.82   8654.70    1.000
      alpha_symdir   5.491228    2.287866    2.862052    8.489010    5.257160  10414.03  10500.26    1.000
      alpha_symdir   5.897215    2.304594    3.293392    8.954273    5.683192   9090.80   9832.12    1.000
      alpha_symdir   8.000275    3.491473    4.668196   11.699190    7.766886   9604.51   9985.94    1.000
      alpha_symdir   5.613782    1.917560    3.283217    8.441586    5.418981   7043.27   7973.03    1.000
