      TL             8.622694    0.122268    7.961059    9.323778    8.609446   1939.95   2232.07    1.001
      TL             8.343840    0.193111    7.513035    9.226466    8.319780   1437.59   1597.76    1.000
      TL             8.360922    0.098990    7.740997    8.962032    8.354329   6245.20   6405.67    1.000
      TL             8.233822    0.105093    7.609533    8.880992    8.224324   4211.14   4212.07    1.000
      TL             8.735194    0.112140    8.091186    9.395144    8.727121   4463.90   4714.98    1.000
      TL             5.343435    0.087276    4.793373    5.953349    5.331421   6232.75   6704.10    1.000
      TL             7.905159    0.095871    7.321412    8.541842    7.898466   6211.82   6246.32    1.000
      TL             4.695318    0.085628    4.122695    5.271083    4.681299   2530.20   2968.67    1.000
      TL             6.782303    0.096294    6.182577    7.404651    6.771192   5863.24   6267.61    1.000
      TL             9.141056    0.132963    8.418972    9.841936    9.127921   2165.03   2532.99    1.000
      TL             7.207783    0.080194    6.643288    7.746494    7.200114   7433.35   7868.34    1.000
      TL             3.429853    0.103336    2.839095    4.083723    3.402979   2817.99   2850.35    1.000
      TL             5.516505    0.105267    4.897992    6.159349    5.503988   5394.13   5928.97    1.000
      TL             3.602406    0.088814    3.041198    4.196158    3.581030   3371.45   3577.87    1.000
      TL            10.270123    0.150803    9.516801   11.028840   10.259920   4068.73   4157.72    1.000
      TL             9.452677    0.120215    8.774404   10.130140    9.445652   5433.99   5713.82    1.000
      TL             8.572780    0.125009    7.885864    9.268111    8.561152   2918.29   3296.77    1.000
      TL             5.507520    0.138735    4.803174    6.250756    5.484632   3518.76   3947.20    1.000
      TL             2.891348    0.137860    2.216317    3.626347    2.852574   8811.65   8840.74    1.000
      TL             4.110256    0.078754    3.559746    4.656800    4.094628   3375.64   4743.30    1.000
      TL             8.292677    0.089878    7.721705    8.894568    8.285470   6898.45   7201.63    1.000
      TL             5.287336    0.080380    4.740686    5.837997    5.276270   4328.44   5826.41    1.000
      TL             7.087429    0.119374    6.417146    7.770225    7.074010   6141.47   6143.48    1.000
      TL             5.453415    0.083003    4.909016    6.033314    5.441392   6632.83   7098.15    1.000
      TL             7.241169    0.086021    6.679488    7.825716    7.233503   5346.07   5656.58    1.000
      TL             7.127032    0.162922    6.355732    7.928589    7.104682   2224.20   2341.94    1.000
      TL             8.314105    0.115613    7.654165    8.983967    8.304638   5987.97   6080.39    1.000
      TL             7.422833    0.116134    6.763498    8.095576    7.410662   3821.57   3985.71    1.000
      TL             6.703087    0.130595    6.021663    7.431972    6.685593   3702.43   4458.81    1.000
      TL             7.046768    0.101129    6.446554    7.683420    7.035484   3268.00   3390.43    1.001
      TL             7.819490    0.128363    7.139754    8.533955    7.805806   2138.63   2541.61    1.000
      TL             8.077382    0.132855    7.357214    8.775447    8.061692   2066.75   2175.37    1.000
      TL             6.367544    0.072922    5.842839    6.899486    6.362070   5269.63   5358.84    1.000
      TL             3.747856    0.056179    3.298927    4.228653    3.739904  10225.21  10435.13    1.000
      TL             6.945023    0.064519    6.463640    7.454054    6.940713   7267.28   7840.15    1.000
      TL             4.197408    0.071479    3.689343    4.729047    4.184785   4264.03   5009.01    1.000
      TL             4.380291    0.048306    3.953425    4.812104    4.373028   7236.97   7448.13    1.000
      TL             3.282199    0.051480    2.847649    3.731435    3.271221   1655.32   2907.49    1.000
      TL             4.761939    0.080366    4.204270    5.306165    4.749542   7333.75   7919.86    1.000
      TL             5.116313    0.068523    4.618003    5.647023    5.108826   6459.27   6499.12    1.001
      TL             8.902784    0.112623    8.246299    9.549393    8.894514   4013.78   4437.56    1.000
      TL             6.064900    0.106155    5.426131    6.687680    6.050435   2786.48   3119.32    1.000
      TL             8.421577    0.117912    7.767538    9.105286    8.410029   2082.70   2464.02    1.000
      TL             9.802436    0.178161    8.974888   10.631070    9.787308   1426.41   1613.94    1.000
      TL             8.041251    0.111185    7.382467    8.690068    8.032891   4658.80   4765.53    1.000
      TL             5.632641    0.076758    5.089424    6.173004    5.623979   7330.47   7476.00    1.000
      TL             6.601234    0.069693    6.087107    7.124842    6.597145   7047.06   7073.02    1.000
      TL             5.306699    0.117481    4.656568    5.987978    5.289276   3745.14   4129.04    1.000
      TL             6.824274    0.082968    6.253552    7.378083    6.816590   6970.02   7112.53    1.000
      TL             7.423307    0.103039    6.809945    8.062635    7.414233   3718.54   3824.54    1.000
      TL             4.692131    0.080632    4.151920    5.256613    4.680334   4677.39   4851.34    1.001
      TL             5.054746    0.121914    4.400623    5.757445    5.030454   3261.73   3337.10    1.000
      TL             4.258600    0.093604    3.679213    4.859029    4.240592   4787.22   4922.46    1.000
      TL             6.539454    0.091440    5.950173    7.128088    6.530270   2937.09   3695.96    1.000
      TL             6.862087    0.097711    6.268840    7.490965    6.853520   5321.83   5585.27    1.000
      TL             6.255182    0.079909    5.690228    6.801253    6.249019   6226.02   6799.11    1.000
      TL             9.858107    0.143105    9.131971   10.615770    9.847542   3114.48   3371.34    1.000
      TL             5.356276    0.086186    4.791012    5.938539    5.342936   7121.19   7135.76    1.000
      TL             5.263634    0.086684    4.684222    5.830910    5.253007   6868.32   7490.75    1.000
      TL             6.876980    0.102753    6.263375    7.518505    6.867275   3959.75   4161.11    1.000
      TL             3.111323    0.069600    2.626565    3.661614    3.094989   2886.74   3228.13    1.000
      TL             7.185664    0.081831    6.635493    7.752738    7.178537   6287.79   6731.30    1.000
      TL             5.360927    0.113014    4.722889    6.028415    5.338720   2249.46   2314.22    1.000
      TL             9.095545    0.110374    8.449746    9.744392    9.090070   5657.14   5855.66    1.000
      TL             9.534485    0.147912    8.766977   10.268580    9.522813   3153.22   3413.00    1.000
      TL             8.835787    0.116672    8.169593    9.507358    8.826698   5876.23   6280.13    1.000
      TL             4.884462    0.157255    4.138871    5.664562    4.850595   2121.29   2283.43    1.000
      TL             5.432719    0.121731    4.762402    6.111279    5.412602   3516.63   4250.51    1.000
      TL             6.473308    0.103573    5.866254    7.109706    6.461780   6811.45   7070.51    1.000
      TL             6.185023    0.084164    5.626971    6.757972    6.177658   7624.55   7827.26    1.000
      TL             7.203374    0.080899    6.662258    7.771980    7.198192   6353.58   6929.28    1.000
      TL             6.911128    0.104477    6.306458    7.563978    6.899248   5081.54   5885.69    1.000
      TL             8.920202    0.116455    8.261320    9.597787    8.914029   5172.18   5217.37    1.000
      TL             5.781261    0.111756    5.134855    6.439549    5.764639   2481.39   2784.39    1.000
      TL             5.151090    0.065126    4.660461    5.659336    5.145033   7493.12   7974.16    1.000
      TL             2.804636    0.191695    2.053898    3.669989    2.737066   4375.61   4405.86    1.000
      TL             8.215863    0.103786    7.588000    8.842209    8.210005   6457.43   6677.44    1.000
      TL             4.237996    0.075161    3.713391    4.780476    4.223705   4491.77   5113.84    1.000
      TL             8.098296    0.111639    7.454439    8.755461    8.089944   4555.96   5033.20    1.000
      TL             5.542745    0.128423    4.866519    6.263599    5.518769   3486.44   4046.59    1.000
      TL             7.934930    0.118837    7.280661    8.619890    7.922647   3613.06   3934.95    1.000
      TL             9.196187    0.115006    8.509643    9.843626    9.189185   4399.31   4554.03    1.000
      TL             7.059435    0.080853    6.500115    7.613038    7.054699   4140.68   5078.96    1.000
      TL             6.965247    0.101412    6.346934    7.594112    6.953476   5871.23   5900.79    1.000
      TL             5.532090    0.121446    4.868570    6.223474    5.511446   5152.99   5224.31    1.000
      TL             7.931397    0.112113    7.293240    8.602962    7.921912   4764.80   5438.69    1.000
      TL             6.190904    0.104876    5.573662    6.840763    6.175593   2557.21   2880.30    1.000
      TL             4.922762    0.078759    4.376173    5.475031    4.912013   7767.35   8075.80    1.000
      TL             5.466263    0.078485    4.910458    6.007532    5.457993   6025.40   6171.48    1.000
      TL             6.266761    0.104013    5.633889    6.886813    6.253004   6902.21   6903.14    1.000
      TL             8.678886    0.110683    8.035109    9.331783    8.670295   4686.13   4696.27    1.000
      TL             8.444859    0.112561    7.797468    9.106974    8.436005   6730.73   7058.23    1.000
      TL            10.255734    0.177173    9.444222   11.090270   10.241050   2709.07   3044.63    1.000
      TL             5.127603    0.167175    4.384700    5.968908    5.091398   2300.17   2649.65    1.000
      TL             8.848509    0.137219    8.142679    9.589150    8.837039   4292.93   4616.02    1.000
      TL             9.662799    0.132785    8.948904   10.361570    9.653684   3847.00   3867.40    1.000
      TL             4.225008    0.049625    3.804399    4.667841    4.217669   6689.48   6930.62    1.000
      TL             5.761880    0.083852    5.214834    6.349795    5.752232   4692.17   5481.41    1.000
      TL             7.891071    0.115201    7.223804    8.554199    7.881145   3187.64   3364.08    1.000
      TL             6.681240    0.111269    6.047424    7.354794    6.666099   3038.47   3455.03    1.000
