0.255814
0.4166667
0.3409091
0.4772727
0.3181818
0.45
0.2564103
0.2272727
0.2413793
0.3555556
0.3157895
0.3125
0.173913
0.1875
0.5581395
0.2173913
0.372093
0.1052632
0.1428571
0.25
0.326087
0.5416667
0.3870968
0.3461538
0.325
0.3333333
0.4117647
0.4285714
0.2962963
0.4102564
0.4390244
0.3513514
0.2702703
0.2941176
0.2173913
0.25
0.2222222
0.6363636
0.3157895
0.48
0.5744681
0.3103448
0.3191489
0.4255319
0.5135135
0.3703704
0.425
0.25
0.4545455
0.5333333
0.3913043
0.05555556
0.4210526
0.3
0.53125
0.1428571
0.3809524
0.4090909
0.4
0.1891892
0.2222222
0.375
0.2
0.3555556
0.372093
0.35
0.3529412
0.4545455
0.5769231
0.3461538
0.3
0.4814815
0.425
0.3913043
0.3461538
0.3333333
0.4615385
0.2666667
0.2926829
0.3684211
0.3684211
0.3863636
0.3846154
0.2857143
0.3684211
0.2105263
0.4666667
0.45
0.2307692
0.4166667
0.3953488
0.2571429
0.5434783
0.0625
0.4
0.3695652
0.2333333
0.3928571
0.4210526
0.3870968
