      TL          6.100138    0.083569    5.538848    6.666735    6.094322   9189.34   9339.02    1.000
      TL          6.438076    0.101559    5.820840    7.066535    6.430487   8288.40   8564.35    1.000
      TL          6.500018    0.086955    5.940501    7.081929    6.494361   7628.30   7755.72    1.000
      TL          6.147395    0.084036    5.568252    6.701276    6.140890   6561.32   7113.36    1.000
      TL          6.401801    0.090837    5.805709    6.991497    6.396107   8137.35   8440.55    1.000
      TL          4.146849    0.085033    3.583385    4.733981    4.136873   7216.77   7890.48    1.000
      TL          6.213450    0.088328    5.631215    6.787588    6.207287   8388.10   8491.53    1.000
      TL          4.072740    0.075587    3.549539    4.615513    4.064945   9977.64  10363.55    1.000
      TL          5.609485    0.088872    5.052544    6.222659    5.600726  10250.23  10441.09    1.000
      TL          6.894938    0.093859    6.299295    7.491100    6.889285   6773.40   7377.92    1.000
      TL          6.013569    0.083192    5.446214    6.574515    6.009239   5974.01   6344.16    1.000
      TL          3.160376    0.079429    2.618261    3.713495    3.149527  10853.64  11214.58    1.000
      TL          4.168751    0.076195    3.645659    4.721527    4.162215   9292.23   9636.18    1.000
      TL          2.934613    0.063631    2.440293    3.432573    2.925519  11849.35  12066.56    1.000
      TL          7.155680    0.104520    6.537591    7.799197    7.150250   5059.85   5841.93    1.000
      TL          6.260547    0.082401    5.716309    6.839171    6.257296   7516.60   7775.57    1.000
      TL          6.248215    0.084680    5.690471    6.828300    6.243029   8703.64   9056.93    1.000
      TL          3.959410    0.082520    3.398882    4.523735    3.951048  10560.84  10658.89    1.000
      TL          2.417847    0.175737    1.661298    3.257285    2.379085   9170.06   9247.44    1.000
      TL          3.302582    0.082245    2.747190    3.872625    3.292098  10836.22  11050.39    1.000
      TL          6.119179    0.081225    5.560243    6.676475    6.114818   8560.47   8599.73    1.000
      TL          4.904200    0.106060    4.284122    5.551527    4.892059   4019.81   5423.93    1.000
      TL          5.348650    0.085480    4.783276    5.925094    5.341723   7993.42   9050.95    1.000
      TL          4.186106    0.072009    3.672950    4.721142    4.181077  10323.46  10918.64    1.000
      TL          5.765386    0.081953    5.215760    6.341487    5.762075   4887.19   6642.22    1.000
      TL          5.413795    0.101873    4.808104    6.051914    5.404370   2906.19   3722.00    1.001
      TL          6.383711    0.100202    5.757743    6.999120    6.376313   9494.05   9609.24    1.000
      TL          5.262206    0.074024    4.730271    5.792103    5.256247   8060.04   8592.09    1.000
      TL          5.239885    0.084570    4.654766    5.796435    5.235508  10958.24  11047.89    1.000
      TL          5.031119    0.067221    4.523851    5.541635    5.026812   8396.25   8868.21    1.000
      TL          5.737374    0.076656    5.194038    6.275891    5.731801   8528.90   9041.42    1.000
      TL          6.473622    0.094048    5.880201    7.077127    6.467033   9692.20  10187.02    1.000
      TL          5.553238    0.079629    4.998583    6.105072    5.548007   9254.61   9516.17    1.000
      TL          3.196552    0.074947    2.671155    3.738845    3.186500   9513.43  10116.38    1.000
      TL          5.987847    0.079146    5.449364    6.552262    5.982164   8712.26   9104.88    1.000
      TL          3.402533    0.066336    2.918600    3.927633    3.394715  10635.97  10827.63    1.000
      TL          4.814917    0.083772    4.246119    5.380266    4.806861   7064.41   7179.54    1.000
      TL          3.073839    0.058896    2.597065    3.543772    3.066544   8012.55   8606.54    1.000
      TL          3.690933    0.091460    3.115131    4.293439    3.681569   9150.73   9672.76    1.000
      TL          4.306737    0.073775    3.777517    4.841726    4.298578   9376.60  10216.40    1.000
      TL          6.554796    0.088166    5.979828    7.147701    6.549600   7169.17   7237.21    1.000
      TL          4.647881    0.073549    4.124500    5.187154    4.641078   8960.36   8997.68    1.000
      TL          6.449908    0.088650    5.868684    7.029389    6.445578   7905.19   8432.69    1.000
      TL          6.349710    0.083579    5.789226    6.921411    6.343548   9283.34   9526.59    1.000
      TL          5.781138    0.085458    5.207895    6.353643    5.774531   7555.38   8081.67    1.000
      TL          4.683149    0.078318    4.142419    5.239424    4.674984  10039.45  10336.44    1.000
      TL          5.314833    0.075450    4.782651    5.861464    5.309635   8442.23   9141.84    1.000
      TL          3.913203    0.075055    3.378678    4.446000    3.906562   8588.78   9522.99    1.000
      TL          5.021803    0.072992    4.503681    5.554490    5.017365   8653.35   9474.35    1.000
      TL          5.806516    0.076633    5.264447    6.344818    5.802251   8436.75   8841.55    1.001
      TL          4.248651    0.088824    3.671010    4.834248    4.239745   8475.16   8889.97    1.000
      TL          4.006500    0.082264    3.472604    4.594422    3.998098  11320.43  11577.36    1.000
      TL          3.575381    0.082119    3.045058    4.169422    3.564148  11071.02  11392.84    1.000
      TL          4.912337    0.077046    4.370423    5.453883    4.905921   7660.83   7828.23    1.000
      TL          5.204604    0.082753    4.661864    5.786624    5.197414   6708.52   6771.20    1.000
      TL          5.463767    0.082720    4.915426    6.039784    5.455173   8789.97   8794.69    1.000
      TL          6.812562    0.098383    6.204008    7.430227    6.803853   7614.65   7944.37    1.000
      TL          4.245413    0.080740    3.692797    4.802995    4.236943  11198.43  11485.07    1.000
      TL          4.493350    0.094307    3.910461    5.101960    4.485635  10469.17  10571.31    1.000
      TL          5.233206    0.074655    4.714476    5.777888    5.229336   8641.51   8674.86    1.000
      TL          3.089798    0.071397    2.580210    3.623252    3.080544  10998.50  11437.62    1.000
      TL          5.723297    0.081454    5.168201    6.287774    5.715413   8299.44   8797.28    1.000
      TL          4.040430    0.066041    3.553115    4.554841    4.034531  10763.52  10871.80    1.000
      TL          7.259728    0.102203    6.646860    7.904779    7.251858   6884.28   7610.41    1.000
      TL          6.714100    0.093427    6.129780    7.321302    6.709941   8029.22   8771.93    1.000
      TL          6.795995    0.101518    6.193267    7.436962    6.788013   5941.50   6463.00    1.000
      TL          3.935007    0.100135    3.318295    4.554516    3.924434  10185.29  10768.67    1.000
      TL          4.036184    0.080521    3.481013    4.592418    4.029114   9854.27  10565.55    1.000
      TL          4.656575    0.083942    4.097867    5.225322    4.647455   8416.98   8913.94    1.000
      TL          5.099761    0.085480    4.547412    5.694054    5.092466   9084.99   9154.00    1.000
      TL          5.627752    0.078196    5.098292    6.184107    5.623188   8519.94   8622.81    1.000
      TL          5.223734    0.089619    4.654224    5.812061    5.215261   8386.54   8822.77    1.000
      TL          6.672720    0.095012    6.076311    7.278501    6.668354   7835.95   8494.10    1.000
      TL          4.705129    0.092382    4.118299    5.308774    4.696487   8809.99   9305.92    1.000
      TL          4.459789    0.078789    3.930092    5.029044    4.451501   8613.16   8822.50    1.000
      TL          2.738398    0.249418    1.845204    3.761291    2.687229   9144.05   9157.60    1.000
      TL          6.781325    0.103495    6.169976    7.429056    6.775158   6846.88   7056.62    1.000
      TL          3.740677    0.088748    3.145017    4.311903    3.731824  11824.89  12085.21    1.000
      TL          6.212968    0.087627    5.630134    6.781117    6.206010   7069.18   7755.14    1.000
      TL          4.068882    0.087434    3.502378    4.656895    4.059785  10373.83  10457.27    1.000
      TL          5.742858    0.081318    5.202616    6.313818    5.739535   8891.45   9625.70    1.000
      TL          7.431068    0.107022    6.807873    8.086405    7.423151   8467.16   8705.75    1.000
      TL          5.660993    0.079271    5.126703    6.232060    5.654834   8554.96   9046.80    1.000
      TL          5.451439    0.082702    4.898184    6.017760    5.445272   8450.04   8835.80    1.000
      TL          4.379811    0.106795    3.753088    5.021742    4.369114   8911.32   9091.61    1.000
      TL          6.431337    0.092352    5.829200    7.019675    6.423660   9148.85   9581.52    1.000
      TL          4.978981    0.078166    4.431820    5.527308    4.973942   9551.10   9871.57    1.000
      TL          3.796877    0.078032    3.248971    4.344512    3.787675   8689.80   9214.48    1.000
      TL          4.194486    0.070401    3.683915    4.718437    4.187174   9561.17   9864.83    1.000
      TL          4.718562    0.081669    4.159522    5.276491    4.709880  10213.35  10620.26    1.000
      TL          6.441554    0.089196    5.861812    7.027500    6.434670   8785.31   9441.29    1.000
      TL          6.062850    0.092373    5.471663    6.661700    6.057254   7146.32   7574.12    1.000
      TL          7.326893    0.108344    6.697564    7.984758    7.320661   3074.52   3386.72    1.000
      TL          3.919299    0.086862    3.337109    4.486459    3.910487  12181.69  12642.67    1.000
      TL          6.514946    0.092071    5.916809    7.110300    6.511983   9247.61   9341.94    1.000
      TL          6.899643    0.095801    6.304840    7.518029    6.894875   6520.53   6707.34    1.000
      TL          3.953421    0.061279    3.478085    4.449210    3.949380   8651.16   8702.94    1.000
      TL          5.091726    0.081465    4.535128    5.646707    5.084640   8182.10   8337.05    1.000
      TL          6.572815    0.099427    5.959819    7.188534    6.564887   7268.10   7500.26    1.000
      TL          5.211619    0.086757    4.643905    5.799472    5.204613   8497.48   8851.22    1.000
