0.09302326
0.1944444
0.2272727
0.2045455
0.2272727
0.4
0.07692308
0.2272727
0.1034483
0.3111111
0.2105263
0.1875
0.2608696
0.0625
0.3255814
0.02173913
0.2325581
0.05263158
0.1428571
0.0625
0.326087
0.25
0.2580645
0.2692308
0.1
0.2962963
0.05882353
0.2
0.3333333
0.2307692
0.1463415
0.2432432
0.3513514
0.2352941
0.1956522
0.3
0.1111111
0.3181818
0.2631579
0.28
0.4042553
0.2413793
0.2340426
0.1914894
0.3243243
0.2592593
0.25
0.125
0.3030303
0.1555556
0.3478261
0.1111111
0.1578947
0.2
0.21875
0.1428571
0.2619048
0.1818182
0.2
0.1621622
0.1666667
0.25
0.2
0.2888889
0.2325581
0.2
0.2352941
0.2727273
0.1153846
0.3076923
0.2
0.2222222
0.15
0.173913
0.07692308
0.1666667
0.1794872
0.1333333
0.1463415
0.2631579
0.07894737
0.2045455
0.2307692
0.2857143
0.2631579
0.2105263
0.3333333
0.4
0.1538462
0.2083333
0.09302326
0.2285714
0.2826087
0.125
0.3
0.1956522
0.2
0.25
0.3157895
0.1612903
