      clockrate                0.828735    0.004062    0.708266    0.956125    0.825738    232.33    254.55    1.001
      clockrate                0.908369    0.006660    0.752356    1.072537    0.903386    249.03    282.48    1.000
      clockrate                0.866706    0.003526    0.754824    0.985488    0.863958    176.74    268.52    1.000
      clockrate                0.978777    0.002809    0.876942    1.083992    0.977515    183.63    259.76    1.005
      clockrate                0.902186    0.003298    0.793111    1.017340    0.898807     87.20    100.65    1.035
      clockrate                0.915443    0.012456    0.709670    1.138092    0.904823    437.41    438.44    1.002
      clockrate                0.916095    0.002531    0.816672    1.012645    0.915236   2307.55   2354.28    1.000
      clockrate                1.040986    0.030480    0.750755    1.390034    1.012374     94.95    105.07    1.006
      clockrate                0.922349    0.006009    0.772544    1.075364    0.918617    492.75    675.14    1.007
      clockrate                0.868632    0.002211    0.777197    0.962118    0.867301   1566.51   1610.71    1.001
      clockrate                0.870621    0.004387    0.744511    0.997954    0.866222    104.59    115.31    1.001
      clockrate                0.897841    0.017453    0.645503    1.154014    0.886379    589.02    593.57    1.000
      clockrate                0.934541    0.009114    0.756452    1.129563    0.928371     51.41    102.93    1.000
      clockrate                1.034852    0.014587    0.807611    1.273509    1.025948    540.59    746.83    1.003
      clockrate                0.901807    0.004602    0.775496    1.038925    0.895682     44.77     69.03    1.019
      clockrate                0.825561    0.002461    0.731314    0.925589    0.822659     52.82    335.63    1.059
      clockrate                0.907146    0.002745    0.802935    1.008771    0.905454    372.03    736.59    1.001
      clockrate                0.961310    0.037542    0.652981    1.370557    0.925608    102.68    116.23    1.001
      clockrate                1.138793    0.079572    0.648317    1.691978    1.105123    208.37    226.40    1.000
      clockrate                1.052433    0.009745    0.869487    1.252885    1.043971    124.62    253.61    1.009
      clockrate                0.896967    0.004684    0.766145    1.034712    0.892081    108.55    196.68    1.004
      clockrate                0.796096    0.005288    0.658811    0.944077    0.792135    813.62    828.27    1.001
      clockrate                1.137009    0.044998    0.779766    1.563379    1.106238     55.87     95.21    1.000
      clockrate                0.871885    0.011994    0.672456    1.083338    0.857545     32.86     76.31    1.020
      clockrate                0.960173    0.004008    0.840357    1.087694    0.957605     79.35     94.50    1.002
      clockrate                0.997492    0.014597    0.792022    1.251612    0.980906    110.59    155.16    1.004
      clockrate                0.941487    0.005399    0.800999    1.087828    0.937194    387.68    753.68    1.000
      clockrate                0.902226    0.005527    0.764637    1.038457    0.895999     35.32     87.24    1.012
      clockrate                0.952560    0.009581    0.770479    1.142788    0.943649    124.97    162.89    1.000
      clockrate                0.894083    0.004382    0.767717    1.023017    0.890063    215.55    319.44    1.000
      clockrate                0.968112    0.012922    0.769099    1.198828    0.953600     59.54     75.87    1.000
      clockrate                0.846803    0.008796    0.674644    1.038896    0.841237     81.33     85.90    1.000
      clockrate                0.827074    0.002584    0.730848    0.929171    0.825404    300.60    330.48    1.005
      clockrate                0.913929    0.022874    0.650739    1.213860    0.893293    265.12    274.09    1.003
      clockrate                0.963907    0.003017    0.858072    1.073906    0.961081     28.30    496.98    1.049
      clockrate                0.905367    0.009588    0.728068    1.102048    0.896744    219.79    282.59    1.001
      clockrate                1.045406    0.014770    0.830982    1.296115    1.032547     94.18    156.96    1.001
      clockrate                0.956522    0.008181    0.790263    1.141532    0.950166    145.37    526.91    1.002
      clockrate                0.951536    0.010179    0.758908    1.152637    0.942808    379.68    546.97    1.001
      clockrate                0.888921    0.003805    0.772870    1.016659    0.885929    631.05    696.62    1.000
      clockrate                0.843066    0.003683    0.728865    0.967089    0.839509    253.55    258.47    1.000
      clockrate                0.948994    0.007192    0.786633    1.116946    0.944599    125.17    266.15    1.000
      clockrate                0.973588    0.005260    0.836629    1.118165    0.967999     34.94     56.25    1.020
      clockrate                1.011888    0.005308    0.877950    1.163019    1.007759     94.60    194.82    1.008
      clockrate                0.853121    0.003266    0.743645    0.967385    0.850857    819.53    888.99    1.002
      clockrate                0.980157    0.009408    0.805378    1.179899    0.971403     89.56    119.60    1.004
      clockrate                0.911881    0.006002    0.764273    1.066243    0.906789    119.77    135.43    1.000
      clockrate                0.835313    0.008336    0.661384    1.015409    0.828216    200.67    205.95    1.008
      clockrate                0.877079    0.004083    0.756410    1.005851    0.873008    110.17    127.08    1.000
      clockrate                0.976079    0.005788    0.837273    1.131269    0.970091    124.07    148.58    1.007
      clockrate                1.080843    0.014247    0.869444    1.326495    1.066705    133.78    168.52    1.002
      clockrate                1.065307    0.018728    0.811916    1.320767    1.054373     33.99     91.24    1.017
      clockrate                0.995411    0.020481    0.748766    1.291050    0.976625    227.16    295.06    1.004
      clockrate                0.981093    0.004571    0.853259    1.119143    0.977302    163.65    188.04    1.000
      clockrate                0.951078    0.006627    0.797783    1.111313    0.945001    127.11    133.08    1.004
      clockrate                0.999867    0.006305    0.848613    1.156829    0.995598    244.17    500.25    1.000
      clockrate                0.868925    0.002574    0.772889    0.971401    0.867000    139.50    190.79    1.002
      clockrate                0.931200    0.012785    0.730985    1.164339    0.915226     68.93     92.20    1.002
      clockrate                1.104824    0.022838    0.837938    1.422100    1.084384    104.47    110.46    1.005
      clockrate                0.884417    0.005459    0.743380    1.028863    0.878625    141.98    170.19    1.015
      clockrate                0.983535    0.028788    0.694235    1.329181    0.959741     40.28     81.35    1.026
      clockrate                0.878375    0.002279    0.785390    0.972290    0.877362   1507.61   1551.06    1.001
      clockrate                0.918709    0.006221    0.771774    1.076738    0.911563    116.49    188.36    1.002
      clockrate                0.878535    0.004512    0.756822    1.016089    0.871277     19.30     79.92    1.000
      clockrate                0.848694    0.003620    0.735882    0.970324    0.845577    274.92    313.54    1.003
      clockrate                0.944487    0.004144    0.821250    1.070311    0.941323    203.83    226.51    1.001
      clockrate                1.167781    0.034417    0.850898    1.531352    1.142155     55.77    125.93    1.022
      clockrate                0.953470    0.010151    0.763058    1.151969    0.945715    191.11    309.12    1.000
      clockrate                0.871339    0.009509    0.695897    1.061430    0.859385    116.98    151.45    1.002
      clockrate                0.931037    0.012132    0.728100    1.145147    0.919946    202.64    214.52    1.000
      clockrate                1.012420    0.008897    0.844199    1.204107    0.999689     24.41     46.59    1.023
      clockrate                0.915144    0.005895    0.768741    1.068039    0.912510    547.82    725.70    1.000
      clockrate                0.924415    0.006459    0.776221    1.084699    0.920646    203.70    218.89    1.002
      clockrate                0.958216    0.008893    0.783224    1.149274    0.950310    271.35    300.09    1.003
      clockrate                0.892345    0.004017    0.772423    1.018522    0.889809    215.15    426.54    1.001
      clockrate                1.233592    0.064811    0.775987    1.744431    1.201165    351.41    639.18    1.000
      clockrate                0.851359    0.003707    0.735856    0.970340    0.848597     95.21    145.54    1.016
      clockrate                0.768336    0.009338    0.592238    0.966757    0.757795    217.17    240.06    1.001
      clockrate                0.890483    0.002751    0.786141    0.992095    0.888898    385.16    666.12    1.007
      clockrate                0.850307    0.012844    0.652228    1.079372    0.836136    138.72    282.48    1.001
      clockrate                0.932766    0.004643    0.802483    1.067236    0.927724     50.76     65.25    1.001
      clockrate                0.932790    0.002773    0.830885    1.035948    0.930060     64.47     69.83    1.000
      clockrate                0.876189    0.003870    0.758417    1.001910    0.872473     73.77    104.58    1.000
      clockrate                1.080137    0.012272    0.873583    1.284936    1.070816     73.15    130.39    1.002
      clockrate                0.913350    0.006790    0.758437    1.074323    0.905557     94.36    137.88    1.004
      clockrate                0.889015    0.003612    0.771852    1.006768    0.886845    460.65    708.81    1.001
      clockrate                1.017128    0.025213    0.771671    1.353839    0.985605     43.19     54.69    1.035
      clockrate                1.100015    0.022321    0.832427    1.402494    1.077375    130.15    155.54    1.004
      clockrate                0.951329    0.008537    0.775624    1.131499    0.943994    141.31    170.59    1.001
      clockrate                0.944526    0.008281    0.775511    1.124333    0.936875    141.12    149.58    1.003
      clockrate                0.890954    0.007326    0.732464    1.059863    0.883529     65.32     66.33    1.016
      clockrate                0.787025    0.004030    0.667767    0.913143    0.781976     71.34     76.22    1.001
      clockrate                0.831909    0.005009    0.702940    0.976512    0.824012     60.43     71.33    1.022
      clockrate                1.055338    0.050952    0.691334    1.475656    1.020074     84.18    106.10    1.000
      clockrate                0.917967    0.007564    0.770097    1.101604    0.905431     29.53     35.69    1.075
      clockrate                0.834660    0.002366    0.739810    0.929623    0.833395    537.63    748.92    1.003
      clockrate                0.894919    0.006982    0.737539    1.061181    0.887122    160.26    197.21    1.014
      clockrate                1.149815    0.012259    0.950769    1.374833    1.137727    100.48    125.62    1.014
      clockrate                0.906772    0.003355    0.794976    1.023219    0.905923    258.31    259.13    1.005
      clockrate                1.099752    0.019010    0.865123    1.373471    1.080196     60.77    100.66    1.003
