      ilnvar                   0.044402    0.001566    0.001893    0.122982    0.032132     44.17     44.36    1.015
      ilnvar                   0.019576    0.000590    0.000008    0.067197    0.010521     20.80     23.04    1.018
      ilnvar                   0.010689    0.000159    0.000022    0.034814    0.006630     30.22     31.17    1.025
      ilnvar                   0.015787    0.000688    0.000043    0.068901    0.004600     15.80     19.48    1.002
      ilnvar                   0.076916    0.002378    0.002027    0.169056    0.068857     41.29     43.54    1.011
      ilnvar                   0.047911    0.003639    0.000076    0.157240    0.029667     80.19    116.87    1.024
      ilnvar                   0.001010    0.000004    0.000001    0.005491    0.000228     34.76     41.61    1.021
      ilnvar                   0.180627    0.028520    0.003010    0.484664    0.139539     60.54     83.38    1.014
      ilnvar                   0.030410    0.000843    0.000374    0.088573    0.021215     83.18    100.08    1.017
      ilnvar                   0.017114    0.000361    0.000027    0.053428    0.011510     20.62     38.52    1.126
      ilnvar                   0.072130    0.001983    0.001431    0.155365    0.064365     84.00    149.81    1.012
      ilnvar                   0.029903    0.002650    0.000001    0.129798    0.009660     46.42    103.98    1.037
      ilnvar                   0.005953    0.000170    0.000001    0.025937    0.001616     39.38     90.72    1.048
      ilnvar                   0.043282    0.003839    0.000011    0.159728    0.022089     91.91    105.22    1.001
      ilnvar                   0.038066    0.001279    0.000409    0.106628    0.028101     35.16     40.19    1.007
      ilnvar                   0.013426    0.000330    0.000011    0.049583    0.006558     29.07     33.66    1.081
      ilnvar                   0.014212    0.000285    0.000019    0.048639    0.007800     22.03     27.38    1.020
      ilnvar                   0.077511    0.008512    0.000043    0.253549    0.046262     82.21     83.80    1.010
      ilnvar                   0.092386    0.031682    0.000012    0.347872    0.038868    517.72    616.85    1.000
      ilnvar                   0.015133    0.000780    0.000001    0.068048    0.003117     40.56     42.05    1.005
      ilnvar                   0.012679    0.000315    0.000001    0.051765    0.005518     12.60     14.66    1.015
      ilnvar                   0.044096    0.003042    0.000101    0.148850    0.026468     80.79     98.49    1.001
      ilnvar                   0.481421    0.086390    0.068404    1.048157    0.411736    100.61    101.16    1.011
      ilnvar                   0.044578    0.002649    0.000266    0.141896    0.027942     67.27     71.85    1.001
      ilnvar                   0.005049    0.000138    0.000001    0.027338    0.000376     17.42     24.09    1.058
      ilnvar                   0.072932    0.005790    0.000244    0.220762    0.050332     28.57     72.91    1.000
      ilnvar                   0.012212    0.000282    0.000088    0.044195    0.005925     30.76     42.91    1.001
      ilnvar                   0.016806    0.000719    0.000001    0.071112    0.004708     17.85     25.08    1.080
      ilnvar                   0.054445    0.003660    0.000016    0.174071    0.034865     33.23     56.91    1.000
      ilnvar                   0.056668    0.003067    0.000236    0.162208    0.040762     30.61     36.04    1.008
      ilnvar                   0.040589    0.002344    0.000033    0.134843    0.023100     19.18     20.78    1.000
      ilnvar                   0.054592    0.001768    0.002232    0.139511    0.044022     49.44     51.10    1.001
      ilnvar                   0.003536    0.000094    0.000003    0.016910    0.000480     22.86     24.02    1.144
      ilnvar                   0.165381    0.026814    0.000883    0.459815    0.120845    165.34    166.94    1.000
      ilnvar                   0.005313    0.000094    0.000001    0.024692    0.001146     12.84     20.53    1.062
      ilnvar                   0.071398    0.008843    0.000070    0.245918    0.039603     61.94     76.43    1.011
      ilnvar                   0.027727    0.001057    0.000025    0.094840    0.016619     57.08     71.97    1.025
      ilnvar                   0.030506    0.001851    0.000098    0.106901    0.015922    110.07    114.58    1.031
      ilnvar                   0.042576    0.003977    0.000001    0.148563    0.022509     37.29     98.51    1.020
      ilnvar                   0.019472    0.000843    0.000060    0.073722    0.008489     72.79     87.68    1.016
      ilnvar                   0.015472    0.000645    0.000009    0.074725    0.004548     16.54     25.05    1.006
      ilnvar                   0.034549    0.002232    0.000196    0.127391    0.017203     50.17     70.49    1.030
      ilnvar                   0.021915    0.000868    0.000059    0.079337    0.010782     26.04     31.23    1.000
      ilnvar                   0.041595    0.001569    0.000498    0.118217    0.031685     34.64     38.36    1.022
      ilnvar                   0.006918    0.000121    0.000019    0.026544    0.003156     39.00     41.56    1.027
      ilnvar                   0.029843    0.001372    0.000295    0.096069    0.018310     66.37    110.81    1.003
      ilnvar                   0.032766    0.001173    0.000115    0.097203    0.024184     24.11     35.22    1.101
      ilnvar                   0.029421    0.001985    0.000009    0.108572    0.013675     36.65     68.77    1.010
      ilnvar                   0.008788    0.000202    0.000008    0.037121    0.003031     29.94     34.60    1.047
      ilnvar                   0.060872    0.003208    0.000097    0.168636    0.049947     18.58     59.38    1.261
      ilnvar                   0.069212    0.008041    0.000007    0.235168    0.040122     21.73     71.15    1.003
      ilnvar                   0.032238    0.001915    0.000010    0.109730    0.017630     45.42     76.56    1.005
      ilnvar                   0.056187    0.004899    0.000245    0.187719    0.033717    126.31    149.87    1.001
      ilnvar                   0.013979    0.000538    0.000005    0.060785    0.004020     23.49     53.08    1.130
      ilnvar                   0.011850    0.000510    0.000015    0.055444    0.003234     25.91     32.54    1.000
      ilnvar                   0.027536    0.000910    0.000138    0.088358    0.018223     29.49     29.73    1.004
      ilnvar                   0.016756    0.000703    0.000013    0.074534    0.003542     15.22     16.03    1.099
      ilnvar                   0.052867    0.004262    0.000282    0.168987    0.032804     76.19    100.05    1.000
      ilnvar                   0.074757    0.005963    0.000110    0.224320    0.052362     74.73     81.92    1.006
      ilnvar                   0.032915    0.001466    0.000014    0.110404    0.019920     16.99     20.21    1.015
      ilnvar                   0.189479    0.069622    0.000034    0.670372    0.105213     76.57    110.31    1.000
      ilnvar                   0.006043    0.000111    0.000002    0.025534    0.001849     35.92     39.29    1.110
      ilnvar                   0.017862    0.000833    0.000005    0.076464    0.004719     24.98     25.89    1.000
      ilnvar                   0.053232    0.002412    0.000028    0.146814    0.043803     15.09     29.63    1.111
      ilnvar                   0.014541    0.000377    0.000001    0.055765    0.005411     14.22     16.68    1.057
      ilnvar                   0.022941    0.000763    0.000006    0.078992    0.012877     22.48     37.20    1.105
      ilnvar                   0.214511    0.042958    0.000917    0.590895    0.159478    141.77    160.93    1.008
      ilnvar                   0.028657    0.001257    0.000036    0.093995    0.016996     37.06    115.21    1.030
      ilnvar                   0.025453    0.001432    0.000002    0.103104    0.010892     38.14     43.35    1.045
      ilnvar                   0.040177    0.002174    0.000289    0.134420    0.023395     82.48     87.83    1.000
      ilnvar                   0.000671    0.000003    0.000001    0.003440    0.000076     22.05     28.94    1.069
      ilnvar                   0.019483    0.000710    0.000006    0.071374    0.009160     21.51     48.46    1.083
      ilnvar                   0.025898    0.000860    0.000148    0.086267    0.015732     40.77     43.68    1.025
      ilnvar                   0.008000    0.000384    0.000003    0.037291    0.001224     20.74     53.70    1.000
      ilnvar                   0.020640    0.000655    0.000088    0.070686    0.011669     47.82     66.84    1.000
      ilnvar                   0.137305    0.043884    0.000007    0.489799    0.072673    459.33    528.61    1.001
      ilnvar                   0.032311    0.001332    0.000025    0.104802    0.021013     24.81     28.18    1.050
      ilnvar                   0.060927    0.006100    0.000027    0.205156    0.036340     89.46    111.89    1.002
      ilnvar                   0.010477    0.000152    0.000226    0.034678    0.006225     28.60     38.46    1.027
      ilnvar                   0.099857    0.010130    0.000382    0.292436    0.069802     53.79     87.63    1.004
      ilnvar                   0.039420    0.001760    0.000429    0.119353    0.025671     38.35     52.70    1.002
      ilnvar                   0.007055    0.000172    0.000006    0.035762    0.000931     16.38     21.34    1.063
      ilnvar                   0.008364    0.000130    0.000002    0.031438    0.004208     26.38     30.60    1.067
      ilnvar                   0.034159    0.001339    0.000131    0.104335    0.022220     43.32     54.45    1.000
      ilnvar                   0.105681    0.013122    0.000358    0.323241    0.072066     64.39    117.89    1.026
      ilnvar                   0.019816    0.000661    0.000119    0.068705    0.010105     21.94     25.01    1.015
      ilnvar                   0.067064    0.005237    0.000134    0.204130    0.048666     26.07     41.48    1.048
      ilnvar                   0.061758    0.004572    0.000137    0.188802    0.042588    111.55    149.71    1.019
      ilnvar                   0.063789    0.005003    0.000162    0.201623    0.041574     66.87     98.51    1.003
      ilnvar                   0.038614    0.003013    0.000001    0.149121    0.016378     15.76     19.72    1.022
      ilnvar                   0.014514    0.000577    0.000035    0.065019    0.004195     20.02     22.66    1.005
      ilnvar                   0.040732    0.001903    0.000040    0.127034    0.026787     19.05     28.60    1.014
      ilnvar                   0.011119    0.000320    0.000009    0.046352    0.004717     16.52     25.50    1.037
      ilnvar                   0.115260    0.034802    0.000044    0.453263    0.051005     86.00    112.39    1.004
      ilnvar                   0.080744    0.009694    0.000354    0.301353    0.045658     25.08     26.63    1.007
      ilnvar                   0.007802    0.000167    0.000052    0.032305    0.002441     23.71     25.93    1.000
      ilnvar                   0.016931    0.000677    0.000046    0.070952    0.006760     52.30     73.86    1.016
      ilnvar                   0.030892    0.001443    0.000153    0.109475    0.015879     49.49     51.81    1.000
      ilnvar                   0.014398    0.000645    0.000001    0.068286    0.002141     14.19     19.05    1.051
      ilnvar                   0.075108    0.004642    0.000176    0.206093    0.058815     26.99     50.32    1.040
