RFdist
0.1627907
0.1692308
0.1363636
0.1818182
0.1590909
0.3
0.05128205
0.09090909
0.1724138
0.2222222
0.2631579
0.125
0.2173913
0
0.1627907
0.1956522
0.1860465
0.1052632
0
0.125
0.2608696
0.2916667
0.1612903
0.1153846
0.125
0.2592593
0.2941176
0.1142857
0.1111111
0.2051282
0.1463415
0.2162162
0.02702703
0
0.1086957
0
0.03703704
0.1363636
0.1052632
0.2
0.2765957
0
0.1702128
0.2978723
0.1351351
0.1851852
0.175
0.25
0.1818182
0.06666667
0.1304348
0.1111111
0.1578947
0.1666667
0.1875
0.1714286
0.2142857
0.09090909
0.2
0.2162162
0
0.15
0.16
0.1111111
0.2790698
0.25
0.1764706
0.2727273
0.1153846
0.1153846
0.1
0.2222222
0.175
0.1304348
0
0
0.1282051
0.1333333
0.1219512
0.05263158
0.1052632
0.1363636
0.2307692
0.2285714
0.05263158
0.02631579
0.1333333
0.2
0.1923077
0.1666667
0.1395349
0.1428571
0.2608696
0.125
0.15
0.173913
0.06666667
0.1071429
0.2105263
0.1935484
