      age[0]                   0.926636    0.001842    0.846708    1.007845    0.923127    1.009    2
      age[0]                   1.028022    0.000925    0.974281    1.089873    1.025041    1.000    2
      age[0]                   0.995096    0.000855    0.941452    1.051134    0.992588    1.000    2
      age[0]                   0.986782    0.000667    0.937944    1.038682    0.985516    1.003    2
      age[0]                   0.988827    0.000637    0.940456    1.038009    0.987020    1.021    2
      age[0]                  1.003409    0.001966    0.921567    1.088839    0.999135    1.000    2
      age[0]                  0.999373    0.000312    0.966922    1.035019    0.997911    1.000    2
      age[0]                  0.826455    0.006343    0.723587    0.993092    0.798673    1.001    2
      age[0]                  0.978190    0.000595    0.933290    1.027810    0.976270    1.004    2
      age[0]                   0.963898    0.000568    0.919021    1.010707    0.962501    1.001    2
      age[0]                  0.927403    0.000848    0.881385    0.990219    0.921982    1.007    2
      age[0]                  0.897179    0.004172    0.831197    1.028219    0.878006    1.001    2
      age[0]                  0.978086    0.003132    0.868703    1.084068    0.974446    1.000    2
      age[0]                  0.876983    0.000646    0.832217    0.927039    0.873935    1.002    2
      age[0]                   0.981941    0.001136    0.919291    1.050375    0.979321    1.061    2
      age[0]                   1.024797    0.001027    0.964283    1.089093    1.022060    1.014    2
      age[0]                   0.989962    0.000294    0.961079    1.020773    0.987550    1.001    2
      age[0]                  0.970423    0.003117    0.863889    1.075340    0.966461    1.001    2
      age[0]                  0.871038    0.011328    0.667646    1.079383    0.863759    1.000    2
      age[0]                  1.004392    0.001215    0.951795    1.069139    0.998335    1.006    2
      age[0]                   0.957940    0.000603    0.915002    1.008792    0.955069    1.000    2
      age[0]                  1.000334    0.000397    0.979084    1.039490    0.994874    1.001    2
      age[0]                  0.885213    0.003393    0.776910    0.995677    0.879991    1.000    2
      age[0]                  0.966037    0.001646    0.889654    1.051394    0.964210    1.010    2
      age[0]                   0.931189    0.000547    0.898853    0.976947    0.926438    1.003    2
      age[0]                  0.925803    0.002730    0.824751    1.031239    0.921680    1.001    2
      age[0]                  0.937673    0.001185    0.874878    1.008005    0.934884    1.000    2
      age[0]                  0.965496    0.001404    0.894968    1.042046    0.963394    1.006    2
      age[0]                  0.883686    0.001605    0.810013    0.966220    0.880715    1.004    2
      age[0]                   0.987054    0.002388    0.890965    1.082803    0.984332    1.001    2
      age[0]                   1.027295    0.002934    0.930942    1.142353    1.021762    1.010    2
      age[0]                   0.971804    0.002356    0.914779    1.062469    0.958920    1.000    2
      age[0]                  1.031523    0.000804    0.978422    1.086346    1.028993    1.002    2
      age[0]                  0.993990    0.000580    0.970761    1.041335    0.986628    1.000    2
      age[0]                   1.030865    0.001020    0.972027    1.096889    1.028215    1.002    2
      age[0]                  0.996757    0.000879    0.943154    1.055298    0.993239    1.000    2
      age[0]                  0.902682    0.001707    0.825383    0.985736    0.899838    1.000    2
      age[0]                  0.916844    0.000534    0.883308    0.963812    0.911733    1.006    2
      age[0]                  1.006575    0.000559    0.971440    1.054008    1.001707    1.001    2
      age[0]                  1.030876    0.000755    0.978697    1.085432    1.029077    1.000    2
      age[0]                   0.958673    0.001437    0.889752    1.036794    0.956074    1.014    2
      age[0]                  0.960798    0.001075    0.898387    1.026378    0.958738    1.002    2
      age[0]                   0.890602    0.002285    0.797130    0.986787    0.887016    1.001    2
      age[0]                   0.951466    0.000684    0.903265    1.004058    0.949140    1.002    2
      age[0]                  1.016095    0.000608    0.972860    1.066857    1.012809    1.002    2
      age[0]                  1.015410    0.001062    0.956286    1.080322    1.012762    1.000    2
      age[0]                   0.961322    0.000646    0.914950    1.012251    0.959614    1.001    2
      age[0]                  0.987726    0.001233    0.924080    1.057208    0.984082    1.002    2
      age[0]                  1.036069    0.000631    0.989637    1.086691    1.034015    1.000    2
      age[0]                   0.989671    0.000568    0.943608    1.031649    0.987736    1.003    2
      age[0]                  0.968524    0.000516    0.927469    1.014195    0.966348    1.001    2
      age[0]                  0.919103    0.001691    0.847342    1.004290    0.914550    1.011    2
      age[0]                  0.962478    0.003146    0.854991    1.076210    0.959287    1.003    2
      age[0]                  0.938924    0.002189    0.854185    1.037031    0.934729    1.001    2
      age[0]                  0.985924    0.000648    0.937917    1.035557    0.984130    1.000    2
      age[0]                  0.999335    0.000853    0.966027    1.057225    0.992294    1.000    2
      age[0]                   0.993764    0.000672    0.950309    1.047167    0.990351    1.000    2
      age[0]                  0.988332    0.003176    0.877213    1.094806    0.987498    1.002    2
      age[0]                  0.987446    0.002480    0.894377    1.086870    0.983254    1.002    2
      age[0]                   1.026398    0.001128    0.964729    1.094475    1.025639    1.013    2
      age[0]                  1.004307    0.001146    0.956545    1.067381    0.998641    1.007    2
      age[0]                   0.941418    0.000562    0.897100    0.988525    0.938625    1.002    2
      age[0]                  1.010453    0.000787    0.959051    1.067612    1.008382    1.001    2
      age[0]                   0.951080    0.000680    0.904998    1.004893    0.947443    1.001    2
      age[0]                   0.990037    0.001128    0.926406    1.055438    0.987421    1.000    2
      age[0]                   1.003655    0.001342    0.933947    1.078243    1.001100    1.001    2
      age[0]                  0.872839    0.004216    0.754868    1.006789    0.867839    1.044    2
      age[0]                  1.046433    0.002293    0.962697    1.139021    1.040143    1.000    2
      age[0]                  1.017976    0.003219    0.910618    1.130868    1.014177    1.000    2
      age[0]                  0.984727    0.001005    0.925620    1.048047    0.981809    1.000    2
      age[0]                  0.959050    0.000787    0.905198    1.015483    0.957226    1.000    2
      age[0]                  1.025295    0.001084    0.963892    1.091136    1.022472    1.000    2
      age[0]                   0.992595    0.001285    0.928016    1.062104    0.989077    1.000    2
      age[0]                  1.000607    0.003081    0.896260    1.111118    0.996223    1.000    2
      age[0]                  0.997804    0.000745    0.946465    1.055245    0.996061    1.009    2
      age[0]                  0.869015    0.004858    0.792186    1.004754    0.850934    1.000    2
      age[0]                   1.034928    0.001755    0.959074    1.119945    1.031474    1.016    2
      age[0]                  1.025941    0.002189    0.936183    1.118061    1.022868    1.005    2
      age[0]                   0.993401    0.000536    0.949537    1.038000    0.991958    1.001    2
      age[0]                  1.052647    0.003183    0.947844    1.167274    1.049316    1.003    2
      age[0]                  0.898238    0.001463    0.822904    0.974963    0.897369    1.000    2
      age[0]                   0.972837    0.001543    0.894886    1.051802    0.970714    1.001    2
      age[0]                   1.005556    0.001802    0.929258    1.085173    0.999921    1.000    2
      age[0]                  0.817700    0.002188    0.730281    0.913001    0.815120    1.000    2
      age[0]                  0.961363    0.001353    0.890877    1.034192    0.958894    1.000    2
      age[0]                  0.986216    0.000855    0.931254    1.044491    0.983586    1.000    2
      age[0]                  0.777472    0.005460    0.632605    0.930674    0.778245    1.034    2
      age[0]                  0.936222    0.000661    0.905132    0.983812    0.930167    1.001    2
      age[0]                  0.966182    0.001206    0.897553    1.032994    0.964320    1.000    2
      age[0]                  0.900146    0.001240    0.832744    0.969900    0.898006    1.001    2
      age[0]                   0.991692    0.001670    0.934846    1.071997    0.983092    1.000    2
      age[0]                  1.010686    0.001663    0.940243    1.093896    1.006284    1.000    2
      age[0]                   1.008865    0.001542    0.934074    1.087259    1.006834    1.037    2
      age[0]                  0.946093    0.004312    0.848710    1.077466    0.931625    1.003    2
      age[0]                   0.970593    0.001109    0.906925    1.037954    0.969073    1.056    2
      age[0]                   1.000634    0.000513    0.960516    1.043936    0.997933    1.001    2
      age[0]                  1.036137    0.001011    0.975580    1.101495    1.033415    1.011    2
      age[0]                  0.992155    0.000205    0.966052    1.020229    0.990634    1.001    2
      age[0]                   0.913906    0.001374    0.842095    0.986021    0.911949    1.026    2
      age[0]                  0.908489    0.004453    0.793380    1.033721    0.903822    1.017    2
