0.1395349
0.1111111
0.1590909
0.1363636
0.1136364
0.1
0.05128205
0.09090909
0.137931
0.08888889
0.05263158
0.125
0.1304348
0
0.1162791
0.04347826
0.09302326
0
0.1428571
0
0.1521739
0.08333333
0.06451613
0.1923077
0.075
0.1111111
0.08823529
0.1714286
0.03703704
0.1282051
0.09756098
0.1351351
0.05405405
0
0.02173913
0.05
0.07407407
0.04545455
0.05263158
0.12
0.1914894
0.1034483
0.06382979
0.1702128
0.05405405
0.03703704
0.15
0.04166667
0.1818182
0.1111111
0
0.1666667
0.2105263
0.06666667
0
0
0.0952381
0.1363636
0.05
0.1351351
0
0.175
0
0.1111111
0.1162791
0.15
0.05882353
0.09090909
0
0
0.075
0.07407407
0.05
0.04347826
0.03846154
0
0.1025641
0.06666667
0.07317073
0.1578947
0.1052632
0.06818182
0.05128205
0.1428571
0.05263158
0
0.03333333
0.15
0.07692308
0.08333333
0.06976744
0.08571429
0.04347826
0.0625
0.075
0.1304348
0
0.1071429
0.1052632
0.03225806
