      TL{all}           6.667118    0.067560    6.152472    7.168988    6.661772  11524.26  11925.68    1.000
      TL{all}           5.948871    0.059778    5.465817    6.421278    5.945050  13478.32  14192.14    1.000
      TL{all}           6.652635    0.064254    6.155374    7.140622    6.648749  14234.71  14678.30    1.000
      TL{all}           6.370966    0.062508    5.881797    6.857130    6.367797  12317.80  12748.10    1.000
      TL{all}           6.851550    0.065636    6.357279    7.359569    6.847277  13251.93  13622.74    1.000
      TL{all}           4.297622    0.053024    3.854098    4.746885    4.290940  16071.58  16423.49    1.000
      TL{all}           6.297972    0.065916    5.817404    6.821532    6.291944  12421.50  13101.86    1.000
      TL{all}           4.249289    0.058301    3.770065    4.721786    4.244520  13211.44  13379.22    1.000
      TL{all}           5.428910    0.069202    4.925079    5.954362    5.423059  12626.47  13271.48    1.000
      TL{all}           7.622007    0.077355    7.071073    8.159426    7.616490  13145.10  13356.81    1.000
      TL{all}           5.846407    0.057609    5.373875    6.311380    5.842767  14188.54  14369.59    1.000
      TL{all}           2.280349    0.034505    1.912850    2.642491    2.275027  11727.12  12310.65    1.000
      TL{all}           4.578430    0.065445    4.084107    5.078275    4.572344  11303.85  12061.49    1.000
      TL{all}           3.320674    0.052789    2.878273    3.775090    3.313059  11201.33  11742.53    1.000
      TL{all}           7.731141    0.083561    7.166020    8.294732    7.726022  10053.93  10245.63    1.000
      TL{all}           6.912326    0.065090    6.419441    7.419192    6.908563  14601.27  14928.46    1.000
      TL{all}           6.571482    0.063100    6.074425    7.056679    6.568410  13979.45  14672.84    1.000
      TL{all}           3.959701    0.052008    3.512637    4.403064    3.953753  15541.22  15743.49    1.000
      TL{all}           2.589047    0.137940    1.904734    3.323464    2.550286   3689.62   6247.93    1.001
      TL{all}           3.059194    0.041288    2.662307    3.453730    3.054810  15769.92  15964.80    1.000
      TL{all}           6.879142    0.063558    6.371718    7.358615    6.874370  15812.16  15842.98    1.000
      TL{all}           4.189073    0.050527    3.758418    4.637056    4.186434  13063.25  13357.90    1.000
      TL{all}           5.582703    0.063817    5.081217    6.069739    5.578290  14569.38  14714.24    1.000
      TL{all}           4.264607    0.048670    3.839050    4.704345    4.260903  14598.65  14721.69    1.000
      TL{all}           6.011276    0.061208    5.524850    6.491632    6.007712  12021.68  12110.06    1.000
      TL{all}           5.913037    0.086260    5.340905    6.488030    5.904211   8568.73   8852.35    1.000
      TL{all}           6.581102    0.077173    6.033307    7.115160    6.576711  12641.65  13082.78    1.000
      TL{all}           5.443077    0.055672    4.989548    5.908327    5.435902  14038.74  14680.93    1.000
      TL{all}           5.250551    0.064174    4.760889    5.748188    5.243726  11793.83  12731.30    1.000
      TL{all}           5.211342    0.051918    4.762407    5.655570    5.206483  14579.49  14703.24    1.000
      TL{all}           5.892876    0.061516    5.401069    6.370793    5.888547  12186.52  13698.36    1.000
      TL{all}           6.475548    0.068776    5.968199    6.991155    6.471403  11655.77  12639.00    1.000
      TL{all}           5.042074    0.048021    4.626803    5.485645    5.037843  14619.66  14645.42    1.000
      TL{all}           2.910469    0.039502    2.533739    3.313301    2.904069  14868.16  14954.62    1.000
      TL{all}           6.200628    0.057583    5.735902    6.673454    6.197679  14031.18  14168.21    1.000
      TL{all}           3.152186    0.037639    2.770150    3.525910    3.148050  14254.71  14532.16    1.000
      TL{all}           3.738978    0.040189    3.349355    4.129002    3.736491  15098.82  15345.85    1.000
      TL{all}           2.823910    0.038836    2.442902    3.215820    2.816529  11370.84  11750.74    1.000
      TL{all}           3.918742    0.049601    3.502892    4.369554    3.912835  15796.95  15935.58    1.000
      TL{all}           3.988691    0.044827    3.581545    4.407334    3.984291  15319.91  16256.33    1.000
      TL{all}           6.481026    0.062544    5.987479    6.964300    6.476621  11665.48  12904.16    1.000
      TL{all}           4.605639    0.050007    4.167185    5.044099    4.601292  12736.71  14126.46    1.000
      TL{all}           6.448350    0.064529    5.969565    6.963211    6.444992  12353.90  12474.19    1.000
      TL{all}           6.911177    0.066503    6.411114    7.424019    6.907638  13728.00  14030.26    1.000
      TL{all}           5.923627    0.058988    5.459249    6.407973    5.918967  13776.44  13794.18    1.000
      TL{all}           4.292610    0.049943    3.854230    4.728960    4.289655  14486.59  14527.49    1.000
      TL{all}           5.449573    0.053447    4.987356    5.885827    5.445939  12996.99  13606.21    1.000
      TL{all}           3.545776    0.041668    3.165560    3.959620    3.540925  14640.19  14844.44    1.000
      TL{all}           5.708368    0.063524    5.213114    6.199479    5.702593  13221.71  14125.10    1.000
      TL{all}           5.597660    0.050406    5.180840    6.058621    5.592083  16072.62  16079.52    1.000
      TL{all}           3.909322    0.046622    3.487664    4.332444    3.903393  14851.16  15395.33    1.000
      TL{all}           3.540213    0.046846    3.112764    3.959449    3.535777  13875.58  14060.61    1.000
      TL{all}           3.076630    0.040335    2.689885    3.473107    3.071104  15572.41  15843.39    1.000
      TL{all}           5.060217    0.054734    4.599645    5.514613    5.056769  13214.24  13440.37    1.000
      TL{all}           5.460933    0.060622    4.980774    5.944772    5.455755  15066.93  15583.52    1.000
      TL{all}           5.120363    0.052152    4.678992    5.573050    5.116471  12052.66  13312.49    1.000
      TL{all}           7.106335    0.071260    6.586030    7.631101    7.102507  11503.75  11935.98    1.000
      TL{all}           3.846324    0.045303    3.445310    4.279984    3.842070  14820.82  15582.33    1.000
      TL{all}           4.012741    0.053049    3.556593    4.460841    4.006127  13594.80  14396.39    1.000
      TL{all}           5.167549    0.050857    4.735742    5.615407    5.162962  15481.44  15622.53    1.000
      TL{all}           2.540926    0.034954    2.181851    2.910196    2.535372  14095.78  14271.28    1.000
      TL{all}           5.677596    0.055680    5.206919    6.129380    5.673018  15254.56  15929.32    1.000
      TL{all}           4.214510    0.052878    3.762545    4.664673    4.210362  13421.77  14137.91    1.000
      TL{all}           7.342471    0.073295    6.824190    7.886753    7.337907   5491.09   5999.88    1.000
      TL{all}           6.517310    0.063148    6.025332    7.005088    6.514346  13843.98  14187.32    1.000
      TL{all}           7.100002    0.079172    6.556338    7.653750    7.094563  10874.08  10957.21    1.000
      TL{all}           3.301367    0.045568    2.877926    3.713222    3.294085  13561.85  13793.30    1.000
      TL{all}           4.320854    0.063066    3.839891    4.821304    4.314165  10695.32  11501.99    1.000
      TL{all}           5.164104    0.062308    4.681010    5.660405    5.159614  13648.13  13855.50    1.000
      TL{all}           5.387672    0.061833    4.894138    5.869938    5.382844  15325.50  15355.71    1.000
      TL{all}           5.696289    0.053757    5.245528    6.148451    5.692179  14075.48  14154.25    1.000
      TL{all}           5.902290    0.075211    5.366112    6.435385    5.896574  12298.37  12889.61    1.000
      TL{all}           6.598083    0.066669    6.091929    7.105329    6.593951  12363.39  13559.32    1.000
      TL{all}           4.607663    0.059979    4.120619    5.079215    4.602367  13178.73  13746.58    1.000
      TL{all}           4.023438    0.045753    3.605876    4.446808    4.018258  14447.31  14816.38    1.000
      TL{all}           2.610848    0.111594    2.016086    3.274013    2.577483   9372.13  10040.38    1.000
      TL{all}           6.316453    0.066481    5.815545    6.830596    6.311465  13015.71  13781.35    1.000
      TL{all}           3.160298    0.043123    2.767812    3.581349    3.153908  14241.17  14414.10    1.000
      TL{all}           6.316064    0.066032    5.826432    6.831633    6.310168  12419.51  13127.18    1.000
      TL{all}           4.005316    0.050362    3.568778    4.442906    3.999187  15014.51  15818.69    1.000
      TL{all}           6.179146    0.069928    5.668256    6.700070    6.173764   8390.26   8611.50    1.000
      TL{all}           7.415947    0.073666    6.878540    7.941902    7.412712  14688.42  14871.25    1.000
      TL{all}           6.003008    0.061492    5.530259    6.500659    5.997927  12642.02  12900.75    1.000
      TL{all}           5.455928    0.057578    4.988131    5.927282    5.451313  12625.45  12705.77    1.000
      TL{all}           4.417132    0.059514    3.948500    4.902391    4.410713   7807.44   8454.75    1.000
      TL{all}           6.260632    0.064531    5.754603    6.744314    6.255790  12529.84  12793.32    1.000
      TL{all}           4.821507    0.057802    4.362131    5.297475    4.815642   8987.12  10514.07    1.000
      TL{all}           3.945671    0.049838    3.497892    4.371459    3.941208  14894.09  15108.09    1.000
      TL{all}           4.014270    0.046790    3.594653    4.443860    4.009782  13924.44  14007.82    1.000
      TL{all}           4.765152    0.057056    4.301464    5.233057    4.760341  15197.30  15483.67    1.000
      TL{all}           6.653719    0.066363    6.145359    7.155596    6.648257  12917.93  13185.16    1.000
      TL{all}           6.290275    0.064201    5.813464    6.802507    6.287066  15538.32  16054.53    1.000
      TL{all}           7.800577    0.081035    7.249633    8.362693    7.793745  11369.31  12448.29    1.000
      TL{all}           3.349689    0.048095    2.945159    3.802635    3.343838  14917.00  15492.66    1.000
      TL{all}           6.837401    0.070635    6.315514    7.351801    6.832517  13343.25  13559.33    1.000
      TL{all}           7.945860    0.081309    7.384909    8.505399    7.938301  13009.23  13420.38    1.000
      TL{all}           3.535467    0.038189    3.160295    3.926329    3.531177  15017.57  15714.30    1.000
      TL{all}           4.419945    0.047890    3.996775    4.854295    4.416796  13434.89  14460.95    1.000
      TL{all}           6.351962    0.067242    5.857781    6.869283    6.348508  10601.04  11122.87    1.000
      TL{all}           5.617270    0.070897    5.096794    6.141613    5.612416  11287.59  11298.88    1.000
