      age[0]                   0.889554    0.001366    0.826805    0.962405    0.883574    1.000    2
      age[0]                   0.987271    0.001049    0.954718    1.038064    0.979907    1.004    2
      age[0]                   0.993375    0.001087    0.934071    1.059978    0.989951    1.012    2
      age[0]                   0.971051    0.000950    0.918105    1.032661    0.967697    1.000    2
      age[0]                   0.985709    0.001092    0.925454    1.053980    0.982040    1.000    2
      age[0]                  0.965911    0.003192    0.873379    1.065322    0.958637    1.049    2
      age[0]                   1.035109    0.001205    0.972927    1.102590    1.031295    1.001    2
      age[0]                  0.787635    0.004464    0.723507    0.919249    0.764914    1.010    2
      age[0]                  0.974227    0.000700    0.926871    1.027281    0.971528    1.001    2
      age[0]                   1.001441    0.002313    0.916577    1.099165    0.995017    1.000    2
      age[0]                   1.032072    0.004542    0.909839    1.166070    1.022733    1.000    2
      age[0]                  0.884814    0.004515    0.831186    1.017751    0.862030    1.000    2
      age[0]                  0.897534    0.001563    0.857037    0.976876    0.885665    1.004    2
      age[0]                  0.848749    0.002049    0.792763    0.932470    0.838418    1.000    2
      age[0]                   0.989675    0.001374    0.923144    1.063346    0.986043    1.010    2
      age[0]                   1.031862    0.001628    0.959656    1.109943    1.027934    1.002    2
      age[0]                   0.987582    0.000658    0.961071    1.037387    0.980577    1.001    2
      age[0]                  0.935610    0.002759    0.848388    1.037011    0.927630    1.001    2
      age[0]                  0.763646    0.008485    0.612282    0.946449    0.747972    1.000    2
      age[0]                  1.035548    0.005008    0.951799    1.171814    1.018022    1.013    2
      age[0]                   0.973521    0.001478    0.907280    1.052111    0.968097    1.000    2
      age[0]                  1.020575    0.001305    0.979082    1.090576    1.011240    1.000    2
      age[0]                  0.867664    0.003666    0.764162    0.987122    0.859132    1.000    2
      age[0]                  0.942795    0.001779    0.864668    1.020879    0.937835    1.013    2
      age[0]                   0.960744    0.001980    0.898863    1.042207    0.951945    1.000    2
      age[0]                  0.962015    0.008500    0.787593    1.139176    0.955219    1.121    2
      age[0]                   0.933918    0.003832    0.816955    1.055633    0.930025    1.073    2
      age[0]                   0.923877    0.002277    0.845098    1.019824    0.916013    1.001    2
      age[0]                  0.865296    0.003446    0.755339    0.989337    0.859726    1.001    2
      age[0]                   1.005726    0.004728    0.883672    1.144566    0.998395    1.000    2
      age[0]                   0.953338    0.001273    0.888215    1.025800    0.949380    1.000    2
      age[0]                   0.947113    0.000891    0.914770    1.005529    0.938689    1.000    2
      age[0]                   1.018208    0.001043    0.959785    1.081103    1.015045    1.059    2
      age[0]                  1.022293    0.003030    0.970761    1.135286    1.004933    1.000    2
      age[0]                   0.986599    0.002906    0.900227    1.094171    0.977723    1.022    2
      age[0]                  1.005120    0.002497    0.926134    1.096940    0.996559    1.000    2
      age[0]                  0.895094    0.002389    0.804781    0.991518    0.891251    1.000    2
      age[0]                  0.912308    0.002597    0.872942    1.015675    0.896243    1.080    2
      age[0]                  1.041847    0.004899    0.965594    1.175443    1.022303    1.000    2
      age[0]                  0.991877    0.000947    0.935803    1.053373    0.988504    1.009    2
      age[0]                   0.930026    0.002119    0.849405    1.022874    0.924346    1.004    2
      age[0]                  0.924566    0.003607    0.824682    1.044483    0.915111    1.001    2
      age[0]                   0.905385    0.004693    0.783359    1.042005    0.897171    1.004    2
      age[0]                   0.958761    0.001468    0.893726    1.038455    0.954615    1.004    2
      age[0]                   1.020351    0.001820    0.956667    1.097155    1.012586    1.009    2
      age[0]                  1.006939    0.001323    0.942863    1.079637    1.002403    1.003    2
      age[0]                   1.007783    0.001897    0.927735    1.095296    1.003284    1.002    2
      age[0]                  1.046302    0.006811    0.915446    1.200963    1.032552    1.008    2
      age[0]                   1.023838    0.001833    0.953426    1.105366    1.016835    1.001    2
      age[0]                   0.987729    0.000939    0.943407    1.046405    0.981901    1.001    2
      age[0]                  0.983790    0.002257    0.906739    1.064717    0.977699    1.052    2
      age[0]                  0.861253    0.002259    0.789614    0.951333    0.851437    1.000    2
      age[0]                  0.901636    0.002650    0.827726    0.997713    0.892297    1.000    2
      age[0]                  0.925889    0.002878    0.824005    1.026595    0.920024    1.004    2
      age[0]                  1.022425    0.003102    0.919884    1.135406    1.017107    1.003    2
      age[0]                  1.065839    0.002133    0.978358    1.157929    1.061295    1.000    2
      age[0]                   0.978660    0.000771    0.931314    1.031483    0.974704    1.005    2
      age[0]                  0.941348    0.002573    0.855269    1.034833    0.934305    1.007    2
      age[0]                  0.929854    0.001765    0.866001    1.008585    0.923820    1.013    2
      age[0]                   0.949375    0.000278    0.927809    0.981542    0.945478    1.000    2
      age[0]                  1.034784    0.005241    0.956538    1.171622    1.015423    1.000    2
      age[0]                   0.915260    0.000806    0.864683    0.972588    0.911641    1.001    2
      age[0]                  1.037882    0.001853    0.961851    1.124942    1.033747    1.009    2
      age[0]                   1.046434    0.003589    0.935784    1.166110    1.041250    1.004    2
      age[0]                   0.949531    0.000925    0.898929    1.004583    0.945465    1.001    2
      age[0]                   0.964806    0.001326    0.897121    1.036232    0.962200    1.000    2
      age[0]                  0.826768    0.005251    0.688362    0.963421    0.820257    1.010    2
      age[0]                  0.992853    0.002759    0.902975    1.094963    0.985715    1.000    2
      age[0]                  0.922412    0.002367    0.829016    1.020354    0.918470    1.005    2
      age[0]                  1.017155    0.002743    0.920840    1.122020    1.012319    1.016    2
      age[0]                   0.969255    0.001170    0.905585    1.035175    0.966431    1.002    2
      age[0]                  0.968899    0.002246    0.887152    1.059461    0.961733    1.000    2
      age[0]                   0.982763    0.005510    0.875350    1.124645    0.966034    1.009    2
      age[0]                  0.923598    0.002860    0.838723    1.020297    0.914281    1.009    2
      age[0]                  0.993358    0.002698    0.905502    1.084604    0.989261    1.001    2
      age[0]                  0.933316    0.021265    0.792186    1.223161    0.888290    1.000    2
      age[0]                   0.986800    0.002398    0.897690    1.078424    0.983572    1.024    2
      age[0]                  0.958050    0.003044    0.874816    1.057119    0.949346    1.013    2
      age[0]                   0.989523    0.001061    0.927544    1.049924    0.985910    1.001    2
      age[0]                  0.927078    0.002435    0.835971    1.019667    0.924077    1.001    2
      age[0]                   0.969047    0.006429    0.822317    1.122594    0.959863    1.000    2
      age[0]                   1.033987    0.005257    0.902591    1.176566    1.025824    1.030    2
      age[0]                   0.981448    0.002374    0.925966    1.075804    0.969050    1.004    2
      age[0]                   0.830753    0.003481    0.728115    0.949742    0.821379    1.001    2
      age[0]                  0.857046    0.002761    0.775252    0.952984    0.849606    1.004    2
      age[0]                   0.968020    0.001554    0.897911    1.047896    0.962276    1.000    2
      age[0]                  0.798096    0.005964    0.653351    0.951208    0.789001    1.004    2
      age[0]                  0.990409    0.004802    0.905133    1.119419    0.973848    1.004    2
      age[0]                  0.993359    0.003176    0.886244    1.108348    0.989643    1.000    2
      age[0]                  0.952598    0.003826    0.836851    1.075060    0.947018    1.001    2
      age[0]                   1.005733    0.002177    0.934860    1.091755    0.998435    1.001    2
      age[0]                   1.040019    0.007920    0.902845    1.199302    1.024963    1.001    2
      age[0]                   1.018505    0.002933    0.927825    1.126257    1.012241    1.001    2
      age[0]                  0.932641    0.004294    0.833301    1.055927    0.921269    1.000    2
      age[0]                   0.983553    0.003010    0.865567    1.085600    0.985676    1.176    2
      age[0]                   1.062671    0.002752    0.983574    1.167222    1.052298    1.008    2
      age[0]                  0.990209    0.000768    0.939508    1.045797    0.987358    1.002    2
      age[0]                  1.023059    0.001291    0.962793    1.091637    1.016598    1.005    2
      age[0]                   0.956006    0.003572    0.847391    1.076894    0.950247    1.001    2
      age[0]                  0.960699    0.005997    0.823119    1.107884    0.951913    1.002    2
