      clockrate                0.891637    0.006185    0.746509    1.049530    0.886593    153.92    174.10    1.011
      clockrate                0.959333    0.009277    0.778951    1.152156    0.951129     98.93    108.91    1.015
      clockrate                0.980095    0.005665    0.833429    1.125580    0.977454    208.73    275.11    1.010
      clockrate                0.987465    0.003953    0.863550    1.109660    0.984780     57.94     85.97    1.010
      clockrate                1.027380    0.008958    0.850085    1.215751    1.019429     22.83     71.78    1.042
      clockrate                0.856157    0.008255    0.684400    1.031143    0.848767    533.35    682.69    1.002
      clockrate                0.983610    0.003995    0.858692    1.104024    0.981781   1181.20   1729.72    1.006
      clockrate                1.127068    0.040477    0.771297    1.532243    1.105787    143.10    170.75    1.000
      clockrate                0.957164    0.010824    0.771231    1.164616    0.947470    219.62    245.26    1.000
      clockrate                0.855644    0.003794    0.737912    0.976643    0.852264    425.04    809.98    1.036
      clockrate                1.001900    0.008173    0.830663    1.180984    0.994354    212.51    256.29    1.000
      clockrate                0.902133    0.019218    0.649139    1.177899    0.889056    131.96    143.07    1.000
      clockrate                1.090800    0.008361    0.917771    1.275420    1.086570    182.12    198.15    1.004
      clockrate                1.090189    0.028818    0.780899    1.416294    1.069936    290.73    309.28    1.000
      clockrate                1.087336    0.010040    0.897874    1.284913    1.080000     38.96     64.93    1.004
      clockrate                0.869829    0.003460    0.758968    0.988080    0.866915    108.51    109.16    1.021
      clockrate                1.045173    0.006769    0.888250    1.209206    1.039366    202.17    290.52    1.003
      clockrate                1.225035    0.124995    0.704691    2.000358    1.147761    125.72    136.95    1.000
      clockrate                1.064089    0.041918    0.711857    1.486456    1.033854    640.26    687.76    1.000
      clockrate                1.000548    0.010770    0.816459    1.216291    0.990999    136.50    213.66    1.007
      clockrate                0.949496    0.005380    0.813179    1.100355    0.946429    567.31    676.96    1.016
      clockrate                0.979501    0.008506    0.809407    1.163620    0.971846    330.08    431.59    1.000
      clockrate                1.404534    0.091017    0.850973    1.993762    1.369006    125.44    135.70    1.000
      clockrate                0.846094    0.013056    0.635825    1.072311    0.833156     79.98     97.18    1.005
      clockrate                0.954261    0.005190    0.818739    1.098050    0.950870    160.84    225.33    1.026
      clockrate                1.106548    0.020031    0.849493    1.379430    1.086784     52.12     85.09    1.000
      clockrate                1.049613    0.009275    0.867540    1.242169    1.044706    399.02    597.52    1.008
      clockrate                0.955737    0.007685    0.796937    1.137441    0.946980     85.11    226.33    1.060
      clockrate                1.190320    0.024316    0.900900    1.504659    1.178189    173.55    304.69    1.014
      clockrate                0.859629    0.008371    0.702990    1.052847    0.850270     41.81     95.45    1.027
      clockrate                1.027000    0.020629    0.776941    1.310665    1.005709     13.75     28.59    1.020
      clockrate                0.934062    0.014460    0.718464    1.174259    0.923117     42.28     69.83    1.011
      clockrate                0.847686    0.003200    0.734089    0.956744    0.846476    532.91    658.09    1.001
      clockrate                0.888542    0.025920    0.603754    1.206895    0.867662    168.58    250.14    1.000
      clockrate                0.951968    0.003657    0.835548    1.071788    0.948448    153.12    282.99    1.058
      clockrate                0.933233    0.018158    0.714100    1.209468    0.912017     41.84     65.21    1.011
      clockrate                1.106579    0.013658    0.893914    1.342692    1.096879    250.68    281.80    1.011
      clockrate                0.874137    0.009231    0.689102    1.058092    0.866935    519.64    597.09    1.000
      clockrate                0.952015    0.011101    0.756453    1.161297    0.940900    390.57    483.94    1.003
      clockrate                0.960807    0.006562    0.813053    1.127420    0.953907     59.50    161.62    1.001
      clockrate                0.898160    0.006493    0.752308    1.062908    0.889708     21.30     46.49    1.000
      clockrate                1.117147    0.028181    0.810376    1.455118    1.096266     47.41     79.00    1.001
      clockrate                1.004087    0.005900    0.859590    1.159468    0.999474     56.17     60.58    1.006
      clockrate                1.169699    0.016936    0.933991    1.434639    1.152277     44.62     71.64    1.013
      clockrate                0.895879    0.005143    0.756465    1.035355    0.892921    198.89    476.79    1.001
      clockrate                1.040680    0.010287    0.842573    1.235966    1.033729    205.00    305.88    1.008
      clockrate                0.843923    0.006284    0.690591    0.998258    0.838727     90.73    269.92    1.002
      clockrate                0.884516    0.014917    0.664795    1.134754    0.871944    279.95    292.54    1.002
      clockrate                0.835634    0.003506    0.722394    0.953375    0.832435    277.23    303.98    1.000
      clockrate                1.097708    0.011158    0.906715    1.310822    1.088347     88.52    107.46    1.010
      clockrate                1.163837    0.029919    0.869594    1.521422    1.135391     23.95     66.64    1.010
      clockrate                1.112276    0.017415    0.873174    1.379567    1.099477     93.87    108.13    1.005
      clockrate                1.022600    0.038576    0.698707    1.420921    0.986433    159.50    187.34    1.003
      clockrate                1.035366    0.010025    0.850275    1.231085    1.026156    129.99    165.81    1.000
      clockrate                1.084071    0.008729    0.907721    1.272866    1.077772    181.77    278.67    1.011
      clockrate                1.087416    0.010399    0.885648    1.282556    1.080272    111.02    178.76    1.001
      clockrate                0.914186    0.003877    0.797514    1.041903    0.910728     73.10    122.11    1.017
      clockrate                0.934809    0.011911    0.727015    1.147054    0.924747     90.64     97.02    1.004
      clockrate                1.026767    0.040139    0.724859    1.456103    0.982308     25.48     79.84    1.008
      clockrate                0.888910    0.010378    0.700267    1.090184    0.876264    137.74    140.07    1.001
      clockrate                1.082375    0.068172    0.648915    1.582341    1.044171     86.68     90.02    1.011
      clockrate                0.991108    0.004815    0.858511    1.129898    0.989827    262.43    301.56    1.002
      clockrate                0.993928    0.010777    0.805136    1.191804    0.982927     80.09    155.52    1.000
      clockrate                1.081723    0.012985    0.875398    1.319334    1.070610     38.92     85.03    1.001
      clockrate                0.982847    0.005344    0.842971    1.127683    0.980201    474.57    544.59    1.012
      clockrate                1.023071    0.007812    0.861642    1.203164    1.015288     33.18     51.52    1.007
      clockrate                1.276737    0.080471    0.807028    1.855114    1.227815    113.87    129.19    1.006
      clockrate                1.004926    0.013744    0.790561    1.242140    0.994317    326.57    448.66    1.001
      clockrate                0.834879    0.009307    0.664535    1.031991    0.823963     55.56    122.25    1.004
      clockrate                0.995149    0.012098    0.790281    1.216795    0.984444    106.31    125.62    1.000
      clockrate                1.014482    0.004081    0.891767    1.141061    1.012642    238.57    566.66    1.011
      clockrate                0.947728    0.009071    0.768325    1.139836    0.942058    177.79    206.76    1.000
      clockrate                0.965435    0.007965    0.793798    1.142333    0.959823     78.81    132.45    1.000
      clockrate                0.990333    0.010247    0.800613    1.191737    0.981132     35.21     68.36    1.004
      clockrate                0.998367    0.006932    0.841364    1.165838    0.993824    228.36    367.59    1.000
      clockrate                1.185392    0.080824    0.702489    1.732513    1.140447     89.23    348.02    1.004
      clockrate                0.910914    0.006661    0.759744    1.079523    0.904946    100.63    115.21    1.008
      clockrate                0.865765    0.013370    0.649290    1.090636    0.855924    137.93    193.03    1.001
      clockrate                0.899929    0.004448    0.772906    1.035377    0.897779    587.12    776.85    1.019
      clockrate                1.118129    0.026113    0.832884    1.456864    1.099274    272.86    320.05    1.001
      clockrate                1.022778    0.015003    0.799461    1.260508    1.010235     22.52     22.98    1.011
      clockrate                0.927072    0.003713    0.809892    1.046848    0.923776     60.35    117.57    1.000
      clockrate                0.980948    0.004866    0.840949    1.113112    0.978746    372.89    476.75    1.000
      clockrate                0.959158    0.011504    0.764650    1.179473    0.949482    176.16    191.76    1.000
      clockrate                1.166953    0.086564    0.762488    1.758495    1.090783     49.60     75.56    1.007
      clockrate                0.914018    0.005673    0.769759    1.061617    0.910076    404.40    407.48    1.000
      clockrate                1.249948    0.082795    0.816414    1.813608    1.192883     20.36     30.05    1.018
      clockrate                1.120052    0.031652    0.816755    1.487017    1.091617     52.86     83.22    1.020
      clockrate                1.155764    0.032263    0.864490    1.508405    1.127473     88.18    112.98    1.007
      clockrate                1.079885    0.021079    0.822942    1.362485    1.060460     87.73    129.04    1.000
      clockrate                0.872535    0.005370    0.735161    1.021218    0.867397     62.44    123.23    1.003
      clockrate                0.912087    0.010221    0.725931    1.111487    0.901095     34.23     38.63    1.000
      clockrate                0.946425    0.007039    0.786353    1.109358    0.939578     37.70     52.10    1.008
      clockrate                1.267331    0.141415    0.712118    2.020239    1.190471     59.48     59.53    1.015
      clockrate                1.367865    0.059200    0.923901    1.812144    1.359768     18.93     36.88    1.001
      clockrate                0.908033    0.004396    0.780194    1.040361    0.904362     79.45    219.02    1.000
      clockrate                0.824824    0.005502    0.683318    0.968675    0.820350    132.54    258.48    1.002
      clockrate                1.103936    0.013205    0.888349    1.320636    1.090559    147.95    156.44    1.018
      clockrate                0.901407    0.005451    0.760385    1.048128    0.897019    109.49    125.36    1.020
      clockrate                1.362535    0.051874    0.968661    1.812463    1.335448     43.62     62.82    1.001
