      clockrate                1.179136    0.018547    0.922913    1.451947    1.171027    697.56   1012.82    1.001
      clockrate                1.107794    0.029607    0.784741    1.449165    1.094714   1026.00   1196.42    1.000
      clockrate                1.113066    0.015850    0.877190    1.365505    1.106714    718.23    880.57    1.000
      clockrate                1.186529    0.022115    0.905455    1.482601    1.178430    846.46   1054.32    1.000
      clockrate                1.176349    0.020147    0.910573    1.461570    1.167342    889.68    972.93    1.000
      clockrate                1.576440    0.257066    0.873007    2.711446    1.457585     29.39     32.62    1.007
      clockrate                1.064170    0.011879    0.854693    1.278269    1.059018   3032.96   3129.25    1.000
      clockrate                2.080564    0.669560    1.081397    3.923129    1.806474     21.80     21.99    1.060
      clockrate                1.227174    0.056432    0.833363    1.682994    1.192106     67.20    119.38    1.030
      clockrate                1.360920    0.020276    1.093436    1.645379    1.352211    145.79    880.24    1.010
      clockrate                1.042868    0.013789    0.820473    1.276677    1.035728    500.05    542.51    1.000
      clockrate                1.176072    0.151341    0.592498    1.925263    1.097180    128.13    135.21    1.017
      clockrate                1.836526    0.359876    0.926416    3.042631    1.707899     36.24    105.68    1.040
      clockrate                1.637698    0.566927    0.597982    3.129754    1.448894     39.08     81.34    1.030
      clockrate                1.084476    0.013246    0.866089    1.314808    1.079161    912.54   1222.22    1.000
      clockrate                1.046122    0.012592    0.830903    1.268656    1.040603   1065.42   1148.60    1.000
      clockrate                1.064898    0.016666    0.817859    1.320947    1.057120   1136.89   1231.29    1.000
      clockrate                1.912231    0.619725    0.798297    3.465346    1.726194     40.94     52.72    1.033
      clockrate                1.503928    0.462470    0.500193    2.849723    1.367765     70.08    674.50    1.009
      clockrate                1.210059    0.181294    0.672937    1.973788    1.115874     67.56     68.60    1.006
      clockrate                0.961781    0.012111    0.751883    1.179345    0.955755   1574.76   1714.99    1.000
      clockrate                1.603025    0.428841    0.732593    2.964355    1.390843     23.12     33.25    1.086
      clockrate                1.799634    0.521290    0.953192    3.306741    1.583626     28.85     34.49    1.072
      clockrate                1.117799    0.034470    0.772775    1.474591    1.100602    115.78    163.40    1.000
      clockrate                1.032014    0.013210    0.817407    1.263518    1.025429   2458.39   2577.81    1.001
      clockrate                1.212495    0.028743    0.898502    1.555610    1.201731    609.46    613.44    1.001
      clockrate                1.420116    0.055351    1.008505    1.833066    1.394545    124.95    504.60    1.000
      clockrate                1.239311    0.022727    0.945611    1.534147    1.232246    518.67    698.76    1.000
      clockrate                1.409744    0.188979    0.873514    2.309770    1.311055     18.36    134.83    1.092
      clockrate                0.929170    0.013733    0.705975    1.161737    0.922334   1287.01   1493.66    1.001
      clockrate                1.225713    0.031922    0.885384    1.583937    1.216480    636.34    694.36    1.000
      clockrate                1.303271    0.047711    0.919524    1.721277    1.279698     66.35    679.78    1.029
      clockrate                1.079923    0.015821    0.833331    1.325674    1.074496    302.06    331.01    1.000
      clockrate                1.530414    0.151735    0.874915    2.311648    1.467174     51.60     79.60    1.000
      clockrate                1.166340    0.015287    0.932842    1.415474    1.158848   1119.19   1327.89    1.000
      clockrate                0.908260    0.049210    0.571450    1.315757    0.870227     38.51     45.80    1.015
      clockrate                1.356186    0.145858    0.882981    1.817592    1.301221     30.28    391.21    1.022
      clockrate                0.997066    0.093921    0.540598    1.616973    0.929834     60.56     84.36    1.000
      clockrate                2.163817    0.666014    0.762942    3.680444    2.073767     64.75    125.88    1.006
      clockrate                0.824601    0.026650    0.549552    1.141039    0.798725     54.72     56.41    1.002
      clockrate                1.144568    0.014827    0.916832    1.391865    1.139502    752.35    837.98    1.000
      clockrate                1.368686    0.410899    0.657022    2.788395    1.121500     29.60     34.63    1.228
      clockrate                1.263605    0.036251    0.937516    1.610602    1.240434     26.14    598.66    1.031
      clockrate                1.352944    0.022553    1.064598    1.649404    1.345900    581.08    640.20    1.001
      clockrate                0.989694    0.015277    0.757689    1.237359    0.981955    432.78    723.16    1.001
      clockrate                1.062051    0.098433    0.612561    1.744609    0.980848     66.29     75.01    1.182
      clockrate                1.312901    0.041084    0.938603    1.708803    1.293735     93.89    534.28    1.044
      clockrate                1.202171    0.083187    0.748943    1.756006    1.148348     49.22    101.44    1.031
      clockrate                1.138661    0.096337    0.690638    1.752369    1.062957     38.19     42.45    1.040
      clockrate                1.345755    0.111943    0.874619    2.057511    1.243971     29.87    483.26    1.389
      clockrate                2.107827    0.424801    0.966375    3.387144    2.024406     56.49    165.49    1.031
      clockrate                1.653343    0.498595    0.878199    3.259537    1.387459     19.57     22.81    1.070
      clockrate                1.296344    0.107298    0.782501    1.911710    1.238250    128.41    134.20    1.013
      clockrate                1.275367    0.102864    0.799850    1.937117    1.201814     36.74     41.71    1.028
      clockrate                1.354939    0.049703    0.971183    1.758246    1.325759     32.20   1015.37    1.046
      clockrate                1.157685    0.035228    0.822231    1.533765    1.139404    104.87    895.53    1.011
      clockrate                0.926691    0.013696    0.705891    1.159657    0.919566    792.34    991.71    1.001
      clockrate                1.220108    0.201869    0.599712    2.082875    1.117123    101.59    121.74    1.001
      clockrate                1.530654    0.620632    0.724947    2.895163    1.343933     26.06    503.14    1.054
      clockrate                3.130743    0.728142    1.566145    4.822190    3.045352    136.23    165.45    1.002
      clockrate                1.122905    0.221258    0.487806    2.111633    0.988027     40.11     40.72    1.008
      clockrate                1.053160    0.012573    0.838830    1.275316    1.048267    429.54    597.70    1.000
      clockrate                1.660625    0.735346    0.650107    3.344505    1.266499     46.50    101.88    1.699
      clockrate                1.069417    0.015421    0.834001    1.318369    1.062655    582.24    863.31    1.002
      clockrate                1.089759    0.017331    0.835868    1.347201    1.081618    374.76    517.08    1.000
      clockrate                2.654320    0.632293    1.287350    4.256430    2.539667    119.37    142.73    1.016
      clockrate                1.012611    0.111202    0.532098    1.696904    0.931260     63.61     64.06    1.001
      clockrate                2.102746    0.740337    0.772241    3.785633    1.944254    100.80    158.15    1.025
      clockrate                1.747370    0.179434    0.985535    2.571030    1.692384    192.45    300.95    1.000
      clockrate                1.702905    0.417701    0.804522    3.016564    1.527272     53.30     76.40    1.014
      clockrate                1.059381    0.014442    0.830148    1.298208    1.053471    962.90   1037.79    1.000
      clockrate                1.310536    0.131478    0.775168    2.063518    1.222721     43.76     45.86    1.001
      clockrate                1.226578    0.019955    0.963786    1.514226    1.219111   1428.38   1710.62    1.000
      clockrate                1.180569    0.032089    0.847468    1.528062    1.166404    118.65    696.78    1.002
      clockrate                1.052420    0.037487    0.711733    1.421072    1.030378     97.92    679.72    1.013
      clockrate                1.593397    0.356672    0.622516    2.759643    1.488023    936.44   1084.99    1.001
      clockrate                1.161117    0.020145    0.886424    1.440802    1.154168    350.43    532.89    1.001
      clockrate                0.841839    0.055877    0.470965    1.309588    0.794551     93.67    102.65    1.002
      clockrate                1.242193    0.027250    0.933975    1.568905    1.228241   1040.90   1123.68    1.000
      clockrate                1.460593    0.244098    0.826151    2.377669    1.347243     70.17     89.14    1.099
      clockrate                1.123659    0.025341    0.828123    1.448583    1.113206    134.50    340.55    1.002
      clockrate                1.177624    0.016649    0.935462    1.436600    1.170133   1261.11   1283.68    1.000
      clockrate                1.274559    0.030067    0.952108    1.623107    1.261730     82.60    204.92    1.008
      clockrate                1.344183    0.027645    1.033189    1.679207    1.334743   1217.54   1350.16    1.000
      clockrate                2.332268    0.629910    0.968535    3.861695    2.221544    235.48    293.43    1.001
      clockrate                0.999272    0.013336    0.777366    1.225542    0.992776   1171.75   1214.93    1.000
      clockrate                1.564325    0.051217    1.146946    2.023308    1.548992    794.45   1095.38    1.001
      clockrate                1.944056    0.700498    0.782771    3.520027    1.799415     20.49     35.09    1.103
      clockrate                1.140457    0.080205    0.676751    1.678361    1.091879     39.99     43.01    1.016
      clockrate                1.577587    0.470788    0.840629    3.079352    1.336429     21.70     22.69    1.125
      clockrate                1.282386    0.035668    0.937616    1.660096    1.264433    876.70   1009.42    1.001
      clockrate                1.387041    0.043638    0.996524    1.796543    1.367487     85.74    127.25    1.001
      clockrate                1.472064    0.027682    1.161299    1.812443    1.463600   1006.49   1079.38    1.000
      clockrate                2.006950    0.626299    0.971913    3.579358    1.748951     31.67     35.97    1.068
      clockrate                1.257250    0.030195    0.924273    1.600202    1.245771    430.69    495.95    1.000
      clockrate                1.176533    0.020412    0.900924    1.457244    1.168328    412.99    573.49    1.000
      clockrate                0.808614    0.024836    0.539474    1.112567    0.785877     57.14     60.43    1.011
      clockrate                1.597641    0.222156    0.889066    2.556365    1.489975     43.92     44.03    1.000
      clockrate                1.256044    0.024224    0.960712    1.566098    1.249611    597.20    707.06    1.001
      clockrate                1.292656    0.042064    0.926845    1.682448    1.270556     52.17    253.83    1.011
