      ilnvar                   0.000173    0.000001    0.000001    0.000606    0.000009     35.19     73.29    1.015
      ilnvar                   0.000746    0.000008    0.000001    0.003551    0.000055     41.27     54.86    1.000
      ilnvar                   0.000016    0.000000    0.000001    0.000072    0.000003     49.31     52.80    1.000
      ilnvar                   0.000016    0.000000    0.000001    0.000080    0.000003     59.83     62.42    1.001
      ilnvar                   0.000026    0.000000    0.000001    0.000138    0.000004     40.60     42.27    1.008
      ilnvar                   0.037323    0.020572    0.000001    0.235422    0.000052     36.27     38.86    1.009
      ilnvar                   0.000024    0.000000    0.000001    0.000125    0.000003     32.40     41.63    1.000
      ilnvar                   0.224435    0.275865    0.000001    1.317759    0.001294     30.12     31.20    1.026
      ilnvar                   0.016178    0.004728    0.000001    0.087523    0.000204     49.93     50.10    1.042
      ilnvar                   0.002030    0.000081    0.000001    0.007932    0.000025     25.52     37.99    1.076
      ilnvar                   0.000184    0.000001    0.000001    0.000813    0.000008     33.38     38.14    1.000
      ilnvar                   0.170435    0.150370    0.000001    0.835668    0.029501    118.51    132.70    1.018
      ilnvar                   0.421050    0.326598    0.000001    1.540889    0.222846     48.66    112.48    1.026
      ilnvar                   0.380813    0.301819    0.000001    1.435718    0.171687     58.72    147.93    1.030
      ilnvar                   0.000026    0.000000    0.000001    0.000086    0.000005     27.87     52.20    1.012
      ilnvar                   0.000033    0.000000    0.000001    0.000141    0.000005     34.89     39.76    1.008
      ilnvar                   0.000039    0.000000    0.000001    0.000158    0.000006     36.50     48.25    1.026
      ilnvar                   0.344627    0.273258    0.000001    1.379613    0.119771     50.81     67.18    1.015
      ilnvar                   0.822879    0.766509    0.000001    2.545346    0.566474     92.03    503.73    1.010
      ilnvar                   0.163862    0.120600    0.000001    0.747341    0.026018     87.91     91.97    1.005
      ilnvar                   0.000014    0.000000    0.000001    0.000068    0.000004     44.96     48.35    1.000
      ilnvar                   0.312842    0.361138    0.000001    1.573180    0.025169     20.10     39.16    1.050
      ilnvar                   0.311698    0.488564    0.000001    1.722306    0.031169     28.94     35.86    1.073
      ilnvar                   0.004081    0.000376    0.000001    0.020455    0.000032     25.84     29.45    1.004
      ilnvar                   0.000155    0.000000    0.000001    0.000833    0.000005     32.59     40.86    1.037
      ilnvar                   0.000304    0.000002    0.000001    0.001290    0.000013     47.48     50.97    1.015
      ilnvar                   0.013968    0.021760    0.000001    0.024235    0.000085     65.54     82.54    1.003
      ilnvar                   0.000026    0.000000    0.000001    0.000100    0.000004     51.04     76.48    1.026
      ilnvar                   0.060325    0.053770    0.000001    0.483354    0.000025     19.24     23.59    1.097
      ilnvar                   0.000183    0.000000    0.000001    0.000975    0.000018     25.39     37.23    1.006
      ilnvar                   0.000118    0.000000    0.000001    0.000673    0.000007     30.60     33.10    1.102
      ilnvar                   0.011915    0.006010    0.000001    0.030487    0.000098     48.43     54.72    1.034
      ilnvar                   0.000031    0.000000    0.000001    0.000155    0.000004     43.99     45.85    1.001
      ilnvar                   0.044979    0.010986    0.000001    0.232708    0.003107     45.64     60.90    1.002
      ilnvar                   0.000753    0.000013    0.000001    0.002497    0.000028     26.18     37.36    1.011
      ilnvar                   0.042675    0.037881    0.000001    0.208727    0.000064     41.27     44.04    1.001
      ilnvar                   0.040214    0.079837    0.000001    0.052062    0.000043     33.09     35.25    1.026
      ilnvar                   0.256311    0.212775    0.000002    1.162685    0.059926     53.25     68.86    1.000
      ilnvar                   0.835122    0.620723    0.000175    2.341563    0.653594     83.63    144.36    1.004
      ilnvar                   0.025442    0.012293    0.000001    0.123098    0.000277     29.89     40.63    1.005
      ilnvar                   0.000037    0.000000    0.000001    0.000121    0.000004     41.30     46.97    1.014
      ilnvar                   0.316780    0.367108    0.000001    1.622156    0.004792     33.02     39.94    1.165
      ilnvar                   0.015145    0.006378    0.000001    0.032160    0.000005     20.05     28.98    1.054
      ilnvar                   0.000021    0.000000    0.000001    0.000087    0.000005     62.17     68.77    1.068
      ilnvar                   0.000782    0.000010    0.000001    0.003479    0.000029     31.65     36.75    1.028
      ilnvar                   0.117570    0.063826    0.000001    0.599082    0.008798     60.10     79.30    1.154
      ilnvar                   0.013056    0.001737    0.000001    0.088659    0.000339     25.79     34.05    1.144
      ilnvar                   0.023790    0.011093    0.000001    0.130619    0.000057     49.38     57.59    1.030
      ilnvar                   0.096803    0.050906    0.000003    0.497575    0.012112     30.83     40.01    1.028
      ilnvar                   0.163006    0.081937    0.000001    0.757602    0.000189     35.17     36.23    1.311
      ilnvar                   0.744700    0.458468    0.000031    2.059918    0.581681     72.36    175.58    1.022
      ilnvar                   0.118689    0.075965    0.000001    0.697157    0.000485     24.21     27.56    1.054
      ilnvar                   0.079803    0.039255    0.000008    0.363614    0.013284    101.27    149.38    1.010
      ilnvar                   0.176932    0.100622    0.000001    0.771242    0.040962     41.44     45.53    1.026
      ilnvar                   0.009805    0.002412    0.000001    0.040687    0.000062     26.99     37.26    1.058
      ilnvar                   0.008802    0.002307    0.000001    0.033783    0.000085     34.32     36.61    1.049
      ilnvar                   0.000203    0.000002    0.000001    0.000682    0.000005     41.11     55.04    1.018
      ilnvar                   0.428989    0.347813    0.000097    1.541387    0.228108     98.84    100.11    1.001
      ilnvar                   0.054933    0.059151    0.000001    0.276796    0.000253     32.62     46.77    1.037
      ilnvar                   1.905688    1.007518    0.308728    3.884754    1.722808    178.59    238.66    1.001
      ilnvar                   0.256806    0.256672    0.000001    1.325877    0.021379     42.11     45.00    1.016
      ilnvar                   0.000060    0.000000    0.000001    0.000186    0.000006     42.51     51.10    1.026
      ilnvar                   0.518446    0.540785    0.000001    1.989263    0.031425     43.01    124.25    1.483
      ilnvar                   0.000026    0.000000    0.000001    0.000119    0.000004     37.47     40.85    1.008
      ilnvar                   0.000900    0.000020    0.000001    0.002289    0.000020     27.09     29.40    1.025
      ilnvar                   1.453656    0.959060    0.088440    3.419183    1.245372    128.58    152.75    1.008
      ilnvar                   0.180650    0.128022    0.000004    0.818888    0.035183     82.47     83.20    1.001
      ilnvar                   0.470154    0.294691    0.000274    1.541643    0.296547    117.02    174.76    1.023
      ilnvar                   0.002287    0.000067    0.000001    0.011113    0.000089     49.54     54.98    1.000
      ilnvar                   0.226080    0.132894    0.000014    0.909851    0.086030     69.19     88.15    1.006
      ilnvar                   0.000012    0.000000    0.000001    0.000046    0.000003     64.00     76.44    1.025
      ilnvar                   0.063365    0.019162    0.000001    0.317562    0.005548     48.05     49.31    1.000
      ilnvar                   0.000024    0.000000    0.000001    0.000117    0.000003     29.89     44.94    1.047
      ilnvar                   0.000801    0.000046    0.000001    0.001133    0.000007     51.08     68.64    1.018
      ilnvar                   0.007999    0.001760    0.000001    0.034467    0.000171     53.76     73.35    1.021
      ilnvar                   0.424088    0.250236    0.000041    1.398468    0.263517   1289.18   1384.10    1.000
      ilnvar                   0.000188    0.000001    0.000001    0.000890    0.000011     31.21     40.67    1.058
      ilnvar                   0.126016    0.058207    0.000001    0.568131    0.022825    102.76    119.30    1.002
      ilnvar                   0.000607    0.000003    0.000001    0.003312    0.000091     32.02     38.83    1.002
      ilnvar                   0.045747    0.027780    0.000001    0.229644    0.000619     38.75     64.88    1.085
      ilnvar                   0.000647    0.000011    0.000001    0.002538    0.000007     22.75     45.17    1.026
      ilnvar                   0.000009    0.000000    0.000001    0.000033    0.000003     43.17     46.51    1.000
      ilnvar                   0.007248    0.000778    0.000001    0.034303    0.000236     41.80     50.21    1.031
      ilnvar                   0.000112    0.000000    0.000001    0.000416    0.000006     55.06     57.58    1.027
      ilnvar                   1.186324    0.733095    0.003110    2.802581    1.024097    296.12    394.36    1.001
      ilnvar                   0.000049    0.000000    0.000001    0.000278    0.000005     27.36     33.75    1.002
      ilnvar                   0.000151    0.000000    0.000001    0.000666    0.000013     55.09     68.69    1.002
      ilnvar                   0.500829    0.424656    0.000001    1.756090    0.284480     26.59     49.95    1.075
      ilnvar                   0.061398    0.033258    0.000001    0.318257    0.002307     43.32     49.90    1.008
      ilnvar                   0.199830    0.243189    0.000001    1.208429    0.000273     23.83     26.15    1.102
      ilnvar                   0.000061    0.000000    0.000001    0.000193    0.000008     33.56     36.59    1.021
      ilnvar                   0.006096    0.000839    0.000001    0.027917    0.000053     51.24     54.54    1.017
      ilnvar                   0.000014    0.000000    0.000001    0.000067    0.000003     30.47     48.27    1.002
      ilnvar                   0.225750    0.165422    0.000001    1.041356    0.011457     46.39     55.10    1.048
      ilnvar                   0.000097    0.000000    0.000001    0.000516    0.000006     46.59     49.70    1.000
      ilnvar                   0.000162    0.000000    0.000001    0.000766    0.000011     31.15     37.53    1.017
      ilnvar                   0.035237    0.016079    0.000001    0.235981    0.000362     26.28     37.17    1.011
      ilnvar                   0.164688    0.087218    0.000001    0.767980    0.016992     33.99     35.04    1.000
      ilnvar                   0.000023    0.000000    0.000001    0.000096    0.000003     47.48     48.19    1.000
      ilnvar                   0.012252    0.005611    0.000001    0.034170    0.000056     33.63     37.16    1.016
