      ilnvar                   0.000027    0.000000    0.000001    0.000126    0.000006     34.13     42.69    1.007
      ilnvar                   0.000073    0.000000    0.000001    0.000454    0.000007     30.15     45.65    1.068
      ilnvar                   0.000048    0.000000    0.000001    0.000241    0.000004     35.20     44.84    1.000
      ilnvar                   0.000082    0.000000    0.000001    0.000253    0.000008     35.07     53.44    1.015
      ilnvar                   0.000015    0.000000    0.000001    0.000065    0.000004     28.88     39.84    1.001
      ilnvar                   0.450656    0.244635    0.000012    1.416745    0.298007    211.36    220.41    1.002
      ilnvar                   0.000012    0.000000    0.000001    0.000050    0.000004     59.42     71.17    1.007
      ilnvar                   0.031749    0.008293    0.000001    0.187985    0.001247     45.46     53.39    1.001
      ilnvar                   0.003073    0.000168    0.000001    0.015770    0.000069     44.73     54.05    1.019
      ilnvar                   0.000009    0.000000    0.000001    0.000037    0.000003     31.82     48.79    1.030
      ilnvar                   0.000054    0.000000    0.000001    0.000292    0.000005     30.97     38.26    1.003
      ilnvar                   0.260550    0.117384    0.000117    0.887892    0.151300    211.30    305.95    1.015
      ilnvar                   0.021986    0.012098    0.000001    0.097908    0.000114     59.82     60.43    1.051
      ilnvar                   0.734684    0.350301    0.000732    1.867341    0.578136    694.33    742.52    1.001
      ilnvar                   0.000152    0.000000    0.000001    0.000677    0.000006     35.38     36.30    1.011
      ilnvar                   0.000021    0.000000    0.000001    0.000094    0.000003     45.77     54.62    1.007
      ilnvar                   0.002034    0.000113    0.000001    0.005303    0.000041     25.14     31.60    1.025
      ilnvar                   0.182278    0.082003    0.000004    0.751433    0.068172     97.39    104.37    1.005
      ilnvar                   1.157315    0.958044    0.000713    3.076667    0.898371    756.88    859.58    1.000
      ilnvar                   0.938966    0.517904    0.037126    2.348284    0.750163    476.47    529.57    1.000
      ilnvar                   0.000086    0.000000    0.000001    0.000290    0.000005     38.19     40.10    1.014
      ilnvar                   0.003732    0.000179    0.000001    0.018256    0.000190     54.50     59.59    1.001
      ilnvar                   0.020634    0.002478    0.000001    0.088056    0.004245     49.61     61.12    1.027
      ilnvar                   0.003483    0.000341    0.000001    0.014575    0.000027     34.01     34.39    1.031
      ilnvar                   0.000052    0.000000    0.000001    0.000165    0.000005     41.71     41.83    1.032
      ilnvar                   0.027293    0.013414    0.000001    0.160536    0.000086     20.39     56.14    1.000
      ilnvar                   0.003736    0.000204    0.000001    0.018089    0.000219     27.88     33.59    1.008
      ilnvar                   0.000041    0.000000    0.000001    0.000204    0.000007     45.39     46.78    1.014
      ilnvar                   0.001196    0.000028    0.000001    0.005094    0.000031     37.46     47.26    1.008
      ilnvar                   0.096926    0.019672    0.000001    0.365199    0.036142     29.23     58.54    1.247
      ilnvar                   0.000026    0.000000    0.000001    0.000120    0.000005     65.12     69.83    1.005
      ilnvar                   0.000113    0.000000    0.000001    0.000500    0.000009     44.06     48.13    1.008
      ilnvar                   0.000074    0.000000    0.000001    0.000210    0.000004     42.10     58.08    1.013
      ilnvar                   0.100573    0.025982    0.000005    0.382363    0.042663    116.80    127.37    1.019
      ilnvar                   0.000641    0.000012    0.000001    0.001706    0.000020     39.92     43.53    1.033
      ilnvar                   0.281434    0.114395    0.000001    0.913473    0.195005     36.02     76.45    1.019
      ilnvar                   0.006635    0.004010    0.000001    0.013722    0.000039     67.99     94.22    1.014
      ilnvar                   0.018444    0.002693    0.000001    0.099708    0.000921     57.12     61.71    1.001
      ilnvar                   0.668729    0.309368    0.000016    1.731053    0.546369     55.47    500.51    1.008
      ilnvar                   0.000549    0.000004    0.000001    0.002800    0.000025     45.71     59.19    1.001
      ilnvar                   0.000008    0.000000    0.000001    0.000032    0.000002     61.42     63.14    1.000
      ilnvar                   0.010109    0.000586    0.000001    0.054069    0.000583     38.40     53.89    1.013
      ilnvar                   0.003433    0.000694    0.000001    0.002399    0.000031     34.17     36.66    1.022
      ilnvar                   0.007334    0.003009    0.000001    0.008003    0.000011     34.60     43.68    1.013
      ilnvar                   0.000252    0.000001    0.000001    0.001439    0.000010     18.37     35.07    1.034
      ilnvar                   0.246030    0.071011    0.000001    0.732822    0.186622     26.64    138.27    1.106
      ilnvar                   0.016520    0.001580    0.000010    0.093809    0.002222     39.14     43.22    1.004
      ilnvar                   0.009474    0.000909    0.000001    0.056847    0.000194     51.12     58.05    1.056
      ilnvar                   0.009139    0.001062    0.000001    0.047295    0.000275     22.95     36.90    1.095
      ilnvar                   0.111603    0.026710    0.000001    0.421104    0.027890     18.84     45.86    1.314
      ilnvar                   0.853771    0.546070    0.000138    2.256913    0.679859     91.37    124.99    1.004
      ilnvar                   0.410967    0.183074    0.000001    1.217769    0.320765     31.84    324.76    1.080
      ilnvar                   0.122390    0.054261    0.000005    0.569532    0.023766     72.17     89.01    1.000
      ilnvar                   0.000350    0.000007    0.000001    0.000534    0.000006     47.54    105.97    1.011
      ilnvar                   0.000438    0.000003    0.000001    0.002613    0.000014     39.44     44.41    1.020
      ilnvar                   0.000059    0.000000    0.000001    0.000241    0.000008     53.72     60.52    1.000
      ilnvar                   0.000037    0.000000    0.000001    0.000200    0.000005     30.39     35.30    1.000
      ilnvar                   0.099732    0.022093    0.000019    0.389980    0.044234     85.96     92.30    1.000
      ilnvar                   0.156165    0.079989    0.000001    0.700209    0.013516     29.38     49.86    1.011
      ilnvar                   0.001322    0.000021    0.000001    0.009734    0.000023     21.22     25.36    1.004
      ilnvar                   0.153136    0.038107    0.000079    0.506761    0.091832    195.36    218.15    1.006
      ilnvar                   0.000098    0.000000    0.000001    0.000419    0.000004     28.53     38.65    1.013
      ilnvar                   0.000163    0.000001    0.000001    0.000507    0.000007     33.32     67.48    1.018
      ilnvar                   0.000032    0.000000    0.000001    0.000132    0.000004     37.22     45.52    1.003
      ilnvar                   0.009594    0.003543    0.000001    0.010175    0.000016     24.33     38.59    1.039
      ilnvar                   0.000092    0.000000    0.000001    0.000436    0.000015     45.55     49.21    1.008
      ilnvar                   0.902952    0.626084    0.000418    2.442696    0.696977    115.58    271.13    1.000
      ilnvar                   1.135509    0.697505    0.011012    2.766486    0.916202     86.49    122.37    1.000
      ilnvar                   0.054125    0.039702    0.000001    0.322876    0.000197     53.63     55.59    1.112
      ilnvar                   0.104828    0.043563    0.000001    0.514482    0.014343     32.11     49.43    1.001
      ilnvar                   0.000104    0.000000    0.000001    0.000271    0.000009     43.29     45.84    1.015
      ilnvar                   0.018231    0.001802    0.000001    0.095681    0.002289     47.53     56.38    1.003
      ilnvar                   0.000020    0.000000    0.000001    0.000078    0.000003     39.21     49.93    1.006
      ilnvar                   0.003019    0.000188    0.000001    0.011489    0.000052     52.41     80.23    1.011
      ilnvar                   0.005483    0.000427    0.000001    0.030918    0.000109     42.41     44.29    1.008
      ilnvar                   0.333858    0.168222    0.000065    1.088290    0.202489   1470.59   1961.54    1.000
      ilnvar                   0.000038    0.000000    0.000001    0.000176    0.000006     65.56     67.18    1.070
      ilnvar                   0.325314    0.167974    0.000035    1.082198    0.201802    185.44    292.45    1.003
      ilnvar                   0.000498    0.000008    0.000001    0.001983    0.000013     58.69     59.62    1.004
      ilnvar                   0.006822    0.001017    0.000001    0.026605    0.000177     50.32     68.35    1.000
      ilnvar                   0.166090    0.058579    0.000001    0.648702    0.005097     81.42    140.53    1.528
      ilnvar                   0.000029    0.000000    0.000001    0.000128    0.000004     53.85     56.16    1.002
      ilnvar                   0.256111    0.050670    0.003657    0.656653    0.203827    136.13    173.54    1.001
      ilnvar                   0.042384    0.012333    0.000001    0.256708    0.000181     29.88     49.82    1.198
      ilnvar                   0.334750    0.246701    0.000002    1.330970    0.087451     51.57     53.76    1.003
      ilnvar                   0.000807    0.000015    0.000001    0.003893    0.000010     31.46     50.26    1.057
      ilnvar                   0.001784    0.000106    0.000001    0.004927    0.000025     30.76     38.93    1.014
      ilnvar                   0.112561    0.063972    0.000001    0.597363    0.008870     56.37     63.53    1.025
      ilnvar                   0.014975    0.005303    0.000001    0.062785    0.000036     24.70     35.36    1.059
      ilnvar                   0.002703    0.000324    0.000001    0.005496    0.000052     52.25    102.57    1.010
      ilnvar                   0.000196    0.000001    0.000001    0.000899    0.000006     25.11     27.39    1.000
      ilnvar                   0.000096    0.000000    0.000001    0.000499    0.000009     24.38     46.01    1.013
      ilnvar                   0.000019    0.000000    0.000001    0.000082    0.000002     38.36     50.17    1.045
      ilnvar                   0.692365    0.744072    0.000001    2.358342    0.372849     19.62     31.54    1.053
      ilnvar                   0.001521    0.000090    0.000001    0.002872    0.000011     34.18     42.88    1.038
      ilnvar                   0.000008    0.000000    0.000001    0.000025    0.000002     32.97     52.14    1.021
      ilnvar                   0.004694    0.000437    0.000001    0.021293    0.000110     48.46     49.12    1.029
      ilnvar                   0.069785    0.063054    0.000001    0.452412    0.000318     43.11     50.04    1.060
      ilnvar                   0.000118    0.000000    0.000001    0.000513    0.000005     42.85     43.64    1.012
      ilnvar                   0.117840    0.077916    0.000001    0.697933    0.001459     23.09     26.35    1.069
