      age[0]                   0.917587    0.002173    0.835088    1.010640    0.911648    1.009    2
      age[0]                   1.006122    0.001711    0.954718    1.077193    0.997203    1.009    2
      age[0]                   1.009201    0.001465    0.940712    1.085443    1.004301    1.009    2
      age[0]                   1.110425    0.005271    0.970289    1.251962    1.103849    1.000    2
      age[0]                   1.064473    0.002306    0.980404    1.159989    1.060640    1.000    2
      age[0]                  1.016930    0.006125    0.873339    1.158011    1.010105    1.002    2
      age[0]                   1.071357    0.002084    0.990187    1.166654    1.064645    1.000    2
      age[0]                  0.801561    0.002331    0.723864    0.892306    0.792621    1.004    2
      age[0]                  1.008353    0.001729    0.936242    1.092990    1.003629    1.001    2
      age[0]                   1.028827    0.003904    0.921251    1.160115    1.019182    1.013    2
      age[0]                   0.952203    0.001508    0.884987    1.032454    0.947063    1.000    2
      age[0]                  0.900032    0.004359    0.831188    1.027855    0.881245    1.003    2
      age[0]                  0.928370    0.003573    0.857041    1.046810    0.913768    1.003    2
      age[0]                  0.867378    0.005090    0.792761    1.011320    0.846365    1.001    2
      age[0]                   0.963679    0.001473    0.891073    1.034165    0.960315    1.001    2
      age[0]                   0.956058    0.001192    0.890695    1.022764    0.952168    1.001    2
      age[0]                   1.006841    0.001101    0.961078    1.069530    1.000134    1.001    2
      age[0]                  0.963225    0.006967    0.811785    1.125020    0.954436    1.000    2
      age[0]                  0.999099    0.061619    0.615211    1.467655    0.953556    1.004    2
      age[0]                  1.021786    0.004710    0.951795    1.158459    1.001232    1.000    2
      age[0]                   0.968491    0.001772    0.896095    1.054363    0.962857    1.001    2
      age[0]                  1.040083    0.001552    0.979088    1.114260    1.033485    1.000    2
      age[0]                  0.808099    0.001625    0.736009    0.883720    0.802542    1.003    2
      age[0]                  0.986188    0.004191    0.872130    1.117428    0.978442    1.001    2
      age[0]                   0.927594    0.000710    0.898850    0.980599    0.920261    1.005    2
      age[0]                  0.995004    0.008105    0.825570    1.187592    0.987129    1.001    2
      age[0]                   0.927296    0.002870    0.832573    1.033607    0.921298    1.000    2
      age[0]                  0.927041    0.002143    0.844521    1.021154    0.921221    1.003    2
      age[0]                  0.919056    0.004413    0.803807    1.053975    0.910051    1.005    2
      age[0]                   0.817933    0.001557    0.744232    0.896091    0.814686    1.049    2
      age[0]                   1.072020    0.004518    0.951813    1.204606    1.064149    1.001    2
      age[0]                   0.945981    0.000614    0.914770    0.993611    0.940241    1.001    2
      age[0]                   1.009905    0.000920    0.952851    1.071054    1.007932    1.007    2
      age[0]                  1.002701    0.001130    0.970761    1.067866    0.992546    1.002    2
      age[0]                   1.004094    0.001421    0.934197    1.079404    1.000012    1.000    2
      age[0]                  0.974682    0.001380    0.912468    1.049114    0.969600    1.014    2
      age[0]                  0.948132    0.003084    0.849026    1.063470    0.942256    1.002    2
      age[0]                  0.904288    0.000550    0.872941    0.948528    0.899203    1.003    2
      age[0]                  1.037937    0.002928    0.965655    1.142995    1.025830    1.005    2
      age[0]                  0.992361    0.001626    0.922453    1.070366    0.987020    1.000    2
      age[0]                   0.933276    0.002436    0.845462    1.028972    0.927735    1.001    2
      age[0]                  0.967265    0.002474    0.875617    1.061846    0.962361    1.000    2
      age[0]                   0.912352    0.004453    0.786131    1.042732    0.906904    1.007    2
      age[0]                   0.987854    0.003780    0.889083    1.123581    0.977812    1.004    2
      age[0]                   1.037869    0.001802    0.968850    1.124547    1.030932    1.000    2
      age[0]                  1.003304    0.004317    0.925357    1.135773    0.985548    1.116    2
      age[0]                   1.023624    0.003074    0.927465    1.137680    1.015996    1.004    2
      age[0]                  0.966909    0.001910    0.915296    1.048847    0.956218    1.001    2
      age[0]                   1.057834    0.003811    0.948776    1.173596    1.049154    1.028    2
      age[0]                   1.002130    0.001563    0.943423    1.075736    0.996035    1.038    2
      age[0]                  0.981457    0.002569    0.906751    1.075333    0.972631    1.000    2
      age[0]                  0.879615    0.006195    0.789125    1.035898    0.855253    1.090    2
      age[0]                  0.949482    0.005939    0.827725    1.092077    0.939541    1.002    2
      age[0]                  0.817494    0.001204    0.759011    0.886723    0.812809    1.001    2
      age[0]                  1.011007    0.002630    0.921110    1.110057    1.003108    1.002    2
      age[0]                  0.978653    0.000232    0.966027    1.004569    0.974213    1.007    2
      age[0]                   1.016923    0.001761    0.944511    1.098661    1.012707    1.004    2
      age[0]                  1.058206    0.009386    0.867429    1.240067    1.050783    1.000    2
      age[0]                  0.935400    0.001813    0.866012    1.013129    0.929451    1.007    2
      age[0]                   0.966403    0.000985    0.927809    1.027338    0.958835    1.004    2
      age[0]                  1.013140    0.002098    0.956542    1.101529    1.002508    1.000    2
      age[0]                   0.998708    0.003612    0.898407    1.123296    0.989240    1.043    2
      age[0]                  0.992289    0.001284    0.927538    1.061836    0.988244    1.002    2
      age[0]                   0.943443    0.000940    0.892665    0.999753    0.938779    1.001    2
      age[0]                   0.941935    0.001068    0.898406    1.005143    0.935159    1.000    2
      age[0]                   0.934905    0.001686    0.862468    1.016323    0.929329    1.001    2
      age[0]                  0.768547    0.005512    0.675821    0.915489    0.750556    1.002    2
      age[0]                  0.921673    0.001409    0.864775    0.995825    0.914249    1.000    2
      age[0]                  0.917446    0.002892    0.815923    1.024526    0.912486    1.045    2
      age[0]                  1.005816    0.003058    0.904648    1.114114    0.999661    1.001    2
      age[0]                   1.092295    0.003607    0.981804    1.213669    1.086776    1.000    2
      age[0]                  0.992524    0.001947    0.912076    1.079530    0.988311    1.002    2
      age[0]                   0.972197    0.002776    0.884611    1.075408    0.962565    1.001    2
      age[0]                  0.973206    0.003942    0.862528    1.095709    0.964377    1.005    2
      age[0]                  1.011123    0.001708    0.934441    1.091911    1.007185    1.000    2
      age[0]                  0.875718    0.006942    0.792186    1.037868    0.851756    1.001    2
      age[0]                   1.038171    0.002317    0.941559    1.129594    1.035169    1.003    2
      age[0]                  0.946560    0.003032    0.874814    1.053542    0.934442    1.003    2
      age[0]                   0.986034    0.001193    0.922942    1.054694    0.982374    1.001    2
      age[0]                  0.940891    0.002223    0.855825    1.034051    0.935208    1.000    2
      age[0]                   0.869463    0.010980    0.693219    1.065045    0.861405    1.445    2
      age[0]                   0.995509    0.005864    0.854151    1.150460    0.987950    1.041    2
      age[0]                   0.986094    0.002786    0.925963    1.089874    0.971786    1.000    2
      age[0]                   0.857889    0.006806    0.700918    1.007620    0.849557    1.043    2
      age[0]                  0.882878    0.003140    0.775270    0.981406    0.878994    1.001    2
      age[0]                   0.981859    0.001786    0.905720    1.065815    0.977806    1.000    2
      age[0]                  0.724354    0.003915    0.611290    0.851100    0.718054    1.002    2
      age[0]                  1.008113    0.004280    0.905144    1.125918    1.000724    1.004    2
      age[0]                  1.023718    0.003990    0.908670    1.148682    1.017034    1.002    2
      age[0]                  0.907823    0.002489    0.821777    1.009479    0.901040    1.000    2
      age[0]                   1.070976    0.003145    0.967614    1.182463    1.065104    1.005    2
      age[0]                   0.980284    0.002272    0.902839    1.072713    0.971447    1.000    2
      age[0]                   0.989025    0.003244    0.902417    1.099657    0.978034    1.029    2
      age[0]                  0.896316    0.002961    0.828457    1.000859    0.883706    1.030    2
      age[0]                   0.971601    0.001844    0.888146    1.056152    0.969359    1.004    2
      age[0]                   0.995844    0.000867    0.942038    1.047914    0.992868    1.001    2
      age[0]                  1.016782    0.001134    0.956833    1.083348    1.012771    1.001    2
      age[0]                  1.011789    0.000929    0.962764    1.069232    1.006528    1.001    2
      age[0]                   0.984822    0.004861    0.850406    1.119476    0.980215    1.000    2
      age[0]                  1.015410    0.016917    0.778684    1.238423    1.016074    1.053    2
