      ilnvar                   0.000046    0.000000    0.000001    0.000227    0.000006     27.41     34.63    1.000
      ilnvar                   0.109946    0.048904    0.000001    0.520451    0.011803     38.26     42.58    1.141
      ilnvar                   0.000072    0.000000    0.000001    0.000424    0.000007     31.43     45.89    1.041
      ilnvar                   0.001025    0.000054    0.000001    0.002571    0.000007     47.18     51.50    1.014
      ilnvar                   0.035691    0.019670    0.000001    0.215541    0.000066     20.26     29.85    1.005
      ilnvar                   0.055717    0.025672    0.000001    0.335797    0.001199     54.02     81.26    1.124
      ilnvar                   0.000011    0.000000    0.000001    0.000041    0.000003     64.66     76.82    1.003
      ilnvar                   0.148489    0.186803    0.000001    1.075697    0.000107     25.33     57.78    1.084
      ilnvar                   0.013847    0.004264    0.000001    0.059486    0.000121     27.76     50.55    1.009
      ilnvar                   0.000032    0.000000    0.000001    0.000150    0.000005     48.11     48.29    1.010
      ilnvar                   0.000189    0.000001    0.000001    0.000775    0.000008     32.59     35.97    1.019
      ilnvar                   0.093571    0.049837    0.000011    0.399108    0.020991    183.78    218.20    1.003
      ilnvar                   0.256449    0.212927    0.000001    1.133624    0.040581     36.92    114.24    1.141
      ilnvar                   0.152899    0.091863    0.000001    0.720523    0.031346     80.66    114.97    1.002
      ilnvar                   0.000020    0.000000    0.000001    0.000111    0.000004     29.76     33.99    1.016
      ilnvar                   0.000053    0.000000    0.000001    0.000281    0.000005     27.79     30.50    1.001
      ilnvar                   0.000151    0.000000    0.000001    0.000754    0.000006     28.76     31.56    1.044
      ilnvar                   0.256878    0.186807    0.000004    1.114816    0.058493     46.16     61.30    1.026
      ilnvar                   0.778461    0.656677    0.000072    2.362473    0.531472    987.34   1057.47    1.000
      ilnvar                   0.081103    0.027603    0.000001    0.373811    0.010935     92.82    108.99    1.001
      ilnvar                   0.000033    0.000000    0.000001    0.000162    0.000005     28.19     33.92    1.007
      ilnvar                   0.272365    0.190556    0.000001    1.121680    0.071474     38.79     69.10    1.058
      ilnvar                   0.021851    0.009268    0.000001    0.113148    0.000643     64.17     66.29    1.016
      ilnvar                   0.002266    0.000144    0.000001    0.008032    0.000051     33.93     45.09    1.032
      ilnvar                   0.000028    0.000000    0.000001    0.000135    0.000007     51.57     57.75    1.002
      ilnvar                   0.011361    0.005018    0.000001    0.024801    0.000070     45.16     77.52    1.004
      ilnvar                   0.030937    0.010996    0.000001    0.163503    0.000765     39.03     53.37    1.123
      ilnvar                   0.000058    0.000000    0.000001    0.000219    0.000006     69.38     75.22    1.003
      ilnvar                   0.000179    0.000001    0.000001    0.000819    0.000014     77.08     85.23    1.003
      ilnvar                   0.002145    0.000130    0.000001    0.007576    0.000062     40.38     41.48    1.008
      ilnvar                   0.010880    0.001641    0.000001    0.059526    0.000066     31.32     45.29    1.084
      ilnvar                   0.045515    0.021644    0.000001    0.241167    0.001388     27.59     38.75    1.014
      ilnvar                   0.000235    0.000003    0.000001    0.000302    0.000006     48.64     55.84    1.007
      ilnvar                   0.048451    0.012874    0.000001    0.234032    0.005548     82.49    116.91    1.000
      ilnvar                   0.000046    0.000000    0.000001    0.000194    0.000008     37.38     40.97    1.006
      ilnvar                   0.069462    0.055670    0.000001    0.415784    0.000202     38.13     39.14    1.009
      ilnvar                   0.244056    0.164272    0.000001    1.004281    0.066691     26.24     66.87    1.063
      ilnvar                   0.070323    0.025719    0.000001    0.351946    0.003558     46.76     58.91    1.043
      ilnvar                   0.459107    0.400857    0.000001    1.746401    0.185648     37.20     80.40    1.059
      ilnvar                   0.040359    0.022567    0.000001    0.293477    0.000184     31.65     74.88    1.051
      ilnvar                   0.000013    0.000000    0.000001    0.000046    0.000003     44.08     56.37    1.047
      ilnvar                   0.216709    0.132570    0.000001    0.956428    0.026208     28.14     35.38    1.001
      ilnvar                   0.000197    0.000000    0.000001    0.000905    0.000008     43.19     44.69    1.101
      ilnvar                   0.000019    0.000000    0.000001    0.000082    0.000004     42.91     44.17    1.016
      ilnvar                   0.000231    0.000001    0.000001    0.001239    0.000018     32.45     33.60    1.000
      ilnvar                   0.031940    0.016339    0.000001    0.188188    0.000182     39.16     41.23    1.016
      ilnvar                   0.025542    0.002693    0.000001    0.129340    0.003245     20.95     27.09    1.069
      ilnvar                   0.009479    0.001471    0.000001    0.042365    0.000265     39.42     48.59    1.004
      ilnvar                   0.022774    0.004974    0.000001    0.115101    0.000952     38.77     48.40    1.001
      ilnvar                   0.000020    0.000000    0.000001    0.000103    0.000005     28.09     49.06    1.044
      ilnvar                   0.182517    0.139511    0.000001    0.946805    0.001414     22.61     27.50    1.067
      ilnvar                   0.253814    0.130776    0.000001    0.950716    0.108653     48.53     58.50    1.050
      ilnvar                   0.061756    0.017271    0.000015    0.259566    0.018410     98.28    121.90    1.003
      ilnvar                   0.036227    0.014407    0.000001    0.241109    0.000123     41.49     48.90    1.072
      ilnvar                   0.000142    0.000000    0.000001    0.000808    0.000014     33.89     46.21    1.023
      ilnvar                   0.060031    0.019582    0.000001    0.337477    0.004655     34.36     46.74    1.048
      ilnvar                   0.001069    0.000020    0.000001    0.005405    0.000013     30.26     31.51    1.040
      ilnvar                   0.278613    0.162745    0.000073    1.022748    0.134656    107.26    117.81    1.001
      ilnvar                   0.032933    0.010351    0.000001    0.183174    0.001375     72.60     82.08    1.015
      ilnvar                   0.188802    0.245311    0.000001    1.304906    0.000117     21.34     26.28    1.226
      ilnvar                   0.289035    0.285918    0.000030    1.321425    0.059867     87.11     89.46    1.004
      ilnvar                   0.000046    0.000000    0.000001    0.000244    0.000005     44.19     54.13    1.003
      ilnvar                   0.288108    0.207400    0.000001    1.188155    0.069063     32.03     37.74    1.000
      ilnvar                   0.000052    0.000000    0.000001    0.000269    0.000005     33.73     36.36    1.021
      ilnvar                   0.071599    0.016930    0.000001    0.324118    0.018538     31.45     34.54    1.020
      ilnvar                   0.221437    0.185729    0.000001    1.107280    0.000141     31.73     40.87    1.440
      ilnvar                   0.135678    0.084534    0.000001    0.675437    0.016452     72.86     78.87    1.032
      ilnvar                   0.170171    0.071734    0.000023    0.691375    0.061189     71.99     80.13    1.001
      ilnvar                   0.029988    0.010018    0.000001    0.145604    0.002548     42.00     51.73    1.000
      ilnvar                   0.143911    0.044960    0.000045    0.543647    0.062901    106.37    122.80    1.015
      ilnvar                   0.000164    0.000001    0.000001    0.000498    0.000005     40.42     52.91    1.012
      ilnvar                   0.044098    0.011390    0.000001    0.215281    0.006309     73.62     75.65    1.023
      ilnvar                   0.000344    0.000005    0.000001    0.000535    0.000003     29.75     45.28    1.017
      ilnvar                   0.000304    0.000001    0.000001    0.001759    0.000020     33.79     52.82    1.001
      ilnvar                   0.010734    0.001739    0.000001    0.051204    0.000419     39.73     49.40    1.027
      ilnvar                   0.413286    0.250938    0.000012    1.377584    0.255337    511.94    755.78    1.000
      ilnvar                   0.000269    0.000002    0.000001    0.001027    0.000012     44.80     45.13    1.000
      ilnvar                   0.150441    0.070656    0.000002    0.659427    0.042407    126.71    133.24    1.001
      ilnvar                   0.002477    0.000144    0.000001    0.008463    0.000052     24.43     49.96    1.027
      ilnvar                   0.020475    0.004635    0.000001    0.114211    0.000356     45.04     54.85    1.002
      ilnvar                   0.000110    0.000000    0.000001    0.000415    0.000011     45.38     57.79    1.005
      ilnvar                   0.000016    0.000000    0.000001    0.000066    0.000003     54.34     59.74    1.007
      ilnvar                   0.016560    0.002909    0.000001    0.085857    0.000652     31.48     34.03    1.012
      ilnvar                   0.000054    0.000000    0.000001    0.000263    0.000006     39.00     42.19    1.001
      ilnvar                   0.853125    0.598972    0.000049    2.330073    0.679756     75.91    177.92    1.012
      ilnvar                   0.000019    0.000000    0.000001    0.000098    0.000004     58.33     62.51    1.003
      ilnvar                   0.005088    0.001016    0.000001    0.010458    0.000045     28.65     63.17    1.019
      ilnvar                   0.263477    0.211538    0.000001    1.210045    0.034424     37.57     52.95    1.006
      ilnvar                   0.098573    0.028840    0.000001    0.418791    0.025195     40.77     58.47    1.023
      ilnvar                   0.046644    0.025063    0.000001    0.277867    0.000728     44.84     50.92    1.024
      ilnvar                   0.000145    0.000000    0.000001    0.000545    0.000008     30.83     34.56    1.011
      ilnvar                   0.006712    0.001388    0.000001    0.027288    0.000038     36.05     41.92    1.043
      ilnvar                   0.000031    0.000000    0.000001    0.000121    0.000004     35.97     40.73    1.000
      ilnvar                   0.072730    0.060777    0.000001    0.484076    0.000212     34.70     40.18    1.006
      ilnvar                   0.007290    0.000793    0.000001    0.042701    0.000082     27.64     32.34    1.051
      ilnvar                   0.000977    0.000013    0.000001    0.004728    0.000041     33.40     37.47    1.011
      ilnvar                   0.005954    0.001626    0.000001    0.009745    0.000033     55.34     56.81    1.031
      ilnvar                   0.129412    0.047659    0.000003    0.537175    0.041860     52.39     52.43    1.002
      ilnvar                   0.000017    0.000000    0.000001    0.000080    0.000003     32.64     37.55    1.007
      ilnvar                   0.035665    0.011319    0.000001    0.233800    0.000486     25.31     32.21    1.001
