      alpha_symdir{1}               0.687476    0.068212    0.274707    1.140372    0.698366   2142.86   2429.70    1.000
      alpha_symdir{1}               0.685680    0.039376    0.182284    0.970587    0.691314   1177.23   1468.14    1.002
      alpha_symdir{1}               0.658637    0.040015    0.201564    0.935739    0.690342    792.74    806.12    1.003
      alpha_symdir{1}               0.705344    0.030601    0.311251    1.043044    0.698862   4161.08   4207.19    1.000
      alpha_symdir{1}               0.832326    0.042141    0.282518    1.184030    0.828654   3021.13   3084.32    1.000
      alpha_symdir{1}               1.101037    0.269419    0.257394    2.033122    1.039409    932.65   1521.16    1.002
      alpha_symdir{1}               0.899507    0.059579    0.265676    1.307619    0.895355   1407.32   1867.90    1.000
      alpha_symdir{1}               0.812972    0.125807    0.214701    1.370130    0.859297    871.76    957.77    1.000
      alpha_symdir{1}               0.568618    0.041569    0.185691    0.909393    0.580024   2418.78   2574.48    1.001
      alpha_symdir{1}               0.985567    0.105749    0.287170    1.522726    0.994903   1950.71   2101.69    1.001
      alpha_symdir{1}               0.583959    0.032427    0.089603    0.861559    0.578308    173.40    252.35    1.000
      alpha_symdir{1}               0.644525    0.134523    0.165686    1.248215    0.654635    417.46    559.18    1.000
      alpha_symdir{1}               1.900521    0.812544    0.660822    3.847047    1.690850   2115.00   2519.66    1.001
      alpha_symdir{1}               0.900457    0.333025    0.225210    2.004145    0.869184   1025.75   1148.13    1.000
      alpha_symdir{1}               0.940816    0.096080    0.328092    1.520598    0.910697   2900.62   3070.99    1.000
      alpha_symdir{1}               1.553854    0.196047    0.856447    2.422191    1.470464   3776.11   3920.35    1.000
      alpha_symdir{1}               0.940845    0.056547    0.252023    1.302708    0.950896    240.36    296.81    1.001
      alpha_symdir{1}               1.278683    0.424657    0.239628    2.553632    1.157262   1067.11   1191.15    1.002
      alpha_symdir{1}               0.846957    0.380882    0.075226    1.987924    0.717619   1435.65   1568.33    1.000
      alpha_symdir{1}               0.745349    0.248619    0.078928    1.617313    0.677473    425.53    491.23    1.020
      alpha_symdir{1}               0.625997    0.027031    0.320038    0.970499    0.600100   3798.88   3904.93    1.000
      alpha_symdir{1}               0.829431    0.150229    0.192632    1.493950    0.774132   2192.83   2209.62    1.001
      alpha_symdir{1}               0.450968    0.048294    0.227616    0.957463    0.362095   2154.01   2205.05    1.000
      alpha_symdir{1}               0.523754    0.050334    0.149637    0.866958    0.558186    906.52   1149.88    1.002
      alpha_symdir{1}               1.918430    0.356471    0.977998    3.086152    1.803276   4390.73   4521.56    1.000
      alpha_symdir{1}               0.803530    0.116981    0.221168    1.291715    0.875638    500.95    555.56    1.003
      alpha_symdir{1}               0.341761    0.047320    0.183470    0.842101    0.244091    151.47    156.85    1.003
      alpha_symdir{1}               0.907190    0.098509    0.236224    1.370678    0.937403    557.30    627.13    1.000
      alpha_symdir{1}               0.853785    0.089357    0.225420    1.309820    0.874241    861.09    929.93    1.000
      alpha_symdir{1}               0.495316    0.056460    0.191840    0.879871    0.484719    920.13    938.13    1.000
      alpha_symdir{1}               0.544306    0.014569    0.293698    0.796771    0.531282   3712.17   3770.69    1.000
      alpha_symdir{1}               1.091504    0.144383    0.502503    1.958891    1.021413   3090.97   3206.54    1.004
      alpha_symdir{1}               0.828945    0.055465    0.207273    1.208881    0.810585    915.12   1089.92    1.000
      alpha_symdir{1}               0.966047    0.282729    0.226973    1.912037    0.938982   1179.97   1322.01    1.000
      alpha_symdir{1}               0.897385    0.104518    0.239647    1.342441    0.958530    426.02    452.91    1.005
      alpha_symdir{1}               0.683720    0.244721    0.071956    1.536350    0.614313    845.81    881.93    1.002
      alpha_symdir{1}               0.549091    0.072243    0.159409    0.964841    0.603130    195.65    406.94    1.013
      alpha_symdir{1}               1.455755    0.358463    0.246905    2.543722    1.345020   1726.92   1758.34    1.001
      alpha_symdir{1}               0.629180    0.192620    0.067053    1.371663    0.588081    375.11    614.19    1.005
      alpha_symdir{1}               0.825985    0.071456    0.204536    1.253868    0.817851   1042.64   1183.42    1.000
      alpha_symdir{1}               0.438619    0.046979    0.202732    0.875672    0.331686   1347.38   1527.95    1.000
      alpha_symdir{1}               0.617420    0.075182    0.185569    1.053707    0.658899   1248.36   1272.75    1.000
      alpha_symdir{1}               0.512749    0.013958    0.300510    0.748177    0.498167   4709.30   4896.94    1.000
      alpha_symdir{1}               0.818904    0.090619    0.286829    1.352326    0.801449   2389.60   2408.99    1.000
      alpha_symdir{1}               0.754865    0.031972    0.421793    1.177858    0.731785   3667.78   3689.83    1.000
      alpha_symdir{1}               0.890744    0.166011    0.237265    1.602855    0.868382   1261.81   1712.28    1.000
      alpha_symdir{1}               0.802559    0.065904    0.329968    1.322858    0.753388   3705.67   3769.63    1.000
      alpha_symdir{1}               0.653114    0.124915    0.198100    1.216928    0.713611    403.95    452.36    1.001
      alpha_symdir{1}               0.402059    0.061376    0.206863    0.933851    0.280320    238.98    239.09    1.000
      alpha_symdir{1}               0.929222    0.061114    0.552274    1.540855    0.897293   3597.35   3653.14    1.000
      alpha_symdir{1}               0.888325    0.136695    0.232662    1.576230    0.861039   1755.75   1913.77    1.000
      alpha_symdir{1}               0.687906    0.091978    0.136845    1.204657    0.682157   1860.72   2007.25    1.001
      alpha_symdir{1}               1.266965    0.526269    0.001373    2.552739    1.170248    257.37    291.75    1.003
      alpha_symdir{1}               1.044799    0.112377    0.255196    1.640812    1.009000   1712.42   1815.29    1.002
      alpha_symdir{1}               0.730859    0.056131    0.297783    1.242521    0.699138   3118.24   3328.01    1.000
      alpha_symdir{1}               0.765581    0.053388    0.192900    1.167075    0.737357   1415.69   1789.28    1.000
      alpha_symdir{1}               0.667994    0.019400    0.232179    0.870779    0.677021   1007.84   1046.42    1.000
      alpha_symdir{1}               0.465679    0.053468    0.103130    0.794754    0.503317    513.17    551.42    1.000
      alpha_symdir{1}               0.803964    0.221224    0.227336    1.781231    0.707172    648.74    964.15    1.011
      alpha_symdir{1}               0.800847    0.032240    0.488513    1.253148    0.792215   2145.02   2161.85    1.000
      alpha_symdir{1}               0.932134    0.415597    0.004936    2.111535    0.806421    618.84    868.55    1.003
      alpha_symdir{1}               1.168673    0.167435    0.281422    1.831254    1.152372   1370.08   1488.27    1.000
      alpha_symdir{1}               0.676272    0.092141    0.176776    1.149648    0.715109   1029.88   1078.68    1.000
      alpha_symdir{1}               0.970485    0.141245    0.298795    1.631521    0.957824   1927.91   2028.93    1.000
      alpha_symdir{1}               0.662597    0.029610    0.201038    0.907350    0.684167    775.43    834.76    1.011
      alpha_symdir{1}               0.830013    0.119747    0.256125    1.362958    0.882986   1177.78   1187.45    1.000
      alpha_symdir{1}               1.403249    0.672949    0.000532    2.944099    1.241886    141.45    267.13    1.000
      alpha_symdir{1}               0.605703    0.111664    0.160105    1.124729    0.651254    408.97    427.36    1.004
      alpha_symdir{1}               0.431564    0.077520    0.180494    0.933181    0.259461    102.02    152.47    1.000
      alpha_symdir{1}               0.857465    0.104371    0.234299    1.359745    0.886852    898.31    963.82    1.001
      alpha_symdir{1}               0.549553    0.039141    0.294649    0.965549    0.504214   2091.87   2374.40    1.000
      alpha_symdir{1}               0.551856    0.084413    0.222842    1.095922    0.418767   1131.07   1131.46    1.003
      alpha_symdir{1}               1.075405    0.084838    0.615742    1.732418    1.030280   4225.39   4229.36    1.003
      alpha_symdir{1}               0.585196    0.073598    0.209031    1.074625    0.548088   1497.74   1855.27    1.001
      alpha_symdir{1}               0.469707    0.056007    0.167081    0.900026    0.394864   1636.81   1746.41    1.000
      alpha_symdir{1}               1.391253    1.038536    0.000098    3.239833    1.245375    230.17    298.03    1.001
      alpha_symdir{1}               1.129889    0.085781    0.715666    1.729522    1.072847   1250.81   1486.71    1.000
      alpha_symdir{1}               1.401969    1.182359    0.000246    3.277375    1.380701      9.58   1307.11    1.136
      alpha_symdir{1}               0.679268    0.029382    0.275256    1.008723    0.665563   3783.93   4023.93    1.000
      alpha_symdir{1}               1.336140    0.390333    0.246286    2.486826    1.240223   1788.65   1796.50    1.000
      alpha_symdir{1}               0.694261    0.067165    0.222500    1.093929    0.733241   1798.01   1813.50    1.001
      alpha_symdir{1}               1.207897    0.056857    0.774626    1.683812    1.183514   3602.95   4282.54    1.000
      alpha_symdir{1}               0.503513    0.068184    0.234955    1.063577    0.388840   1097.16   1468.75    1.000
      alpha_symdir{1}               0.774837    0.048203    0.406572    1.295996    0.746916    989.30   2049.78    1.000
      alpha_symdir{1}               1.883572    0.792524    0.608270    3.820010    1.676743   1321.75   1552.95    1.000
      alpha_symdir{1}               0.621142    0.066128    0.201189    0.972574    0.699032    314.26    336.26    1.001
      alpha_symdir{1}               0.446455    0.084251    0.176478    0.995379    0.287308    568.15    584.07    1.004
      alpha_symdir{1}               0.704808    0.120677    0.198972    1.392861    0.664852   1922.92   2132.94    1.000
      alpha_symdir{1}               0.609966    0.172895    0.069078    1.290370    0.582576    359.16    493.63    1.000
      alpha_symdir{1}               1.186444    0.163658    0.259764    1.896838    1.138332   1503.35   1773.91    1.000
      alpha_symdir{1}               0.972230    0.049141    0.610125    1.450798    0.951646   2662.80   2899.88    1.000
      alpha_symdir{1}               1.093040    0.205723    0.215480    1.901386    1.008596   1789.37   1989.28    1.000
      alpha_symdir{1}               0.822121    0.041526    0.231874    1.153953    0.817905   1049.28   1138.60    1.006
      alpha_symdir{1}               1.318818    0.468957    0.231406    2.559871    1.213684   1741.95   1798.62    1.000
      alpha_symdir{1}               1.221732    0.064598    0.775435    1.729441    1.187603   5044.17   5265.29    1.001
      alpha_symdir{1}               0.520033    0.062286    0.194818    0.856295    0.626150     83.23    134.88    1.019
      alpha_symdir{1}               0.457827    0.031978    0.088849    0.772253    0.445177    926.50    967.77    1.004
      alpha_symdir{1}               1.152388    0.278827    0.231615    2.151410    1.066576   2012.82   2052.11    1.001
      alpha_symdir{1}               0.692209    0.041733    0.265159    1.070903    0.682326   3371.00   3609.78    1.000
      alpha_symdir{1}               0.857838    0.143816    0.226098    1.429595    0.924491    479.57    626.03    1.000
