      age{all}[0]                   0.972816    0.002780    0.879782    1.083099    0.967795    1.014    2
      age{all}[0]                   0.975283    0.000310    0.954717    1.009960    0.970772    1.000    2
      age{all}[0]                   1.018390    0.001339    0.950375    1.091530    1.014573    1.010    2
      age{all}[0]                   1.016537    0.001834    0.938534    1.105138    1.012785    1.001    2
      age{all}[0]                   1.034341    0.001439    0.959188    1.106995    1.031130    1.014    2
      age{all}[0]                  0.999576    0.001760    0.921670    1.080446    0.994739    1.004    2
      age{all}[0]                   1.006242    0.000746    0.958705    1.062616    1.003444    1.005    2
      age{all}[0]                  0.760650    0.000934    0.723507    0.818978    0.753621    1.006    2
      age{all}[0]                  1.046317    0.002622    0.954169    1.148197    1.040442    1.001    2
      age{all}[0]                   1.005337    0.002025    0.926321    1.098116    1.000037    1.003    2
      age{all}[0]                   0.954615    0.001014    0.896274    1.018349    0.950919    1.000    2
      age{all}[0]                  0.930383    0.009059    0.831193    1.126277    0.900755    1.004    2
      age{all}[0]                  0.922938    0.002840    0.857039    1.026413    0.910651    1.000    2
      age{all}[0]                  0.886984    0.002656    0.801501    0.989114    0.878675    1.000    2
      age{all}[0]                   1.045299    0.002612    0.951120    1.147064    1.040877    1.002    2
      age{all}[0]                   0.988025    0.001094    0.925924    1.053792    0.985868    1.006    2
      age{all}[0]                   1.122970    0.002692    1.028562    1.227752    1.118939    1.004    2
      age{all}[0]                  1.012289    0.005898    0.875906    1.164134    1.003385    1.000    2
      age{all}[0]                  0.845036    0.019465    0.616924    1.120872    0.821310    1.000    2
      age{all}[0]                  0.993059    0.001262    0.951794    1.062836    0.983831    1.006    2
      age{all}[0]                   0.936121    0.001155    0.879135    0.999611    0.931089    1.000    2
      age{all}[0]                  1.049459    0.001873    0.979267    1.129892    1.042531    1.000    2
      age{all}[0]                  0.884946    0.003175    0.777787    0.994165    0.878988    1.000    2
      age{all}[0]                  0.931413    0.002267    0.859175    1.024326    0.921831    1.002    2
      age{all}[0]                   0.947030    0.001039    0.898851    1.007367    0.941428    1.001    2
      age{all}[0]                  0.945557    0.005396    0.809315    1.091809    0.940336    1.022    2
      age{all}[0]                   0.993569    0.003809    0.883808    1.121390    0.987787    1.000    2
      age{all}[0]                   0.901897    0.001450    0.834529    0.972027    0.897093    1.002    2
      age{all}[0]                  0.827166    0.001717    0.754101    0.912450    0.822574    1.002    2
      age{all}[0]                   1.037784    0.005801    0.903711    1.192684    1.028757    1.004    2
      age{all}[0]                   0.981544    0.002345    0.891130    1.077453    0.977609    1.053    2
      age{all}[0]                   0.958550    0.000981    0.914807    1.018061    0.952501    1.007    2
      age{all}[0]                   1.056313    0.001447    0.986813    1.136007    1.051492    1.000    2
      age{all}[0]                  1.077143    0.012199    0.970761    1.293998    1.045347    1.031    2
      age{all}[0]                   0.950461    0.000797    0.900726    1.007307    0.947153    1.004    2
      age{all}[0]                  1.043455    0.002489    0.954711    1.143439    1.037196    1.000    2
      age{all}[0]                  0.923248    0.006275    0.767441    1.072457    0.915482    1.049    2
      age{all}[0]                  0.927317    0.000932    0.873023    0.982425    0.923729    1.008    2
      age{all}[0]                  1.015180    0.001758    0.965594    1.098983    1.004565    1.012    2
      age{all}[0]                  1.052561    0.002093    0.969025    1.145458    1.048892    1.013    2
      age{all}[0]                   0.976233    0.002495    0.889989    1.080296    0.971193    1.002    2
      age{all}[0]                  0.937449    0.003157    0.835017    1.049712    0.933207    1.011    2
      age{all}[0]                   0.903245    0.003971    0.779278    1.026647    0.899707    1.070    2
      age{all}[0]                   0.988619    0.001692    0.913724    1.072563    0.985207    1.003    2
      age{all}[0]                   1.036499    0.001524    0.966115    1.114815    1.031676    1.000    2
      age{all}[0]                  1.045111    0.002434    0.957010    1.142720    1.039044    1.004    2
      age{all}[0]                   1.000253    0.002120    0.915573    1.090919    0.995358    1.010    2
      age{all}[0]                  0.973459    0.002154    0.915298    1.064081    0.962632    1.000    2
      age{all}[0]                   1.001316    0.001250    0.948178    1.070015    0.994975    1.001    2
      age{all}[0]                   0.996511    0.001181    0.943407    1.062759    0.990329    1.003    2
      age{all}[0]                  0.998594    0.002015    0.913991    1.086176    0.993578    1.000    2
      age{all}[0]                  0.995421    0.006611    0.842610    1.147135    0.988862    1.000    2
      age{all}[0]                  0.862575    0.001211    0.827726    0.929240    0.852633    1.000    2
      age{all}[0]                  0.903925    0.002229    0.821157    1.000034    0.898975    1.002    2
      age{all}[0]                  0.961370    0.001160    0.900139    1.028248    0.957368    1.000    2
      age{all}[0]                  1.011125    0.001685    0.966033    1.091350    0.999930    1.001    2
      age{all}[0]                   1.029662    0.001492    0.961034    1.108082    1.025189    1.007    2
      age{all}[0]                  0.988299    0.006454    0.855825    1.141137    0.975703    1.002    2
      age{all}[0]                  0.970478    0.002481    0.880841    1.070223    0.965058    1.027    2
      age{all}[0]                   0.975615    0.000725    0.932268    1.027952    0.970832    1.002    2
      age{all}[0]                  0.989552    0.001197    0.956540    1.053215    0.979210    1.001    2
      age{all}[0]                   1.015444    0.002779    0.918065    1.119654    1.010509    1.019    2
      age{all}[0]                  1.175937    0.004309    1.055426    1.303230    1.170784    1.000    2
      age{all}[0]                   1.132917    0.005779    0.992255    1.282230    1.123524    1.003    2
      age{all}[0]                   0.986955    0.002578    0.898760    1.081772    0.979877    1.052    2
      age{all}[0]                   0.971217    0.001934    0.892584    1.061295    0.966664    1.000    2
      age{all}[0]                  0.901373    0.005890    0.760983    1.062190    0.896323    1.007    2
      age{all}[0]                  0.931122    0.001051    0.877634    0.993861    0.926125    1.012    2
      age{all}[0]                  1.048550    0.006530    0.895469    1.207122    1.042390    1.000    2
      age{all}[0]                  0.979577    0.001646    0.906086    1.060569    0.974601    1.008    2
      age{all}[0]                   1.001895    0.001465    0.930138    1.076456    0.999395    1.003    2
      age{all}[0]                  1.017820    0.003233    0.914302    1.131349    1.011325    1.009    2
      age{all}[0]                   0.993422    0.002027    0.906752    1.081480    0.989524    1.030    2
      age{all}[0]                  0.922767    0.002908    0.836718    1.022268    0.915807    1.011    2
      age{all}[0]                  1.068870    0.002808    0.973895    1.175680    1.063553    1.002    2
      age{all}[0]                  0.896845    0.009170    0.792186    1.080512    0.871326    1.000    2
      age{all}[0]                   1.041487    0.002245    0.958614    1.135549    1.034826    1.003    2
      age{all}[0]                  1.010928    0.002945    0.909842    1.121104    1.005173    1.000    2
      age{all}[0]                   1.046284    0.001984    0.967489    1.139975    1.041529    1.003    2
      age{all}[0]                  0.989559    0.003430    0.884673    1.108476    0.983660    1.000    2
      age{all}[0]                   0.960997    0.004525    0.842274    1.103383    0.953091    1.009    2
      age{all}[0]                   0.931723    0.002052    0.844014    1.019904    0.928313    1.000    2
      age{all}[0]                   0.954725    0.000714    0.925963    1.007489    0.947377    1.000    2
      age{all}[0]                   0.836738    0.002792    0.738701    0.943056    0.831877    1.006    2
      age{all}[0]                  1.026650    0.004224    0.904202    1.162798    1.023449    1.006    2
      age{all}[0]                   1.065520    0.003624    0.953280    1.186845    1.058661    1.002    2
      age{all}[0]                  0.738779    0.004756    0.605731    0.866916    0.734684    1.042    2
      age{all}[0]                  0.969784    0.003742    0.905155    1.098054    0.949872    1.004    2
      age{all}[0]                  0.949569    0.001632    0.874402    1.028748    0.945063    1.002    2
      age{all}[0]                  0.992811    0.007507    0.827963    1.157730    0.986448    1.002    2
      age{all}[0]                   1.032951    0.001858    0.956293    1.120680    1.028679    1.000    2
      age{all}[0]                   0.948270    0.001490    0.902820    1.025016    0.938731    1.003    2
      age{all}[0]                   0.988422    0.002176    0.903760    1.075965    0.982689    1.009    2
      age{all}[0]                  0.983832    0.005999    0.839991    1.128782    0.977242    1.007    2
      age{all}[0]                   0.971274    0.001779    0.893874    1.058679    0.967435    1.000    2
      age{all}[0]                   1.040923    0.001512    0.971091    1.119923    1.037229    1.003    2
      age{all}[0]                  1.024489    0.001355    0.957468    1.099059    1.021009    1.009    2
      age{all}[0]                  1.026689    0.001334    0.962773    1.094463    1.021343    1.009    2
      age{all}[0]                   0.959072    0.004563    0.832850    1.097359    0.953064    1.000    2
      age{all}[0]                  0.956681    0.005555    0.819980    1.105893    0.949410    1.000    2
