      TL          8.209537    0.130740    7.506230    8.919917    8.201195   7688.70   8829.74    1.000
      TL          7.541554    0.135114    6.831367    8.268619    7.529843   6108.72   6519.63    1.000
      TL          8.198186    0.122020    7.510251    8.877660    8.190150   8832.82  10994.41    1.000
      TL          8.205872    0.129934    7.517912    8.928857    8.196925   7603.22   8916.00    1.000
      TL          7.851579    0.130849    7.144392    8.561220    7.842089   8676.66   9211.65    1.000
      TL          5.842965    0.177854    5.028559    6.674908    5.818823   5029.37   5309.23    1.000
      TL          7.531254    0.126306    6.850975    8.234085    7.521044   8078.38   8994.81    1.000
      TL          5.087839    0.129368    4.399529    5.800232    5.071983  12726.31  12937.55    1.000
      TL          6.904762    0.129995    6.204555    7.611520    6.894586  13699.38  15245.11    1.000
      TL          8.480471    0.149463    7.727057    9.235902    8.470944   4330.08   4899.75    1.000
      TL          7.539400    0.124000    6.866111    8.243420    7.526966  11037.24  12483.39    1.000
      TL          3.591514    0.118109    2.938319    4.269737    3.567671  10229.86  10761.54    1.000
      TL          5.067792    0.111840    4.427669    5.729582    5.052797  14061.16  14629.98    1.000
      TL          3.382328    0.074979    2.873242    3.939756    3.368241   6019.49   6267.40    1.000
      TL          9.108663    0.151632    8.351475    9.875737    9.100548   8862.70   9464.71    1.000
      TL          9.240502    0.160102    8.469621   10.034250    9.230343   7458.21   8316.68    1.000
      TL          7.864517    0.118445    7.201449    8.548309    7.855394  10763.47  11155.52    1.000
      TL          5.001104    0.141982    4.278817    5.740127    4.978785   8868.63   9027.34    1.000
      TL          2.723892    0.224755    1.867082    3.664227    2.668936  17147.06  17614.99    1.000
      TL          3.908793    0.102438    3.309389    4.556979    3.892479  10967.14  12340.50    1.000
      TL          7.679301    0.100245    7.077656    8.321782    7.671902  16920.15  17571.22    1.000
      TL          4.835415    0.091507    4.254294    5.436746    4.824507  14368.27  15226.72    1.000
      TL          7.029646    0.143604    6.315649    7.793439    7.014234   9241.66   9618.31    1.000
      TL          5.197483    0.080841    4.635786    5.755844    5.189904  18534.53  19047.23    1.000
      TL          6.996238    0.104440    6.377380    7.639152    6.988268  13233.36  13344.79    1.000
      TL          7.648602    0.210137    6.782700    8.568190    7.626383   4957.86   5875.02    1.000
      TL          7.770657    0.149425    7.031820    8.541002    7.756742  11936.22  12608.33    1.000
      TL          6.390285    0.095557    5.803766    7.011586    6.382905  14002.42  14860.95    1.000
      TL          5.820357    0.104974    5.185631    6.455232    5.809461  13052.59  14511.02    1.000
      TL          5.931487    0.079849    5.399606    6.504078    5.924239  14878.95  15308.27    1.000
      TL          7.418374    0.131102    6.720654    8.136211    7.405628   4340.46   4609.89    1.000
      TL          7.316293    0.122117    6.647278    8.017242    7.306386  10368.18  10546.24    1.000
      TL          6.683784    0.100322    6.074958    7.316437    6.675284  14850.79  15332.70    1.000
      TL          3.917929    0.089492    3.339841    4.505867    3.902562  15739.42  16028.06    1.000
      TL          7.525399    0.106012    6.904517    8.179721    7.517341  11951.61  12219.80    1.000
      TL          4.289953    0.109375    3.666832    4.955712    4.272635   8586.62   9050.11    1.000
      TL          5.323398    0.105011    4.702554    5.971750    5.310935  13567.81  13607.28    1.000
      TL          3.156280    0.060176    2.696818    3.651243    3.144465   6571.91   6877.18    1.000
      TL          4.416183    0.086272    3.847009    4.992391    4.404830  19440.68  20017.16    1.000
      TL          5.393734    0.116119    4.737605    6.071941    5.379907  11310.37  11423.96    1.000
      TL          8.267091    0.130428    7.546849    8.962781    8.257815  10344.66  11746.09    1.000
      TL          5.852500    0.104044    5.234123    6.494405    5.841194   6873.56   6878.99    1.000
      TL          8.326473    0.131679    7.616854    9.038671    8.316519   1439.99   3244.69    1.001
      TL          8.789577    0.145322    8.040257    9.536083    8.781421   9622.44   9983.44    1.000
      TL          7.778150    0.141182    7.050922    8.515710    7.765246   6092.82   6837.12    1.000
      TL          5.150178    0.089289    4.573705    5.743042    5.139594  13438.73  13781.45    1.000
      TL          5.710941    0.074117    5.184416    6.249058    5.705464  14576.67  14668.98    1.000
      TL          4.844299    0.115918    4.180170    5.510436    4.828825   7904.06   8006.97    1.000
      TL          6.919989    0.118094    6.252491    7.591854    6.910178   5483.59   5812.17    1.000
      TL          6.679302    0.086528    6.110024    7.264465    6.672663  11830.69  12079.62    1.000
      TL          5.304878    0.137538    4.586761    6.033287    5.285957   5916.66   6169.09    1.000
      TL          4.768347    0.132669    4.073514    5.492280    4.746948  12237.92  13409.61    1.000
      TL          3.782167    0.079634    3.232547    4.332786    3.769562  16340.96  16434.03    1.000
      TL          6.938856    0.125298    6.247944    7.630550    6.927638  14584.43  14818.80    1.000
      TL          6.996382    0.137395    6.292147    7.739369    6.985764  11555.86  12205.79    1.000
      TL          5.876556    0.087463    5.325227    6.483391    5.866889  13236.32  13949.09    1.000
      TL          9.189978    0.158743    8.428172    9.983269    9.177962  11421.58  11549.09    1.000
      TL          5.151749    0.089358    4.578647    5.743497    5.140099  13790.32  16528.64    1.000
      TL          5.897738    0.174263    5.125749    6.750158    5.874454   7363.40   8470.20    1.000
      TL          6.666754    0.098951    6.045242    7.277129    6.657949  14505.01  14866.94    1.000
      TL          3.302851    0.094925    2.720868    3.915755    3.284466  10463.10  10511.56    1.000
      TL          7.103378    0.113253    6.445596    7.759841    7.095304   9669.86   9874.77    1.000
      TL          4.793370    0.081173    4.249484    5.363158    4.784780  19034.18  19916.67    1.000
      TL          9.359891    0.150794    8.607716   10.127690    9.351221  11136.52  11366.63    1.000
      TL          8.139492    0.127072    7.438057    8.832144    8.130565   8266.47   9477.06    1.000
      TL          8.512511    0.163479    7.728809    9.308014    8.500539   7335.48   7527.21    1.000
      TL          4.741271    0.136761    4.027570    5.474150    4.722222  16079.41  17037.14    1.000
      TL          4.681758    0.095012    4.102843    5.307637    4.668957  11663.98  12720.05    1.000
      TL          6.090126    0.118468    5.425453    6.766343    6.078468  15815.39  15948.59    1.000
      TL          6.091782    0.098615    5.478931    6.708837    6.082100  17727.68  17943.16    1.000
      TL          6.844182    0.102822    6.232820    7.491367    6.835290  16883.38  17580.05    1.000
      TL          6.662512    0.126590    5.981696    7.370606    6.651583  13763.41  14162.31    1.000
      TL          8.723987    0.170004    7.929165    9.535402    8.710073   4472.44   6416.42    1.000
      TL          5.710854    0.139131    5.001007    6.454986    5.694052   8428.88   9131.83    1.000
      TL          5.642496    0.145556    4.911920    6.395950    5.626196   6264.90   6371.94    1.000
      TL          3.116708    0.320947    2.108275    4.237246    3.052045  17349.18  17630.31    1.000
      TL          8.454653    0.160938    7.682916    9.243636    8.442607  12353.45  12792.06    1.000
      TL          3.866579    0.102651    3.252405    4.500653    3.850099  16965.77  17171.73    1.000
      TL          8.017426    0.152914    7.269626    8.799048    8.001798   2727.46   5018.30    1.000
      TL          4.769505    0.122462    4.091712    5.456876    4.756229  14534.51  15075.86    1.000
      TL          7.703317    0.138249    6.990719    8.446584    7.693298   6971.21   7708.39    1.000
      TL          8.973975    0.163085    8.198112    9.782183    8.963271   5656.14   6585.14    1.000
      TL          7.412227    0.129925    6.726894    8.136468    7.399960   4863.04   5172.93    1.000
      TL          6.798559    0.112160    6.159766    7.471282    6.788738   3083.24   4316.14    1.000
      TL          5.295110    0.132340    4.589214    6.010209    5.278884  15254.19  15310.68    1.000
      TL          7.531908    0.124873    6.850562    8.238522    7.520836  10328.10  11372.11    1.000
      TL          6.130907    0.136592    5.403441    6.848372    6.116230   4814.89   4924.70    1.000
      TL          5.410227    0.113464    4.773804    6.088441    5.397174  15594.44  16332.57    1.000
      TL          4.947458    0.092881    4.358391    5.549315    4.936611  12303.16  12653.60    1.000
      TL          6.632109    0.167602    5.849934    7.449505    6.615072  15417.53  15969.97    1.000
      TL          8.723201    0.167516    7.955573    9.560881    8.711657   8339.83   8617.44    1.000
      TL          8.391118    0.162449    7.621563    9.199188    8.378456   7988.39   8082.72    1.000
      TL         10.182373    0.214459    9.286620   11.096720   10.167020   4481.37   4854.06    1.000
      TL          4.848941    0.175506    4.052272    5.675606    4.822803  14479.04  15261.29    1.000
      TL          8.248201    0.124260    7.565013    8.942217    8.241772  14582.91  15835.41    1.000
      TL          9.382778    0.163370    8.593211   10.178510    9.373195   7214.51   7629.07    1.000
      TL          4.259389    0.061640    3.766337    4.740203    4.253422  19480.66  19492.08    1.000
      TL          4.898400    0.076624    4.355954    5.436727    4.889864   6283.37  12649.63    1.000
      TL          8.009048    0.138346    7.285523    8.740500    7.997131  11551.01  12059.79    1.000
      TL          6.096801    0.100746    5.476202    6.718778    6.086561   9251.20   9777.77    1.000
