      TL             5.995120    0.112531    5.338462    6.655494    5.985624   3201.13   3398.06    1.000
      TL             6.561270    0.265093    5.637472    7.632271    6.510060   1318.97   1429.89    1.001
      TL             6.187384    0.096448    5.572953    6.795936    6.181829   6803.84   7067.02    1.000
      TL             6.650975    0.125038    5.967245    7.348823    6.641145   1695.25   2175.18    1.000
      TL             6.819794    0.186936    6.000025    7.683703    6.807387   1238.83   1323.69    1.000
      TL             4.283754    0.211733    3.425543    5.186446    4.250159   1824.97   1832.97    1.000
      TL             5.900922    0.106934    5.262472    6.539564    5.891923   2537.74   2640.55    1.000
      TL             3.446752    0.078361    2.921741    4.014321    3.431547   4545.82   4616.39    1.000
      TL             4.896418    0.106975    4.280875    5.560792    4.883062   5454.59   5649.52    1.000
      TL             6.993701    0.152281    6.262650    7.788127    6.977557   2637.98   2819.30    1.001
      TL             6.048645    0.155963    5.308802    6.856604    6.028194   2491.97   2679.82    1.000
      TL             2.756426    0.063157    2.275477    3.254114    2.741327   4357.95   4740.77    1.000
      TL             4.339356    0.115533    3.705623    5.023957    4.317055   3757.06   3970.17    1.000
      TL             3.158183    0.098901    2.546463    3.769580    3.146828   1938.98   2060.70    1.000
      TL             7.930202    0.319173    6.877525    9.048575    7.896453    745.07    875.83    1.000
      TL             6.683205    0.131679    5.988821    7.402056    6.673485   3454.90   4005.59    1.000
      TL             6.212656    0.114080    5.571924    6.897766    6.204002   2993.29   3021.98    1.000
      TL             3.593397    0.077179    3.056765    4.138355    3.578044   6144.85   6268.32    1.000
      TL             2.433365    0.139370    1.754843    3.170170    2.387206   6520.92   7013.85    1.000
      TL             3.223981    0.090619    2.658153    3.819877    3.204353   6998.17   7597.47    1.000
      TL             7.138560    0.166330    6.370583    7.967884    7.116084   2159.93   2294.22    1.000
      TL             4.678418    0.166813    3.914552    5.492112    4.646985   3137.37   3295.13    1.000
      TL             4.951555    0.123222    4.289780    5.659950    4.935808   3458.73   3501.21    1.000
      TL             4.709818    0.149334    3.978622    5.492810    4.697762   3687.52   3832.02    1.000
      TL             5.801631    0.137250    5.108968    6.551802    5.784311   2724.12   2767.13    1.000
      TL             5.358158    0.259424    4.394484    6.369835    5.343294    860.40   1268.51    1.000
      TL             6.774310    0.256311    5.853944    7.829072    6.750138   1584.97   1616.00    1.000
      TL             5.680835    0.115166    5.011999    6.335747    5.668123   2328.34   3065.06    1.001
      TL             4.654608    0.120115    4.010714    5.359844    4.633217   3016.83   3248.50    1.000
      TL             4.785482    0.074721    4.273764    5.339666    4.779124   6090.27   6154.30    1.000
      TL             6.322572    0.138741    5.594129    7.057053    6.309924   2674.31   2682.07    1.000
      TL             5.982178    0.144307    5.238194    6.708185    5.963947   2722.93   3132.92    1.000
      TL             5.702017    0.128219    5.001992    6.401323    5.688469   3159.08   3438.58    1.000
      TL             2.687081    0.060917    2.222603    3.178053    2.670429   4598.64   4903.04    1.000
      TL             6.363341    0.136496    5.643274    7.081350    6.354130   2479.34   2724.61    1.000
      TL             3.296424    0.059426    2.832958    3.786321    3.284272   4419.74   4613.87    1.000
      TL             4.225341    0.081038    3.684858    4.794241    4.214459   5311.67   5588.02    1.000
      TL             2.648941    0.041636    2.257820    3.054881    2.641975   6892.98   7253.36    1.000
      TL             3.719768    0.072552    3.197188    4.250504    3.706404   5936.60   6461.90    1.000
      TL             4.783097    0.109517    4.155077    5.441345    4.763847   4044.52   4542.75    1.000
      TL             7.226132    0.251387    6.276569    8.229793    7.184777    700.11    721.32    1.000
      TL             4.329243    0.073740    3.792429    4.855092    4.319831   4360.92   4767.79    1.000
      TL             6.696341    0.154349    5.932127    7.472570    6.677684   1296.36   1505.10    1.000
      TL             6.932885    0.540546    5.674629    8.223486    6.897658    381.10    418.50    1.002
      TL             7.082490    0.327609    6.002331    8.205895    7.071845   1007.53   1086.03    1.000
      TL             4.451169    0.097192    3.857742    5.068864    4.438206   4790.64   4965.58    1.000
      TL             6.117608    0.235728    5.248743    7.078735    6.092009    346.36    385.02    1.002
      TL             3.479039    0.100652    2.891933    4.119818    3.459833   2021.52   2265.09    1.000
      TL             6.005426    0.157186    5.247024    6.789793    5.980612   2815.69   3121.74    1.000
      TL             5.642152    0.114507    4.997784    6.308682    5.631210   2010.87   2012.02    1.001
      TL             4.066287    0.098290    3.455340    4.683573    4.050585   3862.93   4156.43    1.000
      TL             3.619505    0.080317    3.096944    4.204289    3.605406   6190.55   6432.36    1.000
      TL             3.513276    0.102355    2.926371    4.167039    3.494182   2538.80   2970.41    1.000
      TL             5.002344    0.100982    4.397509    5.644463    4.989846   4816.18   4823.22    1.000
      TL             5.860699    0.216113    4.974226    6.793576    5.842518     42.05   1259.67    1.008
      TL             4.307255    0.058785    3.832852    4.779491    4.302113   8257.67   9429.64    1.000
      TL             7.536864    0.136060    6.818368    8.257789    7.525117   4146.96   4305.08    1.000
      TL             3.619545    0.057327    3.165613    4.104888    3.612634   7629.25   7910.97    1.000
      TL             3.821823    0.113666    3.171488    4.490998    3.804712   4093.01   4227.77    1.000
      TL             5.231737    0.097475    4.623146    5.837906    5.222877   3603.23   3980.08    1.001
      TL             2.320481    0.035201    1.959440    2.693883    2.311337   9221.09   9516.98    1.000
      TL             5.907924    0.149013    5.194081    6.689016    5.881997   1943.53   2122.71    1.000
      TL             3.539857    0.055880    3.084906    4.008684    3.534060   9254.09   9539.24    1.000
      TL             6.188761    0.133866    5.481429    6.909145    6.176758   1421.96   1567.75    1.000
      TL             6.738664    0.215051    5.862549    7.662357    6.716059    987.68   1110.11    1.000
      TL             8.307755    0.380757    7.069347    9.519304    8.314368    387.25    414.84    1.001
      TL             3.177302    0.079781    2.649413    3.741066    3.161098   6334.09   6376.09    1.000
      TL             4.238617    0.111777    3.601424    4.899542    4.219135   5837.01   5964.69    1.000
      TL             4.659266    0.141238    3.939385    5.399668    4.637199   3091.56   3120.79    1.000
      TL             4.821695    0.237824    3.949070    5.818061    4.774892   1465.86   1774.12    1.000
      TL             5.942547    0.109770    5.281801    6.581044    5.929972   4433.38   5090.50    1.000
      TL             5.239352    0.153844    4.483876    6.010053    5.215771   3749.30   3756.28    1.000
      TL             6.080363    0.175162    5.272637    6.907019    6.048829     39.26    229.25    1.006
      TL             4.211279    0.093364    3.636646    4.825332    4.194129   3719.22   4183.15    1.000
      TL             3.764626    0.083384    3.212496    4.343903    3.752375   5039.76   5120.62    1.000
      TL             1.539176    0.042239    1.155037    1.954950    1.524363    117.98    255.83    1.002
      TL             6.994297    0.202994    6.122557    7.886647    6.978224   1621.34   1850.15    1.001
      TL             2.803749    0.040406    2.427719    3.214423    2.796937  11984.12  13116.74    1.000
      TL             5.664957    0.127019    4.987207    6.374686    5.647758   3539.09   3612.88    1.000
      TL             3.897511    0.150276    3.180752    4.674346    3.863636   3307.39   3402.89    1.000
      TL             6.552000    0.217591    5.667823    7.480650    6.536957   1508.11   1606.19    1.000
      TL             7.012705    0.126529    6.324266    7.709162    7.000620   3191.24   3688.37    1.000
      TL             5.257101    0.087445    4.681299    5.838778    5.250217   4953.68   5441.67    1.000
      TL             5.114154    0.093097    4.522281    5.714464    5.101153   3287.71   3592.23    1.000
      TL             3.993233    0.136355    3.311027    4.738560    3.967850   2102.16   2367.86    1.000
      TL             5.646955    0.100371    5.055469    6.297443    5.636633   4881.13   5257.96    1.000
      TL             4.948234    0.135816    4.238367    5.661315    4.931237   1215.87   1310.19    1.000
      TL             3.751072    0.078570    3.216110    4.315067    3.738162   4693.90   5057.89    1.000
      TL             4.170308    0.079971    3.638047    4.738722    4.159063   6877.49   6985.34    1.000
      TL             4.556825    0.085699    3.994649    5.139589    4.547613   7953.03   8189.69    1.000
      TL             5.566389    0.107298    4.926490    6.203924    5.554089   4986.76   4993.74    1.000
      TL             5.703098    0.137583    4.971789    6.424444    5.688903   3383.72   3612.47    1.000
      TL             8.048449    0.244954    7.117119    9.020778    8.014118    984.53   1029.11    1.000
      TL             3.393293    0.074674    2.866792    3.931176    3.380508   7246.67   7981.29    1.000
      TL             6.494127    0.232175    5.606041    7.463460    6.462429   1402.91   1566.90    1.000
      TL             7.334105    0.165477    6.569333    8.162029    7.320474   2866.64   3023.41    1.000
      TL             4.364656    0.086602    3.809049    4.956791    4.354494   5200.70   5272.70    1.000
      TL             3.781307    0.070601    3.265221    4.304576    3.771072   5461.74   6109.76    1.000
      TL             6.122020    0.137296    5.419248    6.857682    6.107469   1907.03   2080.81    1.000
      TL             6.431041    0.221894    5.554258    7.376350    6.406357   2038.09   2150.67    1.000
