      clockrate                0.776660    0.003300    0.668535    0.890813    0.773366    228.52    256.43    1.000
      clockrate                0.885000    0.007079    0.731069    1.055974    0.877779    197.33    244.92    1.009
      clockrate                0.784184    0.003227    0.678072    0.896019    0.780196    154.79    170.53    1.008
      clockrate                0.784614    0.002722    0.684528    0.887150    0.781877     69.08    128.45    1.005
      clockrate                0.770817    0.002304    0.679296    0.867661    0.768962    332.23    340.81    1.004
      clockrate                0.793561    0.006206    0.645774    0.953619    0.787579    502.15    513.65    1.002
      clockrate                0.798708    0.002756    0.695210    0.900163    0.796015    210.46    233.14    1.007
      clockrate                1.187826    0.040400    0.836140    1.588162    1.156467    187.25    196.52    1.005
      clockrate                0.782649    0.004496    0.656765    0.917600    0.778732    554.96    595.46    1.002
      clockrate                0.850124    0.003058    0.747602    0.962436    0.847226     86.73    287.51    1.000
      clockrate                0.783746    0.002180    0.694862    0.876250    0.781953    181.47    202.86    1.003
      clockrate                0.791164    0.034130    0.493669    1.152225    0.764566    235.14    298.64    1.001
      clockrate                0.833006    0.016893    0.604147    1.103143    0.815398    136.23    160.80    1.008
      clockrate                0.862378    0.036993    0.577277    1.255498    0.821524     39.87    103.00    1.018
      clockrate                0.808956    0.005765    0.668007    0.961746    0.803442     41.05     94.14    1.052
      clockrate                0.821958    0.003936    0.705997    0.947995    0.814894     49.86     59.68    1.114
      clockrate                0.716368    0.002262    0.626782    0.813623    0.714270    485.55    609.91    1.001
      clockrate                0.780065    0.014062    0.575592    1.018695    0.764256    185.58    235.54    1.000
      clockrate                0.914495    0.087906    0.439044    1.512949    0.862977    232.24    265.43    1.005
      clockrate                0.925710    0.018997    0.689894    1.193070    0.907487    471.77    477.74    1.000
      clockrate                0.880016    0.003486    0.766168    0.997514    0.876987    110.18    121.76    1.002
      clockrate                0.764566    0.004146    0.641694    0.893399    0.760569    536.38    591.01    1.001
      clockrate                0.988754    0.009908    0.803321    1.191053    0.980779     77.18    167.53    1.002
      clockrate                0.824732    0.013217    0.629157    1.067365    0.809676     60.45     99.59    1.007
      clockrate                0.884184    0.004133    0.760660    1.012476    0.880506     54.58     69.94    1.000
      clockrate                0.839575    0.006710    0.689463    1.008961    0.832853    141.82    263.29    1.034
      clockrate                0.907317    0.013856    0.704473    1.143988    0.892202     40.83     67.86    1.005
      clockrate                0.746073    0.004423    0.620635    0.878115    0.741151     31.92     92.75    1.003
      clockrate                0.828893    0.007241    0.672144    1.003803    0.819535     95.52    124.10    1.001
      clockrate                0.770537    0.002889    0.665969    0.874353    0.766996    171.56    425.82    1.001
      clockrate                0.837717    0.005239    0.702649    0.983534    0.832481     72.74    139.30    1.001
      clockrate                0.756761    0.003069    0.647235    0.865390    0.755289     71.53    151.01    1.003
      clockrate                0.787650    0.006435    0.654417    0.956042    0.773253     17.26     26.56    1.204
      clockrate                0.801523    0.011924    0.598478    1.011786    0.790881    239.63    306.41    1.004
      clockrate                0.821010    0.002904    0.719645    0.930366    0.817288     44.18     74.15    1.044
      clockrate                0.781370    0.007926    0.624075    0.961722    0.771582    132.41    205.97    1.002
      clockrate                0.820582    0.008572    0.657171    1.007569    0.809535     72.59     86.50    1.000
      clockrate                0.648038    0.004944    0.513932    0.787323    0.642298    528.16    563.04    1.001
      clockrate                0.866475    0.018952    0.640472    1.141532    0.841682     90.67    107.70    1.008
      clockrate                0.726787    0.004316    0.604349    0.860619    0.722237    298.12    322.61    1.000
      clockrate                0.761194    0.002202    0.670805    0.854485    0.759231     60.75    164.53    1.002
      clockrate                0.873434    0.010180    0.700081    1.087889    0.859131    137.58    161.28    1.028
      clockrate                0.744899    0.003317    0.631870    0.857829    0.742214     65.30    229.76    1.012
      clockrate                0.767910    0.002637    0.670741    0.870920    0.765594    170.87    233.66    1.002
      clockrate                0.722641    0.003131    0.618117    0.835702    0.718970    178.17    378.87    1.008
      clockrate                0.665824    0.003418    0.554449    0.780050    0.662662    487.49    531.95    1.001
      clockrate                0.947239    0.005833    0.801519    1.095983    0.941279    151.64    160.96    1.021
      clockrate                0.786789    0.010203    0.605798    0.986572    0.775047     65.37     77.17    1.003
      clockrate                0.749060    0.003033    0.643902    0.858571    0.746134     67.33    129.30    1.008
      clockrate                0.757736    0.002594    0.659605    0.857380    0.754764     92.01    307.97    1.063
      clockrate                0.702001    0.007338    0.546949    0.876848    0.693195     40.40    204.96    1.004
      clockrate                0.934342    0.014843    0.728320    1.167704    0.917682     44.81     67.91    1.002
      clockrate                0.914499    0.019583    0.670306    1.199533    0.894541     77.59    114.15    1.012
      clockrate                0.864343    0.011049    0.673303    1.072069    0.854584     69.77     93.17    1.001
      clockrate                0.863131    0.006926    0.706383    1.026741    0.856945    139.21    149.66    1.000
      clockrate                0.832963    0.003740    0.718064    0.955174    0.830374    403.47    432.28    1.001
      clockrate                0.717769    0.002356    0.629563    0.818966    0.714706    132.29    195.83    1.010
      clockrate                0.803211    0.009334    0.629432    0.999817    0.791751    230.54    288.93    1.000
      clockrate                0.862921    0.011249    0.661861    1.072345    0.852914    279.38    413.42    1.003
      clockrate                0.765739    0.003878    0.648766    0.892924    0.761684     73.61     73.66    1.013
      clockrate                0.832603    0.013318    0.627010    1.065715    0.821230    166.47    202.58    1.026
      clockrate                0.737656    0.002266    0.644448    0.830796    0.735537    159.98    215.10    1.009
      clockrate                0.833227    0.013831    0.636858    1.077689    0.811327     97.86    105.70    1.000
      clockrate                0.727899    0.002561    0.631083    0.827748    0.724720     27.61     80.64    1.001
      clockrate                0.813187    0.004697    0.683096    0.948946    0.807462    168.81    175.03    1.001
      clockrate                0.776150    0.003090    0.668961    0.885941    0.772767     87.60     99.20    1.039
      clockrate                0.756066    0.013962    0.553114    0.992257    0.740321    109.34    137.82    1.000
      clockrate                1.017145    0.030382    0.715573    1.354709    0.991653    148.84    158.95    1.003
      clockrate                0.846673    0.013103    0.651693    1.082728    0.831516    187.94    188.02    1.000
      clockrate                0.892359    0.011109    0.700987    1.103743    0.880695    256.76    273.37    1.000
      clockrate                0.803142    0.002924    0.698001    0.910056    0.800769    268.83    378.51    1.001
      clockrate                0.855491    0.006154    0.710436    1.014512    0.849881    231.06    368.63    1.000
      clockrate                0.822903    0.004242    0.701885    0.954862    0.818332     89.68    126.57    1.009
      clockrate                0.796167    0.011306    0.602981    1.003325    0.782090    169.41    190.00    1.002
      clockrate                0.771192    0.005484    0.636673    0.920731    0.765176    204.86    238.65    1.007
      clockrate                1.258256    0.114009    0.725191    1.940759    1.197623    540.14    561.89    1.001
      clockrate                0.733148    0.003348    0.625944    0.850505    0.727956     49.73     68.90    1.003
      clockrate                0.766587    0.013806    0.556135    0.997107    0.750899     63.33    110.27    1.004
      clockrate                0.915038    0.007641    0.754970    1.089946    0.905863    122.48    142.74    1.000
      clockrate                0.835634    0.010567    0.646387    1.034531    0.825435    202.67    284.64    1.002
      clockrate                0.785525    0.003576    0.668737    0.901833    0.783125    125.86    213.19    1.001
      clockrate                0.748339    0.001590    0.671998    0.826491    0.747210     90.75    118.06    1.016
      clockrate                0.812285    0.004176    0.692056    0.942917    0.807879    161.36    231.93    1.025
      clockrate                0.830128    0.006616    0.682463    0.996249    0.821884    120.93    149.68    1.001
      clockrate                0.780488    0.005373    0.641568    0.924864    0.774471    137.43    291.64    1.000
      clockrate                0.821184    0.003171    0.715318    0.935235    0.818118     82.20    165.01    1.026
      clockrate                0.861796    0.008493    0.685372    1.045657    0.854712     81.01    108.68    1.000
      clockrate                0.931094    0.048594    0.590428    1.374386    0.888283     71.44     73.28    1.003
      clockrate                0.815892    0.007282    0.657161    0.984961    0.808770    169.55    335.05    1.004
      clockrate                0.810518    0.004705    0.678404    0.945102    0.805616    449.07    636.35    1.004
      clockrate                0.734180    0.002395    0.643346    0.833704    0.732261    388.65    451.14    1.001
      clockrate                0.809054    0.004719    0.686956    0.951056    0.801970     46.42    101.63    1.006
      clockrate                0.845533    0.009888    0.661368    1.037095    0.838111     12.90     43.84    1.210
      clockrate                0.965556    0.018578    0.716376    1.248082    0.950116    110.73    157.72    1.016
      clockrate                0.837117    0.004259    0.715265    0.969820    0.832234     59.06     84.71    1.052
      clockrate                0.784891    0.002343    0.691225    0.880657    0.783672   1100.38   1127.03    1.000
      clockrate                0.690968    0.003764    0.572783    0.811609    0.687014    172.58    187.91    1.033
      clockrate                0.943488    0.012717    0.735239    1.164499    0.932406    131.64    160.57    1.001
      clockrate                0.816112    0.005478    0.683034    0.968717    0.807639     34.88     35.58    1.044
      clockrate                1.012976    0.015819    0.773104    1.264778    1.006366     79.37    138.56    1.033
