      clockrate                0.776180    0.003256    0.665115    0.887953    0.772331    200.43    267.07    1.001
      clockrate                0.867235    0.006775    0.717022    1.031690    0.859568     23.38     44.96    1.043
      clockrate                0.779543    0.003089    0.674082    0.889298    0.775110     97.20    120.28    1.008
      clockrate                0.782204    0.002604    0.684939    0.884795    0.779865    116.86    140.76    1.001
      clockrate                0.781743    0.002441    0.687251    0.880910    0.779610    290.26    424.86    1.010
      clockrate                0.797193    0.006622    0.645175    0.957512    0.790591    446.67    463.37    1.002
      clockrate                0.810248    0.003068    0.705745    0.921959    0.807078    211.50    215.87    1.002
      clockrate                1.186372    0.037726    0.850798    1.587157    1.156979    164.85    186.93    1.000
      clockrate                0.789077    0.004970    0.654512    0.928103    0.784065    285.25    419.25    1.000
      clockrate                0.857444    0.003458    0.744777    0.972180    0.853446     94.73    102.87    1.001
      clockrate                0.784447    0.002310    0.692112    0.879160    0.782299    146.70    478.69    1.026
      clockrate                0.793824    0.030419    0.498291    1.156467    0.768757    356.22    358.33    1.000
      clockrate                0.827820    0.017754    0.603774    1.102022    0.809699    132.39    143.23    1.000
      clockrate                0.831064    0.031087    0.561598    1.189292    0.792261     96.20    101.62    1.005
      clockrate                0.815853    0.006203    0.676724    0.972201    0.808821     54.09     69.62    1.037
      clockrate                0.824822    0.003898    0.712617    0.951964    0.818728     27.00     39.62    1.062
      clockrate                0.714453    0.002208    0.624944    0.808726    0.712683    283.76    435.71    1.000
      clockrate                0.767617    0.011678    0.573955    0.981600    0.757592    244.62    286.19    1.000
      clockrate                0.939616    0.103063    0.427148    1.583037    0.877858    319.05    335.23    1.002
      clockrate                0.929065    0.018907    0.692450    1.201519    0.911756    353.40    394.41    1.000
      clockrate                0.865528    0.002938    0.764854    0.976214    0.863348    148.73    234.55    1.004
      clockrate                0.769480    0.004872    0.640101    0.904338    0.763794    195.39    209.92    1.000
      clockrate                0.986899    0.009448    0.806504    1.185143    0.979234    298.38    309.68    1.007
      clockrate                0.852781    0.016630    0.626919    1.120220    0.834550     27.57     75.58    1.001
      clockrate                0.865106    0.002912    0.759996    0.970150    0.863960   1408.85   1621.32    1.000
      clockrate                0.853961    0.007544    0.694259    1.028472    0.845302    265.28    268.63    1.003
      clockrate                0.920127    0.013243    0.714851    1.154513    0.907363    152.45    152.73    1.031
      clockrate                0.734380    0.004841    0.606189    0.876284    0.726806     36.02     50.04    1.045
      clockrate                0.840630    0.008847    0.670229    1.032663    0.829004     50.61     60.20    1.013
      clockrate                0.755830    0.002278    0.666155    0.852243    0.753881    424.86    865.79    1.017
      clockrate                0.837206    0.005934    0.693863    0.993423    0.830245    145.31    168.18    1.059
      clockrate                0.781861    0.003695    0.667893    0.905348    0.778522    102.80    130.67    1.004
      clockrate                0.799146    0.006579    0.660808    0.964656    0.785626     18.07     47.00    1.159
      clockrate                0.797255    0.012776    0.596889    1.023754    0.783534    235.76    247.63    1.004
      clockrate                0.827843    0.003303    0.717662    0.941656    0.822920     37.31     45.86    1.098
      clockrate                0.772429    0.007556    0.613688    0.944263    0.762722     37.74     83.37    1.010
      clockrate                0.819856    0.008833    0.660774    1.017814    0.806298    112.96    128.12    1.001
      clockrate                0.650194    0.005236    0.517397    0.793910    0.643924    369.35    590.93    1.000
      clockrate                0.868782    0.018185    0.636543    1.137869    0.846071    225.06    250.44    1.003
      clockrate                0.731896    0.004500    0.604326    0.866019    0.726726    370.85    435.35    1.001
      clockrate                0.760746    0.002339    0.667384    0.855726    0.758647     46.91     62.54    1.004
      clockrate                0.879196    0.011605    0.692781    1.094237    0.862598     63.13     91.52    1.002
      clockrate                0.751095    0.003399    0.637899    0.865725    0.748749    188.47    189.49    1.005
      clockrate                0.769439    0.002625    0.669597    0.869543    0.767305    392.01    559.08    1.003
      clockrate                0.722958    0.003266    0.616053    0.837306    0.718884    136.47    202.96    1.000
      clockrate                0.670030    0.003514    0.557290    0.787277    0.666657    274.99    592.93    1.006
      clockrate                0.936487    0.005027    0.807918    1.082501    0.931879     42.80     87.02    1.008
      clockrate                0.784074    0.009350    0.610096    0.981919    0.773581     48.98     73.56    1.000
      clockrate                0.755264    0.002941    0.649786    0.861359    0.752361    244.13    317.91    1.002
      clockrate                0.756886    0.002380    0.662040    0.851981    0.754694    231.67    237.44    1.007
      clockrate                0.713550    0.008693    0.545156    0.897126    0.701191     58.27    130.68    1.018
      clockrate                0.946303    0.019145    0.708258    1.229684    0.922176     36.81     48.88    1.000
      clockrate                0.910058    0.018727    0.665103    1.179172    0.891926     55.17     81.40    1.017
      clockrate                0.836095    0.011907    0.642417    1.052280    0.822670     24.18     25.12    1.007
      clockrate                0.841428    0.006862    0.691327    1.009735    0.832384     31.40     36.65    1.000
      clockrate                0.832148    0.003683    0.717180    0.954430    0.830245    535.29    722.55    1.000
      clockrate                0.715022    0.002397    0.623444    0.812955    0.711628     42.36     44.37    1.002
      clockrate                0.802547    0.009250    0.629989    0.993420    0.791237     95.90    284.97    1.000
      clockrate                0.865750    0.010915    0.677426    1.078341    0.856909    496.90    519.78    1.000
      clockrate                0.764093    0.003717    0.648962    0.885058    0.760724     65.76     95.00    1.000
      clockrate                0.828963    0.011356    0.628367    1.040709    0.820151    158.51    300.77    1.001
      clockrate                0.742075    0.002543    0.643686    0.840779    0.740144    102.89    150.38    1.032
      clockrate                0.811188    0.010979    0.634728    1.031364    0.793176     20.81     33.18    1.001
      clockrate                0.731159    0.002577    0.636215    0.834673    0.726745     38.59     42.33    1.023
      clockrate                0.806798    0.004395    0.684110    0.940470    0.802434    155.80    164.77    1.004
      clockrate                0.786265    0.003278    0.678412    0.902916    0.782878     73.73    136.57    1.006
      clockrate                0.749984    0.011759    0.551247    0.969955    0.737961    114.85    199.50    1.012
      clockrate                0.997106    0.027812    0.709608    1.331250    0.975529     87.37    166.65    1.021
      clockrate                0.843833    0.013314    0.646806    1.072484    0.827463    191.35    201.59    1.002
      clockrate                0.872909    0.010000    0.690947    1.076093    0.862766    118.29    164.19    1.003
      clockrate                0.801078    0.002956    0.697504    0.908961    0.797990     79.43    149.90    1.019
      clockrate                0.845036    0.005908    0.698150    0.997803    0.839231     54.40    125.51    1.000
      clockrate                0.829033    0.004245    0.706920    0.960180    0.825310    176.82    213.52    1.000
      clockrate                0.795795    0.009519    0.613926    0.988195    0.785906    145.22    209.58    1.006
      clockrate                0.764773    0.005192    0.631947    0.907790    0.759377    224.50    315.98    1.003
      clockrate                1.219670    0.100467    0.706388    1.873194    1.164508    288.24    442.45    1.000
      clockrate                0.727089    0.003433    0.617929    0.847355    0.721756     42.40     62.17    1.000
      clockrate                0.758014    0.013329    0.556275    0.987285    0.743331     72.45     85.21    1.004
      clockrate                0.903504    0.008311    0.737564    1.083925    0.892686    108.85    133.22    1.001
      clockrate                0.831105    0.010559    0.642950    1.032849    0.818760    244.69    259.77    1.000
      clockrate                0.791367    0.003870    0.671943    0.914606    0.787496    120.37    186.00    1.014
      clockrate                0.748179    0.001441    0.676029    0.823271    0.746966    218.99    241.95    1.003
      clockrate                0.811836    0.003932    0.691629    0.936699    0.807954    220.01    296.54    1.008
      clockrate                0.831346    0.006917    0.682120    1.003459    0.822879     79.55    108.56    1.005
      clockrate                0.786674    0.006255    0.644362    0.945335    0.778913    107.73    201.80    1.000
      clockrate                0.821690    0.003320    0.711835    0.938887    0.818375     80.51    307.54    1.012
      clockrate                0.869676    0.009362    0.681787    1.056561    0.861682     40.67    101.95    1.029
      clockrate                0.904917    0.045479    0.575647    1.314227    0.860182     39.70     60.00    1.000
      clockrate                0.812553    0.007619    0.649692    0.988234    0.805912     73.91    267.20    1.031
      clockrate                0.809927    0.004787    0.680764    0.949341    0.804201    169.65    265.38    1.011
      clockrate                0.735229    0.002432    0.639073    0.832181    0.733658    491.24    793.20    1.009
      clockrate                0.803861    0.004243    0.684061    0.934418    0.798647     60.69     94.94    1.032
      clockrate                0.900990    0.007528    0.741933    1.076277    0.894097    114.21    140.12    1.003
      clockrate                0.950425    0.018900    0.703217    1.230954    0.935424     35.33     90.10    1.006
      clockrate                0.834233    0.004169    0.718199    0.966823    0.828915     52.36     75.42    1.029
      clockrate                0.794716    0.003010    0.687674    0.901363    0.792054     99.92    497.35    1.016
      clockrate                0.705096    0.004497    0.582410    0.842184    0.699372    195.34    221.29    1.005
      clockrate                0.914861    0.010764    0.723169    1.118947    0.903506    135.51    153.05    1.006
      clockrate                0.830075    0.005503    0.694528    0.981188    0.823600     32.44     39.36    1.024
      clockrate                1.026086    0.015631    0.797967    1.283553    1.017989     88.79    116.83    1.000
