      ilnvar                   0.018792    0.000493    0.000059    0.065027    0.011143     24.34     28.00    1.000
      ilnvar                   0.075287    0.004209    0.000007    0.193222    0.066211     10.85     22.54    1.062
      ilnvar                   0.033120    0.001056    0.000392    0.096287    0.023439     25.94     40.66    1.017
      ilnvar                   0.016504    0.000466    0.000080    0.058927    0.008357     22.47     25.40    1.000
      ilnvar                   0.010399    0.000170    0.000034    0.035043    0.006037     21.91     32.09    1.080
      ilnvar                   0.026983    0.001446    0.000116    0.097991    0.013353     57.68     93.17    1.006
      ilnvar                   0.012951    0.000390    0.000010    0.054657    0.004739     18.95     27.92    1.007
      ilnvar                   0.164652    0.024324    0.001426    0.440889    0.125061    101.04    105.74    1.000
      ilnvar                   0.020626    0.000625    0.000099    0.067558    0.012759     59.96     60.92    1.000
      ilnvar                   0.009843    0.000214    0.000005    0.040616    0.004073     13.44     19.59    1.005
      ilnvar                   0.003339    0.000072    0.000001    0.017634    0.000289     26.26     29.97    1.157
      ilnvar                   0.548033    0.153855    0.070352    1.320538    0.447010    351.60    406.64    1.002
      ilnvar                   0.180387    0.028522    0.001247    0.498807    0.134826     90.12    108.95    1.000
      ilnvar                   0.071027    0.017144    0.000001    0.272348    0.026399     93.11     96.10    1.002
      ilnvar                   0.070472    0.002915    0.001565    0.174661    0.058408     26.79     36.44    1.045
      ilnvar                   0.027196    0.001290    0.000006    0.101546    0.009988     13.13     16.75    1.162
      ilnvar                   0.017579    0.000346    0.000094    0.055735    0.011617     24.36     39.32    1.000
      ilnvar                   0.032276    0.002266    0.000048    0.122927    0.015013     95.42    110.14    1.001
      ilnvar                   0.421238    0.243976    0.000110    1.370144    0.261990    436.29    442.69    1.001
      ilnvar                   0.155883    0.015252    0.000606    0.370680    0.126855    372.98    377.92    1.001
      ilnvar                   0.005798    0.000136    0.000001    0.029122    0.000819     12.72     12.79    1.014
      ilnvar                   0.027294    0.001808    0.000021    0.098434    0.011581     46.38     46.97    1.003
      ilnvar                   0.028787    0.001334    0.000192    0.100185    0.015021     49.98     60.18    1.020
      ilnvar                   0.111419    0.011121    0.000046    0.315401    0.086839     19.03     54.27    1.001
      ilnvar                   0.000459    0.000001    0.000001    0.002712    0.000050     21.15     24.21    1.001
      ilnvar                   0.066286    0.002933    0.001204    0.166598    0.053732    107.73    116.63    1.010
      ilnvar                   0.082357    0.003703    0.000384    0.197011    0.069515     74.02     88.15    1.037
      ilnvar                   0.026245    0.001828    0.000005    0.111283    0.004868     16.25     18.60    1.121
      ilnvar                   0.035549    0.002277    0.000002    0.132151    0.017136     29.54     30.42    1.023
      ilnvar                   0.004270    0.000089    0.000001    0.022579    0.000544     43.26     45.94    1.150
      ilnvar                   0.023860    0.001073    0.000107    0.092597    0.009942     27.38     37.85    1.271
      ilnvar                   0.018125    0.000424    0.000176    0.059599    0.010814     24.54     36.75    1.009
      ilnvar                   0.046536    0.004078    0.000002    0.173684    0.019296     10.08     34.34    1.245
      ilnvar                   0.069402    0.010127    0.000177    0.246849    0.035297     88.02    131.22    1.010
      ilnvar                   0.017544    0.000774    0.000002    0.075542    0.004550     11.75     12.90    1.249
      ilnvar                   0.023007    0.002678    0.000001    0.114519    0.003020     24.07     47.74    1.011
      ilnvar                   0.066062    0.004883    0.000082    0.197169    0.046073     38.02     44.83    1.006
      ilnvar                   0.044789    0.002803    0.000271    0.138044    0.028389     94.44     97.31    1.001
      ilnvar                   0.101784    0.016874    0.000222    0.341281    0.056949    123.91    148.05    1.008
      ilnvar                   0.043791    0.001678    0.000731    0.121652    0.032262    114.61    139.91    1.011
      ilnvar                   0.007971    0.000233    0.000003    0.037413    0.001551     17.50     20.65    1.023
      ilnvar                   0.060542    0.004174    0.000167    0.186592    0.041761     39.96     58.63    1.005
      ilnvar                   0.022084    0.000491    0.000164    0.067221    0.015257     39.68     44.92    1.027
      ilnvar                   0.007965    0.000137    0.000016    0.031802    0.003862     24.90     32.89    1.047
      ilnvar                   0.042788    0.001434    0.001218    0.114594    0.033062     37.13     55.45    1.000
      ilnvar                   0.015931    0.000589    0.000001    0.063461    0.006845     16.69     62.20    1.047
      ilnvar                   0.013089    0.000382    0.000001    0.052890    0.004174     10.62     15.08    1.017
      ilnvar                   0.036277    0.002252    0.000018    0.133612    0.018408     32.06     50.38    1.001
      ilnvar                   0.011164    0.000238    0.000056    0.042705    0.005150     35.88     51.65    1.015
      ilnvar                   0.004445    0.000130    0.000001    0.018303    0.001064     18.37     28.39    1.046
      ilnvar                   0.069075    0.007735    0.000004    0.226875    0.042561     27.69     56.10    1.021
      ilnvar                   0.027457    0.003201    0.000004    0.133973    0.004801     23.77     34.63    1.000
      ilnvar                   0.076590    0.008193    0.000004    0.250183    0.051281     38.20     65.06    1.036
      ilnvar                   0.065481    0.004975    0.000039    0.202850    0.047663     21.11     23.42    1.011
      ilnvar                   0.020831    0.001072    0.000015    0.090001    0.004848     16.45     18.07    1.000
      ilnvar                   0.010018    0.000188    0.000031    0.037223    0.004734     24.41     32.56    1.005
      ilnvar                   0.025150    0.000806    0.000031    0.081294    0.015737     15.69     16.32    1.004
      ilnvar                   0.090917    0.008847    0.000128    0.267789    0.064571     40.60     95.26    1.004
      ilnvar                   0.029907    0.001553    0.000050    0.106466    0.015464     86.61    107.96    1.006
      ilnvar                   0.014816    0.000647    0.000013    0.067106    0.004013     16.79     20.30    1.014
      ilnvar                   0.032080    0.003442    0.000003    0.139110    0.010015     58.72     87.06    1.002
      ilnvar                   0.012666    0.000304    0.000020    0.047504    0.005654     20.06     22.09    1.123
      ilnvar                   0.037609    0.003463    0.000001    0.158477    0.012561     17.41     20.68    1.001
      ilnvar                   0.013084    0.000447    0.000001    0.061209    0.002451     11.50     14.00    1.046
      ilnvar                   0.052216    0.001773    0.000221    0.134113    0.042404     22.87     39.11    1.003
      ilnvar                   0.015956    0.000333    0.000182    0.053899    0.009250     23.85     30.47    1.019
      ilnvar                   0.043148    0.003651    0.000032    0.161104    0.021773     72.27    128.14    1.008
      ilnvar                   0.152849    0.018445    0.000163    0.410245    0.121097     86.03    124.96    1.027
      ilnvar                   0.128696    0.009312    0.005536    0.305817    0.107221    147.75    152.79    1.002
      ilnvar                   0.042021    0.002446    0.000181    0.140491    0.024556     44.55     47.92    1.025
      ilnvar                   0.014573    0.000451    0.000011    0.057376    0.005251     15.08     31.53    1.074
      ilnvar                   0.018528    0.000767    0.000001    0.075102    0.007046     18.47     24.77    1.004
      ilnvar                   0.029633    0.000675    0.000493    0.082467    0.023352     29.66     53.23    1.005
      ilnvar                   0.078453    0.008213    0.000143    0.250157    0.051314     60.01     89.37    1.008
      ilnvar                   0.037464    0.002116    0.000094    0.124352    0.021047     61.38     69.88    1.010
      ilnvar                   0.234348    0.082817    0.000015    0.764113    0.145740    756.24    810.20    1.000
      ilnvar                   0.022350    0.000817    0.000015    0.078774    0.012134     21.40     25.35    1.000
      ilnvar                   0.095574    0.016717    0.000014    0.326375    0.055486     72.64     78.50    1.009
      ilnvar                   0.121713    0.007325    0.000802    0.280720    0.105402     46.21     62.36    1.005
      ilnvar                   0.027013    0.001520    0.000053    0.102469    0.012101     45.10     76.55    1.001
      ilnvar                   0.014986    0.000478    0.000079    0.059638    0.006778     24.20     26.84    1.008
      ilnvar                   0.000315    0.000002    0.000001    0.001152    0.000016     12.92     22.51    1.044
      ilnvar                   0.027526    0.000766    0.000272    0.083343    0.018793     53.61     65.04    1.039
      ilnvar                   0.042300    0.002441    0.000101    0.139506    0.025599     26.46     33.65    1.032
      ilnvar                   0.014685    0.000644    0.000001    0.060688    0.005100     64.61     97.12    1.001
      ilnvar                   0.012498    0.000340    0.000079    0.048190    0.005407     21.32     32.57    1.055
      ilnvar                   0.047491    0.002552    0.000005    0.144589    0.034018     16.74     50.64    1.038
      ilnvar                   0.173136    0.036483    0.000168    0.494169    0.121381     49.32     82.26    1.000
      ilnvar                   0.062959    0.003865    0.000053    0.173226    0.047817     33.14    114.14    1.059
      ilnvar                   0.027754    0.001181    0.000001    0.095762    0.016378     37.05     81.44    1.041
      ilnvar                   0.003049    0.000024    0.000001    0.012487    0.001071     23.04     31.74    1.149
      ilnvar                   0.015799    0.000617    0.000002    0.063473    0.005700     11.14     23.60    1.118
      ilnvar                   0.084292    0.002372    0.013442    0.180113    0.074731     67.05     78.79    1.006
      ilnvar                   0.068234    0.007672    0.000004    0.235256    0.039054     33.89     70.57    1.004
      ilnvar                   0.013512    0.000472    0.000001    0.060823    0.003199     15.99     24.14    1.124
      ilnvar                   0.013185    0.000522    0.000008    0.062938    0.002248     11.11     14.23    1.124
      ilnvar                   0.028877    0.001363    0.000177    0.099396    0.016617     57.58     74.25    1.010
      ilnvar                   0.026118    0.001683    0.000042    0.109867    0.006898     42.46     44.23    1.026
      ilnvar                   0.025192    0.000939    0.000076    0.087132    0.014516     26.48     28.25    1.064
      ilnvar                   0.196192    0.013805    0.008681    0.415370    0.176708     60.01     73.57    1.002
