      TL          6.026938    0.050866    5.594179    6.472799    6.023765   9833.50  10834.22    1.000
      TL          5.256138    0.048382    4.846802    5.705689    5.251736  10412.69  11100.29    1.000
      TL          6.097930    0.050757    5.664885    6.547166    6.096294  11792.38  12548.06    1.000
      TL          5.760626    0.050607    5.332404    6.211674    5.757586  11657.61  11661.49    1.000
      TL          6.121156    0.052290    5.684029    6.570608    6.118375  11452.36  11771.11    1.000
      TL          3.755472    0.043504    3.354082    4.166153    3.751936  12247.04  12331.33    1.000
      TL          5.328624    0.044721    4.922510    5.745520    5.325010  10939.47  11563.71    1.000
      TL          3.370624    0.036226    2.992424    3.738710    3.366541  11603.95  11819.90    1.000
      TL          4.775996    0.046121    4.346873    5.191022    4.772677  10678.64  10997.20    1.000
      TL          6.379809    0.055319    5.906148    6.830857    6.376680  11900.03  11914.31    1.000
      TL          5.592869    0.051610    5.159455    6.050887    5.589427  10684.88  11659.04    1.000
      TL          2.423969    0.034341    2.068772    2.793232    2.418591   6366.19   6579.88    1.000
      TL          3.913513    0.043308    3.516418    4.326377    3.908048  12345.84  12445.43    1.000
      TL          2.884326    0.035259    2.530386    3.264480    2.880049  11773.46  11820.36    1.000
      TL          6.777358    0.059702    6.307644    7.267844    6.774044  10677.97  10831.01    1.000
      TL          6.816647    0.059186    6.364710    7.313224    6.813307  11494.88  11722.19    1.000
      TL          6.123485    0.054694    5.676990    6.592537    6.120853  10446.11  10909.73    1.000
      TL          4.225173    0.054281    3.781152    4.697527    4.217628  11028.62  11095.80    1.000
      TL          1.978835    0.044770    1.562878    2.388832    1.970739  12717.29  12864.87    1.000
      TL          2.961132    0.036175    2.589192    3.332523    2.955486  11501.67  11857.18    1.000
      TL          6.372657    0.054873    5.911790    6.824614    6.367205   9689.12  10949.65    1.000
      TL          4.205813    0.045611    3.787543    4.626077    4.202668  11472.92  11728.51    1.000
      TL          4.634373    0.045154    4.226302    5.057155    4.630864  10863.66  10944.22    1.000
      TL          4.196155    0.043452    3.794815    4.605702    4.191632  11752.63  12218.65    1.000
      TL          5.110172    0.043349    4.700976    5.518206    5.108411  11135.61  11357.88    1.000
      TL          5.013739    0.053918    4.565443    5.476871    5.007026   9401.52   9857.83    1.000
      TL          5.902435    0.057719    5.447487    6.385541    5.898948  11740.80  11922.67    1.000
      TL          5.297388    0.048528    4.880454    5.738386    5.293771  12182.63  12425.03    1.000
      TL          4.653061    0.046317    4.250355    5.097484    4.648202  12313.88  12582.03    1.000
      TL          5.215943    0.045412    4.800093    5.633767    5.212770  11555.19  11918.53    1.000
      TL          5.477708    0.048490    5.044187    5.906482    5.474601  11185.99  11431.66    1.000
      TL          6.245174    0.060341    5.781263    6.742151    6.240749  10325.77  10436.23    1.000
      TL          4.538602    0.041183    4.132259    4.929065    4.535677   9923.72  10989.95    1.000
      TL          2.701288    0.031134    2.358344    3.048101    2.696204  12945.59  13092.94    1.000
      TL          5.890744    0.049642    5.463591    6.334214    5.889073  10796.04  10928.81    1.000
      TL          2.944272    0.035052    2.578963    3.312323    2.939294   9943.56  10337.13    1.000
      TL          3.561504    0.034853    3.198490    3.924450    3.558962  11582.84  12511.36    1.000
      TL          2.775773    0.031989    2.432313    3.129146    2.771317  10125.97  10458.11    1.000
      TL          3.541362    0.041946    3.134465    3.937368    3.535637  12161.06  12434.85    1.000
      TL          3.858020    0.037809    3.485761    4.246633    3.855501  12136.37  12733.67    1.000
      TL          6.035543    0.050925    5.598981    6.483396    6.031703  10880.47  11841.55    1.000
      TL          4.009527    0.038718    3.632625    4.400995    4.005114   9983.63  10619.59    1.000
      TL          6.007157    0.051435    5.561188    6.445466    6.004079   9439.56  10613.84    1.000
      TL          6.148067    0.053401    5.698306    6.599247    6.144151  10867.96  11579.69    1.000
      TL          6.065628    0.057608    5.599410    6.536036    6.062935   9429.95  10380.73    1.000
      TL          4.479827    0.044307    4.068021    4.893737    4.476074  11757.29  12204.03    1.000
      TL          4.824579    0.040856    4.438642    5.232649    4.820639  11136.45  11842.29    1.000
      TL          3.708103    0.039983    3.331815    4.115773    3.704202  12326.24  12446.51    1.000
      TL          5.528556    0.052509    5.085755    5.988631    5.525745  11933.80  12407.92    1.000
      TL          5.343475    0.044806    4.934598    5.759109    5.341178  10439.76  10672.56    1.000
      TL          3.703382    0.038252    3.314476    4.080811    3.699398  12852.08  13209.04    1.000
      TL          3.291455    0.038106    2.913616    3.673911    3.286131  10912.42  11351.63    1.000
      TL          3.187690    0.039681    2.802503    3.580678    3.183462  12230.87  12665.06    1.000
      TL          4.793473    0.046577    4.379324    5.223211    4.790364  10861.99  11301.73    1.000
      TL          4.933139    0.045148    4.523581    5.353774    4.930090  12323.47  13050.93    1.000
      TL          4.740481    0.043651    4.324703    5.142252    4.738654  12003.14  12612.79    1.000
      TL          6.433846    0.057653    5.966694    6.904322    6.428586  11189.42  11365.06    1.000
      TL          3.775866    0.039193    3.382565    4.156219    3.771398  12700.64  13099.79    1.000
      TL          3.651342    0.041011    3.268012    4.054754    3.648878  13192.20  13255.12    1.000
      TL          4.847374    0.042413    4.445429    5.252820    4.844144  10933.31  11354.56    1.000
      TL          2.560310    0.035676    2.191042    2.929932    2.553796  10189.70  10726.44    1.000
      TL          5.247218    0.045051    4.838255    5.672317    5.244898  10589.80  11004.94    1.000
      TL          3.600497    0.036394    3.229256    3.977425    3.595624  12234.79  12819.97    1.000
      TL          6.373604    0.055269    5.913282    6.834560    6.370868  10327.87  11130.20    1.000
      TL          6.365416    0.057854    5.889583    6.832217    6.363174  11586.30  11722.67    1.000
      TL          6.136321    0.056289    5.660743    6.590522    6.130699  10569.29  10889.26    1.000
      TL          3.331223    0.042653    2.936433    3.745259    3.325827  10359.00  10822.22    1.000
      TL          3.955501    0.045878    3.539419    4.381298    3.950637  11167.76  11279.59    1.000
      TL          4.481972    0.046316    4.060327    4.902587    4.477451  12178.95  12493.46    1.000
      TL          4.742275    0.046537    4.320955    5.160608    4.738010  10648.93  10800.97    1.000
      TL          5.236720    0.044956    4.827839    5.659797    5.233027  10961.57  11689.21    1.000
      TL          4.905762    0.049288    4.480660    5.350249    4.900640  11850.76  12108.14    1.000
      TL          6.101298    0.053431    5.667250    6.567609    6.096138  11321.05  11698.21    1.000
      TL          4.170519    0.046146    3.759303    4.595082    4.167367  11119.05  11207.36    1.000
      TL          3.923226    0.041519    3.523341    4.323574    3.921148  10591.00  10648.28    1.000
      TL          1.829921    0.039997    1.458319    2.240072    1.821760  12462.43  13218.92    1.000
      TL          5.775427    0.052250    5.337455    6.226276    5.772169  10128.55  11199.94    1.000
      TL          3.111988    0.038027    2.738504    3.504688    3.106983  13590.38  13626.36    1.000
      TL          5.579297    0.048633    5.147561    6.013527    5.575117  10388.61  10876.81    1.000
      TL          3.786160    0.043424    3.387010    4.203959    3.782666  13889.46  13919.91    1.000
      TL          5.555326    0.050946    5.115133    5.995905    5.550839   9924.98  10351.28    1.000
      TL          6.461839    0.055518    6.010760    6.930065    6.457616   9473.32  10548.13    1.000
      TL          4.710869    0.040036    4.322138    5.101468    4.708300  11676.41  11955.40    1.000
      TL          5.091263    0.046402    4.679429    5.527605    5.086869  11085.42  11097.61    1.000
      TL          4.140823    0.052307    3.691664    4.590121    4.136624  11792.51  11800.40    1.000
      TL          5.622201    0.049917    5.181964    6.051774    5.620788  12119.42  12290.06    1.000
      TL          4.712723    0.047568    4.288191    5.146084    4.708698   9073.54   9343.43    1.000
      TL          3.391939    0.039466    3.001190    3.775372    3.388092  10795.90  11435.12    1.000
      TL          3.778131    0.038475    3.392667    4.157063    3.775395  11638.58  12333.96    1.000
      TL          4.268494    0.043190    3.859789    4.672670    4.265199  12913.14  13089.25    1.000
      TL          5.739789    0.050221    5.304436    6.177734    5.736139  11049.26  11359.19    1.000
      TL          5.628118    0.050123    5.180125    6.058183    5.626290  12870.25  12974.54    1.000
      TL          6.795066    0.061571    6.321027    7.289086    6.791309   9085.54   9660.77    1.000
      TL          3.571945    0.048041    3.151542    4.010034    3.565785   8691.79  10132.14    1.000
      TL          5.934777    0.051886    5.490187    6.380373    5.931053  11283.22  11628.09    1.000
      TL          6.402968    0.053653    5.950828    6.860994    6.400874   9364.91  10314.14    1.000
      TL          3.802829    0.037307    3.434728    4.185238    3.797626   9727.75  10404.94    1.000
      TL          4.305705    0.040391    3.918081    4.704791    4.301813  12126.53  12192.66    1.000
      TL          5.407030    0.047485    4.986480    5.838030    5.402304  11719.14  12128.40    1.000
      TL          4.835755    0.046913    4.418627    5.265966    4.832915   9997.60  10025.47    1.000
