      ilnvar                   0.001121    0.000031    0.000001    0.004660    0.000052     29.13     42.65    1.054
      ilnvar                   0.100700    0.038677    0.000022    0.479885    0.012291     42.96     46.35    1.085
      ilnvar                   0.055329    0.011239    0.000001    0.274233    0.008492     30.23     32.07    1.090
      ilnvar                   0.001276    0.000094    0.000001    0.002118    0.000012     39.87     41.42    1.010
      ilnvar                   0.000736    0.000007    0.000001    0.003551    0.000030     37.79     37.79    1.006
      ilnvar                   0.021830    0.005694    0.000001    0.114655    0.000784     61.26     71.31    1.024
      ilnvar                   0.000022    0.000000    0.000001    0.000095    0.000005     58.68     65.69    1.001
      ilnvar                   0.182276    0.074917    0.000009    0.680954    0.083774     87.31    175.77    1.000
      ilnvar                   0.025048    0.006278    0.000001    0.168830    0.000607     37.29     41.08    1.060
      ilnvar                   0.004895    0.000848    0.000001    0.013663    0.000016     39.61     43.41    1.042
      ilnvar                   0.000572    0.000006    0.000001    0.002976    0.000018     24.09     38.82    1.007
      ilnvar                   0.357788    0.187121    0.000654    1.184280    0.216452    265.44    270.79    1.001
      ilnvar                   0.311870    0.218185    0.000001    1.126589    0.157538     52.30    144.98    1.020
      ilnvar                   0.442389    0.296936    0.000010    1.498997    0.268645    126.26    154.53    1.003
      ilnvar                   0.000380    0.000010    0.000001    0.000981    0.000016     59.67     70.71    1.009
      ilnvar                   0.039384    0.013260    0.000001    0.244306    0.000635     27.10     29.79    1.175
      ilnvar                   0.051108    0.018475    0.000001    0.343076    0.000231     27.72     32.06    1.220
      ilnvar                   0.619276    0.371186    0.000307    1.792500    0.458110    142.47    147.05    1.001
      ilnvar                   0.249833    0.178925    0.000003    1.023459    0.091651    581.07    641.63    1.000
      ilnvar                   0.065761    0.019412    0.000001    0.324956    0.005911     70.98    106.12    1.008
      ilnvar                   0.000107    0.000000    0.000001    0.000691    0.000007     35.81     48.07    1.124
      ilnvar                   0.226614    0.111739    0.000004    0.871301    0.098937     54.36     60.12    1.037
      ilnvar                   0.269682    0.171832    0.000016    1.052446    0.114693     49.13     67.89    1.004
      ilnvar                   0.016223    0.008008    0.000001    0.062225    0.000146     41.16     61.18    1.012
      ilnvar                   0.000016    0.000000    0.000001    0.000061    0.000004     57.62     83.65    1.001
      ilnvar                   0.235775    0.191013    0.000001    1.104041    0.023997     29.53     34.33    1.001
      ilnvar                   0.094388    0.031144    0.000001    0.447248    0.009652     28.00     40.87    1.015
      ilnvar                   0.003092    0.000537    0.000001    0.005669    0.000016     41.75     43.72    1.021
      ilnvar                   0.117301    0.066197    0.000004    0.638488    0.006066     35.86     39.81    1.001
      ilnvar                   0.007604    0.000777    0.000001    0.035248    0.000405     53.69     56.65    1.012
      ilnvar                   0.325405    0.209528    0.000001    1.218195    0.114197     22.57     26.96    1.061
      ilnvar                   0.714553    0.302238    0.006102    1.747858    0.593921     96.43    164.79    1.005
      ilnvar                   0.000019    0.000000    0.000001    0.000080    0.000005    102.12    102.83    1.037
      ilnvar                   0.122734    0.050748    0.000010    0.499977    0.044201     88.62    167.27    1.007
      ilnvar                   0.000130    0.000000    0.000001    0.000483    0.000008     32.54     34.14    1.021
      ilnvar                   0.021619    0.005742    0.000001    0.111970    0.001023     84.66    119.22    1.002
      ilnvar                   0.130528    0.048297    0.000063    0.546404    0.041600     38.70     64.96    1.002
      ilnvar                   0.091604    0.042813    0.000014    0.426942    0.016298     66.03    100.68    1.000
      ilnvar                   0.177467    0.096710    0.000001    0.772513    0.047484     46.69    109.49    1.034
      ilnvar                   0.569455    0.237757    0.000480    1.476090    0.456180    104.83    247.53    1.000
      ilnvar                   0.000018    0.000000    0.000001    0.000068    0.000003     53.68     58.52    1.004
      ilnvar                   0.882204    0.512445    0.007520    2.265300    0.720830     80.95    158.80    1.004
      ilnvar                   0.000161    0.000001    0.000001    0.000217    0.000008     34.04     34.44    1.019
      ilnvar                   0.041127    0.017823    0.000001    0.266514    0.000403     34.78     39.00    1.145
      ilnvar                   0.006885    0.000743    0.000001    0.030527    0.000376     54.16     59.63    1.072
      ilnvar                   0.022129    0.006802    0.000001    0.104478    0.001236     30.57     51.16    1.021
      ilnvar                   0.000478    0.000005    0.000001    0.001895    0.000031     47.32     57.11    1.000
      ilnvar                   0.093718    0.029545    0.000001    0.397767    0.029093    101.73    111.95    1.000
      ilnvar                   0.074859    0.029110    0.000001    0.389844    0.003702     33.15     40.38    1.041
      ilnvar                   0.054968    0.016801    0.000005    0.302843    0.005633     29.68     29.74    1.030
      ilnvar                   0.009842    0.002227    0.000001    0.039777    0.000092     42.49     45.99    1.009
      ilnvar                   0.820328    0.610347    0.002298    2.351854    0.596364    373.56    381.72    1.000
      ilnvar                   0.311991    0.179282    0.000050    1.131539    0.156350     89.50    116.32    1.000
      ilnvar                   0.012400    0.001916    0.000001    0.065097    0.000712     57.43     64.92    1.008
      ilnvar                   0.031317    0.024455    0.000001    0.125896    0.000025     26.06     38.96    1.045
      ilnvar                   0.039190    0.015720    0.000001    0.214855    0.001803     43.81     48.38    1.000
      ilnvar                   0.000078    0.000000    0.000001    0.000258    0.000006     32.28     45.91    1.012
      ilnvar                   0.110280    0.030319    0.000004    0.417444    0.049566    114.56    136.95    1.000
      ilnvar                   0.185474    0.121258    0.000001    0.907111    0.017058     40.18     44.45    1.001
      ilnvar                   0.000214    0.000000    0.000001    0.001160    0.000026     33.96     35.87    1.000
      ilnvar                   0.309686    0.155527    0.000038    1.055173    0.178487    145.70    232.25    1.000
      ilnvar                   0.000191    0.000000    0.000001    0.001047    0.000020     25.29     36.63    1.013
      ilnvar                   0.000484    0.000004    0.000001    0.002226    0.000021     54.97     62.69    1.028
      ilnvar                   0.000781    0.000025    0.000001    0.001981    0.000012     38.04     42.79    1.016
      ilnvar                   0.000043    0.000000    0.000001    0.000211    0.000006     38.77     40.73    1.009
      ilnvar                   0.016643    0.006232    0.000001    0.064042    0.000067     39.19     45.10    1.057
      ilnvar                   0.274403    0.148579    0.000001    0.997699    0.143757     69.97    102.65    1.009
      ilnvar                   0.266396    0.167111    0.000001    0.985644    0.125847     44.27     76.30    1.004
      ilnvar                   0.152969    0.053769    0.000009    0.604345    0.057410     56.48     80.18    1.001
      ilnvar                   0.109224    0.041508    0.000001    0.458627    0.031190     55.92    109.71    1.001
      ilnvar                   0.000538    0.000003    0.000001    0.002545    0.000057     38.94     39.09    1.001
      ilnvar                   0.173265    0.107315    0.000003    0.809718    0.027946     40.77     49.77    1.001
      ilnvar                   0.000308    0.000002    0.000001    0.001165    0.000018     35.33     48.20    1.000
      ilnvar                   0.154166    0.058181    0.000001    0.608428    0.057254     47.35     90.57    1.014
      ilnvar                   0.026584    0.006275    0.000001    0.160370    0.000790     54.35     61.13    1.099
      ilnvar                   0.483236    0.258900    0.000002    1.456703    0.341064    373.14    828.10    1.002
      ilnvar                   0.000332    0.000001    0.000001    0.001762    0.000017     38.26     40.43    1.012
      ilnvar                   0.673615    0.637177    0.000447    2.290318    0.404024     99.88    178.63    1.002
      ilnvar                   0.001609    0.000079    0.000001    0.007444    0.000014     35.03     36.95    1.004
      ilnvar                   0.096893    0.044501    0.000001    0.493383    0.008996     57.42     62.89    1.010
      ilnvar                   0.000953    0.000029    0.000001    0.003316    0.000050     41.45     52.48    1.005
      ilnvar                   0.000226    0.000000    0.000001    0.001430    0.000015     24.59     27.48    1.012
      ilnvar                   0.055834    0.014657    0.000001    0.256264    0.005605     31.59     32.15    1.050
      ilnvar                   0.011302    0.000838    0.000001    0.060493    0.000576     33.19     33.87    1.010
      ilnvar                   1.342481    1.131944    0.000427    3.317491    1.172055     90.42     91.65    1.001
      ilnvar                   0.000222    0.000002    0.000001    0.000547    0.000009     44.73     55.86    1.015
      ilnvar                   0.144896    0.100565    0.000001    0.775645    0.000962     25.72     33.94    1.334
      ilnvar                   0.338629    0.191727    0.000020    1.178932    0.186317     90.13    154.69    1.008
      ilnvar                   0.194051    0.079718    0.000002    0.769023    0.075965     52.89     66.62    1.005
      ilnvar                   0.562970    0.252198    0.000090    1.510992    0.454082     82.91    149.21    1.008
      ilnvar                   0.002309    0.000121    0.000001    0.007752    0.000135     36.86     41.35    1.025
      ilnvar                   0.004248    0.000458    0.000001    0.016855    0.000215     50.13     53.71    1.008
      ilnvar                   0.000030    0.000000    0.000001    0.000135    0.000005     44.30     65.20    1.039
      ilnvar                   0.220428    0.141398    0.000001    0.947422    0.052627     49.97    100.80    1.002
      ilnvar                   0.002711    0.000223    0.000001    0.007804    0.000023     37.01     54.73    1.021
      ilnvar                   0.000040    0.000000    0.000001    0.000178    0.000008     31.37     47.19    1.031
      ilnvar                   0.086928    0.047848    0.000001    0.502659    0.004783     36.81     38.84    1.097
      ilnvar                   0.318570    0.149699    0.000005    1.070458    0.191524     63.02     69.31    1.001
      ilnvar                   0.033170    0.020480    0.000001    0.184474    0.000024     33.33     33.36    1.076
      ilnvar                   0.015665    0.004288    0.000001    0.076636    0.000299     45.73     47.57    1.068
