reso  sja  d_qt  d_ci  d_rf
0.7209302 0.9570418 0.1405675 0.2433428 0.3336609
0.4864865 0.9301052 0.1658764 0.4429631 0.685161
0.6136364 0.9235271 0.1554986 0.4041945 0.5587737
0.6818182 0.8786251 0.1794747 0.3444846 0.4795237
0.5681818 0.981857 0.2875172 0.4262733 0.500085
0.7142857 0.9790244 0.05640881 0.1906118 0.2755232
0.5641026 1 0.2996516 0.370019 0.4078677
0.7727273 0.9504348 0.09051383 0.2501419 0.3812357
0.5862069 0.9419875 0.2040184 0.4358626 0.534618
0.5555556 0.9563513 0.1817479 0.4315633 0.5772176
0.7368421 0.8547264 0.2001481 0.3317927 0.5151947
0.5625 1 0.09352425 0.2981966 0.3082585
0.6956522 0.9400926 0.2140134 0.3166587 0.4278664
0.7058824 0.9672042 0.05895253 0.2024726 0.2263052
0.6511628 0.8352655 0.2467506 0.4303675 0.5293435
0.5869565 0.972327 0.1168702 0.3798134 0.4552426
0.6136364 0.9518106 0.1187885 0.361764 0.4545279
0.75 0.9028597 0.1263841 0.2625586 0.3823393
0.625 1 0.1880952 0.2934798 0.3145578
0.7647059 0.9856899 0.1322239 0.2279168 0.2854897
0.6170213 0.9638248 0.1478648 0.3393107 0.4614803
0.6666667 0.8608171 0.1794587 0.3399968 0.5644838
0.6451613 0.9753104 0.135113 0.2505892 0.3134113
0.6153846 0.9006225 0.1938024 0.431624 0.5745876
0.5609756 0.9906814 0.3455433 0.4659179 0.5457354
0.4074074 0.9784801 0.2160372 0.5206322 0.5784944
0.5882353 0.9087187 0.1629192 0.3616928 0.7639189
0.5555556 0.7814092 0.2612206 0.4509523 0.6363439
0.7857143 0.8195982 0.2103266 0.3388022 0.5036344
0.8 0.9809164 0.03282409 0.1603213 0.2927237
0.4634146 0.9732578 0.2562191 0.579049 0.6915615
0.6216216 0.7883012 0.2798009 0.4598744 0.6607884
0.6486486 0.9249482 0.1947478 0.3577145 0.5037196
0.5555556 0.9738956 0.1103199 0.3812454 0.4358689
0.7391304 0.9766 0.06741679 0.2761082 0.3227425
0.8095238 0.9716066 0.0554489 0.1372291 0.1778304
0.6296296 0.9886557 0.08033206 0.2870975 0.3500867
0.6521739 0.8749354 0.1558893 0.3767581 0.4628298
0.4736842 1 0.07347915 0.3116703 0.2908982
0.8461538 0.8565437 0.1553846 0.2939597 0.4569494
0.6458333 0.8234667 0.2443335 0.4279429 0.6779736
0.7586207 0.9068972 0.1361235 0.326543 0.481073
0.6595745 0.9804123 0.1326921 0.3171191 0.3930156
0.6595745 0.951446 0.2198545 0.4510664 0.5983886
0.4736842 0.9594352 0.2026918 0.5122541 0.6053689
0.5925926 0.9225241 0.1567232 0.4134544 0.6812168
0.7317073 0.9759289 0.0590957 0.2597374 0.2955851
0.7916667 0.9851105 0.097151 0.2004045 0.2491833
0.6363636 0.9406442 0.09494101 0.3380414 0.4936133
0.6956522 0.983712 0.1517139 0.3207276 0.4093764
0.6666667 0.9302612 0.1034114 0.2964673 0.3510157
0.8333333 0.8751346 0.1506266 0.23852 0.3577228
0.85 0.8914327 0.1283664 0.2670838 0.4486352
0.8387097 0.9197985 0.1293011 0.2859073 0.5151056
0.53125 0.9369218 0.2573816 0.4816029 0.6891486
0.5833333 0.9718867 0.09728375 0.3321583 0.3878754
0.6904762 0.9249383 0.1512366 0.3363787 0.4241829
0.7391304 0.9246666 0.1198814 0.2425122 0.3877369
0.75 0.9700742 0.07780915 0.2011047 0.2575129
0.6756757 0.9812772 0.0761243 0.2870205 0.3474928
0.8947368 0.9542147 0.07234754 0.2327631 0.2837612
0.5609756 0.9655118 0.2363018 0.461271 0.6043713
0.56 0.9766327 0.344591 0.4605107 0.5392028
0.5555556 0.9077133 0.3292373 0.5004979 0.7504484
0.5909091 0.9458576 0.1748629 0.4061465 0.7387728
0.6341463 0.7811926 0.3237744 0.445668 0.6105632
0.8823529 0.9932318 0.01867905 0.1068137 0.1236764
0.7727273 0.8556015 0.1873518 0.3682964 0.5398332
0.6923077 0.9574179 0.1309419 0.2796982 0.3505567
0.8461538 0.8701003 0.1442045 0.2651056 0.4559451
0.7317073 0.8569921 0.1902723 0.2778712 0.4250832
0.5555556 0.8628081 0.3147236 0.4557663 0.6710082
0.7 0.993791 0.09916944 0.2995287 0.3591982
0.5833333 0.8410646 0.26 0.3854173 0.5486384
0.6153846 0.983993 0.2224748 0.3408755 0.4027661
0.8333333 1 0.02380952 0.07695838 0.06262106
0.4871795 0.8907705 0.3057983 0.5259464 0.7127473
0.8666667 0.8408064 0.1795752 0.286823 0.4313672
0.5952381 0.8605112 0.2844252 0.4741188 0.6674237
0.4210526 1 0.230622 0.4600206 0.4901225
0.7368421 0.7247516 0.3054557 0.3854838 0.6422884
0.4444444 0.8358879 0.4044151 0.6223226 0.7795237
0.625 0.993209 0.05877334 0.2920735 0.3677773
0.6388889 0.9327014 0.1388674 0.3824565 0.5865333
0.7894737 0.989277 0.06336295 0.198237 0.2224625
0.5789474 0.9666301 0.3740693 0.4930458 0.6070651
0.4666667 0.8809492 0.2238025 0.484698 0.6239365
0.8571429 0.8109199 0.2041784 0.330957 0.8455055
0.6923077 0.9915134 0.09033304 0.2425664 0.2850018
0.5416667 0.8388504 0.3495157 0.5381453 0.7404054
0.3863636 0.9062188 0.2655115 0.5826884 0.6846207
0.7777778 0.9395992 0.1086636 0.268683 0.4950499
0.5957447 0.8606578 0.2974334 0.4658078 0.6261879
0.8125 0.6568467 0.3516512 0.3922452 0.5980414
0.575 0.8004636 0.3077749 0.5035361 0.6793936
0.5652174 0.8827583 0.3466391 0.439278 0.5382725
0.6333333 0.963573 0.08388319 0.2583086 0.3109528
0.7241379 0.9923281 0.07578262 0.2225029 0.2607569
0.5384615 0.8533293 0.3133603 0.4986427 0.7310963
0.6875 0.8467406 0.2951527 0.400787 0.5638908
