      alpha_symdir   5.386646    1.370856    3.352510    7.727760    5.222460  15627.02  16409.61    1.000
      alpha_symdir   6.150092    2.168979    3.637287    9.120148    5.946837  17502.42  18300.96    1.000
      alpha_symdir   5.047392    1.271711    3.165031    7.372041    4.880618  16418.62  16655.86    1.000
      alpha_symdir   6.418687    1.966225    4.010003    9.266782    6.215545  18975.47  19698.06    1.000
      alpha_symdir   5.831333    1.775116    3.506948    8.484027    5.648054  14335.43  14739.96    1.000
      alpha_symdir   5.480798    2.018019    3.053560    8.291971    5.259775  19629.43  19693.72    1.000
      alpha_symdir   5.208504    1.464029    3.178778    7.683366    5.032921  16000.15  17256.61    1.000
      alpha_symdir   5.804224    2.495828    3.152947    8.989922    5.563947  18459.28  18734.75    1.000
      alpha_symdir   5.466707    1.758774    3.239471    8.127234    5.268365  16030.15  16352.65    1.000
      alpha_symdir   6.714068    2.293133    4.079816    9.797409    6.513695  11667.88  14254.51    1.000
      alpha_symdir   5.999352    1.999910    3.519496    8.814636    5.802975  15687.67  15857.43    1.000
      alpha_symdir   4.428576    1.850571    2.202849    7.192147    4.200434  18850.54  19114.43    1.000
      alpha_symdir   5.226464    2.043211    2.817362    8.090419    5.004730  16578.91  16792.07    1.000
      alpha_symdir   5.081994    2.392963    2.567623    8.198454    4.829624  18267.44  18911.93    1.000
      alpha_symdir   5.525510    1.529383    3.415044    8.042688    5.353667   7700.44   8429.62    1.000
      alpha_symdir   5.471498    1.371318    3.456117    7.838881    5.303792  17279.99  17331.40    1.000
      alpha_symdir   6.465774    2.166381    3.958999    9.430729    6.266134  18204.97  18225.96    1.000
      alpha_symdir   6.183249    2.656539    3.351477    9.407275    5.939301  18914.63  19561.98    1.000
      alpha_symdir   4.361524    2.137815    1.948110    7.267906    4.109589  21108.55  21143.60    1.000
      alpha_symdir   4.298712    1.636866    2.244821    6.917371    4.084962  21347.37  21357.60    1.000
      alpha_symdir   4.406134    1.086125    2.584135    6.496450    4.260667   9350.67  10089.76    1.000
      alpha_symdir   4.953654    1.649983    2.794701    7.522679    4.750256  15139.06  15567.68    1.000
      alpha_symdir   5.959957    2.176979    3.466112    8.945305    5.747569  14789.14  14853.93    1.000
      alpha_symdir   3.855909    0.992480    2.179992    5.781830    3.683335  17006.85  17270.00    1.000
      alpha_symdir   5.054612    1.587500    2.952845    7.582043    4.858789  14823.16  14859.52    1.000
      alpha_symdir   7.261241    3.068973    4.235799   10.767390    7.024312  14320.56  15930.68    1.000
      alpha_symdir   6.968050    2.825914    4.055590   10.354210    6.742464  15538.92  15672.24    1.000
      alpha_symdir   5.902247    2.102092    3.459451    8.845963    5.683380  16741.68  16932.85    1.000
      alpha_symdir   4.187045    1.037460    2.457517    6.193886    4.022390  10804.03  10927.73    1.000
      alpha_symdir   5.726514    1.859988    3.399737    8.498438    5.523248  20238.65  20351.12    1.000
      alpha_symdir   6.224793    2.117670    3.681979    9.103286    6.020907  17576.77  17640.80    1.000
      alpha_symdir   5.895534    2.149589    3.388961    8.811162    5.689991   5748.70   6340.82    1.000
      alpha_symdir   5.875484    2.036937    3.394788    8.710482    5.673364  16015.23  16085.86    1.000
      alpha_symdir   3.756074    1.232817    1.926268    5.935885    3.554887  18086.74  18666.73    1.000
      alpha_symdir   6.281548    2.133837    3.742973    9.184598    6.085594  18598.46  18869.28    1.000
      alpha_symdir   5.415908    2.292232    2.874076    8.430207    5.179961  21061.29  21355.30    1.000
      alpha_symdir   3.914680    0.963274    2.305973    5.888169    3.753743  19132.33  19760.59    1.000
      alpha_symdir   4.175584    1.670635    2.085417    6.780099    3.942740  18470.54  19049.86    1.000
      alpha_symdir   4.936964    1.891959    2.708466    7.736831    4.715463  17354.68  17481.60    1.000
      alpha_symdir   5.803276    2.327410    3.227226    8.892685    5.579759  20233.17  20663.21    1.000
      alpha_symdir   7.124705    2.492255    4.357053   10.300920    6.920534  18302.32  18815.99    1.000
      alpha_symdir   6.198702    2.450648    3.480053    9.288434    5.971137  20002.57  20764.12    1.000
      alpha_symdir   7.372502    2.684122    4.437384   10.599170    7.155569  13501.31  15270.61    1.000
      alpha_symdir   5.941016    1.845524    3.605082    8.668570    5.746620  15669.19  15873.17    1.000
      alpha_symdir   4.274542    0.863987    2.670265    6.148647    4.143923  16575.38  17377.30    1.000
      alpha_symdir   6.031564    2.604397    3.371841    9.400201    5.792085  17860.96  18594.06    1.000
      alpha_symdir   5.142245    1.651304    2.948361    7.696712    4.952706  16623.27  17684.26    1.000
      alpha_symdir   4.325918    1.545547    2.279234    6.807129    4.109818   7165.79   7192.98    1.000
      alpha_symdir   4.793621    1.265865    2.920141    7.080895    4.626544  13046.21  14255.12    1.000
      alpha_symdir   5.384189    1.649066    3.227039    7.995947    5.190187  15676.73  16389.62    1.000
      alpha_symdir   4.614636    1.617961    2.513550    7.180313    4.399950  18158.91  18598.37    1.000
      alpha_symdir   6.755594    3.030212    3.752794   10.266250    6.516184  21213.46  21393.98    1.000
      alpha_symdir   4.670894    2.084841    2.314681    7.594257    4.428590  18172.12  18354.78    1.000
      alpha_symdir   5.958077    1.965395    3.516867    8.752313    5.752103  19018.30  19789.26    1.000
      alpha_symdir   6.757130    2.765812    3.851502   10.047490    6.530099  16732.34  17172.32    1.000
      alpha_symdir   6.175256    2.316805    3.556345    9.222164    5.970279  21198.80  21211.38    1.000
      alpha_symdir   6.975242    2.136949    4.348969    9.856738    6.790865  18786.93  19222.99    1.000
      alpha_symdir   5.096338    1.835797    2.841036    7.829043    4.879546  19444.66  19591.60    1.000
      alpha_symdir   6.394352    2.712826    3.556348    9.673960    6.148656  18774.05  19553.01    1.000
      alpha_symdir   5.242320    1.550968    3.065662    7.702421    5.059206  12681.55  15424.51    1.000
      alpha_symdir   5.320229    2.607577    2.586936    8.534437    5.058491  20767.38  21363.34    1.000
      alpha_symdir   6.866951    2.473211    4.085232    9.975587    6.656403  19331.14  20038.14    1.000
      alpha_symdir   4.779243    1.687638    2.594374    7.341574    4.562181  15426.95  16566.81    1.000
      alpha_symdir   7.099306    2.458386    4.425217   10.278340    6.887830  18821.55  18867.48    1.000
      alpha_symdir   5.781052    1.744184    3.489503    8.412763    5.587987  17611.05  17825.44    1.000
      alpha_symdir   5.863023    1.735326    3.646417    8.569885    5.676287  13550.44  14173.15    1.000
      alpha_symdir   3.543276    0.976151    1.969826    5.549207    3.370809  13755.12  14749.10    1.000
      alpha_symdir   5.185762    2.159399    2.737946    8.182804    4.956744  16684.34  16844.14    1.000
      alpha_symdir   5.167974    1.790066    2.900549    7.830183    4.957681  16231.47  16912.55    1.000
      alpha_symdir   4.159039    1.033242    2.417547    6.170189    3.996794  15209.99  15465.94    1.000
      alpha_symdir   5.756769    1.884326    3.365002    8.494176    5.559838  18692.45  18922.01    1.000
      alpha_symdir   4.267767    1.071518    2.519996    6.350153    4.104130  12143.38  12737.80    1.000
      alpha_symdir   7.595242    3.095883    4.477824   11.086740    7.367984  14788.92  15444.47    1.000
      alpha_symdir   4.838722    1.708756    2.654290    7.448477    4.621066  13123.52  14650.05    1.000
      alpha_symdir   5.251876    1.737937    3.017996    7.889422    5.043294  19240.38  19819.08    1.000
      alpha_symdir   4.273085    2.093019    1.922082    7.224958    4.023006  20211.54  20651.37    1.000
      alpha_symdir   5.973812    1.876546    3.602890    8.737423    5.777748  10096.31  10576.18    1.000
      alpha_symdir   5.313418    2.228303    2.739009    8.254363    5.076654  21010.87  21495.57    1.000
      alpha_symdir   5.862306    1.889038    3.549344    8.676962    5.678855  16587.76  16598.36    1.000
      alpha_symdir   2.928396    0.579240    1.687255    4.436096    2.792005  12355.54  12665.87    1.000
      alpha_symdir   5.613271    1.625281    3.437250    8.187682    5.432570   9695.80  10223.37    1.000
      alpha_symdir   5.430384    1.367199    3.405116    7.797688    5.281118  12122.81  12337.18    1.000
      alpha_symdir   5.766520    1.803635    3.421449    8.451770    5.570421  19892.20  19957.78    1.000
      alpha_symdir   5.771551    1.844316    3.448106    8.484708    5.577238  15211.11  15566.88    1.000
      alpha_symdir   5.523160    2.144761    3.021537    8.434305    5.289715  18477.18  19353.95    1.000
      alpha_symdir   6.332389    2.181468    3.811734    9.323579    6.122686  16969.64  17761.31    1.000
      alpha_symdir   4.700264    1.384556    2.736222    7.071290    4.515224  13650.18  14806.28    1.000
      alpha_symdir   4.755540    1.620486    2.603793    7.306196    4.551075  18570.54  19288.47    1.000
      alpha_symdir   3.603094    0.866775    2.111981    5.492806    3.441199  17075.91  17746.45    1.000
      alpha_symdir   7.197732    2.989778    4.213772   10.655940    6.956931  19918.67  20552.98    1.000
      alpha_symdir   7.627958    3.414873    4.441277   11.347340    7.388517  11209.82  11292.13    1.000
      alpha_symdir   6.329698    2.226409    3.786835    9.355247    6.111812  12271.21  12859.93    1.000
      alpha_symdir   4.846664    0.923701    3.159647    6.764644    4.720670   6299.42   6526.62    1.000
      alpha_symdir   4.932523    1.932428    2.658969    7.749959    4.702310  15371.10  15909.65    1.000
      alpha_symdir   5.527133    1.510788    3.412741    7.997693    5.355912  15360.65  15817.72    1.000
      alpha_symdir   5.220116    1.115218    3.336079    7.296688    5.077279  17813.11  18278.36    1.000
      alpha_symdir   5.184313    2.138258    2.740065    8.120860    4.959203  19365.95  20030.40    1.000
      alpha_symdir   4.241349    1.235594    2.378127    6.475975    4.069791  15912.85  16605.91    1.000
      alpha_symdir   7.178154    2.885217    4.310199   10.663910    6.938648  14946.34  15534.03    1.000
      alpha_symdir   4.993519    1.589985    2.845238    7.492635    4.796444  10015.76  11153.48    1.000
