      alpha_symdir{1}               0.946190    0.024930    0.681644    1.260040    0.935692    787.18   1036.56    1.003
      alpha_symdir{1}               0.889221    0.148003    0.070175    1.600028    0.806766   1394.83   1673.12    1.000
      alpha_symdir{1}               1.569788    0.175125    0.832807    2.414397    1.509878   4403.84   4758.03    1.000
      alpha_symdir{1}               0.389269    0.022713    0.224875    0.742917    0.336410   2558.19   2795.47    1.000
      alpha_symdir{1}               1.044928    0.055577    0.699784    1.529715    1.010320   1121.57   1898.97    1.000
      alpha_symdir{1}               0.537719    0.081959    0.226730    1.105283    0.399003   1512.71   1668.45    1.002
      alpha_symdir{1}               0.885431    0.120726    0.264121    1.338327    0.983597    288.36    323.76    1.000
      alpha_symdir{1}               0.769255    0.122546    0.215249    1.348681    0.794980   1757.76   1806.16    1.001
      alpha_symdir{1}               0.672146    0.073799    0.207317    1.106264    0.701021   1397.81   1506.05    1.000
      alpha_symdir{1}               0.777413    0.057491    0.229429    1.108660    0.817718    598.81    610.94    1.000
      alpha_symdir{1}               1.259193    0.296389    0.364361    2.228849    1.228766   1081.33   2092.48    1.065
      alpha_symdir{1}               0.666778    0.123584    0.110390    1.293543    0.632664   2242.49   2257.93    1.000
      alpha_symdir{1}               0.617037    0.100064    0.089603    1.224864    0.513609    867.73   1350.80    1.000
      alpha_symdir{1}               0.500081    0.073719    0.153952    1.004872    0.410044   1166.71   1509.24    1.000
      alpha_symdir{1}               0.758407    0.027851    0.401813    1.079230    0.755248   4509.80   4816.12    1.001
      alpha_symdir{1}               0.949787    0.064581    0.264144    1.321231    0.973467    995.47   1024.10    1.002
      alpha_symdir{1}               0.605309    0.055850    0.230597    0.961204    0.666253   1167.73   1321.58    1.000
      alpha_symdir{1}               0.850119    0.135723    0.185278    1.492641    0.806181    768.82   1461.54    1.000
      alpha_symdir{1}               0.704789    0.214378    0.120176    1.556411    0.592000   1038.55   1376.06    1.000
      alpha_symdir{1}               0.883809    0.220547    0.193265    1.734906    0.832221   1409.11   1754.42    1.000
      alpha_symdir{1}               0.665073    0.033195    0.244994    0.952009    0.688783   2186.19   2302.40    1.000
      alpha_symdir{1}               0.651327    0.063112    0.205780    1.094775    0.650484   2788.67   2957.62    1.000
      alpha_symdir{1}               0.759458    0.071597    0.248496    1.214356    0.763949   2988.09   3142.43    1.000
      alpha_symdir{1}               0.483084    0.042571    0.108049    0.786560    0.518082    892.03    897.93    1.001
      alpha_symdir{1}               0.869149    0.071928    0.239345    1.237057    0.909699    264.82    330.68    1.000
      alpha_symdir{1}               1.164775    0.162197    0.278860    1.843806    1.125735   2148.55   2190.13    1.000
      alpha_symdir{1}               0.697973    0.114677    0.233588    1.186986    0.809616    322.04    341.35    1.000
      alpha_symdir{1}               0.571113    0.027571    0.207564    0.837982    0.588995   2397.44   2561.13    1.001
      alpha_symdir{1}               0.668373    0.081013    0.207576    1.114054    0.720183    899.47    920.57    1.000
      alpha_symdir{1}               0.601519    0.035565    0.281380    0.967395    0.578539   3886.96   4029.42    1.000
      alpha_symdir{1}               0.832338    0.081734    0.266248    1.301842    0.846491    999.28   1266.11    1.002
      alpha_symdir{1}               0.538974    0.040751    0.202412    0.857736    0.560229   1677.88   1995.09    1.001
      alpha_symdir{1}               0.678907    0.064668    0.254857    1.126954    0.677966   3271.15   3273.72    1.000
      alpha_symdir{1}               1.038436    0.308019    0.061612    2.034437    1.006357    590.92    846.85    1.001
      alpha_symdir{1}               1.030119    0.034307    0.761388    1.410775    1.014091    105.55    727.34    1.002
      alpha_symdir{1}               0.250690    0.015707    0.142504    0.586729    0.212494   1234.80   1342.42    1.000
      alpha_symdir{1}               0.444755    0.063976    0.187363    0.934744    0.313382    741.62    842.78    1.010
      alpha_symdir{1}               0.424169    0.065723    0.185041    0.936224    0.283832    890.99    897.89    1.001
      alpha_symdir{1}               0.736466    0.238313    0.077974    1.614078    0.596272    171.55    218.29    1.013
      alpha_symdir{1}               0.455859    0.055200    0.179951    0.893312    0.356984   1610.39   1732.50    1.000
      alpha_symdir{1}               0.831129    0.077897    0.318711    1.398508    0.788335   2746.98   3016.11    1.001
      alpha_symdir{1}               0.591499    0.060476    0.093662    0.996143    0.581152   1951.67   2033.85    1.000
      alpha_symdir{1}               0.407099    0.054255    0.223352    0.914746    0.293787    246.30    270.43    1.004
      alpha_symdir{1}               0.772001    0.053872    0.276569    1.190775    0.753601   2915.41   3018.69    1.001
      alpha_symdir{1}               0.641663    0.023795    0.250046    0.924040    0.640315   2926.34   3078.59    1.001
      alpha_symdir{1}               1.161999    0.208631    0.274961    1.951572    1.124109   1546.34   1567.00    1.001
      alpha_symdir{1}               0.727162    0.067489    0.247115    1.151401    0.747998   1571.36   1742.39    1.000
      alpha_symdir{1}               0.483625    0.064247    0.181457    0.948464    0.382309   1610.71   1611.35    1.001
      alpha_symdir{1}               0.514999    0.099699    0.205283    1.036211    0.291296     49.45     49.47    1.001
      alpha_symdir{1}               0.462170    0.043429    0.246074    0.938202    0.379532   2476.42   2526.28    1.000
      alpha_symdir{1}               0.945257    0.161278    0.209786    1.694233    0.941792    246.02    780.80    1.002
      alpha_symdir{1}               0.918116    0.311568    0.070995    1.886698    0.847656   1136.84   1244.07    1.001
      alpha_symdir{1}               1.604324    0.537152    0.307549    3.131110    1.491967    277.46    840.96    1.000
      alpha_symdir{1}               0.856686    0.070154    0.234203    1.312622    0.846293   2121.43   2130.09    1.000
      alpha_symdir{1}               0.657435    0.026003    0.307152    0.981606    0.649991   2640.47   2915.27    1.001
      alpha_symdir{1}               0.510501    0.033766    0.088726    0.804725    0.498061     23.47    197.45    1.010
      alpha_symdir{1}               0.706968    0.050595    0.230248    1.028913    0.744536   1423.44   1554.76    1.002
      alpha_symdir{1}               0.575672    0.081287    0.192190    1.057495    0.572126   1772.02   1773.66    1.000
      alpha_symdir{1}               0.632343    0.134585    0.196112    1.224901    0.666317    313.69    358.14    1.001
      alpha_symdir{1}               0.550961    0.042947    0.194785    0.884835    0.569680   2655.37   2720.82    1.000
      alpha_symdir{1}               1.361347    0.474373    0.278671    2.787407    1.253879    504.12   1238.25    1.000
      alpha_symdir{1}               0.896156    0.055394    0.241669    1.253542    0.899045    735.53    833.38    1.000
      alpha_symdir{1}               0.573651    0.086342    0.170190    1.021694    0.639830    350.07    558.05    1.000
      alpha_symdir{1}               0.470021    0.021114    0.253858    0.749109    0.440333   4206.48   4304.75    1.000
      alpha_symdir{1}               0.937548    0.078332    0.306950    1.460977    0.903826   1716.61   2577.94    1.003
      alpha_symdir{1}               0.728187    0.014610    0.518192    0.979375    0.717523   4044.38   4126.52    1.001
      alpha_symdir{1}               0.852189    0.452271    0.011563    2.016074    0.767205    197.55    227.10    1.004
      alpha_symdir{1}               0.754827    0.094524    0.177125    1.338702    0.705662   2338.79   2472.37    1.000
      alpha_symdir{1}               0.827321    0.078099    0.244314    1.269040    0.850206    852.76   1195.96    1.002
      alpha_symdir{1}               0.449630    0.072572    0.199394    0.977476    0.297364    535.58    685.27    1.000
      alpha_symdir{1}               0.794046    0.057778    0.249863    1.235980    0.767463   2476.92   2687.59    1.000
      alpha_symdir{1}               0.926151    0.184623    0.226804    1.605629    0.965272    554.20    662.54    1.000
      alpha_symdir{1}               0.773833    0.062927    0.326515    1.248608    0.753906   3835.01   3858.15    1.000
      alpha_symdir{1}               1.100613    0.185504    0.271882    1.883008    1.037258   1930.99   1964.54    1.002
      alpha_symdir{1}               0.485244    0.059288    0.218212    0.992286    0.378699   1828.49   1834.76    1.001
      alpha_symdir{1}               1.396048    1.661173    0.000001    3.793908    1.255667     65.47     94.74    1.006
      alpha_symdir{1}               0.945995    0.086334    0.257015    1.365387    0.980307    256.77    322.97    1.002
      alpha_symdir{1}               0.902143    0.165654    0.216599    1.639016    0.873416    187.44    984.90    1.011
      alpha_symdir{1}               0.436109    0.045959    0.100552    0.708785    0.517263    106.05    121.95    1.000
      alpha_symdir{1}               0.596066    0.080365    0.196905    1.102785    0.585741   2249.53   2308.99    1.000
      alpha_symdir{1}               0.910755    0.049641    0.238621    1.242183    0.916946    628.17    648.96    1.000
      alpha_symdir{1}               1.042474    0.068554    0.628819    1.588296    1.002543   4668.91   4678.56    1.000
      alpha_symdir{1}               0.693304    0.044736    0.236545    1.025871    0.713059   2416.75   2647.23    1.001
      alpha_symdir{1}               0.959987    0.071708    0.234125    1.380866    0.957645   1018.57   1069.57    1.000
      alpha_symdir{1}               0.477424    0.053325    0.205477    0.975723    0.397217   2844.52   2850.77    1.000
      alpha_symdir{1}               0.953417    0.072141    0.225982    1.371827    0.943522    757.60    871.47    1.000
      alpha_symdir{1}               0.648294    0.051165    0.194157    1.063928    0.639972   3105.24   3180.08    1.000
      alpha_symdir{1}               1.208237    0.349662    0.078881    2.249795    1.160021    161.34    613.99    1.003
      alpha_symdir{1}               0.654922    0.069010    0.157924    1.089606    0.651145   1460.25   1745.34    1.000
      alpha_symdir{1}               0.714529    0.100924    0.205951    1.214034    0.749350   1253.19   1269.06    1.000
      alpha_symdir{1}               1.003576    0.051599    0.508975    1.502237    1.005003   2662.09   3234.87    1.002
      alpha_symdir{1}               0.478290    0.052585    0.204142    0.856980    0.378669   1030.96   1113.63    1.000
      alpha_symdir{1}               0.818108    0.047361    0.378424    1.265009    0.790120   3741.57   3936.26    1.001
      alpha_symdir{1}               2.006360    0.909248    0.546366    4.094069    1.796255   1639.14   2026.69    1.000
      alpha_symdir{1}               0.875095    0.067562    0.232965    1.217549    0.916277    173.61    190.96    1.018
      alpha_symdir{1}               0.918019    0.048457    0.250309    1.210238    0.944293    169.37    188.57    1.000
      alpha_symdir{1}               0.546783    0.092281    0.222503    1.129780    0.389754   1007.32   1173.35    1.001
      alpha_symdir{1}               0.763370    0.088997    0.208357    1.200924    0.809749    842.90    846.11    1.001
      alpha_symdir{1}               0.445547    0.018995    0.254497    0.734868    0.409847   3172.07   3490.58    1.000
      alpha_symdir{1}               0.752484    0.054338    0.264734    1.166133    0.736672   2873.08   3194.29    1.000
