      age{all}[0]                   0.881328    0.001683    0.808375    0.960609    0.877037    1.043    2
      age{all}[0]                   1.020431    0.001520    0.954787    1.089603    1.015023    1.000    2
      age{all}[0]                   1.028905    0.001478    0.959485    1.107208    1.025192    1.005    2
      age{all}[0]                   0.982195    0.001197    0.921513    1.051702    0.978677    1.001    2
      age{all}[0]                   0.996581    0.001050    0.936472    1.060521    0.993268    1.003    2
      age{all}[0]                  1.005121    0.002157    0.922654    1.098862    0.999671    1.000    2
      age{all}[0]                   1.075773    0.001631    0.998869    1.154832    1.071514    1.000    2
      age{all}[0]                  0.779653    0.001159    0.723534    0.843613    0.774396    1.000    2
      age{all}[0]                  1.112919    0.004820    0.984416    1.247990    1.107763    1.006    2
      age{all}[0]                   0.967223    0.001279    0.900981    1.037646    0.964286    1.000    2
      age{all}[0]                   0.978212    0.001822    0.899566    1.063236    0.974908    1.039    2
      age{all}[0]                  0.893555    0.004180    0.831190    1.018826    0.874856    1.004    2
      age{all}[0]                  0.915832    0.002667    0.857038    1.020295    0.901803    1.005    2
      age{all}[0]                  0.935085    0.003141    0.838715    1.043893    0.927660    1.000    2
      age{all}[0]                   1.033141    0.002093    0.944227    1.120688    1.029518    1.012    2
      age{all}[0]                   0.994386    0.001429    0.926481    1.074219    0.990046    1.000    2
      age{all}[0]                   1.110110    0.002430    1.018459    1.208320    1.104973    1.004    2
      age{all}[0]                  1.018241    0.006129    0.875901    1.176346    1.009904    1.004    2
      age{all}[0]                  0.754988    0.009162    0.599338    0.944005    0.738663    1.001    2
      age{all}[0]                  1.009303    0.002326    0.951795    1.103463    0.997427    1.001    2
      age{all}[0]                   1.033663    0.003145    0.936826    1.151087    1.026340    1.000    2
      age{all}[0]                  1.034425    0.001291    0.979114    1.101354    1.028834    1.001    2
      age{all}[0]                   0.879080    0.003712    0.774516    1.000148    0.870012    1.000    2
      age{all}[0]                  0.904093    0.001452    0.859134    0.985393    0.893965    1.000    2
      age{all}[0]                   0.967605    0.002249    0.898850    1.056916    0.957988    1.003    2
      age{all}[0]                  0.965916    0.005771    0.824882    1.119625    0.960324    1.007    2
      age{all}[0]                   0.923283    0.002857    0.820400    1.026323    0.920319    1.010    2
      age{all}[0]                   0.904869    0.001932    0.834449    0.987002    0.898530    1.009    2
      age{all}[0]                  0.894377    0.003091    0.791450    1.002930    0.889322    1.004    2
      age{all}[0]                   0.938257    0.003988    0.825928    1.065998    0.931059    1.016    2
      age{all}[0]                   0.956753    0.001653    0.879923    1.036980    0.953736    1.007    2
      age{all}[0]                   1.030785    0.005134    0.914791    1.165148    1.020623    1.151    2
      age{all}[0]                   1.024328    0.001262    0.957615    1.097602    1.023538    1.005    2
      age{all}[0]                  1.108706    0.008644    0.970763    1.284239    1.092204    1.000    2
      age{all}[0]                   0.971451    0.001282    0.910020    1.046939    0.966715    1.000    2
      age{all}[0]                  0.987214    0.001563    0.916744    1.064173    0.981792    1.000    2
      age{all}[0]                  0.965255    0.003887    0.850314    1.093613    0.960666    1.054    2
      age{all}[0]                  0.907566    0.000804    0.872944    0.958890    0.901643    1.006    2
      age{all}[0]                  1.050361    0.003104    0.965602    1.157015    1.040631    1.009    2
      age{all}[0]                  1.075044    0.002323    0.986138    1.173616    1.071657    1.003    2
      age{all}[0]                   0.915293    0.001585    0.844323    0.997451    0.911880    1.000    2
      age{all}[0]                  0.952995    0.004125    0.836498    1.083748    0.946051    1.003    2
      age{all}[0]                   0.892763    0.007335    0.731699    1.048264    0.892687    1.387    2
      age{all}[0]                   0.966838    0.001300    0.902191    1.041053    0.963742    1.000    2
      age{all}[0]                   1.081505    0.002853    0.983894    1.188737    1.075250    1.005    2
      age{all}[0]                  1.039763    0.002037    0.959050    1.126924    1.034753    1.001    2
      age{all}[0]                   0.975494    0.001832    0.901191    1.056698    0.969152    1.005    2
      age{all}[0]                  1.009554    0.004270    0.915332    1.136884    0.997722    1.015    2
      age{all}[0]                   1.043930    0.001995    0.962600    1.131544    1.038398    1.001    2
      age{all}[0]                   1.070249    0.002383    0.982328    1.170091    1.064917    1.005    2
      age{all}[0]                  0.960094    0.001023    0.906752    1.018908    0.954982    1.003    2
      age{all}[0]                  0.930595    0.003368    0.831864    1.049111    0.922895    1.000    2
      age{all}[0]                  0.943344    0.005559    0.827748    1.084308    0.931353    1.000    2
      age{all}[0]                  1.006581    0.004780    0.879166    1.143241    1.000772    1.001    2
      age{all}[0]                   0.931218    0.000782    0.882950    0.985533    0.927354    1.002    2
      age{all}[0]                  1.017874    0.001462    0.966031    1.089438    1.010361    1.009    2
      age{all}[0]                   1.030632    0.001531    0.960936    1.109997    1.026889    1.003    2
      age{all}[0]                  0.973994    0.004591    0.855503    1.098478    0.964476    1.001    2
      age{all}[0]                  0.936713    0.001482    0.870604    1.011069    0.930674    1.001    2
      age{all}[0]                   0.982302    0.001280    0.927823    1.050920    0.975393    1.000    2
      age{all}[0]                  1.012185    0.002549    0.956544    1.108426    0.998854    1.000    2
      age{all}[0]                   1.038169    0.004408    0.919470    1.161583    1.032305    1.001    2
      age{all}[0]                  1.130264    0.003921    1.007700    1.251275    1.126711    1.007    2
      age{all}[0]                   1.028844    0.002088    0.949517    1.125060    1.023795    1.007    2
      age{all}[0]                   0.957845    0.001385    0.898513    1.026197    0.952484    1.010    2
      age{all}[0]                   1.002170    0.002491    0.911377    1.099710    0.997939    1.005    2
      age{all}[0]                  0.854226    0.005550    0.718975    0.996301    0.846877    1.009    2
      age{all}[0]                  0.972093    0.002304    0.893571    1.070422    0.964610    1.002    2
      age{all}[0]                  1.010112    0.006260    0.861200    1.170845    1.003405    1.012    2
      age{all}[0]                  0.991519    0.003754    0.889268    1.107817    0.982445    1.003    2
      age{all}[0]                   0.986756    0.001644    0.912490    1.072808    0.983955    1.012    2
      age{all}[0]                  0.998105    0.002975    0.901674    1.106061    0.992744    1.000    2
      age{all}[0]                   0.987226    0.002134    0.907261    1.077787    0.981579    1.000    2
      age{all}[0]                  0.977681    0.005304    0.854842    1.125091    0.967296    1.009    2
      age{all}[0]                  1.020604    0.003683    0.924851    1.139421    1.010711    1.002    2
      age{all}[0]                  0.950428    0.033857    0.792186    1.287473    0.895891    1.000    2
      age{all}[0]                   0.974413    0.001805    0.896259    1.059660    0.970423    1.003    2
      age{all}[0]                  1.006073    0.004133    0.889159    1.132856    1.001164    1.027    2
      age{all}[0]                   1.049275    0.001626    0.975127    1.130007    1.045547    1.000    2
      age{all}[0]                  1.063597    0.005354    0.928753    1.210790    1.055598    1.017    2
      age{all}[0]                   0.942523    0.003305    0.837931    1.059812    0.938660    1.000    2
      age{all}[0]                   0.925464    0.002020    0.841322    1.012170    0.921433    1.001    2
      age{all}[0]                   0.983067    0.001992    0.925964    1.071785    0.972724    1.005    2
      age{all}[0]                   0.798283    0.002688    0.703856    0.893935    0.792274    1.006    2
      age{all}[0]                  0.909164    0.003988    0.783910    1.027491    0.903857    1.005    2
      age{all}[0]                   1.011851    0.003047    0.914232    1.123591    1.006206    1.002    2
      age{all}[0]                  0.706870    0.003113    0.606075    0.820670    0.700958    1.005    2
      age{all}[0]                  1.058041    0.006763    0.912951    1.210960    1.050065    1.000    2
      age{all}[0]                  0.978921    0.002233    0.891838    1.072213    0.974730    1.010    2
      age{all}[0]                  0.889670    0.002131    0.805490    0.981806    0.885529    1.008    2
      age{all}[0]                   1.032539    0.001646    0.958923    1.115380    1.028089    1.000    2
      age{all}[0]                   1.041487    0.002754    0.943644    1.145420    1.035125    1.004    2
      age{all}[0]                   0.937338    0.000609    0.902417    0.984260    0.932670    1.000    2
      age{all}[0]                  0.977371    0.003961    0.867718    1.102869    0.969997    1.000    2
      age{all}[0]                   1.003334    0.002435    0.914738    1.103250    0.999080    1.001    2
      age{all}[0]                   1.074690    0.001786    0.995831    1.158732    1.071222    1.001    2
      age{all}[0]                  1.005031    0.001334    0.936018    1.075891    1.002966    1.007    2
      age{all}[0]                  0.990641    0.000593    0.962750    1.038147    0.984542    1.000    2
      age{all}[0]                   0.967751    0.003610    0.863946    1.093881    0.961664    1.003    2
      age{all}[0]                  0.831683    0.000995    0.778717    0.889183    0.827083    1.001    2
