      TL          4.595705    0.140314    3.870904    5.339476    4.584831  16964.29  17042.92    1.000
      TL          4.321723    0.136387    3.615104    5.059717    4.311424  19250.42  20029.64    1.000
      TL          4.265187    0.122589    3.600849    4.970577    4.254005  21362.86  23690.39    1.000
      TL          3.836184    0.112840    3.192589    4.503346    3.827558  20101.17  20605.54    1.000
      TL          4.003311    0.115223    3.348729    4.673681    3.993972  15191.39  16795.92    1.000
      TL          3.581629    0.137820    2.863135    4.313199    3.566432  26340.55  26382.99    1.000
      TL          4.886544    0.154698    4.121965    5.660532    4.875597  19976.45  20503.60    1.000
      TL          2.289672    0.081648    1.747279    2.863697    2.278060  28349.44  29269.31    1.000
      TL          3.436347    0.109196    2.807703    4.095439    3.424625  26124.72  27361.11    1.000
      TL          5.665640    0.174389    4.852390    6.487623    5.654390  20031.27  20076.00    1.000
      TL          2.901360    0.089482    2.322728    3.492104    2.892072  16131.09  17566.66    1.000
      TL          1.993744    0.082953    1.455452    2.577156    1.979301  28282.99  29030.81    1.000
      TL          3.403226    0.125584    2.719207    4.103720    3.391023  23813.58  23969.13    1.000
      TL          1.899329    0.074687    1.375465    2.442538    1.886373  29901.69  30762.44    1.000
      TL          4.708863    0.138696    3.988788    5.444637    4.697215  19682.85  20061.43    1.000
      TL          5.167365    0.152761    4.404055    5.929605    5.157372  21548.36  21671.25    1.000
      TL          4.439851    0.130796    3.729727    5.148468    4.430404  21019.18  21791.87    1.000
      TL          2.213520    0.081055    1.670479    2.783326    2.201490  28555.83  29565.48    1.000
      TL          1.637131    0.109093    1.029993    2.297218    1.610079  30121.48  30467.26    1.000
      TL          2.944854    0.127645    2.257857    3.644585    2.926656  24873.77  25423.24    1.000
      TL          4.246376    0.120595    3.570053    4.932285    4.239213  23370.00  24039.75    1.000
      TL          3.457172    0.123639    2.775485    4.147613    3.443653  22386.56  24856.39    1.000
      TL          3.806600    0.127130    3.124460    4.516778    3.792474  21572.45  22278.01    1.000
      TL          2.467017    0.083502    1.904497    3.031368    2.457035  21477.39  21773.62    1.000
      TL          4.189742    0.126831    3.506560    4.898928    4.180050  22719.02  22941.63    1.000
      TL          3.816342    0.132647    3.127016    4.544232    3.803411  22391.05  22735.00    1.000
      TL          4.525684    0.141736    3.801626    5.269059    4.515554  24985.25  25582.89    1.000
      TL          3.962497    0.125909    3.265607    4.659564    3.951622  22168.00  22543.26    1.000
      TL          3.948269    0.137082    3.244881    4.698254    3.934362  20833.74  21760.05    1.000
      TL          3.740098    0.112708    3.087273    4.403275    3.730930  22893.08  22979.77    1.000
      TL          4.336519    0.129695    3.640088    5.044376    4.325741  22341.68  23041.59    1.000
      TL          3.394528    0.102458    2.773787    4.024050    3.385237  21612.02  21672.25    1.000
      TL          4.064936    0.124389    3.379117    4.758089    4.054482  24796.08  26230.57    1.000
      TL          2.285445    0.093338    1.712042    2.902770    2.270001  25520.87  26361.93    1.000
      TL          4.691367    0.135018    3.979500    5.410741    4.683647  22344.40  23176.65    1.000
      TL          2.010245    0.074056    1.492633    2.554501    1.998323  23514.70  25572.11    1.000
      TL          3.038047    0.103021    2.403951    3.661413    3.026157  26717.34  26784.94    1.000
      TL          1.944866    0.067209    1.456549    2.467357    1.934101  29469.15  29930.66    1.000
      TL          2.410994    0.092430    1.829266    3.016654    2.398649  27968.97  28230.03    1.000
      TL          3.043548    0.106700    2.410568    3.684251    3.033001  22549.05  23077.21    1.000
      TL          4.362243    0.127358    3.668367    5.066808    4.353296  14516.19  17354.08    1.000
      TL          2.541613    0.082307    1.984585    3.106311    2.531921  24416.73  25939.52    1.000
      TL          5.000232    0.148379    4.262929    5.773045    4.990170  18931.32  19615.79    1.000
      TL          4.663656    0.134616    3.942977    5.381145    4.652939  18388.37  19233.23    1.000
      TL          3.915082    0.117808    3.252875    4.591514    3.904850  21025.44  22446.72    1.000
      TL          3.136722    0.103219    2.528324    3.783017    3.125244  26524.31  27112.56    1.000
      TL          4.287184    0.130299    3.604057    5.009877    4.274483  21737.62  22793.89    1.000
      TL          2.606377    0.093469    2.027385    3.217460    2.595358  19500.02  20745.87    1.000
      TL          3.426487    0.107818    2.791500    4.068683    3.416987  18974.39  19492.37    1.000
      TL          3.480022    0.099053    2.868720    4.093198    3.470714  21703.37  24003.03    1.000
      TL          3.086936    0.106602    2.462033    3.733452    3.075936  26877.89  27035.88    1.000
      TL          2.362174    0.093903    1.780992    2.976363    2.348646  26456.04  26662.28    1.000
      TL          2.217144    0.086218    1.653088    2.796298    2.204238  27016.09  27724.54    1.000
      TL          3.764235    0.123565    3.087344    4.459754    3.752973  17066.67  18100.14    1.000
      TL          3.621423    0.115172    2.957953    4.283975    3.611068  23665.60  24179.01    1.000
      TL          3.243598    0.098619    2.633300    3.859148    3.232495  26575.58  26586.86    1.000
      TL          5.006298    0.154075    4.267045    5.812763    4.996386   9095.43   9922.70    1.000
      TL          2.465244    0.087396    1.897025    3.050686    2.454130  26632.81  26717.85    1.000
      TL          2.875128    0.104239    2.247498    3.510773    2.862669  28627.23  29881.56    1.000
      TL          4.887873    0.167958    4.099370    5.698631    4.874911  18544.58  18709.54    1.000
      TL          1.751625    0.069120    1.249066    2.272715    1.739558  30703.36  30732.08    1.000
      TL          4.136681    0.126916    3.461123    4.855524    4.126189  17536.88  17613.13    1.000
      TL          3.613254    0.128438    2.916630    4.317542    3.600474  22545.82  23211.96    1.000
      TL          4.812589    0.143651    4.077408    5.554935    4.802398  15542.18  18262.85    1.000
      TL          5.319920    0.159687    4.565108    6.126761    5.308611  22562.98  23525.46    1.000
      TL          5.177027    0.166373    4.386388    5.978297    5.163704  15839.72  17145.92    1.000
      TL          2.407222    0.096302    1.807758    3.013378    2.393774  27734.14  28056.60    1.000
      TL          2.750584    0.099306    2.147171    3.374174    2.737844  24555.61  25535.87    1.000
      TL          3.776093    0.133186    3.076529    4.496853    3.764791  21510.78  21860.35    1.000
      TL          2.807993    0.093952    2.215139    3.408617    2.797516  27465.60  28171.35    1.000
      TL          4.164835    0.124757    3.480587    4.862976    4.153479  22081.49  22381.58    1.000
      TL          3.115929    0.105354    2.494359    3.757924    3.104004  19174.11  19939.58    1.000
      TL          5.005222    0.156103    4.237127    5.781664    4.994237  19352.60  20774.73    1.000
      TL          3.226174    0.110707    2.590772    3.891664    3.214052  27637.41  28808.96    1.000
      TL          2.390959    0.081623    1.836288    2.950840    2.381727  22018.53  22987.98    1.000
      TL          2.070882    0.162366    1.336082    2.878859    2.035871  28601.35  29862.81    1.000
      TL          4.589253    0.139714    3.860740    5.324808    4.578717  19145.14  20276.89    1.000
      TL          2.422918    0.099303    1.817228    3.042467    2.407590  28008.22  28325.08    1.000
      TL          4.339412    0.129464    3.643279    5.054162    4.327963  20372.17  22443.58    1.000
      TL          2.903888    0.109484    2.287633    3.580545    2.890244  25981.89  26674.20    1.000
      TL          4.458628    0.138905    3.751047    5.208576    4.446728  19521.31  19547.71    1.000
      TL          4.107155    0.119088    3.438731    4.786827    4.095981  17613.48  19528.77    1.000
      TL          3.704352    0.107621    3.070708    4.355943    3.695560  25111.13  25273.14    1.000
      TL          4.032154    0.127389    3.336623    4.735702    4.022020  21353.05  22504.43    1.000
      TL          3.333688    0.133753    2.621548    4.048930    3.317551  24329.65  24509.00    1.000
      TL          4.546936    0.142288    3.817023    5.296891    4.538028  20412.14  20571.23    1.000
      TL          3.000082    0.096576    2.390693    3.605160    2.988783  24104.58  24420.47    1.000
      TL          2.454791    0.089205    1.873480    3.038705    2.443929  23647.74  25626.32    1.000
      TL          2.874920    0.095895    2.285559    3.490886    2.863477  26864.03  28596.16    1.000
      TL          3.395003    0.116317    2.739662    4.067106    3.384502  24628.98  26099.52    1.000
      TL          4.674512    0.146891    3.948374    5.441793    4.662733  14000.25  14409.65    1.000
      TL          4.336532    0.137679    3.628574    5.079644    4.324097  18519.89  19918.40    1.000
      TL          4.638633    0.137371    3.942103    5.393624    4.627772  18794.95  18812.54    1.000
      TL          2.117200    0.085900    1.559858    2.704727    2.104474  26494.86  26513.32    1.000
      TL          4.265658    0.128653    3.569585    4.968697    4.253788  20826.24  21319.77    1.000
      TL          5.901330    0.180371    5.087893    6.747817    5.889155  14886.64  16669.80    1.000
      TL          2.330958    0.075429    1.796679    2.867788    2.322425  24587.72  25949.87    1.000
      TL          2.873511    0.094601    2.277387    3.478552    2.865308  20899.85  21322.51    1.000
      TL          3.631296    0.110153    3.003797    4.299070    3.620644  23289.33  23746.62    1.000
      TL          3.224855    0.102459    2.607781    3.857834    3.214402  23855.58  24566.65    1.000
