0.255814
0.3333333
0.1136364
0.1590909
0.1590909
0.1
0.05128205
0.09090909
0.137931
0.06666667
0.1315789
0.25
0.2608696
0.1875
0.2093023
0.1956522
0.2093023
0.1052632
0.2857143
0.25
0.2608696
0.2083333
0.09677419
0.1538462
0.075
0.2222222
0.1176471
0.2
0.1111111
0.2564103
0.2195122
0.2702703
0.1351351
0.1764706
0.1521739
0
0.1481481
0.2727273
0.3157895
0.28
0.3191489
0.06896552
0.2978723
0.2340426
0.1081081
0.1698113
0.15
0.25
0.3333333
0.06666667
0.08695652
0.1666667
0.05263158
0.1333333
0.09375
0.02857143
0.1428571
0.1818182
0.2
0.2162162
0
0.225
0.04
0.06666667
0.1860465
0.15
0.05882353
0.3181818
0.1538462
0.1923077
0.25
0.1851852
0.075
0.3043478
0.03846154
0
0.1794872
0.06666667
0.1707317
0.05263158
0.1842105
0.09090909
0.2051282
0.2
0.2631579
0.1578947
0.3
0.2
0.1153846
0.08333333
0.09302326
0.2
0.1086957
0
0.125
0.1521739
0.1
0.1428571
0.2368421
0.2258065
