      age[0]                   0.934915    0.001588    0.865622    1.017236    0.929961    1.003    2
      age[0]                   1.033476    0.000916    0.978747    1.093320    1.030728    1.000    2
      age[0]                   0.982058    0.000754    0.932775    1.035901    0.979702    1.004    2
      age[0]                   1.068696    0.002107    0.982219    1.159503    1.066323    1.000    2
      age[0]                   1.023529    0.001040    0.963604    1.087792    1.021370    1.000    2
      age[0]                  1.088255    0.004232    0.966398    1.220470    1.082646    1.001    2
      age[0]                  1.026107    0.000618    0.979717    1.076395    1.024238    1.000    2
      age[0]                  0.773105    0.001493    0.723508    0.850699    0.763541    1.001    2
      age[0]                  1.003939    0.001124    0.943620    1.072161    1.000225    1.005    2
      age[0]                   0.946951    0.000777    0.895769    1.000979    0.944751    1.000    2
      age[0]                   0.957599    0.001141    0.894168    1.023896    0.954666    1.001    2
      age[0]                  0.928859    0.003071    0.845013    1.040410    0.917652    1.000    2
      age[0]                  0.931449    0.002283    0.857042    1.018816    0.924522    1.000    2
      age[0]                  0.959418    0.003648    0.853067    1.081996    0.950715    1.016    2
      age[0]                   0.977884    0.001257    0.910975    1.047176    0.975076    1.000    2
      age[0]                   1.061156    0.001365    0.992058    1.132640    1.058126    1.001    2
      age[0]                   1.044386    0.000984    0.987817    1.106604    1.041168    1.000    2
      age[0]                  1.005790    0.004110    0.889610    1.135643    0.997208    1.006    2
      age[0]                  0.924516    0.020755    0.682183    1.202446    0.903058    1.011    2
      age[0]                  0.989853    0.001135    0.951793    1.049766    0.981966    1.010    2
      age[0]                   1.020176    0.001158    0.955526    1.087903    1.017814    1.001    2
      age[0]                  1.054536    0.001450    0.986955    1.129609    1.049510    1.002    2
      age[0]                  1.075687    0.009512    0.893336    1.265829    1.067779    1.000    2
      age[0]                  0.928613    0.001943    0.859776    1.013721    0.920194    1.005    2
      age[0]                  0.932105    0.000453    0.898860    0.971429    0.929096    1.000    2
      age[0]                  0.976180    0.005340    0.842152    1.121326    0.968281    1.001    2
      age[0]                   0.941566    0.001912    0.860809    1.031095    0.938145    1.016    2
      age[0]                  0.976349    0.003827    0.860189    1.094903    0.971297    1.020    2
      age[0]                  0.931849    0.003109    0.824672    1.041756    0.927418    1.002    2
      age[0]                   1.013565    0.003475    0.897580    1.131131    1.010303    1.000    2
      age[0]                   0.978318    0.001381    0.906936    1.052072    0.975097    1.000    2
      age[0]                   0.977857    0.001172    0.921709    1.048293    0.971421    1.000    2
      age[0]                  1.049427    0.000987    0.992229    1.112972    1.047600    1.001    2
      age[0]                  1.052348    0.003190    0.970766    1.158828    1.042980    1.000    2
      age[0]                   1.025295    0.001250    0.958700    1.098770    1.022684    1.000    2
      age[0]                  1.125845    0.003695    1.011468    1.246099    1.121125    1.001    2
      age[0]                  0.933456    0.001530    0.860826    1.013646    0.931512    1.004    2
      age[0]                  0.917272    0.000395    0.883657    0.956511    0.914185    1.003    2
      age[0]                  1.083299    0.002866    0.993354    1.190934    1.074444    1.002    2
      age[0]                  1.020879    0.001189    0.956477    1.090511    1.017715    1.000    2
      age[0]                   0.983536    0.002219    0.895434    1.077280    0.979970    1.021    2
      age[0]                  0.977958    0.002640    0.886003    1.084282    0.973451    1.015    2
      age[0]                   0.852695    0.002351    0.759470    0.956580    0.848951    1.006    2
      age[0]                   1.013511    0.002276    0.924214    1.109109    1.009692    1.003    2
      age[0]                   1.041872    0.000739    0.990300    1.096563    1.039428    1.001    2
      age[0]                  1.039867    0.001063    0.979396    1.104972    1.037301    1.000    2
      age[0]                   1.047362    0.002259    0.954242    1.137741    1.042712    1.000    2
      age[0]                  1.026965    0.002533    0.932963    1.124875    1.021343    1.003    2
      age[0]                  1.071979    0.002367    0.985251    1.168857    1.066106    1.000    2
      age[0]                   1.044067    0.001551    0.971483    1.118488    1.041064    1.001    2
      age[0]                  1.058393    0.001751    0.982302    1.145647    1.054741    1.000    2
      age[0]                  1.008713    0.003731    0.891550    1.128549    1.003821    1.001    2
      age[0]                  0.881801    0.001469    0.827725    0.954321    0.874746    1.001    2
      age[0]                  0.982519    0.004012    0.861744    1.107228    0.976162    1.000    2
      age[0]                  1.007537    0.001539    0.934946    1.086830    1.004159    1.004    2
      age[0]                  0.997044    0.000960    0.966029    1.054038    0.988680    1.000    2
      age[0]                   1.032532    0.000922    0.974191    1.092634    1.030179    1.000    2
      age[0]                  1.042221    0.006852    0.895336    1.207343    1.034123    1.000    2
      age[0]                  0.959458    0.002137    0.878815    1.049991    0.953347    1.000    2
      age[0]                   1.043012    0.003116    0.942163    1.150887    1.038590    1.005    2
      age[0]                  1.108137    0.004654    0.981392    1.242532    1.100564    1.000    2
      age[0]                   1.004441    0.001645    0.931566    1.087952    1.001190    1.022    2
      age[0]                  1.060896    0.002582    0.968695    1.160039    1.056348    1.001    2
      age[0]                   0.975111    0.001106    0.917286    1.042875    0.970738    1.000    2
      age[0]                   1.065876    0.003152    0.957635    1.175744    1.062557    1.000    2
      age[0]                   1.038941    0.002657    0.938338    1.141991    1.035099    1.000    2
      age[0]                  0.955443    0.008940    0.776956    1.140937    0.948016    1.001    2
      age[0]                  0.978114    0.000948    0.924008    1.040595    0.974335    1.000    2
      age[0]                  1.060117    0.008705    0.894976    1.244798    1.049238    1.022    2
      age[0]                  1.061982    0.002567    0.969738    1.162634    1.056327    1.000    2
      age[0]                   1.022984    0.001470    0.947524    1.095494    1.020581    1.001    2
      age[0]                  0.999073    0.001446    0.927847    1.074596    0.995595    1.001    2
      age[0]                   1.073683    0.003136    0.970535    1.186711    1.069755    1.003    2
      age[0]                  1.023377    0.003508    0.909937    1.140640    1.020915    1.000    2
      age[0]                  1.023521    0.001860    0.940562    1.109828    1.020658    1.002    2
      age[0]                  0.949843    0.017411    0.792186    1.206598    0.921441    1.006    2
      age[0]                   1.033705    0.002439    0.944733    1.136357    1.031031    1.039    2
      age[0]                  1.022610    0.001944    0.941255    1.111350    1.018855    1.000    2
      age[0]                   1.018931    0.001388    0.951952    1.092927    1.014758    1.000    2
      age[0]                  1.036413    0.002632    0.942186    1.142557    1.033012    1.001    2
      age[0]                   0.909989    0.002252    0.821240    1.002234    0.906669    1.001    2
      age[0]                   0.967889    0.002120    0.882088    1.062602    0.964576    1.008    2
      age[0]                   1.092110    0.003919    0.977710    1.221529    1.086335    1.001    2
      age[0]                   0.795559    0.002929    0.700792    0.895841    0.788365    1.000    2
      age[0]                  1.038457    0.005183    0.899826    1.182918    1.034548    1.004    2
      age[0]                  1.080003    0.002491    0.985760    1.179381    1.076667    1.004    2
      age[0]                  0.750953    0.002972    0.647210    0.865801    0.746216    1.000    2
      age[0]                  1.013635    0.003780    0.918373    1.138509    1.000650    1.000    2
      age[0]                  1.024143    0.002362    0.937361    1.125769    1.020406    1.001    2
      age[0]                  1.026525    0.004987    0.892410    1.167438    1.022313    1.000    2
      age[0]                   1.057088    0.001625    0.984571    1.139824    1.053453    1.000    2
      age[0]                  1.021033    0.002833    0.928535    1.126323    1.013668    1.001    2
      age[0]                   1.039206    0.001794    0.954622    1.119529    1.037003    1.000    2
      age[0]                  0.980335    0.003522    0.874328    1.100069    0.974499    1.002    2
      age[0]                   1.063654    0.002988    0.955660    1.170418    1.062314    1.002    2
      age[0]                   1.055283    0.001638    0.982683    1.136790    1.052035    1.003    2
      age[0]                  1.010304    0.000722    0.960845    1.064051    1.008181    1.000    2
      age[0]                  1.030184    0.001330    0.969323    1.102371    1.024192    1.000    2
      age[0]                   1.000424    0.004398    0.876595    1.133202    0.996182    1.005    2
      age[0]                  0.882396    0.001934    0.803985    0.969798    0.877142    1.001    2
