0.1162791
0.1388889
0.06818182
0.1818182
0.1136364
0.1
0.07692308
0.09090909
0.137931
0.1777778
0.2105263
0.125
0.2173913
0.125
0.2325581
0.04347826
0.1162791
0
0.1428571
0.125
0.1304348
0.2916667
0
0.1923077
0.15
0.07407407
0.1470588
0.1714286
0.1111111
0.1282051
0.1707317
0.1351351
0.08108108
0.05882353
0.173913
0.05
0.1111111
0.3181818
0.1052632
0.16
0.212766
0.1034483
0.1489362
0.2340426
0.1351351
0.1481481
0.25
0.1666667
0.1212121
0.1111111
0.1304348
0.05555556
0.1578947
0.1666667
0.09375
0.05714286
0.1428571
0.1363636
0.1
0.1621622
0.1111111
0.225
0.12
0.1333333
0.2790698
0.15
0.1176471
0.2727273
0.1153846
0.07692308
0.2
0.1851852
0.15
0.173913
0.07692308
0.1666667
0.1794872
0.06666667
0.04878049
0.1052632
0.07894737
0.1363636
0.1282051
0.1428571
0.1052632
0.05263158
0.2666667
0.25
0.1153846
0.08333333
0.06976744
0.1428571
0.1304348
0.0625
0.2
0.06521739
0.1333333
0.1785714
0.2105263
0.06451613
