0.3488372
0.4444444
0.1590909
0.3409091
0.3181818
0.5
0.1538462
0.2727273
0.4482759
0.3333333
0.2894737
0.25
0.173913
0.1875
0.4186047
0.2826087
0.2790698
0.3157895
0.5714286
0.1875
0.326087
0.2083333
0.3225806
0.3846154
0.35
0.4444444
0.2352941
0.2285714
0.3333333
0.3333333
0.3658537
0.2972973
0.3513514
0.2352941
0.2826087
0.4
0.2222222
0.5909091
0.1578947
0.36
0.4042553
0.3448276
0.4042553
0.4255319
0.2702703
0.2592593
0.4
0.2083333
0.2727273
0.2444444
0.3478261
0.1111111
0.3684211
0.2666667
0.25
0.2571429
0.3095238
0.1818182
0.3
0.2702703
0.2222222
0.35
0.12
0.3333333
0.255814
0.3
0.1764706
0.5454545
0.2307692
0.2692308
0.4
0.4074074
0.275
0.5217391
0.2692308
0.6666667
0.3076923
0.3333333
0.2439024
0.1578947
0.3421053
0.2727273
0.3076923
0.3714286
0.4736842
0.3421053
0.4666667
0.35
0.4615385
0.2083333
0.1395349
0.2857143
0.4347826
0.1875
0.325
0.2608696
0.3333333
0.4642857
0.2894737
0.4516129
