reso  sja  d_qt  d_ci  d_rf
0.5116279 0.9987927 0.1885927 0.408856 0.4500977
0.5833333 0.9883162 0.1183937 0.3670874 0.4426895
0.6590909 0.9758282 0.119903 0.3023307 0.4154364
0.6590909 0.9606326 0.09570263 0.2371055 0.3410652
0.4090909 0.9985599 0.2476803 0.4832087 0.5233326
0.6 0.8800377 0.1815923 0.3466376 0.4540053
0.8717949 0.9278413 0.1705664 0.1860198 0.3055234
0.7727273 0.8969415 0.1224506 0.2244578 0.3289171
0.7241379 0.9662506 0.09699666 0.2332079 0.3462083
0.5555556 0.9921897 0.1311157 0.3989886 0.4747248
0.7105263 0.9961118 0.1018564 0.2096938 0.2624327
0.5625 1 0.1822755 0.3504752 0.391593
0.6086957 0.9031612 0.176689 0.3744528 0.6330788
0.8125 0.9477848 0.0619195 0.150665 0.1737835
0.5581395 0.9878322 0.1241015 0.3778858 0.537593
0.7173913 0.9980893 0.07182739 0.1983432 0.2256913
0.7906977 0.9140315 0.1076539 0.2055313 0.3257542
0.8421053 0.899697 0.1393712 0.3253986 0.5329627
0.5714286 0.8579882 0.2119048 0.3653253 0.4688027
0.625 0.9855322 0.1363519 0.2935402 0.335826
0.7173913 0.9613986 0.1150272 0.2545799 0.3660742
0.625 0.9904166 0.08011396 0.2627653 0.3436935
0.6129032 0.9810953 0.0851518 0.2950799 0.3304001
0.6538462 0.916775 0.1356574 0.2754208 0.3245935
0.725 0.8058557 0.2270075 0.325142 0.430844
0.4444444 0.8597291 0.2092501 0.4274168 0.5252716
0.5882353 0.974324 0.1047695 0.3372238 0.5078277
0.5714286 0.976961 0.06752693 0.3297416 0.3817998
0.5555556 0.9596002 0.1795293 0.3973206 0.4766796
0.6666667 0.9919361 0.06507192 0.3216446 0.3805689
0.5121951 0.984191 0.08554265 0.3917301 0.4271313
0.6216216 0.8526404 0.2105756 0.3610995 0.4387907
0.6216216 0.9296282 0.1085349 0.3266012 0.3705711
0.6470588 0.9831342 0.07430341 0.2426909 0.2295744
0.7173913 0.9099495 0.1236454 0.2501988 0.3348786
0.65 0.9809572 0.07216262 0.1987663 0.2069741
0.7037037 0.8971672 0.1321657 0.3931374 0.4857329
0.7272727 0.9243065 0.1033992 0.3007289 0.3726199
0.6315789 1 0.05830485 0.2626432 0.2815917
0.48 0.9428775 0.1963126 0.4564466 0.5820516
0.5319149 0.9778681 0.1271363 0.4579807 0.5641946
0.6206897 0.9942899 0.08355117 0.3128715 0.3851638
0.5106383 0.9165696 0.2065545 0.4237916 0.5392794
0.6382979 0.9749742 0.08983717 0.3314836 0.4435719
0.6216216 0.9880789 0.1545957 0.3853114 0.4641317
0.7037037 0.9720109 0.06985951 0.2346981 0.3366245
0.575 0.9939314 0.05482133 0.2502959 0.2789369
0.5416667 0.9947652 0.1445584 0.3425628 0.4082355
0.5151515 0.9797317 0.1588575 0.4017838 0.4828253
0.7111111 0.9915394 0.04974047 0.2420162 0.3048888
0.8695652 0.975214 0.03959866 0.1285647 0.1986949
0.8333333 1 0.05689223 0.09614469 0.09935593
0.7368421 1 0.05919344 0.1488252 0.1472805
0.7 0.992157 0.0476173 0.211581 0.2515944
0.71875 0.979772 0.1294595 0.2186492 0.3240063
0.6285714 0.8186292 0.2280634 0.3863778 0.4643348
0.5 0.9703113 0.1503071 0.4303181 0.5397798
0.8636364 0.9314395 0.09059289 0.2213655 0.3640833
0.5 0.9612785 0.2147939 0.4355197 0.4876732
0.5945946 0.9954807 0.08251997 0.3421686 0.4033495
0.6666667 1 0.07176274 0.2048633 0.2070264
0.55 0.9968986 0.126104 0.366001 0.4083518
0.76 0.9536164 0.0815873 0.2023298 0.2947889
0.6222222 0.9857756 0.07333231 0.3384734 0.377613
0.6511628 0.9800779 0.1111806 0.2974619 0.4350524
0.475 0.995288 0.1473868 0.3748272 0.4174258
0.5294118 0.9674452 0.2273478 0.434465 0.530725
0.5454545 0.9327982 0.1334387 0.3195582 0.3435172
0.7307692 1 0.06128163 0.187823 0.2002348
0.7692308 0.9103826 0.1278894 0.2741565 0.5439982
0.675 0.9568017 0.07293979 0.3158039 0.4085906
0.5555556 0.9986758 0.1289911 0.3330559 0.3469164
0.65 0.9945699 0.07932907 0.2491188 0.3178611
0.3043478 1 0.2353512 0.5373352 0.5391294
0.5 0.977465 0.1958023 0.3889005 0.4687428
0.5 0.9259259 0.2261905 0.4678391 0.490482
0.6153846 0.9722037 0.1085768 0.3340341 0.4963753
0.8 0.8868564 0.1267974 0.2088294 0.2850606
0.6097561 0.9872597 0.1898108 0.3972329 0.469278
0.6842105 0.9817629 0.1533151 0.2464485 0.2808487
0.6052632 0.955485 0.1229239 0.3168789 0.4018483
0.7954545 0.9743828 0.07069773 0.1859455 0.2407517
0.5641026 0.9750683 0.06316894 0.3197504 0.342286
0.5142857 1 0.2473278 0.4336067 0.4824314
0.8421053 0.9746925 0.04101162 0.2054816 0.242493
0.6315789 0.9734392 0.08531648 0.2841892 0.3693111
0.4333333 0.9835291 0.1900782 0.5164132 0.5626564
0.7 0.9782942 0.07696217 0.2135987 0.2320403
0.6153846 1 0.06683929 0.2147335 0.2050851
0.75 0.8052695 0.2247009 0.3589789 0.5060743
0.5348837 0.9984845 0.1694243 0.3644942 0.3788358
0.6285714 1 0.1352909 0.3005809 0.3308475
0.4782609 0.9966683 0.2861084 0.4118645 0.483186
0.4375 0.8248784 0.2587719 0.447399 0.4916654
0.675 0.9846894 0.1023945 0.3017212 0.3739299
0.4782609 0.9989246 0.2985449 0.4758656 0.5303285
0.8 0.9691208 0.05076979 0.1756545 0.219173
0.6785714 0.9907431 0.1293342 0.2533911 0.3157066
0.4736842 0.9623441 0.161736 0.4119482 0.5642988
0.483871 0.9845985 0.2150466 0.4421651 0.5603012
