      TL             8.908177    0.223196    7.990122    9.837057    8.888101   3047.84   4035.64    1.001
      TL             7.955994    0.199526    7.106936    8.844246    7.934125   4078.63   4354.78    1.000
      TL             8.488720    0.167321    7.683351    9.282367    8.476263   9172.57   9212.94    1.000
      TL             7.990275    0.145302    7.245183    8.733915    7.979125   8507.88   8943.22    1.000
      TL             8.588419    0.248040    7.660968    9.598597    8.562126   3069.31   3333.27    1.000
      TL             5.216375    0.195559    4.371912    6.081947    5.186403   5564.57   5759.75    1.000
      TL             8.046554    0.203413    7.198052    8.959803    8.027048   1508.71   2478.05    1.001
      TL             5.155820    0.178639    4.342298    5.987627    5.130456   6884.67   7857.96    1.000
      TL             6.696315    0.158357    5.932065    7.483832    6.681159  11866.59  12055.91    1.000
      TL             9.290473    0.222598    8.386632   10.233750    9.272442   4219.77   4448.73    1.001
      TL             7.469445    0.154370    6.704706    8.239240    7.455930   8750.44   9599.77    1.000
      TL             3.182990    0.089354    2.610999    3.775462    3.164050  11690.95  12695.85    1.000
      TL             6.022315    0.212512    5.155049    6.943095    5.992940   7316.22   7993.35    1.000
      TL             3.289109    0.090708    2.708817    3.879034    3.271846  16111.15  16439.11    1.000
      TL             9.558050    0.214912    8.656265   10.470410    9.540831   6088.33   6497.61    1.000
      TL            10.125478    0.244873    9.176185   11.103930   10.106620   7734.42   9106.08    1.000
      TL             8.031510    0.158125    7.270624    8.826896    8.016445   4678.48   5631.09    1.000
      TL             4.521820    0.121432    3.870368    5.228792    4.502789  15698.36  15972.52    1.000
      TL             3.796850    0.822391    2.322160    5.609413    3.646804  13884.07  14430.28    1.000
      TL             3.679382    0.116820    3.023240    4.353411    3.658783   7963.35   8345.40    1.000
      TL             9.054839    0.177154    8.242720    9.885110    9.041845   7430.23   7501.23    1.000
      TL             5.117407    0.127797    4.445338    5.838104    5.101550   9914.09  12728.21    1.000
      TL             7.064593    0.225372    6.155759    7.996262    7.036367   6841.58   7258.62    1.000
      TL             5.487185    0.134628    4.784102    6.217230    5.469314  12021.39  12078.73    1.000
      TL             7.919181    0.217027    7.017656    8.834351    7.894761   2761.93   3484.63    1.000
      TL             7.454506    0.239208    6.515812    8.423811    7.423545   5099.88   5439.20    1.000
      TL             8.766914    0.300922    7.720005    9.844532    8.736692   5311.64   5577.87    1.000
      TL             7.378366    0.183319    6.589458    8.252856    7.354562   4990.32   5160.54    1.000
      TL             7.119349    0.276307    6.129439    8.166192    7.086486   6332.16   6663.41    1.000
      TL             6.777512    0.136362    6.070353    7.507969    6.764042   5558.20   5684.91    1.000
      TL             8.004631    0.186684    7.172867    8.856821    7.987425   3741.40   3884.88    1.000
      TL             8.486101    0.236226    7.568868    9.470227    8.460320   3864.36   4454.58    1.000
      TL             7.219272    0.158670    6.465456    8.018377    7.205770   7715.16   8636.78    1.000
      TL             3.995213    0.117025    3.350586    4.681790    3.972088   8565.88  10100.67    1.000
      TL             7.744690    0.135707    7.022699    8.463757    7.734681   4052.53   6045.27    1.000
      TL             3.922324    0.098717    3.322763    4.544970    3.907664  15246.61  15455.66    1.000
      TL             4.747228    0.142875    4.026798    5.501799    4.726972   4920.80   5371.53    1.000
      TL             3.222296    0.059975    2.751734    3.708921    3.212333  12346.38  12475.88    1.000
      TL             4.763289    0.158028    4.015684    5.555354    4.736109  10705.50  11118.68    1.000
      TL             5.884727    0.177411    5.067718    6.709919    5.863703   9680.15  10424.66    1.000
      TL             8.598441    0.194928    7.734992    9.458199    8.581052   3029.32   3803.47    1.000
      TL             6.639896    0.190949    5.810549    7.515469    6.616837   6938.04   7206.78    1.000
      TL             8.375040    0.177908    7.580141    9.223079    8.359022   4713.92   4922.81    1.000
      TL             9.169533    0.197547    8.313540   10.046090    9.156660   7522.18   7700.66    1.000
      TL             7.748779    0.210280    6.871546    8.657432    7.726018   2810.30   4448.20    1.000
      TL             5.555020    0.166592    4.788635    6.379315    5.530859   4462.25   5055.97    1.000
      TL             6.487470    0.110328    5.841722    7.143003    6.477503   9040.47  10698.93    1.000
      TL             5.651488    0.262414    4.681672    6.661522    5.614046   3131.91   4024.38    1.000
      TL             7.879345    0.224113    6.970724    8.817659    7.852925   3430.68   3724.03    1.000
      TL             6.994622    0.108568    6.355528    7.646696    6.985163  12042.93  12367.80    1.000
      TL             4.699265    0.125069    4.031844    5.408032    4.678609   7383.20   7403.46    1.000
      TL             4.677363    0.172229    3.902927    5.505860    4.647566  11469.36  11848.83    1.000
      TL             4.319567    0.151654    3.602494    5.107725    4.290275   6628.12   6844.37    1.000
      TL             6.428416    0.134701    5.725774    7.160874    6.415136  11715.94  11754.06    1.000
      TL             7.367162    0.227054    6.443323    8.298962    7.341156   6294.38   6526.67    1.000
      TL             6.396094    0.135749    5.675752    7.116071    6.380695   8602.51   8626.38    1.000
      TL             9.835697    0.234157    8.905855   10.797750    9.817453   5485.65   6020.72    1.000
      TL             5.206252    0.131444    4.514761    5.925525    5.186097   4950.30   5483.55    1.000
      TL             5.771084    0.262293    4.814268    6.799857    5.733656   7355.06   8168.22    1.000
      TL             7.401434    0.195247    6.557155    8.282347    7.381009   4903.52   5169.28    1.000
      TL             3.352119    0.107967    2.748744    4.028706    3.327832   5776.74   5843.28    1.000
      TL             7.443083    0.166949    6.673118    8.268124    7.426267   4213.74   5009.69    1.000
      TL             5.059721    0.110236    4.437403    5.734809    5.046299  15430.35  16499.12    1.000
      TL             9.265999    0.183996    8.438336   10.116100    9.252381   6528.44   7102.24    1.000
      TL             8.129407    0.162254    7.356294    8.936264    8.117126   8706.90   9129.55    1.000
      TL             9.695154    0.359102    8.557798   10.897270    9.664184   2936.20   3863.93    1.000
      TL             4.991129    0.247769    4.040402    5.973419    4.954153   9398.37   9551.06    1.000
      TL             5.515300    0.200372    4.670644    6.405265    5.485203   5360.18   6337.45    1.000
      TL             6.695467    0.195775    5.848914    7.573443    6.672772   8975.88   9161.34    1.000
      TL             6.807359    0.204210    5.956280    7.712867    6.780440   8024.25   8065.07    1.000
      TL             7.304298    0.143260    6.569269    8.049163    7.294182  10146.47  10394.84    1.000
      TL             7.128420    0.218746    6.232035    8.049534    7.103348   9467.06  10672.81    1.000
      TL             8.950304    0.221387    8.052226    9.885316    8.926366   5810.40   6610.38    1.000
      TL             6.906187    0.327113    5.816845    8.037883    6.863145   4960.99   5184.56    1.000
      TL             5.382063    0.150417    4.649359    6.163584    5.362769   8956.45   8990.12    1.000
      TL             3.343210    0.474670    2.184783    4.728100    3.240794  15819.78  15959.03    1.000
      TL             8.359715    0.229045    7.436391    9.306024    8.340239   4964.42   5428.02    1.000
      TL             4.173765    0.147310    3.460340    4.951059    4.148571  16178.51  16759.46    1.000
      TL             7.999012    0.195354    7.144901    8.869552    7.981847   5724.86   5882.09    1.000
      TL             5.507365    0.251866    4.569267    6.511148    5.470516   9948.74  10049.02    1.000
      TL             8.414639    0.238381    7.480461    9.372692    8.386014   1879.23   2222.33    1.000
      TL             9.408519    0.214684    8.516806   10.313990    9.391425   3578.94   4943.71    1.000
      TL             7.487807    0.151398    6.738272    8.253716    7.470512   5267.93   5684.38    1.000
      TL             7.539494    0.231931    6.614941    8.492248    7.511207   1456.98   1712.51    1.001
      TL             5.364342    0.180193    4.583019    6.225067    5.339830  10468.71  10576.37    1.000
      TL             8.128337    0.193926    7.260205    8.981536    8.109753   4910.74   5404.52    1.000
      TL             6.278423    0.181698    5.459851    7.123565    6.256297   4750.62   5458.56    1.000
      TL             4.820389    0.111844    4.171946    5.480506    4.806914  17050.07  17408.19    1.000
      TL             5.461957    0.158643    4.705284    6.259116    5.438622   9522.56   9543.04    1.000
      TL             6.653755    0.304425    5.628618    7.769412    6.614849   6276.09   6421.36    1.000
      TL             8.526823    0.207968    7.667886    9.442934    8.510076   6263.77   6294.22    1.000
      TL             9.275833    0.316890    8.235056   10.426230    9.242296   3150.30   3303.33    1.000
      TL            10.874224    0.382244    9.711072   12.133080   10.840530   1464.00   1550.10    1.000
      TL             5.351820    0.350811    4.262803    6.548515    5.300047   9796.47   9902.04    1.000
      TL             9.145387    0.196308    8.313857   10.047090    9.129556   7792.52   9282.14    1.000
      TL            10.311043    0.263836    9.315822   11.319300   10.292090   2090.78   2331.62    1.000
      TL             4.512740    0.089172    3.944809    5.113264    4.501614  12804.12  13095.86    1.000
      TL             5.760457    0.159100    5.002248    6.549962    5.738828   5507.27   6648.42    1.000
      TL             8.696899    0.238989    7.747553    9.651252    8.674716   4121.52   4457.45    1.000
      TL             7.168238    0.218147    6.293745    8.108898    7.142477   4765.81   4859.66    1.000
