      TL             7.959855    0.213105    7.064859    8.862649    7.942859   2768.12   2945.54    1.000
      TL             8.551456    0.437077    7.350061    9.915766    8.507446    858.97    869.30    1.000
      TL             8.402492    0.202548    7.526363    9.282680    8.386212   4775.67   4873.21    1.000
      TL             8.022209    0.215623    7.135472    8.957146    8.006318   1502.87   1966.02    1.000
      TL             9.394525    0.334942    8.272299   10.533250    9.364695   1838.24   1871.84    1.000
      TL             4.875592    0.187330    4.050780    5.725772    4.854098   3222.06   3294.33    1.000
      TL             7.336298    0.206889    6.429044    8.224578    7.328259    285.11    390.70    1.000
      TL             5.455014    0.268399    4.450946    6.483990    5.436302   2462.77   2512.24    1.000
      TL             7.815038    0.382329    6.658501    9.038119    7.782901   2415.12   2464.97    1.001
      TL             9.819509    0.325988    8.732343   10.954480    9.796838   1076.62   1099.88    1.000
      TL             7.983291    0.284473    6.952477    9.042541    7.961070    997.25   1078.24    1.000
      TL             2.958282    0.150862    2.220505    3.720136    2.931279   3029.84   3053.74    1.000
      TL             6.105311    0.355340    4.981512    7.297822    6.069352   2701.45   2837.83    1.000
      TL             3.443393    0.205513    2.561536    4.334631    3.421271   1495.91   1777.59    1.000
      TL             9.157971    0.303603    8.125560   10.282970    9.136030   1504.97   1518.16    1.001
      TL             8.595404    0.243607    7.637897    9.556604    8.581446   2302.84   2780.86    1.000
      TL             7.396925    0.191046    6.555193    8.265905    7.385794   3572.37   3619.52    1.000
      TL             5.084912    0.279381    4.085253    6.138036    5.046604   2448.85   2494.58    1.000
      TL             1.931057    0.128262    1.297843    2.663933    1.892416   6123.52   6609.17    1.000
      TL             3.706083    0.159968    2.941673    4.496484    3.681452   4145.69   4181.01    1.000
      TL             8.353236    0.201093    7.506701    9.252585    8.343579   3036.08   3173.68    1.001
      TL             5.607635    0.235945    4.657883    6.562189    5.580721   2443.55   2633.82    1.001
      TL             6.984740    0.305197    5.940400    8.095554    6.961902   1715.31   1732.09    1.000
      TL             5.953492    0.265735    4.925959    6.945463    5.935347   3338.24   3557.72    1.000
      TL             7.860852    0.245446    6.905338    8.845913    7.846743   2410.57   2503.94    1.000
      TL             6.861206    0.321289    5.816969    8.009279    6.823354   2296.74   2427.06    1.000
      TL             8.869004    0.379327    7.724768   10.120860    8.833734   1778.90   1821.37    1.000
      TL             7.638582    0.335691    6.530128    8.789780    7.612233    709.55    773.33    1.000
      TL             6.301174    0.288158    5.297038    7.368106    6.275261   1979.43   2120.59    1.000
      TL             6.329300    0.161048    5.553314    7.123000    6.315231   2342.59   2503.52    1.000
      TL             7.564323    0.217908    6.671263    8.492529    7.547374   1315.24   1798.04    1.000
      TL             8.542267    0.349658    7.416729    9.722064    8.517233    911.04   1070.32    1.000
      TL             6.928256    0.203704    6.044831    7.792418    6.910867   1514.44   2145.02    1.001
      TL             3.404189    0.105340    2.784690    4.043919    3.390987   3114.01   3800.46    1.001
      TL             6.896136    0.120965    6.209176    7.569174    6.889156   5716.61   5764.25    1.000
      TL             3.566660    0.135126    2.866450    4.304635    3.549145   3368.77   3798.99    1.000
      TL             5.142131    0.148393    4.428073    5.920887    5.123812   2479.10   3165.69    1.000
      TL             3.045134    0.089014    2.471054    3.631635    3.028235   2093.57   2260.32    1.000
      TL             4.471077    0.234604    3.572002    5.452605    4.441069   2830.11   3211.34    1.000
      TL             4.745831    0.150212    4.013249    5.526922    4.732751   4109.03   4400.59    1.000
      TL             8.770974    0.308985    7.691386    9.888002    8.772112   1232.72   1350.37    1.000
      TL             4.879967    0.145995    4.144593    5.632337    4.863713   4602.40   5054.38    1.000
      TL             7.668662    0.243040    6.716030    8.627919    7.653665   1401.38   1630.27    1.000
      TL             9.099816    0.274885    8.099796   10.139760    9.081643   1965.62   2274.47    1.000
      TL             8.841601    0.325494    7.786957   10.010510    8.816319   1781.06   2043.41    1.000
      TL             5.377385    0.213626    4.492819    6.297674    5.348325   2276.53   2367.35    1.000
      TL             6.352312    0.166886    5.574743    7.162589    6.336056   3353.87   3454.97    1.000
      TL             5.178350    0.257886    4.201160    6.181029    5.149891   1110.93   1522.02    1.000
      TL             6.942098    0.244715    5.987707    7.914198    6.923963   2033.95   2211.87    1.000
      TL             6.803947    0.171430    6.012085    7.623011    6.791847   2409.27   2566.27    1.000
      TL             4.340563    0.142605    3.641408    5.106708    4.317198   2786.33   3094.73    1.000
      TL             4.049050    0.151069    3.316822    4.833082    4.031224   4944.16   4989.30    1.000
      TL             4.494754    0.196986    3.644533    5.367883    4.467346   1063.75   1345.73    1.002
      TL             7.073283    0.301630    6.032089    8.195451    7.050814   2142.31   2331.92    1.000
      TL             7.463199    0.278391    6.433231    8.476277    7.435174   1940.60   1961.46    1.001
      TL             6.397023    0.208923    5.492068    7.311070    6.396235   1334.43   1361.54    1.001
      TL             9.864680    0.329251    8.748319   10.994230    9.844152   1490.06   1685.08    1.000
      TL             4.509162    0.171338    3.735475    5.332244    4.480800   2394.44   2758.51    1.000
      TL             5.015386    0.227466    4.112461    5.960802    4.987803   2934.62   3180.66    1.000
      TL             6.741632    0.201917    5.871196    7.628037    6.728753   2351.41   2513.61    1.000
      TL             2.517921    0.117978    1.843110    3.191679    2.508413   2468.85   2543.14    1.000
      TL             7.669135    0.222221    6.762051    8.603270    7.649695   2233.82   2375.87    1.000
      TL             5.025496    0.162767    4.263813    5.839193    5.002150   3283.37   3485.81    1.000
      TL             8.854198    0.230500    7.920991    9.788520    8.838994   2051.21   2132.51    1.000
      TL             8.988131    0.305113    7.931027   10.093770    8.973947   1927.69   2086.37    1.001
      TL             9.242851    0.377774    8.077892   10.493880    9.215661   1925.77   2164.28    1.000
      TL             4.317011    0.246352    3.391825    5.302954    4.277897   3105.92   3109.16    1.000
      TL             5.465164    0.314637    4.412857    6.597010    5.431419   2384.91   2550.78    1.001
      TL             7.278408    0.533646    5.867677    8.699614    7.239768   1750.71   1752.14    1.000
      TL             7.541452    0.357626    6.451239    8.773100    7.506557   1630.17   2185.96    1.000
      TL             7.135332    0.192120    6.297885    8.014697    7.118508   1837.79   2318.04    1.000
      TL             7.107977    0.299212    6.078234    8.215614    7.090617   2466.80   2574.56    1.000
      TL             9.416846    0.376061    8.224943   10.625970    9.394383    910.00   1338.76    1.000
      TL             5.390969    0.252893    4.413401    6.384342    5.366946   2059.06   2382.60    1.000
      TL             5.714248    0.204337    4.876308    6.638269    5.688155   1646.78   2078.43    1.000
      TL             2.349081    0.252084    1.470163    3.343695    2.286651   5935.91   6376.43    1.000
      TL             8.772228    0.365538    7.613132    9.993617    8.754178   1074.42   1286.42    1.000
      TL             3.773271    0.131427    3.074132    4.485666    3.753769   2670.97   3251.85    1.000
      TL             8.832629    0.303732    7.779187    9.940505    8.814875   1814.05   2267.92    1.000
      TL             4.920401    0.216493    4.054103    5.868560    4.887777   4693.99   4888.64    1.000
      TL             7.911520    0.299653    6.891887    9.027956    7.885074   1877.53   2055.26    1.000
      TL            10.057780    0.336341    8.919727   11.181410   10.033870   1574.43   1797.50    1.000
      TL             7.008565    0.206079    6.138979    7.910094    6.992849   2197.00   2529.23    1.001
      TL             6.287076    0.190456    5.445347    7.151113    6.271527   2972.51   3030.63    1.000
      TL             4.693388    0.233007    3.772814    5.660460    4.660484   1941.33   2640.42    1.001
      TL             7.314515    0.201373    6.469046    8.222137    7.298124   2725.94   3024.87    1.000
      TL             5.308197    0.132045    4.609232    6.023027    5.292903   1389.16   1930.18    1.000
      TL             4.826618    0.183650    4.018970    5.681764    4.798196   1498.07   1509.63    1.000
      TL             4.644814    0.122847    3.989000    5.364389    4.630645   4758.41   5175.23    1.000
      TL             6.271698    0.300255    5.228096    7.363970    6.245982   2622.12   2884.21    1.001
      TL             8.514917    0.286141    7.490474    9.573604    8.498943   1090.68   2196.09    1.001
      TL             8.689471    0.338432    7.584373    9.846269    8.658562   1169.00   1856.36    1.001
      TL             9.486290    0.450076    8.177304   10.794670    9.455347   1081.21   1113.08    1.000
      TL             4.024984    0.164249    3.243044    4.822520    4.002487   4476.76   4522.70    1.000
      TL             9.450632    0.318866    8.388142   10.606260    9.432526   1914.54   2198.08    1.000
      TL             9.406632    0.278602    8.388392   10.447860    9.386947   1973.62   2479.62    1.000
      TL             4.627726    0.110998    3.996790    5.301675    4.617058   5131.20   5227.15    1.000
      TL             5.404236    0.187776    4.603493    6.291804    5.378394   2414.33   2549.04    1.000
      TL             7.995595    0.286134    6.980709    9.066507    7.968796   1156.90   1350.96    1.000
      TL             6.826351    0.297443    5.808854    7.928066    6.797107   2093.17   2114.34    1.000
