TreeInfo 1.000000	8.297837	16	30	0
TreeInfo 1.000000	8.148065	17	22	0
TreeInfo 1.000000	8.247483	13	34	0
TreeInfo 1.000000	7.932932	17	30	0
TreeInfo 1.000000	8.616884	7	40	0
TreeInfo 1.000000	5.120264	5	18	0
TreeInfo 1.000000	7.471852	10	32	0
TreeInfo 1.000000	5.114772	6	19	0
TreeInfo 1.000000	6.691441	8	24	0
TreeInfo 1.000000	9.067037	10	38	0
TreeInfo 1.000000	7.424872	8	33	0
TreeInfo 1.000000	3.581982	11	8	0
TreeInfo 1.000000	5.914810	8	18	0
TreeInfo 1.000000	3.548739	8	11	0
TreeInfo 1.000000	9.647760	13	33	0
TreeInfo 1.000000	8.903184	11	38	0
TreeInfo 1.000000	8.304437	18	28	0
TreeInfo 1.000000	4.993426	10	12	0
TreeInfo 1.000000	2.943695	2	8	0
TreeInfo 1.000000	3.939832	4	15	0
TreeInfo 1.000000	8.362079	17	32	0
TreeInfo 1.000000	5.444245	10	17	0
TreeInfo 1.000000	6.989525	17	17	0
TreeInfo 1.000000	5.361988	10	19	0
TreeInfo 1.000000	7.255175	12	31	0
TreeInfo 1.000000	7.198838	10	20	0
TreeInfo 1.000000	8.174184	12	25	0
TreeInfo 1.000000	7.048525	11	27	0
TreeInfo 1.000000	6.584700	6	24	0
TreeInfo 1.000000	6.538527	16	26	0
TreeInfo 1.000000	7.661177	21	23	0
TreeInfo 1.000000	7.935071	13	27	0
TreeInfo 1.000000	6.735033	9	31	0
TreeInfo 1.000000	3.897322	10	10	0
TreeInfo 1.000000	7.407741	14	35	0
TreeInfo 1.000000	3.961809	6	17	0
TreeInfo 1.000000	4.750035	9	21	0
TreeInfo 1.000000	3.641136	8	17	0
TreeInfo 1.000000	4.668128	7	15	0
TreeInfo 1.000000	5.332748	3	25	0
TreeInfo 1.000000	8.930059	13	37	0
TreeInfo 1.000000	5.579733	11	21	0
TreeInfo 1.000000	8.745034	19	31	0
TreeInfo 1.000000	9.073967	15	35	0
TreeInfo 1.000000	7.849576	15	25	0
TreeInfo 1.000000	5.702369	10	20	0
TreeInfo 1.000000	6.250952	18	25	0
TreeInfo 1.000000	5.079239	9	18	0
TreeInfo 1.000000	7.215942	15	21	0
TreeInfo 1.000000	7.064170	22	26	0
TreeInfo 1.000000	4.940429	7	19	0
TreeInfo 1.000000	4.822766	4	17	0
TreeInfo 1.000000	4.232329	9	13	0
TreeInfo 1.000000	6.492222	11	22	0
TreeInfo 1.000000	6.616494	9	26	0
TreeInfo 1.000000	6.220289	13	25	0
TreeInfo 1.000000	9.519006	11	34	0
TreeInfo 1.000000	5.007971	15	10	0
TreeInfo 1.000000	5.109125	4	19	0
TreeInfo 1.000000	6.849668	16	24	0
TreeInfo 1.000000	3.274426	11	10	0
TreeInfo 1.000000	7.388474	7	36	0
TreeInfo 1.000000	4.906881	6	22	0
TreeInfo 1.000000	9.393471	16	32	0
TreeInfo 1.000000	8.611534	14	32	0
TreeInfo 1.000000	9.073423	12	31	0
TreeInfo 1.000000	4.302900	5	15	0
TreeInfo 1.000000	5.549558	11	14	0
TreeInfo 1.000000	6.430709	9	20	0
TreeInfo 1.000000	6.424187	14	15	0
TreeInfo 1.000000	6.949128	9	34	0
TreeInfo 1.000000	6.833306	10	20	0
TreeInfo 1.000000	8.569010	13	30	0
TreeInfo 1.000000	5.621324	6	20	0
TreeInfo 1.000000	5.107811	7	22	0
TreeInfo 1.000000	2.697029	3	6	0
TreeInfo 1.000000	8.280183	5	37	0
TreeInfo 1.000000	3.878974	4	14	0
TreeInfo 1.000000	7.757986	12	32	0
TreeInfo 1.000000	4.939051	4	18	0
TreeInfo 1.000000	7.821651	15	26	0
TreeInfo 1.000000	9.430450	10	37	0
TreeInfo 1.000000	7.308662	22	20	0
TreeInfo 1.000000	6.996248	14	24	0
TreeInfo 1.000000	5.315716	5	17	0
TreeInfo 1.000000	7.413475	14	27	0
TreeInfo 1.000000	6.244324	8	25	0
TreeInfo 1.000000	5.227495	9	14	0
TreeInfo 1.000000	5.180910	11	18	0
TreeInfo 1.000000	6.067475	3	24	0
TreeInfo 1.000000	8.713744	14	32	0
TreeInfo 1.000000	8.002527	14	24	0
TreeInfo 1.000000	10.329600	13	36	0
TreeInfo 1.000000	4.646895	2	17	0
TreeInfo 1.000000	8.617183	14	29	0
TreeInfo 1.000000	9.619817	12	37	0
TreeInfo 1.000000	4.427031	12	21	0
TreeInfo 1.000000	5.411843	10	21	0
TreeInfo 1.000000	8.329862	11	30	0
TreeInfo 1.000000	6.498062	12	22	0
