      age[0]                   0.935803    0.001884    0.860578    1.026984    0.930050    1.008    2
      age[0]                   0.994102    0.000752    0.954719    1.046652    0.989196    1.000    2
      age[0]                   1.059250    0.002616    0.966093    1.162891    1.055465    1.003    2
      age[0]                   1.012841    0.002511    0.917447    1.106583    1.008105    1.013    2
      age[0]                   1.046070    0.001261    0.979513    1.117926    1.045051    1.002    2
      age[0]                  1.023981    0.002202    0.935052    1.118669    1.020271    1.001    2
      age[0]                   1.022157    0.000882    0.968069    1.079418    1.019029    1.000    2
      age[0]                  0.762071    0.000677    0.723544    0.811235    0.757355    1.000    2
      age[0]                  1.046586    0.002447    0.956505    1.143744    1.040896    1.000    2
      age[0]                   0.978646    0.001407    0.909644    1.052255    0.974963    1.000    2
      age[0]                  0.945352    0.000954    0.888888    1.006600    0.942579    1.002    2
      age[0]                  0.920474    0.004482    0.831205    1.045705    0.906221    1.001    2
      age[0]                  0.942291    0.003651    0.857041    1.058260    0.931245    1.000    2
      age[0]                  0.905286    0.002962    0.810128    1.009771    0.899139    1.001    2
      age[0]                   1.070840    0.003059    0.968386    1.180802    1.066903    1.000    2
      age[0]                   0.982464    0.000868    0.928497    1.043135    0.980215    1.002    2
      age[0]                   1.104885    0.002791    1.008127    1.210815    1.099285    1.010    2
      age[0]                  1.091971    0.007331    0.939362    1.266964    1.084110    1.000    2
      age[0]                  0.877735    0.019645    0.627400    1.141127    0.865780    1.000    2
      age[0]                  1.048068    0.002182    0.957269    1.135046    1.043233    1.000    2
      age[0]                   1.001942    0.001533    0.931775    1.081809    0.997345    1.003    2
      age[0]                  1.054332    0.001871    0.979179    1.135405    1.048109    1.000    2
      age[0]                  0.940126    0.002680    0.844871    1.045447    0.936062    1.000    2
      age[0]                  0.951607    0.003654    0.859144    1.066787    0.939204    1.013    2
      age[0]                   0.943169    0.000842    0.898851    0.997187    0.938790    1.000    2
      age[0]                  0.939330    0.004127    0.823286    1.065687    0.933348    1.001    2
      age[0]                  1.056035    0.004736    0.929013    1.194935    1.051435    1.006    2
      age[0]                  0.915885    0.001838    0.834557    0.994171    0.911591    1.000    2
      age[0]                  0.872291    0.002101    0.788496    0.964889    0.868081    1.004    2
      age[0]                   1.003868    0.004428    0.874452    1.133684    1.001397    1.000    2
      age[0]                   1.011991    0.001985    0.927738    1.098887    1.008803    1.000    2
      age[0]                   0.979012    0.001652    0.914818    1.059693    0.971204    1.004    2
      age[0]                  1.051563    0.001427    0.982578    1.128658    1.049202    1.003    2
      age[0]                  1.038687    0.006342    0.970761    1.203523    1.010632    1.002    2
      age[0]                   0.967339    0.000830    0.914484    1.025785    0.965216    1.000    2
      age[0]                  1.045318    0.002521    0.954251    1.146646    1.038927    1.001    2
      age[0]                  0.960613    0.002862    0.857823    1.065893    0.960414    1.001    2
      age[0]                  0.964408    0.001369    0.897410    1.035884    0.960007    1.002    2
      age[0]                  1.029372    0.001809    0.965892    1.114209    1.019462    1.008    2
      age[0]                  1.064698    0.002039    0.978483    1.154321    1.061494    1.003    2
      age[0]                   0.990329    0.002900    0.890106    1.096140    0.986731    1.006    2
      age[0]                  0.989772    0.002473    0.896173    1.088936    0.986733    1.002    2
      age[0]                   0.911159    0.003765    0.791307    1.029306    0.908839    1.007    2
      age[0]                   1.008791    0.001661    0.930812    1.087771    1.006444    1.009    2
      age[0]                   1.072661    0.001513    1.004349    1.150935    1.068333    1.000    2
      age[0]                  1.030041    0.002031    0.948494    1.118854    1.025252    1.002    2
      age[0]                   0.993239    0.001940    0.914062    1.078520    0.988097    1.002    2
      age[0]                  1.012910    0.002559    0.920862    1.107479    1.007511    1.005    2
      age[0]                  1.024603    0.001087    0.965909    1.090096    1.021049    1.000    2
      age[0]                   1.017891    0.001136    0.958124    1.086908    1.013798    1.000    2
      age[0]                  1.040994    0.002251    0.949005    1.132215    1.038639    1.003    2
      age[0]                  1.017747    0.006192    0.866841    1.170719    1.012498    1.000    2
      age[0]                  0.866220    0.000903    0.827726    0.924190    0.859616    1.000    2
      age[0]                  0.931708    0.002203    0.843493    1.025440    0.927352    1.001    2
      age[0]                  0.977076    0.001149    0.916657    1.045369    0.973897    1.001    2
      age[0]                  1.009893    0.000935    0.966036    1.066159    1.004720    1.000    2
      age[0]                   1.068114    0.001593    0.990427    1.144988    1.065471    1.004    2
      age[0]                  0.967030    0.003922    0.856310    1.083199    0.958504    1.000    2
      age[0]                  1.037691    0.003267    0.931711    1.153273    1.032038    1.000    2
      age[0]                   1.015503    0.002299    0.936133    1.107119    1.008067    1.001    2
      age[0]                  1.009012    0.001449    0.956546    1.080998    1.001387    1.000    2
      age[0]                   0.979886    0.001382    0.910954    1.052695    0.977246    1.001    2
      age[0]                  1.130588    0.003492    1.020647    1.251314    1.126546    1.000    2
      age[0]                   1.056863    0.003015    0.955906    1.163733    1.052446    1.008    2
      age[0]                   0.990635    0.001473    0.916066    1.063091    0.987727    1.018    2
      age[0]                   0.966825    0.001791    0.887965    1.050309    0.963654    1.001    2
      age[0]                  0.883206    0.006331    0.736907    1.039491    0.873530    1.001    2
      age[0]                  1.009212    0.001632    0.937747    1.090688    1.004857    1.002    2
      age[0]                  1.050242    0.005810    0.903095    1.202271    1.045185    1.000    2
      age[0]                  1.035399    0.002354    0.949481    1.134441    1.030027    1.010    2
      age[0]                   1.010818    0.002146    0.926192    1.106534    1.006512    1.032    2
      age[0]                  1.040365    0.002746    0.945523    1.144669    1.035216    1.002    2
      age[0]                   0.989436    0.002266    0.902287    1.082710    0.984095    1.000    2
      age[0]                  0.976280    0.002816    0.881383    1.083512    0.970929    1.000    2
      age[0]                  1.064818    0.003589    0.949975    1.180758    1.060094    1.002    2
      age[0]                  0.866153    0.005377    0.792186    1.013627    0.845773    1.003    2
      age[0]                   1.051624    0.002854    0.950286    1.157561    1.047778    1.007    2
      age[0]                  1.041072    0.003435    0.929989    1.156018    1.036817    1.002    2
      age[0]                   1.067159    0.002388    0.974757    1.169213    1.064695    1.036    2
      age[0]                  1.038882    0.003022    0.935606    1.149857    1.034360    1.002    2
      age[0]                   0.917720    0.004123    0.794376    1.044012    0.916635    1.000    2
      age[0]                   0.913127    0.002238    0.826524    1.009437    0.909453    1.000    2
      age[0]                   0.992824    0.002136    0.925974    1.080385    0.984773    1.000    2
      age[0]                  0.874322    0.002894    0.774047    0.981365    0.870681    1.001    2
      age[0]                  1.020704    0.004106    0.903009    1.150116    1.016385    1.001    2
      age[0]                  1.072718    0.002487    0.979520    1.172917    1.068511    1.002    2
      age[0]                  0.702005    0.004614    0.579353    0.832912    0.695982    1.000    2
      age[0]                  1.047250    0.005351    0.917416    1.180038    1.043743    1.014    2
      age[0]                  0.985938    0.002224    0.900765    1.080760    0.980858    1.004    2
      age[0]                  1.050285    0.005134    0.913540    1.193336    1.046857    1.000    2
      age[0]                   1.070108    0.002127    0.986009    1.162277    1.065854    1.001    2
      age[0]                  0.980530    0.001940    0.903125    1.063606    0.973863    1.000    2
      age[0]                   1.007219    0.001698    0.933996    1.090555    1.003650    1.014    2
      age[0]                  1.061448    0.006780    0.907802    1.224767    1.052657    1.000    2
      age[0]                   1.033786    0.002099    0.950023    1.127029    1.030096    1.001    2
      age[0]                   1.072610    0.001650    0.997738    1.151809    1.069868    1.004    2
      age[0]                  1.033559    0.001102    0.972243    1.099565    1.030697    1.014    2
      age[0]                  1.015720    0.000863    0.962773    1.068782    1.012062    1.000    2
      age[0]                   0.975006    0.003645    0.861561    1.096886    0.971353    1.029    2
      age[0]                  0.940136    0.004761    0.802233    1.068082    0.937934    1.000    2
