      clockrate                0.866273    0.003380    0.756324    0.981868    0.863125    237.04    361.44    1.000
      clockrate                0.804626    0.003676    0.683390    0.920562    0.802744    399.70    430.67    1.009
      clockrate                0.821355    0.001716    0.741676    0.902815    0.820312    586.91    635.28    1.003
      clockrate                0.856724    0.001899    0.775157    0.943871    0.854953    164.12    546.57    1.004
      clockrate                0.895367    0.003055    0.787353    1.002893    0.892753     72.22    176.84    1.000
      clockrate                0.737010    0.003890    0.618752    0.861377    0.733944   1043.04   1224.37    1.000
      clockrate                0.811545    0.001805    0.730765    0.896448    0.810573   1564.33   1804.21    1.004
      clockrate                0.993816    0.012045    0.791578    1.217335    0.986406    323.35    345.72    1.005
      clockrate                0.816551    0.005464    0.674925    0.962674    0.811986    278.76    316.71    1.000
      clockrate                0.818716    0.002993    0.716627    0.930013    0.815648    104.82    155.37    1.005
      clockrate                0.863687    0.002708    0.763355    0.964141    0.861275    116.83    219.55    1.008
      clockrate                0.866783    0.019705    0.615988    1.150608    0.853218    402.90    403.59    1.000
      clockrate                0.818896    0.009872    0.641834    1.022021    0.807335     89.66    178.61    1.008
      clockrate                0.799574    0.016678    0.573406    1.056063    0.781359    191.71    196.45    1.005
      clockrate                0.923069    0.004069    0.801912    1.050848    0.918209    114.20    184.46    1.010
      clockrate                0.877167    0.001899    0.794227    0.964178    0.876075    777.21   1004.39    1.003
      clockrate                0.806100    0.002915    0.699896    0.911766    0.804148    353.78    460.91    1.004
      clockrate                0.735364    0.006933    0.580386    0.901120    0.728914    649.70    725.84    1.000
      clockrate                1.214870    0.093536    0.644517    1.772326    1.198716     83.00     94.85    1.000
      clockrate                0.838823    0.008407    0.679900    1.026111    0.824512     80.95    133.88    1.001
      clockrate                0.868859    0.002681    0.768088    0.971721    0.866881    217.61    283.03    1.002
      clockrate                0.807810    0.004453    0.683202    0.944205    0.803665    442.67    531.58    1.000
      clockrate                0.781681    0.010223    0.612140    0.984460    0.767943    110.05    113.33    1.000
      clockrate                0.849339    0.009356    0.677993    1.044216    0.836621     63.59    165.68    1.001
      clockrate                0.888240    0.003997    0.770244    1.016095    0.882798     66.49    104.26    1.001
      clockrate                0.940704    0.006253    0.797127    1.102192    0.934513    197.49    233.06    1.000
      clockrate                0.750726    0.004401    0.625690    0.883422    0.745607    219.62    286.11    1.000
      clockrate                0.757604    0.003559    0.646965    0.880645    0.753879    173.83    188.17    1.000
      clockrate                0.911873    0.017766    0.679221    1.172092    0.893521     98.76    101.08    1.001
      clockrate                0.905662    0.003054    0.802561    1.017816    0.904207    458.70    534.14    1.000
      clockrate                0.749307    0.003444    0.636968    0.867022    0.745008    128.08    145.81    1.006
      clockrate                0.838764    0.003958    0.722659    0.967729    0.834222     79.42    138.74    1.000
      clockrate                0.787230    0.002192    0.699000    0.881933    0.785548    148.63    179.95    1.018
      clockrate                0.793078    0.009659    0.610407    0.991517    0.782915    350.20    502.37    1.000
      clockrate                0.811565    0.002004    0.723000    0.897640    0.810097    230.62    432.57    1.000
      clockrate                0.763554    0.004621    0.636347    0.900293    0.759950    605.07    792.63    1.001
      clockrate                0.953504    0.005255    0.816156    1.098228    0.949121    292.50    363.49    1.007
      clockrate                0.893309    0.005466    0.754091    1.043280    0.889518   1303.34   1399.37    1.000
      clockrate                0.839936    0.005768    0.700326    0.992249    0.833628    382.57    461.38    1.002
      clockrate                0.751366    0.004091    0.628799    0.877147    0.746254    187.22    215.47    1.000
      clockrate                0.751424    0.002563    0.657373    0.856401    0.748344    156.79    183.39    1.005
      clockrate                0.738147    0.004077    0.614461    0.864000    0.734685    310.64    404.49    1.003
      clockrate                0.816874    0.002635    0.717931    0.918548    0.814508    120.77    178.79    1.014
      clockrate                0.777341    0.002890    0.674498    0.882980    0.774748    283.78    286.51    1.001
      clockrate                0.933705    0.002795    0.830102    1.037183    0.931750    711.13    823.09    1.000
      clockrate                0.767104    0.004865    0.636358    0.905970    0.762341    266.07    304.43    1.000
      clockrate                0.873395    0.004833    0.738681    1.009805    0.867461     61.52    149.53    1.027
      clockrate                1.030639    0.016235    0.798087    1.281819    1.019937    141.93    170.81    1.001
      clockrate                0.892394    0.005895    0.746483    1.045276    0.886522    131.07    196.83    1.000
      clockrate                0.913787    0.004375    0.787837    1.043144    0.909134     83.80    110.15    1.000
      clockrate                0.861151    0.008283    0.689844    1.040684    0.851468    150.89    209.69    1.000
      clockrate                0.701797    0.008834    0.536080    0.888270    0.689648    106.42    151.92    1.000
      clockrate                0.830039    0.010911    0.644665    1.043884    0.818542    310.26    377.07    1.004
      clockrate                0.853998    0.003695    0.738354    0.975534    0.850779    108.68    190.97    1.000
      clockrate                0.794057    0.003490    0.680918    0.910586    0.790728    253.36    300.30    1.002
      clockrate                0.846708    0.003738    0.729333    0.965949    0.844245    189.49    586.31    1.016
      clockrate                0.763426    0.001612    0.687103    0.844171    0.761891    277.20    509.17    1.003
      clockrate                0.895140    0.009218    0.732675    1.090898    0.881649     53.38     60.66    1.028
      clockrate                0.962310    0.007712    0.799793    1.137972    0.955605    235.66    310.06    1.003
      clockrate                0.873099    0.006442    0.727297    1.035916    0.863338     51.73    115.39    1.031
      clockrate                0.697718    0.022464    0.450574    0.986365    0.671609    168.78    187.23    1.000
      clockrate                0.852022    0.001990    0.766243    0.940346    0.850693    206.21    361.22    1.002
      clockrate                0.748841    0.004700    0.616456    0.881778    0.742777    565.95    610.31    1.000
      clockrate                0.805363    0.001934    0.722303    0.893071    0.802499     53.66    206.44    1.031
      clockrate                0.844216    0.003531    0.733389    0.961909    0.840098     78.60     93.31    1.007
      clockrate                0.747133    0.002507    0.648641    0.843599    0.745021    176.00    228.01    1.008
      clockrate                0.914602    0.015944    0.694163    1.171414    0.897847    191.05    260.36    1.003
      clockrate                0.807762    0.006326    0.655639    0.965411    0.802396    438.91    446.95    1.006
      clockrate                0.784515    0.004582    0.655708    0.916142    0.780550    439.41    477.79    1.000
      clockrate                0.887495    0.007059    0.736604    1.063735    0.879255    213.58    227.95    1.000
      clockrate                0.864317    0.004495    0.748780    1.005095    0.856465     60.68     64.87    1.000
      clockrate                0.898317    0.004121    0.775578    1.026809    0.895898    566.14    713.99    1.000
      clockrate                0.900268    0.002817    0.796220    1.004355    0.899194    595.83    650.97    1.001
      clockrate                0.791256    0.006277    0.645681    0.952127    0.785461    334.45    392.37    1.000
      clockrate                0.858548    0.003319    0.749549    0.974331    0.855708    514.44    587.72    1.005
      clockrate                1.082227    0.062787    0.629752    1.570686    1.059155    140.63    290.81    1.009
      clockrate                0.830662    0.003373    0.716147    0.944178    0.827342     69.68     78.32    1.012
      clockrate                0.987036    0.009319    0.815803    1.180488    0.976818     62.91    272.87    1.024
      clockrate                0.829309    0.002300    0.739154    0.926718    0.827186    286.11    339.53    1.005
      clockrate                0.914950    0.014962    0.691010    1.154330    0.900043    160.15    268.97    1.006
      clockrate                0.899992    0.006380    0.751904    1.057791    0.892235     56.61    103.90    1.004
      clockrate                0.853346    0.002016    0.765534    0.941737    0.851478     87.91    104.72    1.009
      clockrate                0.735353    0.003198    0.627673    0.848169    0.732435    340.39    417.78    1.000
      clockrate                0.830837    0.003349    0.719312    0.944766    0.829205    531.92    937.09    1.000
      clockrate                0.854150    0.005758    0.716110    1.007342    0.847416     96.00    133.29    1.017
      clockrate                0.809064    0.002142    0.716498    0.898001    0.808173   1160.21   1267.90    1.000
      clockrate                0.915886    0.006916    0.758502    1.085733    0.912943     92.87    144.60    1.000
      clockrate                0.781854    0.004660    0.655537    0.918823    0.777728    470.92    599.22    1.000
      clockrate                0.901473    0.012441    0.697352    1.127216    0.890097    178.93    190.24    1.004
      clockrate                0.894073    0.008618    0.728956    1.086541    0.884406    199.68    245.15    1.001
      clockrate                0.839186    0.003425    0.731179    0.958407    0.835619     54.69    132.44    1.001
      clockrate                0.896529    0.005385    0.761759    1.044243    0.889871     77.84    120.54    1.008
      clockrate                0.730918    0.002197    0.642273    0.825616    0.727919    103.37    160.47    1.013
      clockrate                1.003004    0.028479    0.739825    1.294649    0.977101    128.92    210.69    1.004
      clockrate                0.867016    0.006127    0.725400    1.030086    0.860982     79.62    131.75    1.003
      clockrate                0.847700    0.002145    0.756931    0.937397    0.846696    423.30    448.48    1.000
      clockrate                0.884928    0.005489    0.744808    1.031265    0.879915     74.15    156.55    1.008
      clockrate                0.911694    0.005909    0.763340    1.061463    0.905385    136.63    285.67    1.005
      clockrate                0.749933    0.003496    0.641611    0.870699    0.745434    132.74    150.64    1.010
      clockrate                0.899013    0.003623    0.782471    1.018841    0.897344    479.40    666.97    1.000
