      age[0]                   0.923475    0.001031    0.865689    0.989622    0.920277    1.008    2
      age[0]                  1.037413    0.000730    0.985789    1.089931    1.034881    1.000    2
      age[0]                   1.042524    0.001015    0.985696    1.110666    1.039551    1.000    2
      age[0]                   1.021623    0.000845    0.967234    1.083273    1.019817    1.005    2
      age[0]                   1.061583    0.001131    1.000599    1.134066    1.058009    1.001    2
      age[0]                  1.014575    0.001140    0.952446    1.083824    1.011675    1.001    2
      age[0]                  1.017379    0.000441    0.977115    1.058668    1.016071    1.000    2
      age[0]                  0.810634    0.001676    0.741775    0.894364    0.804439    1.004    2
      age[0]                  1.025179    0.000953    0.969500    1.088370    1.022797    1.000    2
      age[0]                   0.958675    0.000778    0.908543    1.014623    0.956165    1.001    2
      age[0]                  0.939777    0.000636    0.894533    0.990327    0.936937    1.002    2
      age[0]                  0.887704    0.001973    0.831188    0.976313    0.876560    1.001    2
      age[0]                  0.993699    0.004923    0.857095    1.114133    0.991384    1.005    2
      age[0]                  1.037241    0.006167    0.895296    1.191846    1.032843    1.005    2
      age[0]                   1.008410    0.001380    0.933608    1.085366    1.004674    1.000    2
      age[0]                   0.986798    0.000536    0.942004    1.032033    0.985060    1.000    2
      age[0]                   1.005331    0.000711    0.961330    1.059580    1.000025    1.000    2
      age[0]                  0.984707    0.002152    0.899721    1.078238    0.980385    1.000    2
      age[0]                  0.877287    0.012101    0.675830    1.098784    0.869304    1.000    2
      age[0]                  1.004603    0.001039    0.951796    1.064253    1.000827    1.000    2
      age[0]                   0.989234    0.000636    0.942598    1.039636    0.987087    1.001    2
      age[0]                  1.017761    0.000575    0.979232    1.062388    1.014024    1.000    2
      age[0]                  0.943670    0.002647    0.846548    1.046806    0.939847    1.001    2
      age[0]                  1.012080    0.002468    0.915576    1.112399    1.010768    1.000    2
      age[0]                  0.950743    0.000700    0.898948    0.998982    0.948011    1.008    2
      age[0]                  0.973805    0.002890    0.871034    1.082967    0.970534    1.019    2
      age[0]                  1.025282    0.002125    0.936462    1.115576    1.022631    1.000    2
      age[0]                  0.986836    0.001661    0.910439    1.068085    0.984541    1.001    2
      age[0]                  0.946015    0.004099    0.821660    1.068464    0.944085    1.001    2
      age[0]                   0.963248    0.001626    0.885485    1.039722    0.960858    1.004    2
      age[0]                   0.989216    0.000918    0.931388    1.048015    0.987780    1.003    2
      age[0]                  1.000454    0.001783    0.915146    1.072398    0.998639    1.001    2
      age[0]                  1.025955    0.000707    0.979970    1.078608    1.022585    1.000    2
      age[0]                  1.015651    0.001683    0.970762    1.099450    1.003781    1.008    2
      age[0]                   1.017654    0.000800    0.967489    1.076933    1.015517    1.011    2
      age[0]                  1.048075    0.001052    0.987629    1.111271    1.045283    1.001    2
      age[0]                  0.915726    0.001003    0.855064    0.978282    0.912976    1.009    2
      age[0]                  0.912010    0.000751    0.877188    0.971967    0.905137    1.027    2
      age[0]                  0.994481    0.000262    0.965617    1.023861    0.992251    1.000    2
      age[0]                  1.021988    0.000846    0.966993    1.081266    1.019895    1.000    2
      age[0]                   0.953765    0.001143    0.890783    1.020895    0.951118    1.000    2
      age[0]                  1.000902    0.001393    0.931966    1.076911    0.998537    1.008    2
      age[0]                   0.907096    0.001993    0.821945    0.996567    0.902682    1.010    2
      age[0]                   1.019237    0.001121    0.954852    1.084954    1.017223    1.000    2
      age[0]                  0.988258    0.000290    0.956985    1.020928    0.986591    1.000    2
      age[0]                  1.047703    0.001076    0.987886    1.114639    1.045528    1.001    2
      age[0]                   1.015164    0.000991    0.956176    1.079731    1.013316    1.010    2
      age[0]                  0.989466    0.001291    0.924302    1.063210    0.986024    1.000    2
      age[0]                  1.023693    0.000838    0.971681    1.082843    1.020548    1.001    2
      age[0]                   0.995957    0.000685    0.949144    1.047458    0.992622    1.000    2
      age[0]                  0.986698    0.000858    0.929934    1.045840    0.984207    1.001    2
      age[0]                  1.068258    0.004281    0.938886    1.195476    1.067060    1.000    2
      age[0]                  0.982028    0.002672    0.881759    1.088565    0.979165    1.006    2
      age[0]                  0.986446    0.002688    0.889268    1.089141    0.984393    1.000    2
      age[0]                  1.000343    0.000729    0.950985    1.055137    0.998335    1.004    2
      age[0]                  1.000396    0.000617    0.966034    1.047904    0.995142    1.002    2
      age[0]                   1.002721    0.000587    0.957317    1.051159    1.000590    1.000    2
      age[0]                  0.971841    0.002414    0.869863    1.062265    0.970422    1.011    2
      age[0]                  0.986273    0.001603    0.912138    1.067102    0.983622    1.004    2
      age[0]                  0.991700    0.000939    0.934023    1.047310    0.990057    1.011    2
      age[0]                  1.039215    0.002887    0.956649    1.139414    1.030468    1.001    2
      age[0]                  0.962403    0.001060    0.906723    1.029084    0.957050    1.001    2
      age[0]                  1.050321    0.001234    0.986605    1.121446    1.047452    1.004    2
      age[0]                   0.960338    0.001001    0.904406    1.022935    0.957683    1.002    2
      age[0]                   1.006807    0.001320    0.937878    1.080125    1.004841    1.004    2
      age[0]                  1.014614    0.001443    0.942735    1.089989    1.011910    1.009    2
      age[0]                  0.909451    0.003320    0.800225    1.027559    0.907117    1.007    2
      age[0]                  1.031640    0.001277    0.964156    1.104131    1.029065    1.002    2
      age[0]                  1.036329    0.002405    0.941627    1.133742    1.033254    1.001    2
      age[0]                  1.010452    0.000947    0.951772    1.072881    1.008297    1.001    2
      age[0]                   1.018904    0.001110    0.952276    1.084186    1.019272    1.006    2
      age[0]                  1.018927    0.000920    0.963395    1.081113    1.016563    1.001    2
      age[0]                   0.984438    0.000930    0.927265    1.045485    0.982490    1.001    2
      age[0]                  1.004390    0.002984    0.900553    1.111530    0.999803    1.000    2
      age[0]                  1.041776    0.000911    0.984461    1.103262    1.040098    1.006    2
      age[0]                  0.867908    0.005066    0.792186    1.003641    0.851810    1.010    2
      age[0]                  1.003404    0.001380    0.935180    1.077350    1.000442    1.012    2
      age[0]                  0.980492    0.000736    0.930110    1.035420    0.978505    1.006    2
      age[0]                   1.046603    0.000971    0.991880    1.109420    1.044179    1.005    2
      age[0]                  0.982335    0.001339    0.914498    1.056993    0.979382    1.003    2
      age[0]                   0.875465    0.001825    0.794094    0.959959    0.874178    1.005    2
      age[0]                   0.946998    0.001444    0.876500    1.021376    0.943663    1.001    2
      age[0]                  1.014724    0.001857    0.934805    1.096875    1.011072    1.001    2
      age[0]                  0.882269    0.001867    0.802483    0.968506    0.879050    1.010    2
      age[0]                  1.021542    0.002570    0.922648    1.123659    1.018781    1.004    2
      age[0]                  0.995112    0.000860    0.941761    1.054313    0.992538    1.002    2
      age[0]                  0.802014    0.002909    0.697110    0.906808    0.798401    1.000    2
      age[0]                  0.975744    0.001241    0.913284    1.042855    0.971939    1.003    2
      age[0]                  1.015754    0.003517    0.909210    1.133980    1.009953    1.011    2
      age[0]                  0.934648    0.001614    0.859867    1.016523    0.932632    1.004    2
      age[0]                   1.005138    0.000718    0.955795    1.060328    1.003427    1.000    2
      age[0]                  1.009267    0.001075    0.948298    1.074277    1.006361    1.004    2
      age[0]                   1.049660    0.001133    0.982627    1.114702    1.049612    1.016    2
      age[0]                  0.958188    0.001499    0.887057    1.036403    0.954572    1.000    2
      age[0]                  0.984368    0.001201    0.918999    1.052589    0.983348    1.003    2
      age[0]                   1.025709    0.000456    0.985139    1.067613    1.024014    1.002    2
      age[0]                  1.031390    0.001001    0.972533    1.092437    1.028223    1.030    2
      age[0]                  1.036684    0.000483    0.996157    1.080864    1.034914    1.000    2
      age[0]                   0.969864    0.003326    0.851598    1.075273    0.968218    1.001    2
      age[0]                  0.870458    0.001114    0.806569    0.933186    0.868908    1.000    2
