      alpha_symdir             0.288198    0.000287    0.253458    0.320481    0.288144     73.09    146.47    1.013
      alpha_symdir             0.201079    0.000246    0.170893    0.232422    0.200908    427.96    489.63    1.002
      alpha_symdir             0.305571    0.000269    0.273769    0.337309    0.305140    188.81    279.69    1.004
      alpha_symdir             0.306989    0.000703    0.255061    0.358507    0.308691     97.92    123.99    1.017
      alpha_symdir             0.302251    0.000317    0.267620    0.337790    0.301843    105.29    198.20    1.000
      alpha_symdir             0.193909    0.000340    0.158804    0.230966    0.192299    223.32    225.92    1.006
      alpha_symdir             0.324627    0.000360    0.287426    0.361449    0.324180     98.41    176.46    1.009
      alpha_symdir             0.211239    0.000208    0.183649    0.239846    0.210678    214.29    470.13    1.000
      alpha_symdir             0.259152    0.000756    0.206094    0.313248    0.257767     46.25     48.57    1.002
      alpha_symdir             0.307431    0.000302    0.273345    0.341160    0.307163    666.60    966.32    1.001
      alpha_symdir             0.181397    0.000194    0.156061    0.209142    0.180045    353.79    397.36    1.003
      alpha_symdir             0.161945    0.000264    0.131473    0.194116    0.160794    412.23    453.71    1.001
      alpha_symdir             0.225971    0.000611    0.174868    0.272303    0.226832     53.94     92.14    1.000
      alpha_symdir             0.161393    0.000209    0.134595    0.190188    0.161015    203.05    312.76    1.013
      alpha_symdir             0.316507    0.000507    0.271543    0.360355    0.316649    120.61    179.50    1.039
      alpha_symdir             0.286463    0.000363    0.247803    0.323237    0.285732     85.91    115.98    1.010
      alpha_symdir             0.260280    0.000431    0.221566    0.302084    0.259745    152.21    166.74    1.001
      alpha_symdir             0.204844    0.000233    0.173780    0.234122    0.204379    126.83    436.51    1.002
      alpha_symdir             0.153424    0.000133    0.131416    0.176460    0.152846    399.98    550.77    1.001
      alpha_symdir             0.170043    0.000258    0.138973    0.202203    0.169131    370.18    479.09    1.001
      alpha_symdir             0.284572    0.000367    0.245584    0.320347    0.284624    283.36    403.32    1.017
      alpha_symdir             0.189300    0.000364    0.155196    0.227910    0.187373    337.78    829.52    1.002
      alpha_symdir             0.221843    0.000630    0.172970    0.269380    0.220028     34.86     60.24    1.013
      alpha_symdir             0.162126    0.000171    0.137981    0.188165    0.161021    176.55    239.59    1.002
      alpha_symdir             0.275823    0.000479    0.232022    0.317876    0.275251     37.21     91.84    1.003
      alpha_symdir             0.234590    0.001381    0.177207    0.311709    0.228619     42.92     50.66    1.000
      alpha_symdir             0.292121    0.000392    0.255072    0.332124    0.291737    170.51    265.12    1.000
      alpha_symdir             0.299567    0.000466    0.257661    0.343263    0.299384    124.13    236.05    1.001
      alpha_symdir             0.239349    0.000373    0.201980    0.278288    0.238669     56.65     74.81    1.003
      alpha_symdir             0.279515    0.000475    0.236935    0.322762    0.279451     67.71    167.84    1.000
      alpha_symdir             0.284322    0.000535    0.239093    0.330196    0.284611    113.88    253.24    1.001
      alpha_symdir             0.284610    0.000793    0.227266    0.335452    0.285873     44.94     61.88    1.002
      alpha_symdir             0.277526    0.000784    0.222452    0.331996    0.278470     78.48    108.40    1.000
      alpha_symdir             0.149198    0.000352    0.119661    0.188914    0.144999    122.61    188.56    1.015
      alpha_symdir             0.284382    0.000267    0.254224    0.317620    0.283726    173.88    377.28    1.000
      alpha_symdir             0.173686    0.000160    0.149371    0.199017    0.173395    134.85    576.16    1.000
      alpha_symdir             0.199730    0.000270    0.168909    0.232550    0.198722     96.09    148.70    1.002
      alpha_symdir             0.152451    0.000121    0.131138    0.174427    0.151814    794.86   1955.86    1.006
      alpha_symdir             0.138636    0.000243    0.114430    0.172073    0.135480     84.92    126.63    1.013
      alpha_symdir             0.214729    0.000280    0.181321    0.246386    0.213751    204.74    233.50    1.005
      alpha_symdir             0.283574    0.000942    0.217563    0.339099    0.286740     77.71     93.64    1.045
      alpha_symdir             0.152797    0.000742    0.116414    0.211088    0.144690     45.52     91.04    1.001
      alpha_symdir             0.256759    0.000289    0.226096    0.291812    0.255504    105.49    412.42    1.002
      alpha_symdir             0.325336    0.000315    0.291385    0.361140    0.324817    162.21    348.31    1.002
      alpha_symdir             0.250544    0.000992    0.194073    0.313686    0.248093     85.75    110.61    1.000
      alpha_symdir             0.270175    0.000451    0.228034    0.310872    0.269936     63.79     98.60    1.030
      alpha_symdir             0.293573    0.000302    0.261572    0.330107    0.292886     89.42    182.76    1.015
      alpha_symdir             0.167011    0.000164    0.144071    0.194026    0.166046     80.86    217.26    1.012
      alpha_symdir             0.247330    0.000250    0.217566    0.278677    0.246402    163.83    203.36    1.001
      alpha_symdir             0.271028    0.000678    0.220353    0.321600    0.271152     28.03     40.96    1.042
      alpha_symdir             0.216933    0.000261    0.186775    0.249176    0.216228    377.55    476.10    1.002
      alpha_symdir             0.180950    0.000345    0.145258    0.217479    0.181015    110.83    173.81    1.021
      alpha_symdir             0.149948    0.000137    0.127361    0.172200    0.149144    179.86    502.56    1.000
      alpha_symdir             0.188039    0.000918    0.141117    0.245678    0.182187     30.40    126.93    1.014
      alpha_symdir             0.202288    0.000210    0.176109    0.233152    0.201393    319.27    791.71    1.003
      alpha_symdir             0.171741    0.003634    0.114223    0.299643    0.141151     15.89     28.20    1.025
      alpha_symdir             0.300107    0.000476    0.256870    0.344071    0.300534     79.74     91.91    1.001
      alpha_symdir             0.141323    0.000126    0.121572    0.163795    0.139801    379.92    799.76    1.000
      alpha_symdir             0.207400    0.000367    0.168520    0.242869    0.207591    157.39    241.14    1.000
      alpha_symdir             0.205725    0.000498    0.165355    0.249718    0.203021    199.03    285.96    1.011
      alpha_symdir             0.173146    0.000251    0.143394    0.205003    0.172397     78.25    547.32    1.003
      alpha_symdir             0.319792    0.000321    0.285864    0.356168    0.319686    240.26    246.11    1.001
      alpha_symdir             0.176668    0.000343    0.140304    0.212389    0.176450    134.03    352.33    1.001
      alpha_symdir             0.319727    0.000341    0.284083    0.356889    0.319362     88.60    421.88    1.015
      alpha_symdir             0.309008    0.000545    0.264675    0.353971    0.308703     69.78    100.04    1.007
      alpha_symdir             0.312317    0.000501    0.270837    0.358015    0.310988    132.94    276.03    1.007
      alpha_symdir             0.201717    0.000215    0.172612    0.229664    0.201303    250.83    358.94    1.001
      alpha_symdir             0.165517    0.000301    0.134038    0.200451    0.163150    157.46    858.65    1.001
      alpha_symdir             0.279442    0.000659    0.227543    0.328309    0.279367    171.29    221.55    1.002
      alpha_symdir             0.201078    0.000379    0.165128    0.239914    0.199582    222.80    237.48    1.002
      alpha_symdir             0.207309    0.000428    0.169918    0.251325    0.205318     38.58     62.14    1.003
      alpha_symdir             0.234896    0.000389    0.195666    0.272262    0.233816    320.29    333.58    1.000
      alpha_symdir             0.326346    0.000355    0.290094    0.362754    0.325877    236.83    258.69    1.001
      alpha_symdir             0.212500    0.000332    0.177828    0.248798    0.212022     91.14    109.98    1.005
      alpha_symdir             0.244899    0.000572    0.198707    0.291961    0.243739     60.72     61.47    1.000
      alpha_symdir             0.163282    0.000137    0.143304    0.188213    0.162347    197.86    919.89    1.005
      alpha_symdir             0.254210    0.000328    0.219455    0.289599    0.252808    293.56    330.09    1.001
      alpha_symdir             0.137425    0.000156    0.116127    0.162930    0.135675    189.88    242.78    1.002
      alpha_symdir             0.180804    0.000275    0.151856    0.215453    0.179226     67.72    126.17    1.003
      alpha_symdir             0.190772    0.000306    0.156591    0.224363    0.190279    255.11    329.01    1.015
      alpha_symdir             0.309173    0.000694    0.259594    0.361940    0.307991     73.19     86.08    1.006
      alpha_symdir             0.308724    0.000353    0.273486    0.346585    0.308408     91.66    122.76    1.000
      alpha_symdir             0.279285    0.000715    0.228848    0.331715    0.278078    109.94    157.48    1.011
      alpha_symdir             0.177284    0.000912    0.132839    0.248040    0.169876     84.59    126.64    1.000
      alpha_symdir             0.195271    0.000243    0.164643    0.225905    0.194653    221.02    240.40    1.003
      alpha_symdir             0.226828    0.000302    0.194682    0.262312    0.225511     67.16    735.58    1.018
      alpha_symdir             0.232883    0.000652    0.186824    0.284000    0.229891     66.59    200.10    1.003
      alpha_symdir             0.190123    0.000274    0.158874    0.223682    0.189774    208.70    315.91    1.000
      alpha_symdir             0.244926    0.000676    0.195629    0.298870    0.244227     90.56     98.49    1.000
      alpha_symdir             0.254152    0.000647    0.205761    0.303710    0.253143     81.21     95.72    1.010
      alpha_symdir             0.303397    0.000287    0.271151    0.336688    0.302799    345.07    363.37    1.004
      alpha_symdir             0.247046    0.000816    0.196736    0.302910    0.243395     90.73    103.02    1.033
      alpha_symdir             0.328619    0.000472    0.286367    0.371749    0.328067     65.97     72.00    1.003
      alpha_symdir             0.159115    0.000416    0.123309    0.197993    0.157809     47.40    105.73    1.014
      alpha_symdir             0.282194    0.000427    0.242636    0.322832    0.281354     68.94    132.12    1.004
      alpha_symdir             0.298497    0.000240    0.269184    0.329662    0.297981    217.12    328.26    1.000
      alpha_symdir             0.266396    0.000430    0.225573    0.306207    0.266173     35.57    130.38    1.010
      alpha_symdir             0.241594    0.000315    0.209300    0.278380    0.240780    107.53    245.62    1.002
      alpha_symdir             0.279610    0.001232    0.208956    0.340780    0.282607     35.68     87.41    1.003
      alpha_symdir             0.284252    0.000711    0.231652    0.336975    0.284902     87.16     94.09    1.002
