      clockrate                1.052767    0.009150    0.876982    1.249384    1.042798     31.94     33.93    1.002
      clockrate                0.950535    0.009188    0.764807    1.138394    0.943948    152.86    182.84    1.001
      clockrate                0.917139    0.004667    0.785322    1.051722    0.913716    154.03    212.78    1.014
      clockrate                0.782358    0.004498    0.657612    0.917256    0.777889     35.44    121.56    1.014
      clockrate                0.935990    0.004344    0.810502    1.066293    0.933083    298.56    362.08    1.002
      clockrate                0.983608    0.015337    0.766453    1.229862    0.969843     79.44     83.58    1.026
      clockrate                0.955945    0.006435    0.800712    1.111085    0.950551     27.20    126.68    1.005
      clockrate                1.526854    0.080571    1.033995    2.085018    1.489841     26.25     58.77    1.001
      clockrate                1.040797    0.012646    0.825412    1.261343    1.034994     48.15    104.99    1.008
      clockrate                0.996766    0.008942    0.823952    1.183797    0.987720     61.51     74.64    1.122
      clockrate                1.000711    0.005855    0.855514    1.153215    0.996446     45.41     47.34    1.011
      clockrate                1.260579    0.098375    0.725811    1.851588    1.217753    138.23    151.94    1.002
      clockrate                1.108718    0.028823    0.812818    1.441790    1.084627    203.31    226.81    1.000
      clockrate                1.287353    0.113266    0.748610    1.958185    1.223493     50.95     73.19    1.023
      clockrate                1.017603    0.006062    0.864448    1.170505    1.016583    208.27    234.00    1.000
      clockrate                0.858753    0.003539    0.746846    0.978263    0.857401    208.48    229.08    1.001
      clockrate                0.983764    0.005540    0.841060    1.132351    0.980341    106.40    140.97    1.001
      clockrate                1.863128    0.207515    1.134544    2.813084    1.778232     55.99     81.76    1.004
      clockrate                1.254793    0.088040    0.745772    1.852215    1.215325    144.12    209.03    1.000
      clockrate                1.054920    0.055540    0.686653    1.473456    1.019767     11.94     72.27    1.128
      clockrate                0.939810    0.005812    0.792354    1.090506    0.936050    107.73    184.80    1.005
      clockrate                1.093480    0.023143    0.824559    1.397029    1.075120    141.48    160.15    1.008
      clockrate                1.594722    0.072897    1.104488    2.148278    1.560278     71.94     78.87    1.012
      clockrate                1.210792    0.031458    0.916268    1.568553    1.185200     45.65     66.68    1.006
      clockrate                0.964103    0.008448    0.804128    1.149942    0.952523     17.91    105.38    1.086
      clockrate                1.121657    0.041891    0.765793    1.524236    1.098088     45.23     46.12    1.034
      clockrate                1.129765    0.015504    0.890534    1.376988    1.121332     99.14     99.69    1.001
      clockrate                0.989800    0.011715    0.784934    1.203326    0.979653     30.23     66.11    1.001
      clockrate                1.182670    0.068612    0.829023    1.633263    1.126430     17.56     20.97    1.023
      clockrate                0.895974    0.005404    0.755735    1.042656    0.892915    206.17    253.38    1.001
      clockrate                1.091427    0.011000    0.887074    1.295731    1.086495     71.29    105.16    1.014
      clockrate                0.995482    0.015452    0.768735    1.246275    0.982670     49.92     55.95    1.003
      clockrate                0.911138    0.005055    0.770295    1.047234    0.909004    129.21    204.08    1.023
      clockrate                1.099915    0.037082    0.756349    1.493004    1.074927    244.86    289.81    1.001
      clockrate                0.848196    0.003150    0.741474    0.961720    0.846912    190.34    392.18    1.007
      clockrate                0.742498    0.009489    0.566504    0.936827    0.735793    209.47    215.97    1.002
      clockrate                0.889251    0.018152    0.646916    1.152592    0.872667     42.12    119.80    1.000
      clockrate                1.088675    0.019931    0.832874    1.378289    1.075321     35.85     55.75    1.003
      clockrate                1.045424    0.065522    0.683942    1.586040    0.980121     33.69     41.59    1.001
      clockrate                1.038333    0.029962    0.741020    1.392454    1.010370     40.01     40.61    1.003
      clockrate                0.856489    0.006150    0.712398    1.011785    0.849928     48.08    170.63    1.093
      clockrate                1.032165    0.016741    0.795090    1.293780    1.018617     65.88    101.18    1.008
      clockrate                1.060496    0.065078    0.726544    1.601510    0.979210     14.53     14.59    1.303
      clockrate                0.929798    0.009630    0.754370    1.135932    0.920711     48.79     62.50    1.095
      clockrate                0.967992    0.007607    0.795266    1.137300    0.961823    113.76    130.20    1.029
      clockrate                0.821960    0.007061    0.660549    0.987811    0.816689    195.51    210.94    1.000
      clockrate                0.867306    0.006690    0.715676    1.031532    0.861671    210.81    233.85    1.001
      clockrate                1.084764    0.034436    0.758119    1.454025    1.056507     45.45    131.95    1.028
      clockrate                1.027356    0.024748    0.765483    1.343460    0.999730     26.03     28.66    1.000
      clockrate                0.846552    0.004593    0.718995    0.980970    0.843526    124.14    200.48    1.001
      clockrate                1.374658    0.128049    0.750292    2.089245    1.328974     31.67     55.22    1.011
      clockrate                1.352842    0.178466    0.798870    2.227140    1.232348     43.40     62.34    1.016
      clockrate                1.157188    0.031879    0.847687    1.517994    1.130963     34.37     78.82    1.005
      clockrate                0.993187    0.007089    0.829643    1.160903    0.989244     46.10    128.79    1.005
      clockrate                1.222894    0.023159    0.958954    1.532612    1.202516     24.39     46.00    1.011
      clockrate                1.057794    0.011538    0.850450    1.271578    1.051898     39.69     99.70    1.025
      clockrate                0.966480    0.005257    0.830040    1.111409    0.962767     57.98    165.68    1.040
      clockrate                1.296796    0.042705    0.932194    1.699376    1.268257    235.85    244.18    1.000
      clockrate                1.136913    0.025394    0.850528    1.439299    1.118208     42.41    135.00    1.000
      clockrate                0.971076    0.007616    0.803344    1.142430    0.966846    137.25    139.28    1.017
      clockrate                1.121951    0.044883    0.746804    1.527662    1.094840     16.18     72.01    1.019
      clockrate                0.928368    0.004450    0.800296    1.059332    0.927069    256.36    272.54    1.002
      clockrate                0.990391    0.011843    0.788840    1.207053    0.981206     23.50    123.03    1.047
      clockrate                0.743026    0.004056    0.622693    0.870086    0.738013     44.64    116.32    1.003
      clockrate                0.941642    0.008256    0.772532    1.127165    0.934696     33.14     45.79    1.004
      clockrate                1.388766    0.061855    0.990319    1.887632    1.335214     21.19     25.18    1.012
      clockrate                1.191962    0.064960    0.809835    1.680804    1.141089     79.79     85.44    1.009
      clockrate                1.388346    0.107294    0.932184    2.120043    1.294286     45.44     48.70    1.000
      clockrate                1.250268    0.039594    0.914595    1.653221    1.223553     28.48     52.06    1.080
      clockrate                1.196320    0.034748    0.874900    1.577210    1.169732     35.80     39.46    1.000
      clockrate                0.910842    0.006198    0.762262    1.066058    0.906874     54.66    133.42    1.003
      clockrate                1.141367    0.028008    0.835390    1.478267    1.124605     85.23    112.42    1.000
      clockrate                1.045746    0.010214    0.853112    1.245468    1.038236     40.46     77.84    1.025
      clockrate                0.967781    0.009670    0.782548    1.165215    0.961747     90.45    217.97    1.013
      clockrate                1.089038    0.050035    0.725044    1.544402    1.047037     85.08     91.96    1.003
      clockrate                1.694026    0.221174    0.958143    2.655382    1.590272    158.90    235.78    1.003
      clockrate                0.943172    0.007553    0.784335    1.119268    0.936388     30.82     38.43    1.000
      clockrate                1.256460    0.102430    0.741073    1.826471    1.225834     29.49     60.79    1.000
      clockrate                1.087660    0.009714    0.896399    1.278424    1.080587     69.86     72.32    1.011
      clockrate                1.669661    0.133648    1.084955    2.403596    1.608545     47.70     71.10    1.013
      clockrate                0.970579    0.007619    0.807749    1.144352    0.965797     25.32     36.91    1.013
      clockrate                0.937028    0.003469    0.825995    1.055251    0.935381    218.30    267.78    1.000
      clockrate                0.986979    0.010726    0.797629    1.194534    0.977960     41.37     55.26    1.025
      clockrate                1.189706    0.029860    0.895746    1.540185    1.162085     17.63     21.47    1.046
      clockrate                1.299973    0.083156    0.849364    1.878951    1.249078     39.67     66.21    1.047
      clockrate                0.834022    0.004321    0.705795    0.964782    0.831866     90.65    160.42    1.000
      clockrate                1.417544    0.177859    0.850585    2.349288    1.295412     12.08     13.97    1.096
      clockrate                1.490254    0.100197    0.918560    2.102077    1.462359     15.23     54.00    1.024
      clockrate                0.975714    0.020903    0.722307    1.260720    0.957570     25.91     54.01    1.000
      clockrate                1.095146    0.031224    0.804614    1.446407    1.067737     68.17     80.05    1.003
      clockrate                1.016161    0.007836    0.843662    1.188475    1.009303     57.01    190.68    1.140
      clockrate                1.023032    0.011467    0.825668    1.240545    1.012838     57.52     72.04    1.032
      clockrate                1.119819    0.029070    0.834433    1.464138    1.091332     22.97     26.64    1.017
      clockrate                1.515152    0.121894    0.907124    2.221323    1.473418     29.07     67.83    1.019
      clockrate                1.122403    0.017811    0.892257    1.384412    1.101101     15.65     48.25    1.105
      clockrate                1.133447    0.006504    0.973554    1.291157    1.130446    124.60    159.96    1.000
      clockrate                0.971656    0.019632    0.734352    1.263374    0.947480     34.49     43.97    1.030
      clockrate                1.107905    0.022401    0.827084    1.399136    1.096230    111.25    145.69    1.010
      clockrate                1.244734    0.031118    0.934220    1.603413    1.221880     50.88     66.61    1.000
      clockrate                1.090125    0.014162    0.865138    1.329330    1.081695     64.31     79.75    1.001
