      clockrate                1.460487    0.021036    1.177860    1.743763    1.454645    638.09    777.94    1.000
      clockrate                1.230135    0.045133    0.869269    1.663404    1.194077     63.88     80.36    1.015
      clockrate                1.036402    0.010689    0.840148    1.244093    1.031223    855.73   1037.71    1.000
      clockrate                0.945683    0.011503    0.739850    1.156743    0.940239    764.94    971.80    1.000
      clockrate                1.063386    0.010766    0.865525    1.269044    1.058025    251.68    744.76    1.003
      clockrate                0.851775    0.021059    0.590735    1.131592    0.835276    390.64    400.25    1.004
      clockrate                0.903201    0.009269    0.722664    1.097109    0.898599   1483.57   1639.22    1.000
      clockrate                2.414102    0.512926    1.189286    3.823382    2.313835     41.31     90.53    1.014
      clockrate                1.306816    0.055454    0.898598    1.767947    1.276833     54.35     60.67    1.001
      clockrate                1.221406    0.015228    0.983274    1.461745    1.216321   1078.19   1326.32    1.000
      clockrate                0.961652    0.008911    0.784208    1.151253    0.957447    768.02    854.85    1.001
      clockrate                1.692184    0.259824    0.883531    2.732448    1.598429    341.87    430.50    1.002
      clockrate                1.448564    0.178652    0.829123    2.331428    1.352295     65.33     76.58    1.001
      clockrate                1.544826    0.320860    0.720873    2.722788    1.392766     58.23     75.51    1.001
      clockrate                1.110468    0.013632    0.882327    1.339194    1.104570    153.83    194.43    1.003
      clockrate                0.969696    0.010409    0.776080    1.171988    0.965502    559.62    603.61    1.001
      clockrate                0.982296    0.010198    0.787641    1.181952    0.977131   1929.94   2222.68    1.001
      clockrate                1.364514    0.132313    0.769677    2.075208    1.301321    115.12    132.82    1.004
      clockrate                1.401010    0.238212    0.628863    2.393586    1.307027   1680.05   2032.57    1.000
      clockrate                1.636455    0.265795    0.752319    2.614563    1.571308     52.45     78.74    1.001
      clockrate                1.194802    0.016696    0.940873    1.444936    1.189617   1459.62   1506.59    1.000
      clockrate                1.172877    0.099641    0.713858    1.816878    1.095345     58.54     61.99    1.013
      clockrate                1.381394    0.097219    0.886608    1.991218    1.323137     79.14     85.11    1.026
      clockrate                1.928095    0.251196    1.062207    2.950675    1.846206    239.19    321.77    1.001
      clockrate                1.066904    0.014961    0.836794    1.315354    1.061055   1507.30   1571.56    1.000
      clockrate                1.034061    0.018565    0.782792    1.310927    1.024024    100.10    423.42    1.005
      clockrate                1.374239    0.033563    1.022527    1.734862    1.361692    176.90    428.21    1.001
      clockrate                1.162954    0.019623    0.885741    1.433788    1.157973    836.56   1079.19    1.000
      clockrate                1.756154    0.283942    0.866623    2.827561    1.669806    151.67    165.96    1.001
      clockrate                1.004301    0.011845    0.796268    1.220851    0.998488   1567.14   1689.25    1.000
      clockrate                1.176463    0.054026    0.780332    1.630470    1.139023     37.51     61.87    1.015
      clockrate                1.046557    0.021685    0.784404    1.319967    1.032321     80.36    403.42    1.031
      clockrate                0.818223    0.008515    0.640824    0.999319    0.814526    515.46    793.72    1.001
      clockrate                0.844692    0.030234    0.529812    1.184584    0.823222    143.56    307.62    1.002
      clockrate                1.035647    0.011058    0.837838    1.244818    1.029951   1275.57   1279.66    1.002
      clockrate                1.069025    0.080359    0.640012    1.645592    1.003869     47.15     54.60    1.015
      clockrate                1.502336    0.059513    1.082505    1.952803    1.473207     84.78    282.90    1.020
      clockrate                0.938660    0.040222    0.628914    1.268185    0.910459     30.89    282.86    1.023
      clockrate                0.893927    0.047425    0.573475    1.306556    0.852576     92.23    121.85    1.000
      clockrate                0.959492    0.018652    0.708453    1.233477    0.949134    306.20    608.47    1.000
      clockrate                1.020891    0.009692    0.832421    1.218781    1.016946   1359.02   1375.52    1.000
      clockrate                1.055690    0.024396    0.772860    1.367322    1.040624     75.86    372.85    1.014
      clockrate                1.035693    0.013477    0.816814    1.268747    1.030889    457.91    492.03    1.000
      clockrate                1.180976    0.014126    0.955279    1.418254    1.175002    405.83    410.96    1.007
      clockrate                0.928546    0.012042    0.712156    1.136880    0.922237    201.57    668.11    1.018
      clockrate                1.062178    0.026264    0.761909    1.379316    1.046224    108.34    183.94    1.024
      clockrate                1.014654    0.019526    0.750574    1.290709    1.005078    310.67    424.11    1.001
      clockrate                1.470277    0.122162    0.916377    2.188246    1.402356     39.24     49.17    1.018
      clockrate                1.086329    0.043105    0.757348    1.502134    1.048860     43.66     53.84    1.020
      clockrate                0.899444    0.008875    0.720151    1.088524    0.894947    607.00    833.60    1.001
      clockrate                1.372265    0.107936    0.870052    2.020094    1.305765     63.12     74.47    1.141
      clockrate                1.317742    0.270098    0.601797    2.363356    1.184280     32.60     46.36    1.010
      clockrate                1.469428    0.282765    0.626426    2.497629    1.389391     63.03     68.68    1.005
      clockrate                0.820784    0.014145    0.595991    1.053410    0.810802    158.57    500.33    1.005
      clockrate                0.832061    0.028211    0.554245    1.167332    0.801893     35.83     72.53    1.046
      clockrate                1.120118    0.019521    0.858013    1.396825    1.110382    175.03    178.63    1.001
      clockrate                0.972347    0.011656    0.768511    1.188596    0.966241    663.86    780.45    1.001
      clockrate                1.233688    0.122740    0.703739    1.931166    1.162931     53.20     61.55    1.004
      clockrate                1.951074    0.590072    0.782449    3.435011    1.820342     66.89     92.02    1.001
      clockrate                0.884951    0.015519    0.650817    1.134835    0.876538    290.38    455.47    1.002
      clockrate                0.689732    0.046724    0.332084    1.118061    0.657603    244.11    473.97    1.007
      clockrate                1.116766    0.013137    0.902033    1.350422    1.111959    487.12    563.33    1.001
      clockrate                0.956540    0.017005    0.703653    1.210215    0.947883    188.70    524.15    1.004
      clockrate                0.914503    0.008185    0.741287    1.094763    0.910099    485.19    564.22    1.001
      clockrate                1.121176    0.017058    0.883470    1.369833    1.109519     48.90    849.38    1.014
      clockrate                1.081882    0.017625    0.833901    1.343946    1.074007    707.71    770.55    1.000
      clockrate                1.417294    0.082746    0.928881    1.982001    1.375913    154.71    190.99    1.002
      clockrate                1.300077    0.201544    0.637223    2.225370    1.204590     41.06    142.34    1.022
      clockrate                1.369367    0.083514    0.909857    1.961525    1.314227     34.04     78.47    1.117
      clockrate                1.321625    0.063643    0.877859    1.818990    1.286901     57.26    107.40    1.064
      clockrate                1.052837    0.011747    0.847415    1.270892    1.047233   1096.03   1203.18    1.001
      clockrate                1.324032    0.052772    0.927091    1.792201    1.290753     52.91     81.02    1.061
      clockrate                1.087760    0.012129    0.875356    1.303410    1.083315    925.53   1163.60    1.000
      clockrate                1.101128    0.017797    0.845030    1.365490    1.094635    524.01   1089.02    1.002
      clockrate                1.113687    0.030889    0.805391    1.445277    1.093643     78.06    363.89    1.017
      clockrate                2.304616    0.430460    1.012364    3.531201    2.265787     68.63    151.44    1.016
      clockrate                1.069124    0.011515    0.868899    1.287984    1.064591    193.21    273.26    1.000
      clockrate                1.296794    0.189822    0.670013    2.181217    1.200079     93.72     97.93    1.007
      clockrate                1.014713    0.010536    0.824443    1.225529    1.008925   1265.21   1414.07    1.000
      clockrate                1.300249    0.071431    0.853809    1.816639    1.261473    146.27    208.42    1.001
      clockrate                1.076487    0.041247    0.749031    1.410078    1.050476     31.97    320.78    1.030
      clockrate                1.630018    0.539817    0.770161    2.941067    1.281383    271.90    529.94    2.490
      clockrate                1.309998    0.046666    0.941415    1.740211    1.279031    154.65    157.13    1.002
      clockrate                1.239697    0.032160    0.919640    1.591106    1.219594     35.03    463.37    1.023
      clockrate                1.831251    0.542832    0.734382    3.264463    1.682693    110.15    151.86    1.007
      clockrate                0.943977    0.011228    0.739449    1.151175    0.939769   2108.28   2148.53    1.000
      clockrate                1.460272    0.052668    1.063909    1.867885    1.435559     36.73    188.23    1.014
      clockrate                1.532846    0.257160    0.677053    2.512917    1.467600     55.20    114.69    1.021
      clockrate                1.578252    0.155555    0.891055    2.336879    1.525950    133.97    136.10    1.014
      clockrate                1.231354    0.138326    0.760102    2.032316    1.116431     43.14     63.60    1.106
      clockrate                1.080098    0.015676    0.842442    1.330083    1.073308    286.10    521.57    1.001
      clockrate                1.417758    0.037322    1.070564    1.802206    1.400218    106.73    108.97    1.001
      clockrate                1.139642    0.014266    0.909311    1.372924    1.134082    553.63    643.22    1.003
      clockrate                1.517444    0.171557    0.931086    2.365570    1.410099     47.15     50.41    1.085
      clockrate                1.428241    0.037086    1.068233    1.813220    1.416816    223.14    238.43    1.000
      clockrate                0.954703    0.013274    0.736820    1.185367    0.948831    647.11    665.98    1.000
      clockrate                0.926627    0.018087    0.671113    1.195231    0.919884    209.47    250.38    1.005
      clockrate                1.892070    0.278975    1.055779    2.954020    1.804998     67.51     96.68    1.019
      clockrate                1.038103    0.014478    0.812222    1.280665    1.031205    243.84    350.51    1.001
      clockrate                1.284634    0.025213    0.991561    1.607668    1.274652   1549.42   1623.05    1.000
