      clockrate                1.103519    0.013402    0.889562    1.339545    1.096243     27.51     72.97    1.067
      clockrate                1.325476    0.020381    1.066014    1.610436    1.310021     46.48     65.85    1.019
      clockrate                0.988919    0.005528    0.845920    1.126840    0.983162    125.74    173.04    1.009
      clockrate                1.224303    0.015690    1.002881    1.478946    1.209726     20.04     47.90    1.040
      clockrate                1.155532    0.024213    0.867431    1.451860    1.136327     41.26     44.82    1.034
      clockrate                1.275312    0.030199    0.958387    1.615976    1.256270     50.65     62.20    1.054
      clockrate                0.968267    0.006170    0.819909    1.126050    0.965404     47.42    245.15    1.004
      clockrate                1.942153    0.209065    1.152822    2.825748    1.870635     39.63     53.53    1.001
      clockrate                1.840445    0.124274    1.248484    2.562265    1.789992     93.74    103.98    1.001
      clockrate                1.141772    0.007063    0.976051    1.305755    1.140117    136.32    187.90    1.000
      clockrate                0.987918    0.010485    0.791690    1.193868    0.978657     51.66     65.68    1.000
      clockrate                1.553620    0.148022    0.839835    2.301294    1.509826     87.09    134.86    1.000
      clockrate                1.179942    0.027294    0.893103    1.482397    1.159212     50.88     54.44    1.002
      clockrate                1.776697    0.202987    0.992785    2.663103    1.704436    141.79    148.34    1.011
      clockrate                1.221231    0.017158    0.997760    1.499983    1.203351     17.31     17.51    1.042
      clockrate                1.044359    0.005178    0.904384    1.184880    1.042900    177.25    207.98    1.002
      clockrate                1.022890    0.006239    0.868954    1.177655    1.018923    207.37    225.77    1.001
      clockrate                1.699767    0.139987    1.018292    2.430978    1.661468    129.05    136.22    1.003
      clockrate                1.807952    0.138987    1.056823    2.524382    1.784688    104.67    203.10    1.003
      clockrate                1.169679    0.059496    0.780325    1.626992    1.129366     31.15     61.90    1.013
      clockrate                1.128320    0.007813    0.957036    1.303543    1.124306     72.91    153.61    1.008
      clockrate                1.075041    0.020077    0.816698    1.358837    1.059048    151.65    175.45    1.004
      clockrate                1.357361    0.034024    1.018393    1.734557    1.343279    140.15    142.41    1.000
      clockrate                1.511728    0.076113    1.056810    2.059527    1.458177     14.71     24.81    1.039
      clockrate                1.142556    0.007974    0.965712    1.313173    1.138251     34.43    106.61    1.031
      clockrate                1.446573    0.046183    1.085611    1.890531    1.414062     28.15     29.19    1.013
      clockrate                1.263084    0.016046    1.019829    1.512414    1.258595    223.33    226.97    1.003
      clockrate                1.135169    0.014218    0.906471    1.372304    1.126770     22.41     30.10    1.009
      clockrate                1.398578    0.068060    1.011875    1.956240    1.341808     19.48     34.74    1.000
      clockrate                1.001861    0.009531    0.818673    1.199063    0.992726     39.63     44.35    1.010
      clockrate                2.010362    0.135127    1.344906    2.743573    1.978508     33.20     42.20    1.006
      clockrate                1.143330    0.023598    0.902262    1.428363    1.118507     24.32     39.26    1.024
      clockrate                1.060022    0.011431    0.871401    1.280840    1.044891     43.19     44.61    1.001
      clockrate                1.290255    0.049328    0.913240    1.743612    1.263455     97.75    142.70    1.000
      clockrate                1.013848    0.005173    0.873269    1.155095    1.012040    476.55    505.36    1.000
      clockrate                1.208604    0.014393    0.975504    1.442781    1.201834     76.68    138.03    1.011
      clockrate                1.304627    0.039655    0.961803    1.719403    1.276055     22.89     43.97    1.023
      clockrate                1.241042    0.040947    0.882163    1.639245    1.208502     26.19     84.50    1.187
      clockrate                1.705244    0.141964    1.039947    2.446876    1.671070     61.74    101.90    1.001
      clockrate                1.190213    0.030449    0.893531    1.540567    1.163666     15.90     22.01    1.030
      clockrate                1.068298    0.004955    0.937872    1.213316    1.065924     96.45    195.64    1.004
      clockrate                1.161491    0.039207    0.822461    1.569548    1.128044     51.09     54.00    1.004
      clockrate                1.297431    0.024497    1.033420    1.626001    1.273942     15.83     18.12    1.136
      clockrate                1.226648    0.019486    0.971200    1.502808    1.209688     19.73     28.51    1.112
      clockrate                1.019155    0.008638    0.843830    1.202636    1.014661    166.93    292.57    1.002
      clockrate                0.971341    0.010222    0.784011    1.176595    0.965555    116.34    179.81    1.000
      clockrate                1.202699    0.012159    0.989217    1.418895    1.197973     80.21     96.79    1.020
      clockrate                1.327601    0.046143    0.931382    1.743869    1.307341     46.94     51.15    1.005
      clockrate                1.277369    0.022441    1.006251    1.584145    1.258389     24.19     25.04    1.080
      clockrate                1.007496    0.007824    0.838318    1.180063    1.000858     19.63    164.80    1.051
      clockrate                1.275126    0.134535    0.771740    2.020615    1.180340      9.61     21.32    1.084
      clockrate                1.870945    0.294624    0.959156    2.863262    1.830710     31.11     36.57    1.000
      clockrate                1.380577    0.045968    0.981164    1.797597    1.362182     41.08     44.03    1.022
      clockrate                1.097800    0.028318    0.827583    1.452028    1.064985     15.67     17.58    1.063
      clockrate                1.201632    0.023943    0.937756    1.534677    1.176120     32.59     35.09    1.162
      clockrate                1.174639    0.019403    0.915862    1.449017    1.161139     58.25    127.89    1.001
      clockrate                1.122649    0.007365    0.961729    1.295162    1.117236     37.58     69.45    1.004
      clockrate                1.213830    0.028999    0.916518    1.563633    1.189725     44.87     49.61    1.002
      clockrate                1.610683    0.118946    1.048260    2.327685    1.546505     57.66     69.55    1.010
      clockrate                1.209457    0.017501    0.969199    1.478221    1.196202     78.96     80.57    1.015
      clockrate                0.999077    0.043973    0.643768    1.398444    0.968160     33.61     61.56    1.013
      clockrate                1.090885    0.014708    0.873548    1.328655    1.075172     19.02    101.25    1.085
      clockrate                1.033997    0.008537    0.855493    1.210177    1.029164     52.99    157.26    1.004
      clockrate                1.088684    0.011269    0.891971    1.308289    1.078247     19.04     47.40    1.011
      clockrate                1.323729    0.019087    1.081339    1.599412    1.311091     45.25     78.32    1.035
      clockrate                1.251104    0.018360    1.003271    1.528194    1.237047     78.33     80.58    1.000
      clockrate                1.941799    0.243508    1.064739    2.895774    1.890617     51.93     61.50    1.005
      clockrate                2.325331    0.518707    1.113405    3.805384    2.208277     18.34     20.91    1.047
      clockrate                1.333833    0.075651    0.840314    1.866369    1.304195     24.35     64.89    1.047
      clockrate                1.129706    0.015817    0.892919    1.381686    1.120790    267.04    287.18    1.001
      clockrate                1.096880    0.007033    0.938962    1.258586    1.092434     71.16    223.51    1.005
      clockrate                1.028284    0.012469    0.824482    1.256323    1.020893    243.72    270.21    1.012
      clockrate                1.055903    0.009181    0.871151    1.242676    1.049162     64.96    168.49    1.003
      clockrate                1.593526    0.097596    0.971743    2.194597    1.577266     21.58     46.77    1.008
      clockrate                1.301005    0.049977    0.920396    1.744549    1.266982     48.26     92.27    1.046
      clockrate                1.711267    0.226147    0.930863    2.675571    1.628165    282.85    362.21    1.000
      clockrate                1.011078    0.005194    0.870462    1.151810    1.009317    256.59    320.89    1.000
      clockrate                1.519327    0.065587    1.066276    2.019811    1.485700     30.35     61.55    1.000
      clockrate                1.135410    0.011384    0.935549    1.325725    1.128005     63.69    157.42    1.002
      clockrate                1.292844    0.054078    0.875975    1.723346    1.264462     88.59    146.49    1.008
      clockrate                1.072757    0.013544    0.862536    1.308058    1.062378     49.57     75.00    1.070
      clockrate                0.903205    0.004082    0.783936    1.033242    0.899429     78.37     85.83    1.001
      clockrate                1.015001    0.009998    0.819978    1.210853    1.007590     97.70    151.70    1.017
      clockrate                1.206925    0.037904    0.917085    1.630073    1.164644     19.42     31.97    1.044
      clockrate                1.264580    0.060440    0.893468    1.801764    1.207882     16.67     16.97    1.073
      clockrate                1.150993    0.010045    0.963416    1.355888    1.143470     47.79     68.58    1.001
      clockrate                2.461365    0.314101    1.398450    3.561816    2.416672     24.51     39.18    1.030
      clockrate                1.765330    0.093533    1.256911    2.405543    1.720470     42.80     57.75    1.006
      clockrate                1.063740    0.012189    0.860428    1.289169    1.053170    167.22    236.26    1.153
      clockrate                1.467738    0.101693    1.001406    2.151385    1.391249     24.40     32.91    1.001
      clockrate                1.166230    0.009265    0.975549    1.355212    1.161623     65.75    253.59    1.043
      clockrate                1.131161    0.010583    0.937689    1.333207    1.123477     31.63     85.10    1.058
      clockrate                1.414658    0.097181    0.978165    2.034332    1.329886     15.94     20.04    1.765
      clockrate                1.431353    0.192301    0.872069    2.361123    1.320460     15.24     22.56    1.002
      clockrate                1.722478    0.216955    0.984443    2.706859    1.642828     13.30     24.63    1.103
      clockrate                1.132859    0.007528    0.969572    1.305676    1.130069    115.44    294.74    1.013
      clockrate                0.980694    0.013789    0.769674    1.221927    0.967847     28.18     67.23    1.016
      clockrate                1.429660    0.028992    1.106823    1.760652    1.417653    116.24    149.80    1.000
      clockrate                1.075205    0.007640    0.909624    1.253749    1.074413    218.21    232.44    1.002
      clockrate                1.307602    0.015397    1.076526    1.553384    1.300176    142.31    170.64    1.000
