0.255814
0.2307692
0.1136364
0.2272727
0.2051282
0.2
0.1025641
0.2272727
0.3103448
0.08888889
0.05263158
0.25
0.2173913
0.125
0.3255814
0.06521739
0.1395349
0.2105263
0
0.0625
0.2608696
0.25
0.1290323
0.2692308
0.175
0.3333333
0.1764706
0.1714286
0
0.1794872
0.2926829
0.1081081
0.1081081
0.1764706
0.1086957
0.2
0.1851852
0.1363636
0.2105263
0.08
0.3191489
0.03448276
0.2340426
0.1914894
0.08108108
0.1481481
0.275
0.125
0.2121212
0.1777778
0.08695652
0.1666667
0.1052632
0.1666667
0.125
0.05714286
0.1428571
0.1363636
0.1
0.1351351
0.1111111
0.175
0.08
0.1555556
0.1162791
0.225
0.2352941
0.3
0.1538462
0.1923077
0.175
0.03703704
0.2
0.2
0.1153846
0
0.1794872
0.1333333
0.1707317
0.1578947
0.1052632
0.04545455
0.1794872
0.1142857
0
0.1578947
0.3333333
0.35
0.1538462
0.1666667
0.1794872
0.1428571
0.3043478
0.0625
0.175
0.1521739
0.1666667
0.1785714
0.2105263
0.1290323
