      age[0]                   0.897107    0.001135    0.841488    0.965581    0.891699    1.019    2
      age[0]                   0.970569    0.000214    0.954718    0.999159    0.966618    1.001    2
      age[0]                   0.957945    0.000453    0.920065    0.999055    0.956095    1.014    2
      age[0]                   0.991796    0.001403    0.921865    1.066543    0.989118    1.004    2
      age[0]                   1.002907    0.001420    0.935023    1.079484    0.999936    1.007    2
      age[0]                  0.960951    0.001074    0.904538    1.030162    0.956574    1.002    2
      age[0]                   0.996555    0.000326    0.963220    1.033513    0.995169    1.001    2
      age[0]                  0.748835    0.000871    0.723509    0.800236    0.740627    1.000    2
      age[0]                  0.963825    0.001255    0.904595    1.034309    0.958873    1.014    2
      age[0]                   0.921548    0.000451    0.883994    0.962552    0.919295    1.002    2
      age[0]                   0.931365    0.001189    0.880818    1.015944    0.923691    1.001    2
      age[0]                  0.872545    0.003258    0.831187    0.988321    0.852284    1.003    2
      age[0]                  0.934650    0.002508    0.857039    1.026640    0.928011    1.003    2
      age[0]                  0.881730    0.003583    0.802852    1.004407    0.865707    1.014    2
      age[0]                   0.937173    0.000749    0.885726    0.989977    0.936381    1.003    2
      age[0]                   0.993856    0.000807    0.940801    1.053780    0.989861    1.026    2
      age[0]                   1.007817    0.001332    0.961072    1.078531    0.998794    1.007    2
      age[0]                  0.891954    0.001412    0.824598    0.966283    0.887995    1.002    2
      age[0]                  0.815238    0.012097    0.637626    1.034522    0.795165    1.014    2
      age[0]                  1.008955    0.002228    0.951802    1.104831    0.996723    1.004    2
      age[0]                   0.969939    0.000732    0.922829    1.025415    0.966215    1.000    2
      age[0]                  1.046979    0.003004    0.979092    1.153242    1.033217    1.001    2
      age[0]                  0.913692    0.003300    0.815236    1.029750    0.906799    1.001    2
      age[0]                  0.933796    0.002240    0.859154    1.017146    0.931103    1.004    2
      age[0]                   0.957291    0.002433    0.898854    1.057242    0.943387    1.001    2
      age[0]                  0.950683    0.006053    0.816245    1.111701    0.942617    1.007    2
      age[0]                  1.029288    0.003200    0.924432    1.139669    1.023255    1.001    2
      age[0]                  0.945945    0.002228    0.862148    1.039153    0.939653    1.005    2
      age[0]                  0.943933    0.006009    0.804868    1.105244    0.937145    1.014    2
      age[0]                   0.941392    0.002959    0.840058    1.055082    0.934659    1.000    2
      age[0]                   0.937030    0.002036    0.861220    1.029635    0.929616    1.022    2
      age[0]                   0.979543    0.002653    0.914770    1.077786    0.970862    1.000    2
      age[0]                  0.986857    0.000859    0.938090    1.039735    0.982014    1.009    2
      age[0]                  1.020697    0.002131    0.970761    1.106855    1.008910    1.002    2
      age[0]                   0.955904    0.000547    0.911760    1.001976    0.953840    1.007    2
      age[0]                  0.980775    0.000460    0.942708    1.023388    0.978361    1.001    2
      age[0]                  0.909469    0.002013    0.823507    0.998662    0.907392    1.005    2
      age[0]                  0.910524    0.002799    0.872958    1.031902    0.892546    1.062    2
      age[0]                  0.995557    0.000645    0.965600    1.041306    0.989574    1.000    2
      age[0]                  1.049038    0.003503    0.958323    1.171686    1.035805    1.000    2
      age[0]                   0.965889    0.001918    0.888360    1.042385    0.960507    1.014    2
      age[0]                  0.952689    0.002176    0.865804    1.047040    0.950147    1.008    2
      age[0]                   0.944156    0.006639    0.795122    1.113577    0.943597    1.138    2
      age[0]                   0.982629    0.001570    0.905989    1.055669    0.981433    1.068    2
      age[0]                   0.998999    0.000410    0.961285    1.039101    0.996943    1.001    2
      age[0]                  0.972736    0.000402    0.936278    1.012646    0.970306    1.001    2
      age[0]                   0.959663    0.000520    0.918149    1.005108    0.958597    1.015    2
      age[0]                  0.967527    0.001764    0.915304    1.055938    0.957061    1.011    2
      age[0]                  0.976404    0.000396    0.948150    1.013651    0.972774    1.000    2
      age[0]                   1.000009    0.001179    0.944176    1.064891    0.993894    1.002    2
      age[0]                  0.985596    0.002007    0.910070    1.078417    0.977794    1.060    2
      age[0]                  0.910227    0.008944    0.789202    1.091401    0.883836    1.001    2
      age[0]                  0.887981    0.001445    0.827730    0.957922    0.883024    1.000    2
      age[0]                  0.860692    0.002180    0.773353    0.953935    0.856158    1.000    2
      age[0]                  0.978954    0.000819    0.927102    1.037607    0.976768    1.028    2
      age[0]                  1.022381    0.002231    0.966028    1.108960    1.011320    1.000    2
      age[0]                   0.957135    0.000541    0.929507    1.005590    0.950917    1.000    2
      age[0]                  0.994645    0.003544    0.876906    1.112762    0.988438    1.017    2
      age[0]                  0.908326    0.001047    0.866005    0.968849    0.902223    1.000    2
      age[0]                  0.999363    0.001817    0.937809    1.085207    0.990416    1.002    2
      age[0]                  1.068227    0.004482    0.956629    1.182709    1.061402    1.014    2
      age[0]                   0.923793    0.000438    0.886848    0.966609    0.922288    1.003    2
      age[0]                  0.980286    0.000691    0.937054    1.022551    0.977731    1.008    2
      age[0]                   0.971595    0.001701    0.902306    1.051143    0.964866    1.000    2
      age[0]                   0.999153    0.002231    0.910828    1.096990    0.994566    1.021    2
      age[0]                   0.950717    0.001749    0.879235    1.042900    0.944389    1.030    2
      age[0]                  0.821588    0.010152    0.675834    1.026492    0.805214    1.004    2
      age[0]                  0.975437    0.002185    0.891833    1.068968    0.969777    1.008    2
      age[0]                  0.986997    0.004266    0.868524    1.118427    0.980636    1.047    2
      age[0]                  0.989640    0.001227    0.928947    1.058611    0.984889    1.000    2
      age[0]                   0.967720    0.000792    0.913053    1.021796    0.965177    1.002    2
      age[0]                  1.008431    0.001374    0.942506    1.081131    1.003908    1.003    2
      age[0]                   1.042284    0.002076    0.953873    1.133994    1.039725    1.003    2
      age[0]                  0.946390    0.007420    0.836700    1.115274    0.924585    1.002    2
      age[0]                  0.971481    0.002568    0.905493    1.064237    0.960542    1.091    2
      age[0]                  0.908885    0.013555    0.792186    1.135230    0.877693    1.000    2
      age[0]                   0.943084    0.000996    0.885774    1.002780    0.941384    1.007    2
      age[0]                  0.958971    0.001378    0.890989    1.025772    0.955417    1.000    2
      age[0]                   0.964437    0.000527    0.922324    1.011128    0.961763    1.061    2
      age[0]                  0.970148    0.001945    0.890098    1.058711    0.965416    1.009    2
      age[0]                   0.895605    0.002916    0.796658    1.004999    0.889051    1.049    2
      age[0]                   1.009790    0.002429    0.917017    1.104176    1.005255    1.000    2
      age[0]                   1.009650    0.003022    0.925968    1.115523    0.999836    1.001    2
      age[0]                  0.956932    0.013669    0.730388    1.178808    0.955848    1.064    2
      age[0]                  0.950710    0.003666    0.840231    1.073880    0.946120    1.019    2
      age[0]                   0.986057    0.000962    0.928094    1.045803    0.984989    1.003    2
      age[0]                   0.637543    0.007662    0.505154    0.820971    0.624226    1.099    2
      age[0]                  0.939035    0.001463    0.905131    1.011111    0.925565    1.005    2
      age[0]                  1.000303    0.001885    0.917081    1.088929    0.995658    1.033    2
      age[0]                  0.902299    0.003324    0.798745    1.013522    0.896684    1.001    2
      age[0]                   0.994639    0.000919    0.938504    1.053639    0.992118    1.019    2
      age[0]                  0.983440    0.000945    0.926973    1.044161    0.980892    1.000    2
      age[0]                   0.956449    0.001311    0.902424    1.024500    0.951921    1.020    2
      age[0]                  0.898895    0.001619    0.834515    0.975933    0.892215    1.002    2
      age[0]                   0.945763    0.004579    0.838310    1.086946    0.936633    1.108    2
      age[0]                   0.974341    0.000309    0.941959    1.007319    0.972148    1.005    2
      age[0]                  0.999769    0.000577    0.954372    1.049749    0.997997    1.000    2
      age[0]                  0.981102    0.000241    0.962750    1.009365    0.977524    1.001    2
      age[0]                   0.962476    0.003448    0.861487    1.077717    0.953641    1.001    2
      age[0]                  0.856309    0.002540    0.780580    0.948894    0.847318    1.000    2
