      clockrate{all}                0.781418    0.003515    0.668552    0.902514    0.778662    298.25    429.90    1.004
      clockrate{all}                0.679954    0.005339    0.546535    0.825731    0.672158    132.34    206.36    1.004
      clockrate{all}                0.732018    0.002895    0.632660    0.837929    0.728314     67.19    190.34    1.001
      clockrate{all}                0.741317    0.004729    0.613637    0.874473    0.734854     56.72     68.48    1.011
      clockrate{all}                0.678344    0.003532    0.568465    0.798662    0.673904     35.88     94.04    1.010
      clockrate{all}                0.704498    0.009493    0.530782    0.899013    0.693187    308.66    319.61    1.009
      clockrate{all}                0.803104    0.002273    0.711343    0.898432    0.801699   1275.85   1563.82    1.000
      clockrate{all}                0.930822    0.023257    0.659252    1.240653    0.913018     39.84     93.63    1.001
      clockrate{all}                0.778666    0.009643    0.596713    0.967306    0.767885     71.51     97.85    1.012
      clockrate{all}                0.927393    0.019193    0.697771    1.193300    0.910386     12.68     13.61    1.002
      clockrate{all}                0.767086    0.004933    0.642224    0.913792    0.760428     45.14     47.92    1.002
      clockrate{all}                0.829864    0.024522    0.545689    1.140884    0.813024    347.20    451.69    1.000
      clockrate{all}                0.660972    0.009612    0.489614    0.862502    0.649043     56.88     86.89    1.000
      clockrate{all}                0.933793    0.050344    0.577406    1.392307    0.891760    121.08    127.41    1.000
      clockrate{all}                0.734373    0.005002    0.607899    0.875002    0.727607     31.30     51.09    1.003
      clockrate{all}                0.618146    0.001894    0.535679    0.705685    0.616297    152.37    695.95    1.005
      clockrate{all}                0.622587    0.002379    0.528897    0.718894    0.619764    139.99    152.30    1.018
      clockrate{all}                0.691626    0.011489    0.490214    0.907335    0.683207    154.24    327.89    1.001
      clockrate{all}                1.012810    0.100787    0.447353    1.642363    0.959689    539.54    663.50    1.001
      clockrate{all}                0.693117    0.009696    0.522529    0.891801    0.681050     60.35     74.87    1.003
      clockrate{all}                0.701013    0.002786    0.597835    0.802223    0.699436    148.47    256.00    1.000
      clockrate{all}                0.638314    0.004225    0.517476    0.771864    0.634328   1105.66   1199.31    1.000
      clockrate{all}                0.782038    0.010477    0.599526    0.993338    0.771354    123.61    138.84    1.000
      clockrate{all}                0.566502    0.006595    0.420801    0.732243    0.557884    215.28    247.17    1.004
      clockrate{all}                0.769392    0.003322    0.660565    0.884828    0.767231    113.43    162.46    1.003
      clockrate{all}                0.770343    0.008849    0.606072    0.967195    0.760349     98.47    168.06    1.001
      clockrate{all}                0.889754    0.019371    0.649253    1.170089    0.872056     61.33     91.19    1.025
      clockrate{all}                0.760153    0.006074    0.621372    0.921507    0.752404     21.31     55.57    1.041
      clockrate{all}                0.721334    0.008101    0.553247    0.897408    0.712585    141.43    152.71    1.000
      clockrate{all}                0.727812    0.004109    0.605452    0.854973    0.723211     86.50    111.73    1.011
      clockrate{all}                0.784158    0.012291    0.576949    1.000431    0.771378    158.10    202.18    1.001
      clockrate{all}                0.719163    0.003026    0.613936    0.829971    0.716968    299.54    521.53    1.002
      clockrate{all}                0.612056    0.002382    0.517036    0.705037    0.609000     39.10    202.34    1.007
      clockrate{all}                0.791963    0.011024    0.600985    0.997266    0.781368    436.59    463.04    1.002
      clockrate{all}                0.694671    0.002398    0.599954    0.791498    0.691448    234.94    242.96    1.019
      clockrate{all}                0.762415    0.009202    0.584131    0.952692    0.754740     54.24     66.72    1.003
      clockrate{all}                0.798633    0.011009    0.614358    1.012739    0.786006     52.25     69.75    1.012
      clockrate{all}                0.726184    0.009045    0.552280    0.914106    0.715397    238.71    270.38    1.000
      clockrate{all}                0.813328    0.013938    0.610283    1.053590    0.797004    155.35    200.89    1.004
      clockrate{all}                0.719337    0.004214    0.591773    0.842337    0.716056    246.39    305.01    1.000
      clockrate{all}                0.635800    0.002454    0.538392    0.731767    0.633526    144.67    340.50    1.057
      clockrate{all}                0.761670    0.017615    0.523870    1.023649    0.741115     57.82     69.83    1.000
      clockrate{all}                0.874840    0.009141    0.705248    1.062265    0.865284     68.06     74.20    1.028
      clockrate{all}                0.865836    0.004840    0.737143    1.009573    0.860748     88.38    109.07    1.000
      clockrate{all}                0.769708    0.005913    0.626000    0.923653    0.762362    162.74    199.08    1.011
      clockrate{all}                0.904110    0.013724    0.696218    1.133733    0.889859     80.84     82.84    1.002
      clockrate{all}                0.869719    0.010736    0.677536    1.079281    0.862217     38.04     47.71    1.031
      clockrate{all}                0.858533    0.012504    0.651658    1.078361    0.847602    113.92    176.55    1.010
      clockrate{all}                0.732848    0.004156    0.613226    0.863666    0.728434    126.88    159.85    1.007
      clockrate{all}                0.681794    0.003044    0.578004    0.791505    0.678544    149.32    209.11    1.014
      clockrate{all}                0.751725    0.012783    0.555379    0.977732    0.734115     37.58     42.77    1.047
      clockrate{all}                0.751746    0.007836    0.586291    0.927791    0.745877     99.31    243.54    1.000
      clockrate{all}                0.788194    0.020568    0.539466    1.077068    0.767339     57.10     94.80    1.001
      clockrate{all}                0.802288    0.008665    0.630425    0.986920    0.791472     21.82     82.09    1.082
      clockrate{all}                0.645375    0.004751    0.522843    0.788308    0.638843     52.27     94.15    1.001
      clockrate{all}                0.740578    0.007614    0.579671    0.920551    0.732320    114.88    195.73    1.001
      clockrate{all}                0.661710    0.002173    0.568482    0.750923    0.659734    362.65    465.55    1.000
      clockrate{all}                0.789383    0.009780    0.602093    0.982936    0.780396     79.15    148.45    1.001
      clockrate{all}                0.752677    0.018607    0.524151    1.027404    0.732338    135.70    154.11    1.000
      clockrate{all}                0.760146    0.004052    0.634753    0.881989    0.756739     41.56    360.74    1.001
      clockrate{all}                0.817992    0.022011    0.556227    1.108547    0.798684    103.52    152.71    1.000
      clockrate{all}                0.725520    0.002261    0.632076    0.816757    0.723760    176.97    420.08    1.008
      clockrate{all}                0.729912    0.004312    0.606848    0.860501    0.725692    350.98    674.95    1.000
      clockrate{all}                0.783755    0.004705    0.659936    0.923642    0.776370     40.62     48.27    1.015
      clockrate{all}                0.628458    0.003368    0.521631    0.745273    0.622897    116.68    157.40    1.002
      clockrate{all}                0.737777    0.002901    0.632926    0.843167    0.735635    120.98    266.21    1.000
      clockrate{all}                0.809191    0.013257    0.597810    1.038838    0.797786    104.39    114.11    1.000
      clockrate{all}                0.736689    0.011102    0.544464    0.938775    0.725082    172.12    243.85    1.000
      clockrate{all}                0.715130    0.006633    0.563926    0.875550    0.706936     65.43     88.74    1.018
      clockrate{all}                0.763924    0.017842    0.532817    1.036762    0.745868    115.00    122.13    1.000
      clockrate{all}                0.716507    0.002705    0.613217    0.815791    0.714404   1119.52   1163.02    1.000
      clockrate{all}                0.724685    0.005974    0.581214    0.878804    0.718537    202.58    249.76    1.000
      clockrate{all}                0.780280    0.005284    0.645919    0.928754    0.772998     48.90     68.42    1.030
      clockrate{all}                0.694718    0.006273    0.546737    0.853816    0.688688     67.59    190.24    1.001
      clockrate{all}                0.757987    0.006117    0.610738    0.910025    0.750851    127.54    163.89    1.000
      clockrate{all}                1.014782    0.070351    0.562051    1.534184    0.977778    348.02    509.75    1.002
      clockrate{all}                0.610563    0.004868    0.483121    0.752549    0.603137     55.20     56.22    1.002
      clockrate{all}                0.710349    0.010088    0.531701    0.910303    0.696250     85.69    131.53    1.007
      clockrate{all}                0.779289    0.006527    0.637181    0.943638    0.769775    159.30    165.24    1.000
      clockrate{all}                0.691074    0.008902    0.508844    0.873991    0.682591    233.31    370.18    1.017
      clockrate{all}                0.724048    0.006876    0.573173    0.894729    0.714503     63.55     64.20    1.012
      clockrate{all}                0.762622    0.002929    0.661436    0.872078    0.759586     55.31     58.41    1.001
      clockrate{all}                0.688056    0.005739    0.544276    0.837458    0.681350     69.41     81.57    1.001
      clockrate{all}                0.799876    0.004865    0.669300    0.937748    0.795533     61.54     83.89    1.010
      clockrate{all}                0.744977    0.018659    0.520455    1.022580    0.722631     83.10    155.33    1.024
      clockrate{all}                0.739698    0.003075    0.631919    0.848230    0.737641    486.45    591.26    1.011
      clockrate{all}                0.924060    0.016508    0.692769    1.185109    0.908677     91.57    117.02    1.004
      clockrate{all}                0.765288    0.016391    0.550467    1.019888    0.743365     44.81     72.36    1.003
      clockrate{all}                0.675101    0.005107    0.539400    0.816793    0.670716    421.03    646.26    1.003
      clockrate{all}                0.720463    0.008468    0.551391    0.904532    0.711197    151.28    154.27    1.000
      clockrate{all}                0.726218    0.003571    0.615615    0.846069    0.723514    226.12    297.33    1.039
      clockrate{all}                0.600991    0.003733    0.484545    0.721439    0.596620    103.96    188.45    1.001
      clockrate{all}                0.639027    0.004239    0.526004    0.778679    0.630607     20.44     20.72    1.000
      clockrate{all}                1.047218    0.074478    0.601909    1.579685    1.001469    120.25    164.44    1.000
      clockrate{all}                0.622658    0.004229    0.501314    0.757154    0.615815     28.07     36.94    1.002
      clockrate{all}                0.799700    0.003960    0.679114    0.927175    0.796365    108.69    139.23    1.162
      clockrate{all}                0.703549    0.004165    0.576329    0.828929    0.700810    911.07    937.68    1.003
      clockrate{all}                0.792539    0.007006    0.635168    0.959423    0.786110    256.88    418.22    1.004
      clockrate{all}                0.673398    0.002815    0.572514    0.778610    0.671681     54.44     71.22    1.005
      clockrate{all}                0.944370    0.013340    0.749914    1.189615    0.928111     65.64     81.43    1.245
