      clockrate                0.559023    0.019110    0.279504    0.868157    0.560368    902.87    970.66    1.000
      clockrate                1.437282    1.185143    0.176327    3.710963    1.013874    231.79    246.41    1.662
      clockrate                0.658034    0.021057    0.379773    0.969380    0.655465   1213.93   1343.53    1.000
      clockrate                0.676809    0.092427    0.200687    1.280978    0.612829     56.30    846.92    1.288
      clockrate                0.572389    0.023180    0.275924    0.869189    0.564004   1727.09   1960.94    1.000
      clockrate                0.598932    0.061194    0.141633    1.050413    0.570906   1624.19   1894.31    1.000
      clockrate                0.772904    0.033209    0.426209    1.140899    0.759754   1871.61   2617.27    1.000
      clockrate                0.689056    0.067166    0.179769    1.115076    0.683865    112.85    653.82    1.001
      clockrate                0.930189    0.467682    0.194100    2.462170    0.732454     24.14   1057.26    1.192
      clockrate                0.671756    0.026061    0.373477    1.031059    0.664616   1822.39   1987.69    1.000
      clockrate                0.358715    0.046587    0.110261    0.706063    0.217482     26.78     31.95    1.047
      clockrate                0.525343    0.070586    0.100692    1.017182    0.505236    492.91    524.29    1.000
      clockrate                1.064064    0.256899    0.161458    1.975397    1.020114    348.99    356.21    1.004
      clockrate                0.676142    0.102927    0.129142    1.280919    0.629269    522.79    658.76    1.000
      clockrate                1.263809    0.614585    0.362968    2.830454    0.901418     68.67    480.01    2.282
      clockrate                0.559704    0.014986    0.323070    0.805012    0.553801   1760.86   2048.63    1.000
      clockrate                0.752601    0.126557    0.294978    1.581037    0.643339    127.22    317.87    1.745
      clockrate                1.023731    0.300267    0.194048    2.113774    0.915366     34.63     66.26    1.056
      clockrate                1.094115    0.335695    0.214571    2.208698    0.984190   1103.03   2114.99    1.000
      clockrate                0.929857    0.181572    0.220291    1.753512    0.859810    142.88    217.65    1.000
      clockrate                1.076516    0.361253    0.122517    2.166002    0.903101     20.06    181.20    2.267
      clockrate                0.794452    0.113794    0.167377    1.404438    0.769034     78.84    133.96    1.011
      clockrate                1.343347    0.290970    0.479980    2.440727    1.245830    359.06    396.54    1.000
      clockrate                0.709710    0.051689    0.286513    1.155426    0.692058   1952.18   1999.66    1.000
      clockrate                0.578463    0.020467    0.294893    0.865850    0.571107   4675.41   4945.15    1.000
      clockrate                0.570656    0.089075    0.097717    1.178745    0.503816     27.31     33.25    1.029
      clockrate                0.886963    0.044040    0.507021    1.303810    0.864211   1232.36   1238.38    1.000
      clockrate                0.931657    0.220031    0.200462    1.953850    0.811386     23.68    647.96    1.263
      clockrate                0.568902    0.026054    0.261555    0.912635    0.560674   1470.08   1836.72    1.001
      clockrate                1.028343    0.354839    0.287771    2.289398    0.793911    503.40    855.59    2.121
      clockrate                0.784052    0.137089    0.149779    1.554290    0.729637     30.07    227.60    1.144
      clockrate                0.592100    0.026836    0.279716    0.907556    0.580807   2250.53   2341.58    1.000
      clockrate                0.412849    0.013336    0.169032    0.643087    0.412054    548.29    647.73    1.003
      clockrate                0.529009    0.058963    0.140696    1.003271    0.484469    147.78    284.66    1.004
      clockrate                0.544671    0.018931    0.286956    0.817470    0.533125   2051.77   2563.83    1.000
      clockrate                0.433507    0.034167    0.103290    0.747496    0.433815    358.66    638.97    1.000
      clockrate                0.817853    0.093637    0.206595    1.368162    0.806437   1228.42   1357.68    1.001
      clockrate                0.546439    0.088355    0.141104    1.130040    0.476608     61.51     65.24    1.015
      clockrate                1.817482    1.004139    0.338253    3.784460    1.634645     48.67     69.51    1.000
      clockrate                0.517003    0.052121    0.119620    0.911579    0.520199    381.93    489.05    1.000
      clockrate                0.747216    0.032090    0.406764    1.100440    0.730993   2029.25   2239.01    1.000
      clockrate                0.782905    0.076669    0.293893    1.323961    0.754271   2854.41   2873.35    1.000
      clockrate                0.473898    0.041654    0.142543    0.784665    0.518829    123.31    135.72    1.000
      clockrate                0.954265    0.055006    0.485600    1.442623    0.951528   1346.34   1787.64    1.002
      clockrate                0.498793    0.016305    0.268834    0.754757    0.486064   2132.04   2161.56    1.000
      clockrate                0.422290    0.051826    0.093381    0.863395    0.372415    293.72    299.06    1.000
      clockrate                0.734028    0.071106    0.288827    1.314490    0.690594     82.98   1086.79    1.180
      clockrate                1.153207    0.331721    0.233432    2.308191    1.022811     32.92     64.26    1.056
      clockrate                0.610976    0.045075    0.141423    0.974844    0.612503    367.19    405.18    1.000
      clockrate                0.609003    0.022450    0.322194    0.933347    0.605078   1450.71   1678.41    1.000
      clockrate                0.700225    0.149122    0.120421    1.429896    0.642935     32.40    259.72    1.106
      clockrate                0.462590    0.025479    0.191622    0.777710    0.442864    930.31   1334.72    1.000
      clockrate                0.690048    0.170548    0.097746    1.496290    0.594693     70.66     79.57    1.009
      clockrate                0.607441    0.034495    0.156132    0.905767    0.619147    486.79    670.52    1.001
      clockrate                0.721071    0.064770    0.136842    1.139136    0.718549    150.62    205.54    1.002
      clockrate                0.590288    0.030971    0.168068    0.894579    0.595640   1159.83   1322.84    1.000
      clockrate                0.461109    0.011441    0.257776    0.672622    0.453378   2657.69   2747.49    1.000
      clockrate                0.813036    0.189242    0.117432    1.598833    0.775855     89.34    283.03    1.001
      clockrate                0.658644    0.281630    0.104065    1.686068    0.551562     57.64     59.44    1.005
      clockrate                0.804099    0.050782    0.390377    1.308141    0.791146    820.61   1094.74    1.000
      clockrate                0.351971    0.031590    0.073306    0.688841    0.318893    171.82    283.35    1.001
      clockrate                0.450584    0.025504    0.127940    0.706961    0.468521    456.08    535.15    1.000
      clockrate                0.855535    0.127327    0.244865    1.544703    0.807702     38.94    506.68    1.061
      clockrate                0.735464    0.026019    0.434612    1.073715    0.727451   1292.62   1456.02    1.000
      clockrate                0.664326    0.026476    0.348794    1.090299    0.669213    266.04    332.59    1.000
      clockrate                0.552646    0.024228    0.264472    0.915512    0.547192    428.97    793.28    1.000
      clockrate                1.135750    0.629801    0.126078    2.747996    0.894496     36.14     69.63    1.125
      clockrate                1.187212    0.504346    0.213236    2.602119    1.008609     50.21     79.89    1.003
      clockrate                1.869142    1.130686    0.376426    3.969761    1.772641     24.57     48.80    1.063
      clockrate                1.157989    0.286910    0.380755    2.239784    1.036035    252.13    280.48    1.010
      clockrate                0.357584    0.019156    0.128228    0.605002    0.355912   1061.46   1150.45    1.002
      clockrate                0.943622    0.191020    0.168718    1.807966    0.846021     73.20     73.80    1.002
      clockrate                0.722906    0.029385    0.402972    1.061774    0.705145   3758.25   3987.07    1.000
      clockrate                0.727639    0.137467    0.129497    1.456074    0.682249     29.51    197.65    1.058
      clockrate                0.483377    0.043684    0.109314    0.814614    0.497686     79.02    203.54    1.005
      clockrate                1.053502    0.344854    0.157164    2.156631    0.953724    839.66    924.32    1.000
      clockrate                0.564448    0.031999    0.235670    0.920943    0.545705   1532.96   1850.57    1.000
      clockrate                0.728745    0.191011    0.140809    1.579822    0.621342    107.43    120.35    1.006
      clockrate                0.451248    0.031034    0.193678    0.804163    0.411080   1772.33   1897.06    1.000
      clockrate                0.958198    0.493137    0.124100    2.415030    0.718157     29.26     35.86    1.115
      clockrate                0.569223    0.038500    0.159375    0.867690    0.597778    228.05    237.67    1.001
      clockrate                0.586754    0.019242    0.318931    0.879203    0.582730   2082.32   2663.98    1.000
      clockrate                0.548019    0.041999    0.126486    0.870986    0.562065     59.94    193.26    1.040
      clockrate                0.970798    0.064696    0.521594    1.511447    0.949943    774.24   2254.40    1.001
      clockrate                1.849238    1.596606    0.094222    4.455084    1.390930     30.93     31.93    1.001
      clockrate                0.614559    0.033174    0.154875    0.896532    0.630983    168.53    216.36    1.000
      clockrate                1.004501    0.488756    0.176262    2.530239    0.772644     26.04    739.92    1.203
      clockrate                0.938313    0.255960    0.188114    1.978508    0.815900     43.39     71.85    1.078
      clockrate                0.524129    0.027622    0.220322    0.864157    0.506976    299.90   1197.17    1.006
      clockrate                2.634219    1.236655    0.695959    4.800381    2.469250    834.98   1180.65    1.000
      clockrate                0.624761    0.026154    0.301704    0.947149    0.622215   1710.26   1993.01    1.000
      clockrate                0.621036    0.023105    0.348686    0.950891    0.609734   1869.22   2197.19    1.000
      clockrate                0.599144    0.102175    0.160364    1.086571    0.676780     31.14     32.62    1.032
      clockrate                1.647896    0.873509    0.167413    3.425940    1.499108     63.06    144.34    1.014
      clockrate                0.649645    0.038248    0.310664    1.049000    0.622651    885.37   1007.02    1.000
      clockrate                0.679467    0.022487    0.404245    0.982267    0.664119   2781.18   3125.18    1.000
      clockrate                0.335330    0.042819    0.100552    0.705084    0.223669     77.56     84.24    1.002
      clockrate                1.484107    0.347758    0.332909    2.572369    1.426155    131.37    629.06    1.011
      clockrate                0.390655    0.011313    0.184010    0.598099    0.387080   1599.79   1949.94    1.000
      clockrate                0.500054    0.040967    0.105780    0.844228    0.498860    331.80    383.35    1.001
