reso  sja  d_qt  d_ci  d_rf
0.6744186 0.9827223 0.08995006 0.2616186 0.3394222
0.3611111 0.9786315 0.1914566 0.5347688 0.5477794
0.6888889 0.9901549 0.05255796 0.2110184 0.2904967
0.6363636 0.9696946 0.1220138 0.2674358 0.3706017
0.5 0.9732119 0.2686458 0.4221338 0.5366059
0.6 0.8586735 0.2013552 0.4452421 0.5582111
0.6666667 0.8694338 0.2542884 0.3996843 0.5832711
0.7391304 0.9873677 0.066917 0.2261751 0.2806223
0.5172414 1 0.09620412 0.3216871 0.3239997
0.673913 0.9818194 0.1036566 0.2872849 0.3702499
0.8717949 0.9309972 0.0751654 0.1917935 0.298381
0.9375 0.9498382 0.06965944 0.1850387 0.2294698
0.6086957 0.9885205 0.06732441 0.2259763 0.2716282
0.8125 0.9383886 0.09429825 0.2116172 0.2398636
0.4418605 0.8667472 0.2972209 0.5483685 0.7470587
0.6382979 0.971822 0.09679482 0.3156583 0.4828015
0.5909091 0.9846353 0.09776327 0.3519045 0.4563029
0.7368421 0.9066274 0.1410116 0.2636742 0.4395118
0.875 1 0.05714286 0.09015674 0.1037506
0.6470588 1 0.2251032 0.2954397 0.3352852
0.5869565 0.9670284 0.1717514 0.3818671 0.5579215
0.625 0.9630339 0.1417094 0.3686246 0.442033
0.5483871 0.9436288 0.1057983 0.3096608 0.4493137
0.5185185 1 0.1205844 0.3221812 0.3174204
0.6585366 0.93828 0.2011912 0.3420877 0.5082048
0.4444444 0.9842613 0.1867542 0.3915741 0.4461545
0.7142857 0.9784653 0.06468317 0.2174876 0.3008332
0.7428571 0.9044936 0.1372079 0.2791788 0.4290759
0.7857143 0.9924046 0.03634373 0.1748392 0.194731
0.7 0.9382048 0.1007415 0.2791647 0.4329367
0.4878049 0.9489303 0.1489639 0.439547 0.4946825
0.7027027 0.8388643 0.2137433 0.3475649 0.4149998
0.8108108 0.960263 0.05501696 0.2242026 0.4294198
0.7058824 0.9834655 0.05944272 0.2222116 0.2774409
0.5217391 0.9953383 0.2071211 0.4280197 0.4812232
0.7142857 0.9974693 0.05601355 0.1473435 0.1380276
0.5185185 0.9402434 0.1435322 0.3741097 0.4737528
0.5217391 0.9782258 0.07810277 0.303054 0.3386355
0.6315789 0.9412773 0.1127136 0.3328827 0.4422523
0.76 0.8895276 0.1955311 0.2928755 0.4472397
0.4255319 0.9401353 0.2047959 0.5333984 0.7171386
0.7586207 0.9202323 0.1378476 0.2819128 0.4254295
0.6170213 0.9834633 0.1197959 0.2913543 0.333615
0.4893617 0.9840593 0.140432 0.3843895 0.4666056
0.5405405 0.9949351 0.1610515 0.3769671 0.4240247
0.6428571 0.9910215 0.05099434 0.2409228 0.2469606
0.5853659 0.9592176 0.0875861 0.3773005 0.4950808
0.52 0.9470373 0.2489459 0.5038573 0.6359351
0.5454545 0.8768277 0.1583057 0.4445128 0.8281467
0.8 0.9669388 0.05324288 0.2203582 0.3289035
0.5833333 0.9176981 0.1975251 0.4919705 0.5945771
0.8888889 0.9938272 0.01879699 0.103627 0.111229
0.7894737 0.9450487 0.07484621 0.2011877 0.2976361
0.8 0.9815688 0.0683651 0.2232718 0.2809816
0.6969697 0.9283207 0.1806818 0.3005815 0.3745778
0.6388889 0.995968 0.1217232 0.3205658 0.3544689
0.5714286 0.7899237 0.2894694 0.4909339 0.6505311
0.8695652 0.920931 0.1111462 0.1707591 0.2469971
0.6 1 0.06233766 0.2161426 0.198754
0.6486486 0.9611335 0.09170588 0.2780818 0.4041478
0.7777778 0.9913028 0.04695071 0.1552854 0.1757748
0.4878049 0.9894967 0.1231181 0.399599 0.4671615
0.76 0.9805499 0.09455433 0.2148521 0.2960059
0.5333333 0.9987403 0.0747379 0.3463673 0.3607901
0.6818182 0.9790504 0.09657138 0.265403 0.3834132
0.7073171 0.9081745 0.1269508 0.3075891 0.5374449
0.7222222 1 0.0371517 0.1892418 0.1983207
0.5 0.936385 0.1480632 0.3810728 0.5175819
0.6153846 0.9855957 0.09121721 0.2693388 0.3215586
0.5 0.9351829 0.2014863 0.4405854 0.5679854
0.6341463 0.9592581 0.1430395 0.3224457 0.4662305
0.4814815 0.9885362 0.1905492 0.4420459 0.5065007
0.575 0.9633174 0.1430192 0.3694134 0.4395482
0.6956522 0.9884875 0.06859532 0.1957875 0.2403197
0.7407407 0.9420464 0.1274683 0.2633628 0.3326363
1 0.8730159 0.1269841 0.2021888 0.2737463
0.6153846 0.9032381 0.2259761 0.420904 0.6628306
0.875 0.9948025 0.03333333 0.1066958 0.09964535
0.5 0.9781608 0.2527495 0.5278828 0.6425112
0.7894737 0.9607727 0.07607656 0.2032221 0.2806288
0.7631579 0.76043 0.2574454 0.2875361 0.4511934
0.7045455 0.9753303 0.1555098 0.2555384 0.4036209
0.7 0.9861414 0.03178326 0.222714 0.2536764
0.6111111 0.9869995 0.07523539 0.2780776 0.3584887
0.3157895 1 0.3847573 0.6125571 0.6624363
0.8461538 0.9922542 0.01804582 0.1259219 0.1363847
0.5483871 0.9543264 0.1774194 0.4211866 0.5221053
0.85 0.8854719 0.1305477 0.3138305 0.4193483
0.6296296 0.8828239 0.1799082 0.3739219 0.6644113
0.56 0.988754 0.2201709 0.3332415 0.3934057
0.744186 0.8888961 0.1342158 0.2850919 0.5367909
0.7142857 0.872231 0.1735623 0.2692024 0.3618881
0.5957447 0.9087734 0.2408885 0.4027095 0.6085775
0.625 0.9533701 0.2240712 0.3578872 0.4910635
0.7 0.8080112 0.2404829 0.3450166 0.5281406
0.6086957 0.9669114 0.1835838 0.3582269 0.5299489
0.8387097 0.9895503 0.02144428 0.1267077 0.1586096
0.6071429 0.9264967 0.141141 0.3677796 0.5188986
0.5128205 0.9176698 0.2306902 0.4579027 0.5895289
0.5806452 0.9934628 0.1760932 0.3346904 0.4183545
