      ilnvar                   0.078269    0.003457    0.001743    0.189265    0.065634     35.84     43.52    1.000
      ilnvar                   0.025660    0.000638    0.000103    0.076135    0.018784     22.53     50.09    1.010
      ilnvar                   0.015050    0.000343    0.000021    0.052075    0.008841     17.06     30.56    1.012
      ilnvar                   0.076618    0.002993    0.005010    0.183003    0.063665     43.21     53.78    1.057
      ilnvar                   0.083289    0.002831    0.004104    0.182336    0.075097     69.48     72.87    1.000
      ilnvar                   0.148190    0.015301    0.000239    0.379372    0.117747    112.92    163.09    1.001
      ilnvar                   0.017502    0.000497    0.000012    0.060581    0.010405     27.75     48.42    1.068
      ilnvar                   0.450341    0.071434    0.079223    0.978948    0.392791    262.69    287.21    1.000
      ilnvar                   0.048797    0.002429    0.000586    0.142735    0.033091     31.49     65.55    1.003
      ilnvar                   0.028223    0.001333    0.000246    0.100787    0.015699     28.77     32.24    1.012
      ilnvar                   0.179473    0.016001    0.002223    0.413143    0.151780     26.03     29.02    1.037
      ilnvar                   0.029083    0.002854    0.000001    0.114137    0.010756     57.57     90.06    1.035
      ilnvar                   0.180680    0.017097    0.006523    0.418802    0.152763    101.36    162.08    1.001
      ilnvar                   0.178241    0.027806    0.001396    0.479059    0.135160    150.54    228.14    1.007
      ilnvar                   0.035844    0.001329    0.000211    0.107361    0.025911     19.36     31.08    1.095
      ilnvar                   0.019608    0.000367    0.000165    0.058788    0.013368     32.79     34.67    1.002
      ilnvar                   0.038366    0.001211    0.000266    0.106350    0.030310     21.54     34.87    1.001
      ilnvar                   0.116644    0.010853    0.000705    0.307129    0.089799    195.06    195.84    1.002
      ilnvar                   0.655518    0.325636    0.012201    1.765112    0.499382    398.65    421.71    1.001
      ilnvar                   0.084358    0.009104    0.000092    0.250453    0.058867     72.29    189.91    1.000
      ilnvar                   0.017101    0.000358    0.000035    0.055864    0.010716     31.57     37.13    1.076
      ilnvar                   0.106774    0.009008    0.002969    0.285277    0.079921    140.30    154.93    1.001
      ilnvar                   0.192426    0.016638    0.021286    0.443719    0.160675     74.22     89.28    1.005
      ilnvar                   0.142853    0.010293    0.001132    0.330862    0.124584     86.72    134.89    1.034
      ilnvar                   0.009602    0.000222    0.000001    0.040989    0.002632     16.20     21.53    1.037
      ilnvar                   0.158442    0.014744    0.004369    0.389298    0.129200     92.43    107.48    1.007
      ilnvar                   0.085007    0.004918    0.002599    0.221721    0.067519     51.67     70.07    1.002
      ilnvar                   0.214270    0.019814    0.020973    0.481436    0.180229    107.96    111.30    1.001
      ilnvar                   0.073802    0.005182    0.000948    0.211199    0.052409     65.95     91.74    1.003
      ilnvar                   0.037338    0.001709    0.000190    0.121682    0.023420     24.54     46.75    1.003
      ilnvar                   0.066847    0.003366    0.002614    0.180314    0.051515     27.64     31.10    1.003
      ilnvar                   0.066966    0.003026    0.003323    0.172346    0.053223     59.69     66.12    1.005
      ilnvar                   0.019525    0.000389    0.000145    0.059602    0.013159     18.10     43.01    1.008
      ilnvar                   0.130814    0.013300    0.000776    0.344825    0.102185    186.92    251.65    1.004
      ilnvar                   0.049075    0.001541    0.001473    0.125008    0.041089     31.91     39.81    1.001
      ilnvar                   0.069676    0.005665    0.000707    0.210227    0.045808    121.01    127.73    1.000
      ilnvar                   0.043800    0.001995    0.000667    0.134239    0.030009     61.16     73.78    1.002
      ilnvar                   0.055374    0.003855    0.001022    0.172021    0.035342     72.50     89.59    1.000
      ilnvar                   0.148097    0.016196    0.002665    0.398421    0.114296    181.87    182.78    1.002
      ilnvar                   0.067738    0.004492    0.000226    0.197055    0.049669     43.98     49.84    1.015
      ilnvar                   0.061405    0.002165    0.003411    0.148875    0.050665     33.10     44.84    1.018
      ilnvar                   0.113935    0.008216    0.001705    0.288183    0.091254     76.38     89.67    1.004
      ilnvar                   0.077705    0.004492    0.003682    0.213271    0.059652     63.74     67.12    1.019
      ilnvar                   0.106136    0.004643    0.003411    0.236864    0.092295     39.58     44.33    1.000
      ilnvar                   0.019326    0.000412    0.000120    0.058661    0.013386     28.81     59.33    1.007
      ilnvar                   0.021337    0.000609    0.000234    0.071588    0.013179     72.14     80.15    1.002
      ilnvar                   0.054570    0.002701    0.000155    0.153750    0.040720     31.42     36.69    1.000
      ilnvar                   0.021926    0.001067    0.000048    0.088543    0.009137     47.07     63.81    1.000
      ilnvar                   0.089859    0.004612    0.004055    0.218500    0.073809     90.87     95.56    1.001
      ilnvar                   0.069628    0.003076    0.000496    0.173559    0.058301     27.60     40.87    1.001
      ilnvar                   0.075972    0.006127    0.001954    0.212029    0.054521     66.10    120.88    1.019
      ilnvar                   0.091223    0.007980    0.000223    0.262814    0.066391    141.19    147.08    1.001
      ilnvar                   0.133672    0.017989    0.000667    0.387997    0.094696    136.13    157.04    1.001
      ilnvar                   0.053868    0.005007    0.000252    0.192182    0.029580     39.19     56.69    1.019
      ilnvar                   0.110588    0.006280    0.001369    0.258392    0.094659     79.68     83.42    1.005
      ilnvar                   0.130024    0.011147    0.002553    0.335296    0.101403     90.10     93.74    1.017
      ilnvar                   0.010727    0.000144    0.000091    0.034937    0.006428     32.11     36.40    1.045
      ilnvar                   0.153145    0.023378    0.000480    0.437583    0.114582     46.56     51.82    1.011
      ilnvar                   0.149334    0.016417    0.001141    0.385322    0.119151    115.96    131.36    1.001
      ilnvar                   0.160007    0.008325    0.008478    0.332279    0.144696     55.65     95.88    1.004
      ilnvar                   0.086579    0.011659    0.000078    0.286212    0.051920    117.40    130.01    1.009
      ilnvar                   0.067589    0.003076    0.001674    0.175729    0.054423     46.22     48.28    1.007
      ilnvar                   0.207961    0.021078    0.006614    0.493855    0.175518    123.73    156.82    1.001
      ilnvar                   0.019720    0.000646    0.000037    0.075096    0.009940     21.78     23.93    1.186
      ilnvar                   0.036138    0.001304    0.000409    0.109497    0.024222     35.11     49.68    1.007
      ilnvar                   0.047277    0.002391    0.000802    0.147540    0.031912     30.96     42.35    1.024
      ilnvar                   0.214517    0.037707    0.001930    0.575250    0.162036    147.44    156.03    1.010
      ilnvar                   0.033565    0.001432    0.000285    0.107159    0.020703    117.91    132.13    1.004
      ilnvar                   0.230797    0.033788    0.001967    0.579450    0.186534    107.98    128.44    1.000
      ilnvar                   0.091725    0.007108    0.000299    0.254944    0.069899     53.15     63.44    1.001
      ilnvar                   0.035382    0.001036    0.001445    0.099296    0.025929     68.99     72.18    1.004
      ilnvar                   0.098148    0.007749    0.000587    0.258015    0.074929     99.45    119.84    1.001
      ilnvar                   0.082173    0.003487    0.002612    0.195992    0.070189     39.83     43.35    1.007
      ilnvar                   0.100525    0.006904    0.002906    0.245740    0.081791    128.35    131.14    1.005
      ilnvar                   0.109925    0.008333    0.000675    0.287845    0.087691     73.57     77.52    1.000
      ilnvar                   0.613463    0.341809    0.001717    1.720762    0.439960    569.31    601.80    1.000
      ilnvar                   0.078139    0.004296    0.000253    0.203788    0.064543     27.36     44.72    1.008
      ilnvar                   0.069278    0.008305    0.000142    0.233634    0.040287    142.23    167.73    1.000
      ilnvar                   0.042520    0.001984    0.000297    0.129949    0.028142     35.83     36.94    1.008
      ilnvar                   0.058903    0.003303    0.001147    0.169081    0.042177    129.64    138.59    1.000
      ilnvar                   0.037390    0.001692    0.000013    0.117086    0.026399     18.93     31.73    1.055
      ilnvar                   0.062457    0.002382    0.000568    0.155585    0.053489     26.15     42.91    1.000
      ilnvar                   0.085794    0.003649    0.007255    0.202277    0.072269     69.56     73.23    1.002
      ilnvar                   0.352625    0.038053    0.049943    0.742185    0.317641    107.23    113.71    1.007
      ilnvar                   0.175261    0.025855    0.000782    0.472210    0.132315    151.97    154.98    1.002
      ilnvar                   0.036985    0.001151    0.000844    0.102834    0.027555     57.00     73.17    1.000
      ilnvar                   0.058404    0.003685    0.000274    0.176831    0.042399     33.56     37.03    1.001
      ilnvar                   0.282442    0.042169    0.028537    0.662696    0.229638    247.95    278.23    1.001
      ilnvar                   0.044996    0.002637    0.000293    0.145249    0.028485     82.03    110.37    1.001
      ilnvar                   0.138423    0.015892    0.003620    0.373922    0.105328     81.08     95.85    1.001
      ilnvar                   0.017255    0.000414    0.000183    0.058570    0.010122     34.08     34.40    1.018
      ilnvar                   0.185623    0.015018    0.004386    0.410866    0.163631     61.65     83.87    1.000
      ilnvar                   0.019339    0.000476    0.000054    0.062993    0.012045     23.70     34.08    1.000
      ilnvar                   0.237875    0.145930    0.000802    1.012344    0.109458     38.35     40.57    1.004
      ilnvar                   0.080097    0.003317    0.001310    0.191674    0.068077     46.64     55.29    1.009
      ilnvar                   0.196458    0.008869    0.039804    0.371129    0.182097    103.81    127.99    1.008
      ilnvar                   0.043502    0.002213    0.000176    0.133738    0.028959     55.70     63.32    1.001
      ilnvar                   0.076074    0.008321    0.000355    0.258411    0.046223     36.30     38.88    1.000
      ilnvar                   0.046115    0.002349    0.000159    0.142376    0.029480     18.18     30.33    1.023
      ilnvar                   0.144799    0.008565    0.008685    0.323831    0.128246     98.01    111.81    1.006
