      TL          4.468706    0.029102    4.140575    4.804707    4.465954  13774.05  13916.12    1.000
      TL          4.090072    0.026967    3.777395    4.417193    4.087862  13156.97  13312.40    1.000
      TL          4.402706    0.028225    4.072624    4.728704    4.401803  12150.34  12557.06    1.000
      TL          4.159495    0.026852    3.840537    4.486082    4.156645  12907.38  13297.08    1.000
      TL          4.735660    0.031074    4.400865    5.091917    4.732490  12523.14  13001.29    1.000
      TL          3.056896    0.024051    2.749857    3.355656    3.054788  12648.00  13456.64    1.000
      TL          4.325628    0.028809    3.998193    4.660684    4.323751  12747.56  12869.24    1.000
      TL          2.547659    0.020272    2.271407    2.828841    2.544499  13354.11  14177.56    1.000
      TL          3.259946    0.022892    2.966082    3.557942    3.257853  13057.42  13263.93    1.000
      TL          4.944167    0.031525    4.597093    5.292469    4.941920  13453.55  13892.17    1.000
      TL          4.317578    0.029210    3.982792    4.652536    4.315683  12216.50  12591.47    1.000
      TL          1.820181    0.016194    1.563494    2.064588    1.818368  13712.35  13738.40    1.000
      TL          2.948799    0.022500    2.655708    3.239714    2.945858  13054.65  13187.70    1.000
      TL          1.785228    0.015613    1.543933    2.031660    1.782075  12989.17  13654.24    1.000
      TL          4.624586    0.030231    4.275665    4.959498    4.622615  11895.25  12164.86    1.000
      TL          4.597422    0.029545    4.265973    4.943384    4.595409  13094.34  13410.60    1.000
      TL          4.562329    0.030303    4.234712    4.915586    4.561171   9647.93  10542.66    1.000
      TL          2.428265    0.019022    2.157658    2.697527    2.426668  14813.82  14907.41    1.000
      TL          1.250706    0.015867    1.009163    1.501798    1.246104  13063.49  13102.75    1.000
      TL          2.279650    0.019083    2.013148    2.555316    2.278329  14142.73  14282.07    1.000
      TL          4.689875    0.030192    4.352140    5.036039    4.687464  12802.35  13541.80    1.000
      TL          2.641262    0.020116    2.364342    2.916835    2.639275  12840.10  12934.24    1.000
      TL          3.692532    0.026278    3.381115    4.013328    3.690467  14086.98  14104.44    1.000
      TL          2.842786    0.021073    2.567561    3.137914    2.839255  13659.40  13813.92    1.000
      TL          4.414601    0.029714    4.069802    4.740610    4.412096  12379.43  12752.15    1.000
      TL          3.579677    0.025754    3.271422    3.898029    3.577142  13555.13  14065.30    1.000
      TL          3.913555    0.026735    3.596911    4.237140    3.910597  13668.85  13878.14    1.000
      TL          3.868527    0.026151    3.548906    4.184979    3.866512  12524.28  13079.61    1.000
      TL          3.531334    0.024870    3.221951    3.839678    3.528982  13627.17  13933.95    1.000
      TL          3.269259    0.021782    2.981462    3.556558    3.267947  13413.74  13544.28    1.000
      TL          3.894983    0.025768    3.575357    4.205725    3.892884  12542.96  13463.33    1.000
      TL          4.278322    0.028236    3.949910    4.606146    4.275605  13894.31  13973.68    1.000
      TL          3.921618    0.026421    3.611298    4.246401    3.919192  12674.67  12842.04    1.000
      TL          2.201338    0.019158    1.936171    2.476924    2.198128  12265.24  12565.02    1.000
      TL          4.641033    0.030278    4.300845    4.981692    4.638125  13093.29  13575.41    1.000
      TL          1.980798    0.015962    1.744108    2.236525    1.977923  13006.80  13539.07    1.000
      TL          2.665874    0.020214    2.384574    2.942396    2.664103  12496.72  12566.97    1.000
      TL          2.231990    0.017906    1.972481    2.495566    2.230014  11825.70  11865.84    1.000
      TL          2.322612    0.018780    2.067662    2.605401    2.319448  12998.19  13573.60    1.000
      TL          2.795943    0.020345    2.524305    3.081168    2.793754  14232.83  14311.65    1.000
      TL          4.573987    0.029379    4.242081    4.910840    4.572334  12591.43  13192.30    1.000
      TL          2.832847    0.020637    2.546938    3.109030    2.830458  13007.90  13618.87    1.000
      TL          4.414271    0.028270    4.085542    4.741673    4.410699  13231.56  13411.69    1.000
      TL          5.091582    0.033349    4.730766    5.445585    5.089164  13055.58  13212.13    1.000
      TL          4.188275    0.028156    3.867914    4.525697    4.187088  13258.35  13557.42    1.000
      TL          2.985916    0.021754    2.692275    3.273089    2.983652  13861.26  14090.09    1.000
      TL          3.947226    0.026318    3.630164    4.263722    3.945795  12134.61  12908.81    1.000
      TL          2.659227    0.020608    2.383379    2.941535    2.657079  13534.33  13730.58    1.000
      TL          3.910083    0.026891    3.582065    4.223688    3.907438  13627.52  13727.71    1.000
      TL          3.975862    0.025498    3.673492    4.302294    3.973347  11768.22  13136.00    1.000
      TL          2.839586    0.022210    2.554054    3.134839    2.837830  11936.67  11978.34    1.000
      TL          2.499488    0.020229    2.225312    2.781563    2.496376  13063.10  13292.32    1.000
      TL          2.368872    0.019017    2.105160    2.644848    2.365946  13340.15  13686.88    1.000
      TL          3.434911    0.024046    3.129061    3.735239    3.433466  12889.42  12949.66    1.000
      TL          3.731140    0.025517    3.419846    4.041933    3.729032  12368.37  13021.17    1.000
      TL          3.429291    0.023078    3.139144    3.729581    3.428212  13379.71  13483.86    1.000
      TL          4.761194    0.030835    4.421252    5.107435    4.759783  14090.13  14310.30    1.000
      TL          2.519657    0.019321    2.249246    2.790551    2.516969  13817.46  14113.81    1.000
      TL          2.485498    0.019785    2.213748    2.763444    2.483597  12927.22  13487.62    1.000
      TL          3.769121    0.025613    3.460415    4.083668    3.767537  13084.36  13700.08    1.000
      TL          1.752140    0.015442    1.505291    1.992534    1.748703  13334.97  13541.51    1.000
      TL          3.874742    0.025855    3.555405    4.187066    3.872199  11716.40  12895.49    1.000
      TL          2.703959    0.020276    2.430366    2.983176    2.702079  12709.10  13252.84    1.000
      TL          4.774972    0.031252    4.426389    5.118794    4.774096  12339.62  12521.50    1.000
      TL          4.161400    0.027227    3.833924    4.475895    4.159217  14153.85  14217.92    1.000
      TL          4.239780    0.028157    3.905913    4.563045    4.237235  13756.46  13756.93    1.000
      TL          2.227865    0.018445    1.968204    2.496084    2.225654  11751.83  12742.93    1.000
      TL          2.562358    0.019706    2.291969    2.838998    2.560002  13494.34  13666.20    1.000
      TL          2.784588    0.020510    2.504519    3.065616    2.782528  12815.60  12976.80    1.000
      TL          3.560395    0.025842    3.252427    3.879738    3.559150  13468.25  13761.10    1.000
      TL          4.122465    0.027230    3.807645    4.453069    4.118775  12920.09  12978.26    1.000
      TL          3.471629    0.024408    3.174110    3.787097    3.469683  13339.41  13601.97    1.000
      TL          4.769557    0.031336    4.431753    5.125431    4.768056  13859.04  13980.52    1.000
      TL          2.912186    0.022047    2.626020    3.208759    2.909471  13821.09  13824.58    1.000
      TL          2.598197    0.019395    2.324921    2.871081    2.596922  11936.31  12769.89    1.000
      TL          1.277588    0.015785    1.033214    1.523237    1.272619  13512.04  13869.21    1.000
      TL          4.508855    0.029948    4.171556    4.849522    4.507215  12545.25  13004.11    1.000
      TL          2.068256    0.017434    1.807030    2.324673    2.065604  14359.73  14459.93    1.000
      TL          4.128849    0.027190    3.805960    4.453466    4.126280  12890.00  13077.99    1.000
      TL          2.670181    0.021509    2.387404    2.963024    2.667499  12554.98  13430.83    1.000
      TL          4.077677    0.027523    3.756875    4.401827    4.076263  11775.37  12982.70    1.000
      TL          5.347758    0.034615    4.992242    5.715241    5.345955  12579.85  12908.71    1.000
      TL          3.921100    0.025938    3.606372    4.237567    3.919033  11824.34  12536.28    1.000
      TL          3.709539    0.025418    3.408640    4.035706    3.707771  13105.68  13634.46    1.000
      TL          2.919504    0.023468    2.610949    3.210330    2.916430  13621.05  13661.10    1.000
      TL          4.332072    0.029262    4.002276    4.673896    4.329130  13131.22  13400.67    1.000
      TL          3.044766    0.021608    2.752916    3.329799    3.042433  10920.93  12278.40    1.000
      TL          2.385282    0.018989    2.123430    2.662695    2.382847  13773.00  14001.41    1.000
      TL          2.756826    0.020506    2.485309    3.045285    2.754402  12884.66  13185.80    1.000
      TL          3.423653    0.025765    3.116437    3.742997    3.420596  13480.98  13792.73    1.000
      TL          4.591865    0.030335    4.240118    4.923699    4.589345  12515.19  13410.40    1.000
      TL          3.644861    0.024180    3.341623    3.949989    3.642957  13183.07  13317.96    1.000
      TL          5.153681    0.033794    4.795089    5.517060    5.151934  11566.52  11665.05    1.000
      TL          2.064921    0.017122    1.809982    2.324818    2.062365  14104.49  14360.12    1.000
      TL          5.197244    0.034746    4.823066    5.553221    5.195034  12466.44  12692.99    1.000
      TL          5.027267    0.032166    4.688084    5.383859    5.026255  13283.18  13831.08    1.000
      TL          2.522885    0.018480    2.250605    2.781929    2.521293  12509.02  12638.14    1.000
      TL          2.903350    0.020809    2.627197    3.192708    2.901705  14101.51  14237.14    1.000
      TL          4.128038    0.027797    3.795919    4.447067    4.125655  12146.14  12203.95    1.000
      TL          3.468258    0.024923    3.161287    3.774955    3.466205  12561.99  13001.01    1.000
