      clockrate                0.716853    0.004211    0.596929    0.849755    0.710993     46.49    160.84    1.010
      clockrate                0.698842    0.006092    0.556297    0.854667    0.690713    155.31    194.92    1.001
      clockrate                0.717161    0.002554    0.619975    0.817421    0.714696     84.33    263.72    1.001
      clockrate                0.752903    0.004654    0.626345    0.889239    0.745670     88.31    130.16    1.004
      clockrate                0.730696    0.002509    0.633417    0.827106    0.728190    227.98    238.70    1.003
      clockrate                0.894870    0.014426    0.679352    1.140519    0.881069    304.98    324.05    1.000
      clockrate                0.655205    0.002970    0.552413    0.764265    0.652495    140.69    239.73    1.010
      clockrate                0.976904    0.045356    0.620715    1.396447    0.947080     34.33     35.57    1.002
      clockrate                0.774947    0.012069    0.587911    0.991683    0.757671     85.02    100.39    1.000
      clockrate                0.945341    0.006466    0.795623    1.108219    0.938095    117.05    142.02    1.002
      clockrate                0.744734    0.002829    0.643410    0.851982    0.741353     68.73    148.86    1.022
      clockrate                0.982557    0.018068    0.726592    1.244288    0.968706    329.85    410.57    1.000
      clockrate                0.630775    0.006027    0.486011    0.784703    0.623870    286.04    294.33    1.000
      clockrate                0.772986    0.013591    0.561114    1.003321    0.760884    357.00    404.27    1.000
      clockrate                0.690773    0.002869    0.591337    0.795992    0.687309     75.55    138.82    1.003
      clockrate                0.735975    0.002215    0.646518    0.830845    0.733639    168.65    268.00    1.012
      clockrate                0.729841    0.004499    0.606203    0.861834    0.722672     56.43     73.16    1.004
      clockrate                0.836854    0.018048    0.598232    1.102940    0.825478    222.21    385.46    1.003
      clockrate                1.279124    0.070084    0.745380    1.797036    1.255839    353.65    360.93    1.001
      clockrate                0.729168    0.004618    0.598248    0.863314    0.725462   1399.25   1461.71    1.000
      clockrate                0.819334    0.003471    0.705805    0.932555    0.816048     94.44    184.08    1.006
      clockrate                0.788911    0.013379    0.592295    1.023831    0.773455    253.70    282.96    1.000
      clockrate                0.765912    0.008167    0.598209    0.942472    0.759117    247.72    356.40    1.006
      clockrate                0.951244    0.009432    0.766718    1.141519    0.944545    210.49    234.61    1.001
      clockrate                0.799312    0.003073    0.690883    0.910069    0.796879    151.11    281.67    1.001
      clockrate                0.837935    0.013994    0.624035    1.080810    0.822439    164.15    193.30    1.022
      clockrate                0.775164    0.006032    0.627304    0.926722    0.770502    195.23    249.20    1.001
      clockrate                0.780611    0.007358    0.619393    0.947149    0.774098    114.94    207.37    1.002
      clockrate                0.767788    0.005777    0.622562    0.914823    0.760975    208.06    270.13    1.000
      clockrate                0.830643    0.003601    0.715609    0.951387    0.829449    149.29    392.66    1.005
      clockrate                0.821853    0.012973    0.617906    1.057753    0.809905     44.34     92.62    1.002
      clockrate                0.877844    0.013473    0.661897    1.112410    0.867632    112.45    135.25    1.004
      clockrate                0.759004    0.003765    0.644906    0.883262    0.754830    108.66    109.97    1.004
      clockrate                0.825516    0.009905    0.625864    1.016037    0.821692    726.97    822.07    1.001
      clockrate                0.802370    0.003224    0.691868    0.914682    0.799200     80.66    191.52    1.004
      clockrate                0.783599    0.005534    0.644492    0.934506    0.777971    460.46    492.50    1.006
      clockrate                0.886542    0.008130    0.715526    1.064296    0.879150    129.20    136.63    1.005
      clockrate                0.884996    0.008710    0.709316    1.067998    0.876663    197.13    246.97    1.000
      clockrate                0.742486    0.015252    0.515620    0.983834    0.728732    138.05    178.36    1.000
      clockrate                0.778366    0.005114    0.641003    0.919948    0.773804    641.42    691.95    1.001
      clockrate                0.739167    0.002658    0.641833    0.845054    0.737320    235.23    272.76    1.000
      clockrate                0.771885    0.010165    0.587641    0.971583    0.759726     77.65    133.21    1.000
      clockrate                0.702662    0.004946    0.568266    0.841343    0.698492    114.00    140.28    1.005
      clockrate                0.818875    0.004896    0.687704    0.954906    0.813987    131.63    132.10    1.000
      clockrate                0.730869    0.004835    0.603326    0.871939    0.724330     53.77    139.77    1.000
      clockrate                0.845940    0.007219    0.688821    1.017962    0.840901    289.90    389.96    1.001
      clockrate                0.925277    0.010765    0.735312    1.137802    0.913108     83.89    103.38    1.006
      clockrate                0.884766    0.020477    0.609685    1.168500    0.871588    178.23    231.41    1.003
      clockrate                0.719168    0.005718    0.585431    0.872626    0.709704    111.08    169.19    1.006
      clockrate                0.828344    0.005199    0.693404    0.972545    0.823393    106.90    116.17    1.007
      clockrate                0.924917    0.009482    0.741782    1.115733    0.920257    367.34    413.71    1.005
      clockrate                0.916417    0.020445    0.667979    1.213466    0.897123    140.93    202.41    1.000
      clockrate                1.088953    0.056523    0.675910    1.541504    1.053765    201.19    203.71    1.012
      clockrate                0.776737    0.003591    0.662490    0.894733    0.773717    278.64    402.04    1.001
      clockrate                0.701932    0.003223    0.592577    0.812083    0.698680    250.36    283.02    1.000
      clockrate                0.862389    0.007002    0.708001    1.031217    0.854889    215.41    227.30    1.009
      clockrate                0.719853    0.002911    0.620106    0.829859    0.716123    296.48    317.38    1.003
      clockrate                0.776611    0.017711    0.517245    1.023727    0.776525    224.23    238.41    1.001
      clockrate                0.862619    0.007539    0.699086    1.040129    0.859265    805.05    880.26    1.000
      clockrate                0.807690    0.006993    0.647070    0.974561    0.803329     66.44    207.06    1.005
      clockrate                0.708268    0.011451    0.519078    0.916404    0.697005    358.17    396.87    1.000
      clockrate                0.834821    0.002652    0.736838    0.938250    0.832991    257.47    280.18    1.000
      clockrate                0.773828    0.004845    0.644079    0.913729    0.768608    373.07    558.80    1.007
      clockrate                0.702751    0.002316    0.610171    0.798414    0.699754    207.44    244.86    1.000
      clockrate                0.762534    0.005204    0.632932    0.912874    0.755189    166.83    171.80    1.000
      clockrate                0.622163    0.002435    0.527045    0.719074    0.619118    256.70    256.81    1.009
      clockrate                0.871594    0.033014    0.568206    1.217727    0.844902    183.51    191.01    1.003
      clockrate                0.867279    0.012899    0.646052    1.088604    0.859709    183.28    250.86    1.001
      clockrate                0.707329    0.006395    0.553702    0.866214    0.700968    161.12    358.84    1.000
      clockrate                0.824336    0.009187    0.653808    1.026925    0.813852    142.17    173.48    1.001
      clockrate                0.723566    0.002459    0.629041    0.821645    0.720648    353.81    402.19    1.002
      clockrate                0.767879    0.010922    0.582327    0.979240    0.754098    145.83    197.83    1.001
      clockrate                0.758330    0.004057    0.636761    0.883978    0.755074    311.80    383.23    1.003
      clockrate                0.779610    0.006667    0.626719    0.938963    0.773289    106.28    308.01    1.008
      clockrate                0.915763    0.011085    0.725451    1.134194    0.906221    125.28    173.17    1.001
      clockrate                0.784967    0.025992    0.482856    1.095720    0.772845    682.71    694.78    1.001
      clockrate                0.879045    0.004077    0.755699    1.004623    0.876490    161.73    209.72    1.004
      clockrate                0.968339    0.011339    0.768717    1.181213    0.960537    146.89    148.09    1.002
      clockrate                0.823809    0.006388    0.678600    0.986180    0.815163     93.03    120.40    1.004
      clockrate                0.737360    0.010219    0.551650    0.938175    0.727247    250.84    296.95    1.010
      clockrate                0.868981    0.008693    0.691603    1.054243    0.858876     64.13     73.34    1.000
      clockrate                0.816525    0.003775    0.699755    0.938642    0.811543     50.09     75.71    1.011
      clockrate                0.812756    0.007731    0.655475    0.983016    0.803134     98.21    108.25    1.015
      clockrate                0.764093    0.005926    0.622902    0.922245    0.758924    154.67    178.63    1.001
      clockrate                0.894388    0.021076    0.650190    1.189680    0.870696     90.05    100.44    1.004
      clockrate                0.858071    0.003292    0.747135    0.970985    0.856054    274.48    668.52    1.025
      clockrate                1.022500    0.016068    0.789675    1.274518    1.008532     68.15    102.76    1.024
      clockrate                0.714966    0.008098    0.558027    0.876673    0.704434     88.76    146.67    1.008
      clockrate                0.837307    0.005685    0.696686    0.988972    0.833083    262.55    318.65    1.001
      clockrate                0.661508    0.005142    0.526187    0.808331    0.654345    181.05    198.93    1.000
      clockrate                0.819245    0.006792    0.666045    0.986696    0.812210     48.82     77.34    1.000
      clockrate                0.715437    0.006890    0.570064    0.887895    0.706053     79.99    101.57    1.000
      clockrate                0.770920    0.009893    0.582830    0.965622    0.762469    128.72    144.97    1.000
      clockrate                0.840159    0.013742    0.620613    1.072700    0.829917    303.46    492.29    1.002
      clockrate                0.797746    0.007254    0.641492    0.973711    0.786975    100.21    113.50    1.031
      clockrate                0.778571    0.002698    0.679304    0.881232    0.776414    114.50    256.96    1.022
      clockrate                0.897327    0.004362    0.772660    1.031576    0.894971     96.06    256.67    1.000
      clockrate                0.919256    0.022384    0.666302    1.230995    0.897896     57.15    102.19    1.010
      clockrate                0.785448    0.007936    0.619389    0.965736    0.780591     31.74     96.84    1.006
      clockrate                0.911339    0.021870    0.660521    1.209953    0.887444     39.17     41.10    1.000
