      ilnvar                   0.040991    0.002212    0.000008    0.129598    0.027231     13.59     30.45    1.059
      ilnvar                   0.088356    0.004905    0.001392    0.215538    0.073388     36.78     44.62    1.008
      ilnvar                   0.011927    0.000290    0.000001    0.043765    0.005079     16.07     19.81    1.007
      ilnvar                   0.092186    0.003905    0.002078    0.212527    0.078395     54.01     65.75    1.021
      ilnvar                   0.010806    0.000184    0.000087    0.034670    0.006614     25.89     35.17    1.024
      ilnvar                   0.150749    0.015250    0.000705    0.377646    0.121571    142.98    191.41    1.000
      ilnvar                   0.049948    0.001451    0.000180    0.117686    0.042987     26.80     67.93    1.038
      ilnvar                   0.202982    0.043843    0.000401    0.606259    0.146678     38.44     42.13    1.000
      ilnvar                   0.085399    0.008159    0.000324    0.258631    0.057813     65.01     72.66    1.001
      ilnvar                   0.061502    0.002263    0.001152    0.153241    0.050522     50.95     54.97    1.003
      ilnvar                   0.015438    0.000598    0.000001    0.067951    0.004025     15.35     19.66    1.066
      ilnvar                   0.095701    0.015005    0.000082    0.331379    0.052797    124.29    139.88    1.002
      ilnvar                   0.058187    0.004285    0.000459    0.181792    0.036961     92.19    113.21    1.000
      ilnvar                   0.046158    0.003465    0.000028    0.154724    0.026658    124.80    126.83    1.004
      ilnvar                   0.010204    0.000256    0.000008    0.043434    0.003547     15.77     25.25    1.000
      ilnvar                   0.011936    0.000344    0.000011    0.048886    0.004743     21.75     26.31    1.132
      ilnvar                   0.068295    0.003002    0.002240    0.177509    0.054534     34.19     37.15    1.007
      ilnvar                   0.054950    0.004002    0.000743    0.171903    0.034743    138.06    191.26    1.002
      ilnvar                   0.120386    0.035386    0.000047    0.430310    0.061391    558.15    591.51    1.000
      ilnvar                   0.013022    0.000548    0.000005    0.052886    0.004753     84.24     85.09    1.001
      ilnvar                   0.013406    0.000350    0.000019    0.050129    0.006229     21.79     23.15    1.016
      ilnvar                   0.167594    0.019996    0.001118    0.421802    0.133279    142.44    152.02    1.000
      ilnvar                   0.028363    0.001287    0.000262    0.091347    0.016926     46.19     72.80    1.008
      ilnvar                   0.039790    0.001979    0.000127    0.122519    0.025652     70.64     72.56    1.016
      ilnvar                   0.018070    0.000788    0.000026    0.074376    0.006667     26.72     31.38    1.002
      ilnvar                   0.132053    0.014369    0.000345    0.352748    0.104830     52.77     74.55    1.026
      ilnvar                   0.048225    0.002108    0.000547    0.136007    0.035435     31.58     59.24    1.003
      ilnvar                   0.086724    0.003601    0.004168    0.202242    0.074648     52.63    114.20    1.003
      ilnvar                   0.032472    0.001435    0.000514    0.099840    0.020812     92.62     97.68    1.000
      ilnvar                   0.008190    0.000159    0.000001    0.031942    0.003148     17.47     21.98    1.048
      ilnvar                   0.100970    0.005412    0.001830    0.243288    0.086505     41.32     53.58    1.005
      ilnvar                   0.226577    0.012629    0.046151    0.446432    0.206657     98.81    117.16    1.005
      ilnvar                   0.037424    0.001786    0.000156    0.121338    0.023192     39.00     41.58    1.034
      ilnvar                   0.042934    0.005229    0.000079    0.140303    0.023689    157.44    195.33    1.014
      ilnvar                   0.037969    0.001462    0.000146    0.110369    0.027771     24.86     27.95    1.013
      ilnvar                   0.026977    0.002152    0.000011    0.119260    0.007885     69.75     76.34    1.006
      ilnvar                   0.044848    0.002723    0.000254    0.142746    0.027974     38.09     58.54    1.025
      ilnvar                   0.035172    0.003270    0.000103    0.129703    0.015424     38.11     66.49    1.004
      ilnvar                   0.126470    0.023120    0.000616    0.414761    0.075641    106.38    112.53    1.000
      ilnvar                   0.049786    0.002654    0.000103    0.151714    0.034423     65.90     76.53    1.021
      ilnvar                   0.011672    0.000235    0.000079    0.041320    0.005990     29.14     35.69    1.003
      ilnvar                   0.058241    0.003722    0.000296    0.177479    0.040043     48.87     55.05    1.000
      ilnvar                   0.042739    0.001385    0.001128    0.118130    0.030926     35.07     51.05    1.027
      ilnvar                   0.048090    0.001533    0.001326    0.124570    0.038492     36.50     42.04    1.000
      ilnvar                   0.070360    0.003456    0.000078    0.179832    0.060407     21.64     50.14    1.021
      ilnvar                   0.038763    0.001798    0.000124    0.119395    0.026184     38.55     45.97    1.000
      ilnvar                   0.087527    0.004394    0.004000    0.221300    0.071251     40.47     48.05    1.006
      ilnvar                   0.225180    0.024108    0.001373    0.510588    0.195588    154.85    161.50    1.005
      ilnvar                   0.069395    0.004361    0.000035    0.199448    0.051213     41.36     76.88    1.018
      ilnvar                   0.058059    0.002072    0.000818    0.147416    0.047444     40.58     45.38    1.038
      ilnvar                   0.015239    0.000646    0.000005    0.060361    0.005646     44.30     55.35    1.016
      ilnvar                   0.105022    0.009950    0.000251    0.300223    0.077654    103.85    175.53    1.000
      ilnvar                   0.432114    0.106427    0.007468    1.049133    0.352783    105.40    193.31    1.010
      ilnvar                   0.007208    0.000187    0.000017    0.032556    0.002040     50.61     58.45    1.003
      ilnvar                   0.011378    0.000346    0.000007    0.050129    0.003866     51.25     53.14    1.000
      ilnvar                   0.067087    0.003310    0.000575    0.178114    0.051853     63.26     85.36    1.015
      ilnvar                   0.036989    0.000996    0.000598    0.096255    0.029393     48.54     54.00    1.002
      ilnvar                   0.058819    0.004892    0.000320    0.194948    0.034834     72.13    101.68    1.004
      ilnvar                   0.021250    0.001039    0.000048    0.082095    0.009260     48.73     66.06    1.011
      ilnvar                   0.023125    0.000773    0.000131    0.078140    0.013536     16.79     38.62    1.000
      ilnvar                   0.036949    0.003873    0.000044    0.124636    0.018756    120.15    127.83    1.001
      ilnvar                   0.007472    0.000290    0.000001    0.038873    0.000917     15.82     24.88    1.012
      ilnvar                   0.031325    0.001726    0.000034    0.112463    0.015932     46.34     75.91    1.055
      ilnvar                   0.015612    0.000344    0.000015    0.053312    0.009162     36.05     38.87    1.000
      ilnvar                   0.061268    0.002542    0.002408    0.159437    0.048189     36.73     45.59    1.000
      ilnvar                   0.029669    0.000995    0.000514    0.094521    0.018822     34.75     46.57    1.035
      ilnvar                   0.199763    0.035530    0.001227    0.542295    0.150041    170.30    186.23    1.002
      ilnvar                   0.080635    0.007145    0.000174    0.242706    0.055200     86.02    117.85    1.000
      ilnvar                   0.038710    0.002047    0.000195    0.118653    0.024913     30.41     65.19    1.000
      ilnvar                   0.050908    0.002655    0.001286    0.155244    0.034316     74.06     99.72    1.001
      ilnvar                   0.015783    0.000690    0.000018    0.069793    0.005040     17.21     18.83    1.020
      ilnvar                   0.090731    0.006943    0.000984    0.251517    0.068926     77.82     81.75    1.006
      ilnvar                   0.028100    0.000837    0.000365    0.085384    0.018818     30.72     33.57    1.012
      ilnvar                   0.065106    0.003676    0.000172    0.181476    0.050356     46.25    107.32    1.039
      ilnvar                   0.111879    0.007115    0.003394    0.274823    0.093432     76.76    105.53    1.009
      ilnvar                   0.066949    0.016882    0.000018    0.249405    0.028730    630.90    670.00    1.002
      ilnvar                   0.019453    0.000583    0.000042    0.066755    0.010162     29.06     37.53    1.060
      ilnvar                   0.020774    0.001401    0.000009    0.091641    0.006655     60.95     79.82    1.004
      ilnvar                   0.077388    0.003797    0.001391    0.194069    0.064671     29.74     41.58    1.018
      ilnvar                   0.047269    0.003404    0.000114    0.159303    0.027704     46.80     73.48    1.019
      ilnvar                   0.090120    0.007245    0.000878    0.261710    0.066896     29.09     30.33    1.002
      ilnvar                   0.027444    0.001236    0.000016    0.102200    0.013346     24.59     31.25    1.027
      ilnvar                   0.155897    0.008906    0.014898    0.333231    0.138733     50.30     60.38    1.027
      ilnvar                   0.028622    0.000944    0.000021    0.089721    0.018611     50.81     55.11    1.013
      ilnvar                   0.130851    0.028238    0.000032    0.448678    0.074743     62.60     63.83    1.004
      ilnvar                   0.012080    0.000360    0.000002    0.052502    0.003183     34.69     36.61    1.226
      ilnvar                   0.079663    0.004954    0.000493    0.217933    0.059513     51.54     60.97    1.017
      ilnvar                   0.041475    0.006391    0.000017    0.151145    0.015556     60.59     80.86    1.019
      ilnvar                   0.025784    0.001065    0.000227    0.087874    0.014732     49.81     71.71    1.001
      ilnvar                   0.049149    0.003353    0.000332    0.161290    0.029747     84.22     91.63    1.000
      ilnvar                   0.060807    0.003043    0.000272    0.165982    0.046434     23.14     28.34    1.000
      ilnvar                   0.079771    0.003850    0.001136    0.198118    0.065594     47.16     65.70    1.000
      ilnvar                   0.203290    0.011251    0.032402    0.407689    0.182232    122.05    123.37    1.002
      ilnvar                   0.074858    0.005535    0.000199    0.218638    0.053387     99.51    181.57    1.005
      ilnvar                   0.050348    0.002583    0.000008    0.143762    0.038928     12.07     26.72    1.109
      ilnvar                   0.013953    0.000383    0.000003    0.053668    0.005631     12.28     24.24    1.209
      ilnvar                   0.006431    0.000254    0.000001    0.035361    0.000617     20.70     26.31    1.000
      ilnvar                   0.135479    0.011626    0.000486    0.339172    0.115161     46.92     76.57    1.020
      ilnvar                   0.083474    0.005556    0.000225    0.219472    0.067083     19.35     33.69    1.033
      ilnvar                   0.108593    0.009818    0.000349    0.302184    0.083501     33.12     35.12    1.001
