      age[0]                   0.932309    0.001124    0.871033    1.002957    0.928248    1.001    2
      age[0]                   1.063170    0.001704    0.988504    1.149562    1.059171    1.000    2
      age[0]                   1.039079    0.000929    0.982746    1.101352    1.037083    1.004    2
      age[0]                   0.996386    0.000998    0.938588    1.060250    0.993969    1.003    2
      age[0]                   1.017589    0.000867    0.963078    1.076012    1.015611    1.000    2
      age[0]                  1.006336    0.002163    0.918606    1.095633    1.001578    1.000    2
      age[0]                   1.019765    0.000736    0.971842    1.072732    1.016616    1.002    2
      age[0]                  0.840702    0.007879    0.723594    1.011982    0.817264    1.002    2
      age[0]                  1.025967    0.001462    0.955166    1.105045    1.023606    1.001    2
      age[0]                   0.933806    0.000661    0.885571    0.984468    0.931551    1.001    2
      age[0]                  0.951413    0.000690    0.904018    1.003592    0.948277    1.006    2
      age[0]                  0.860864    0.000992    0.831188    0.917539    0.852285    1.000    2
      age[0]                  1.004502    0.004372    0.877875    1.131323    0.999780    1.000    2
      age[0]                  0.955412    0.002122    0.873429    1.049337    0.949858    1.001    2
      age[0]                   1.048251    0.001465    0.978010    1.127999    1.045167    1.007    2
      age[0]                   1.033882    0.001109    0.975001    1.098658    1.030309    1.001    2
      age[0]                   1.020787    0.000673    0.973848    1.070162    1.017527    1.002    2
      age[0]                  1.010583    0.002994    0.910472    1.122265    1.005545    1.001    2
      age[0]                  0.911026    0.014620    0.687986    1.147169    0.899771    1.001    2
      age[0]                  1.006672    0.001043    0.951854    1.066228    1.002610    1.000    2
      age[0]                   0.971054    0.000550    0.927087    1.018269    0.969282    1.000    2
      age[0]                  1.051561    0.001750    0.980838    1.128068    1.045916    1.000    2
      age[0]                  0.926093    0.002226    0.840024    1.024076    0.922290    1.000    2
      age[0]                  0.958824    0.001401    0.888924    1.035655    0.956751    1.001    2
      age[0]                   0.939881    0.000631    0.898854    0.985435    0.936258    1.000    2
      age[0]                  0.964938    0.004501    0.838596    1.100450    0.960194    1.005    2
      age[0]                  0.977852    0.002017    0.892526    1.068045    0.974291    1.001    2
      age[0]                   0.942459    0.001796    0.864636    1.025635    0.937917    1.001    2
      age[0]                  0.862479    0.001361    0.791826    0.935470    0.860712    1.000    2
      age[0]                   0.930184    0.001559    0.856653    1.009823    0.926935    1.004    2
      age[0]                   0.994024    0.002829    0.899617    1.102897    0.988418    1.003    2
      age[0]                   0.944099    0.000881    0.914770    1.003524    0.934728    1.001    2
      age[0]                  1.042339    0.000995    0.984801    1.106200    1.040524    1.004    2
      age[0]                  1.036318    0.002422    0.970762    1.130090    1.026210    1.000    2
      age[0]                   1.002410    0.000914    0.947540    1.066183    0.999014    1.004    2
      age[0]                  1.004662    0.000726    0.955173    1.058654    1.002403    1.008    2
      age[0]                  0.973528    0.002406    0.880047    1.069637    0.971371    1.001    2
      age[0]                  0.912081    0.000580    0.882408    0.947952    0.907670    1.001    2
      age[0]                  1.031761    0.001700    0.965900    1.111349    1.022597    1.000    2
      age[0]                  1.027566    0.001051    0.966816    1.091681    1.024486    1.000    2
      age[0]                   0.986021    0.001740    0.905464    1.068745    0.982797    1.006    2
      age[0]                  1.004206    0.002576    0.908436    1.106236    1.002130    1.004    2
      age[0]                   0.962974    0.005611    0.822184    1.112631    0.956974    1.003    2
      age[0]                   0.969372    0.001201    0.904245    1.036970    0.967895    1.002    2
      age[0]                   1.028281    0.000784    0.977378    1.083206    1.024996    1.008    2
      age[0]                  1.020803    0.000957    0.964458    1.082819    1.018093    1.003    2
      age[0]                   0.997181    0.001287    0.930348    1.066947    0.994637    1.000    2
      age[0]                  0.985271    0.001774    0.915300    1.064981    0.979084    1.011    2
      age[0]                  1.014585    0.000748    0.965987    1.069993    1.011624    1.000    2
      age[0]                   0.983750    0.000742    0.943443    1.035190    0.978521    1.005    2
      age[0]                  1.003322    0.000657    0.953233    1.053638    1.002511    1.007    2
      age[0]                  0.947195    0.002018    0.863972    1.038248    0.943536    1.000    2
      age[0]                  0.906797    0.003716    0.827727    1.014456    0.894040    1.001    2
      age[0]                  0.907093    0.001726    0.828322    0.988948    0.904397    1.007    2
      age[0]                  1.013891    0.000918    0.960000    1.076597    1.011547    1.000    2
      age[0]                  1.004189    0.000881    0.966029    1.062577    0.997171    1.001    2
      age[0]                   1.009877    0.000893    0.955058    1.067225    1.006721    1.004    2
      age[0]                  1.046391    0.005094    0.912929    1.188475    1.041039    1.001    2
      age[0]                  0.972416    0.001159    0.909468    1.039867    0.969137    1.000    2
      age[0]                   1.004845    0.001016    0.945324    1.065549    1.002424    1.001    2
      age[0]                  1.042198    0.001804    0.966040    1.124257    1.036887    1.000    2
      age[0]                   0.946738    0.000579    0.903526    0.995978    0.944903    1.003    2
      age[0]                  0.969487    0.000524    0.928574    1.015851    0.967304    1.000    2
      age[0]                   0.981873    0.001280    0.917883    1.052223    0.978377    1.010    2
      age[0]                   1.002558    0.001525    0.930154    1.080352    0.999853    1.001    2
      age[0]                   1.064493    0.002379    0.973564    1.161407    1.061261    1.015    2
      age[0]                  0.937872    0.007294    0.776242    1.109154    0.930580    1.009    2
      age[0]                  1.029495    0.001935    0.949063    1.121516    1.025335    1.001    2
      age[0]                  0.988911    0.002636    0.894934    1.094139    0.984045    1.000    2
      age[0]                  1.006265    0.001424    0.938986    1.084369    1.002271    1.001    2
      age[0]                   0.991833    0.000853    0.936916    1.049455    0.990158    1.000    2
      age[0]                  1.012957    0.001590    0.940168    1.094368    1.009069    1.001    2
      age[0]                   0.984637    0.001116    0.923123    1.052627    0.981545    1.000    2
      age[0]                  0.901509    0.001217    0.836737    0.963482    0.897415    1.000    2
      age[0]                  0.983657    0.001649    0.914689    1.051165    0.979456    1.013    2
      age[0]                  0.863790    0.004174    0.792186    0.989359    0.846939    1.000    2
      age[0]                   0.970500    0.001160    0.908099    1.041361    0.966403    1.000    2
      age[0]                  1.011292    0.001418    0.941131    1.087552    1.008707    1.001    2
      age[0]                   0.990619    0.000968    0.927937    1.049430    0.989214    1.001    2
      age[0]                  1.049534    0.002352    0.960711    1.149638    1.045734    1.006    2
      age[0]                   0.864101    0.002767    0.768370    0.973441    0.860991    1.001    2
      age[0]                   0.939189    0.001550    0.864206    1.018291    0.935594    1.021    2
      age[0]                   0.958694    0.000838    0.925963    1.016038    0.951086    1.001    2
      age[0]                  0.871578    0.002800    0.774728    0.980031    0.867896    1.000    2
      age[0]                  0.968220    0.002651    0.864586    1.071838    0.966050    1.005    2
      age[0]                  0.979104    0.000823    0.926727    1.037832    0.977147    1.003    2
      age[0]                  0.757823    0.004209    0.633251    0.889088    0.753820    1.014    2
      age[0]                  1.062916    0.003115    0.960841    1.190872    1.059226    1.009    2
      age[0]                  1.060968    0.002526    0.967236    1.165755    1.057023    1.000    2
      age[0]                  1.008723    0.003468    0.894729    1.126865    1.003771    1.003    2
      age[0]                   1.020223    0.001230    0.952491    1.088934    1.018297    1.000    2
      age[0]                   1.015312    0.001601    0.944385    1.098911    1.012174    1.000    2
      age[0]                   1.025405    0.002588    0.935201    1.131051    1.019167    1.010    2
      age[0]                  0.918814    0.001145    0.862373    0.988823    0.913781    1.002    2
      age[0]                   0.993739    0.001571    0.913461    1.068560    0.990974    1.002    2
      age[0]                   1.013516    0.000530    0.970494    1.059052    1.011634    1.000    2
      age[0]                  1.026777    0.000555    0.984672    1.073757    1.025308    1.003    2
      age[0]                  1.023238    0.000778    0.974352    1.077761    1.019777    1.000    2
      age[0]                   0.941201    0.003214    0.825817    1.047014    0.937276    1.011    2
      age[0]                  0.868701    0.001951    0.791873    0.955357    0.863491    1.003    2
