      clockrate{all}                0.925571    0.003709    0.807442    1.046211    0.922773    338.50    355.97    1.007
      clockrate{all}                1.061533    0.008954    0.885787    1.255027    1.053501    281.03    301.77    1.000
      clockrate{all}                0.961129    0.002584    0.862591    1.060811    0.960647    538.13    589.38    1.000
      clockrate{all}                0.933064    0.002508    0.834782    1.029758    0.931665    499.55    616.58    1.000
      clockrate{all}                0.940866    0.002695    0.838711    1.042439    0.939540    633.24    750.21    1.021
      clockrate{all}                0.836367    0.006130    0.688783    0.993645    0.831112    603.35    648.33    1.006
      clockrate{all}                0.942303    0.002693    0.843269    1.046498    0.940601    240.35    821.52    1.002
      clockrate{all}                1.148535    0.016161    0.904750    1.398372    1.138677    143.46    149.09    1.003
      clockrate{all}                1.089563    0.008518    0.917382    1.276774    1.084469    652.52    667.95    1.001
      clockrate{all}                0.993606    0.005122    0.858174    1.134389    0.987061     21.94     37.50    1.009
      clockrate{all}                0.983282    0.003275    0.870657    1.093096    0.981218    116.60    239.65    1.018
      clockrate{all}                0.800494    0.016253    0.579602    1.056496    0.786207    194.40    216.04    1.004
      clockrate{all}                0.964518    0.014578    0.740969    1.207016    0.951115     45.91     69.77    1.001
      clockrate{all}                1.260777    0.064509    0.862356    1.767998    1.219281    130.68    148.28    1.000
      clockrate{all}                1.014480    0.005343    0.873859    1.157987    1.007512     19.02    215.70    1.050
      clockrate{all}                0.935208    0.002962    0.829103    1.041807    0.932101     68.16    288.40    1.026
      clockrate{all}                0.909795    0.004027    0.785639    1.033303    0.906905     56.48    118.18    1.014
      clockrate{all}                1.091045    0.040185    0.779937    1.501308    1.045721     40.69     68.46    1.041
      clockrate{all}                1.203308    0.092393    0.710011    1.830841    1.144496    259.03    419.16    1.002
      clockrate{all}                0.931004    0.010693    0.747889    1.141946    0.919829    122.80    163.20    1.000
      clockrate{all}                0.998361    0.003497    0.882368    1.113245    0.995603    354.06    873.77    1.034
      clockrate{all}                1.004871    0.006431    0.854261    1.162133    0.998945    324.83    509.83    1.006
      clockrate{all}                1.091497    0.010448    0.897926    1.293351    1.086310    334.11    387.24    1.007
      clockrate{all}                1.070889    0.012782    0.858837    1.297920    1.056837    123.66    158.54    1.002
      clockrate{all}                1.020639    0.003973    0.901441    1.147504    1.018802    646.17    730.55    1.013
      clockrate{all}                1.089604    0.012036    0.892625    1.313625    1.077760     37.37     87.04    1.005
      clockrate{all}                1.154356    0.017622    0.909409    1.417837    1.138903    103.91    107.85    1.001
      clockrate{all}                1.086924    0.009943    0.906650    1.291372    1.076948     55.85     81.11    1.000
      clockrate{all}                1.039250    0.013855    0.826351    1.271429    1.025904    117.89    132.01    1.001
      clockrate{all}                0.899350    0.003298    0.788747    1.012176    0.897248    558.78    748.07    1.003
      clockrate{all}                1.055438    0.008142    0.890293    1.242114    1.050153     48.84     90.57    1.003
      clockrate{all}                1.064742    0.007087    0.903927    1.236409    1.059558     56.32    151.01    1.007
      clockrate{all}                0.846887    0.002216    0.757635    0.940991    0.845839    179.32    319.72    1.003
      clockrate{all}                0.958932    0.015891    0.735389    1.216307    0.944833    176.05    350.41    1.008
      clockrate{all}                0.987293    0.003922    0.869100    1.109504    0.981615     33.17     43.61    1.022
      clockrate{all}                1.034052    0.029101    0.751118    1.377435    1.002594     21.17    102.99    1.021
      clockrate{all}                1.102959    0.010838    0.904153    1.307528    1.092497    154.02    196.03    1.002
      clockrate{all}                0.878556    0.008539    0.707982    1.063190    0.871983    226.50    682.22    1.003
      clockrate{all}                0.964681    0.015903    0.751368    1.217850    0.944980    119.78    145.23    1.005
      clockrate{all}                0.914309    0.006392    0.762509    1.072735    0.908577    452.09    484.26    1.021
      clockrate{all}                0.921433    0.002504    0.825841    1.022553    0.920908    459.62    585.38    1.000
      clockrate{all}                1.087882    0.020334    0.857897    1.372938    1.063693     66.04     76.60    1.000
      clockrate{all}                0.938195    0.006799    0.786835    1.101337    0.930384     21.80     43.23    1.031
      clockrate{all}                1.005383    0.003950    0.885946    1.132015    1.003456    274.55    335.17    1.000
      clockrate{all}                0.947353    0.003422    0.829612    1.059427    0.945149    725.21    886.99    1.001
      clockrate{all}                0.988568    0.006934    0.834232    1.155995    0.982945    386.63    487.44    1.001
      clockrate{all}                1.072731    0.006099    0.927689    1.231885    1.068249    120.92    158.19    1.001
      clockrate{all}                1.001235    0.018468    0.767033    1.285353    0.985071    178.25    184.99    1.002
      clockrate{all}                0.980108    0.005199    0.844436    1.125579    0.975853     80.19     82.58    1.015
      clockrate{all}                0.915198    0.003837    0.798098    1.037966    0.911524     46.56    429.97    1.013
      clockrate{all}                1.099568    0.026215    0.833427    1.430248    1.072901     32.47    102.52    1.071
      clockrate{all}                1.043763    0.022326    0.779524    1.347625    1.022913     51.34     84.34    1.006
      clockrate{all}                1.191952    0.035768    0.870341    1.571543    1.163248     54.12    126.42    1.006
      clockrate{all}                0.956454    0.008751    0.788731    1.146720    0.945839     48.91     72.38    1.001
      clockrate{all}                1.110629    0.008295    0.941013    1.294659    1.105372    147.88    191.74    1.012
      clockrate{all}                1.101293    0.007649    0.932630    1.273341    1.095976    369.82    467.30    1.007
      clockrate{all}                0.939482    0.005083    0.806675    1.080166    0.933559     42.20     72.85    1.023
      clockrate{all}                0.918096    0.008390    0.751019    1.105325    0.908903     59.10    246.96    1.008
      clockrate{all}                1.075899    0.011076    0.878995    1.288996    1.069341    544.35    547.09    1.002
      clockrate{all}                0.928613    0.005104    0.797337    1.075533    0.923584     97.32    101.84    1.008
      clockrate{all}                1.063910    0.014296    0.841615    1.310569    1.055328    132.07    340.99    1.001
      clockrate{all}                0.958731    0.003078    0.849997    1.066010    0.957552    386.84    397.63    1.000
      clockrate{all}                0.982957    0.006305    0.830470    1.138632    0.977292    118.86    124.23    1.003
      clockrate{all}                0.886802    0.003686    0.770697    1.007953    0.881866     66.81     87.04    1.013
      clockrate{all}                0.951152    0.004873    0.820119    1.092916    0.947955    195.98    361.88    1.009
      clockrate{all}                0.970448    0.004808    0.843029    1.109728    0.964681     64.52     69.54    1.010
      clockrate{all}                1.153845    0.036084    0.844583    1.539788    1.122088    110.29    111.02    1.007
      clockrate{all}                1.089299    0.029209    0.798508    1.434233    1.064041    153.70    184.93    1.000
      clockrate{all}                1.020306    0.013409    0.815628    1.254494    1.004510     53.39     58.62    1.001
      clockrate{all}                1.026832    0.010659    0.839395    1.236569    1.017085    292.44    396.89    1.015
      clockrate{all}                0.967005    0.002877    0.864091    1.074018    0.965035    512.14    595.76    1.000
      clockrate{all}                1.002448    0.007359    0.831867    1.167796    0.997661    377.15    496.64    1.001
      clockrate{all}                1.034599    0.007188    0.879695    1.203368    1.027177     32.76     34.87    1.000
      clockrate{all}                0.966096    0.011252    0.775849    1.185957    0.957141     34.11     38.35    1.003
      clockrate{all}                0.959867    0.011495    0.768433    1.174660    0.945720     84.21    168.27    1.013
      clockrate{all}                1.660556    0.251437    0.816007    2.668557    1.588880    212.55    309.30    1.000
      clockrate{all}                0.833733    0.003029    0.725988    0.941299    0.832048    243.69    245.03    1.000
      clockrate{all}                0.900825    0.011529    0.708736    1.109514    0.888583    270.70    367.56    1.003
      clockrate{all}                0.997179    0.004099    0.879560    1.128948    0.992492     93.34    198.03    1.022
      clockrate{all}                1.020430    0.011079    0.818735    1.227348    1.014084    641.97    777.73    1.000
      clockrate{all}                0.957043    0.003966    0.838262    1.085250    0.953882    132.47    207.54    1.005
      clockrate{all}                0.951907    0.002093    0.861621    1.040473    0.950793    314.68    360.86    1.001
      clockrate{all}                1.058714    0.005746    0.912623    1.209388    1.055172    402.13    427.95    1.002
      clockrate{all}                0.968448    0.008109    0.804673    1.145645    0.959481     34.61     69.26    1.004
      clockrate{all}                1.031055    0.006643    0.876878    1.193654    1.026689    122.67    230.70    1.001
      clockrate{all}                1.002324    0.003741    0.883950    1.122516    1.000170    203.21    479.96    1.002
      clockrate{all}                1.066018    0.009238    0.879071    1.253315    1.062262    169.27    239.52    1.013
      clockrate{all}                0.941294    0.006987    0.783877    1.106941    0.935492    105.13    214.08    1.001
      clockrate{all}                0.967026    0.008099    0.797379    1.146284    0.961508    239.38    322.56    1.001
      clockrate{all}                0.834521    0.005493    0.690853    0.979715    0.830274    350.73    389.47    1.003
      clockrate{all}                0.930347    0.003684    0.813416    1.052150    0.927178     54.75     78.89    1.001
      clockrate{all}                1.007731    0.007159    0.855007    1.181328    0.998164     45.54     98.01    1.007
      clockrate{all}                0.968955    0.003543    0.853938    1.086278    0.966476     68.85    177.41    1.028
      clockrate{all}                1.204389    0.024184    0.942134    1.531363    1.182411     91.70    105.75    1.006
      clockrate{all}                1.012287    0.005596    0.866864    1.158330    1.007148     84.75    118.06    1.010
      clockrate{all}                1.022451    0.003141    0.914543    1.134714    1.020978    861.34   1307.31    1.000
      clockrate{all}                0.921221    0.004325    0.796388    1.052473    0.918450    213.07    299.51    1.000
      clockrate{all}                1.064259    0.013210    0.856395    1.297255    1.052345    122.42    125.31    1.001
      clockrate{all}                1.017104    0.003825    0.897187    1.139989    1.016119    119.84    165.60    1.001
      clockrate{all}                1.175120    0.013889    0.954576    1.408551    1.166271     40.15     72.49    1.002
