0.1162791
0.1666667
0.1363636
0.2272727
0.1818182
0.2
0.1025641
0.1363636
0.137931
0.08888889
0.07894737
0.0625
0.08695652
0.0625
0.2790698
0.1086957
0.1860465
0.1578947
0.1428571
0
0.1956522
0.1666667
0.06451613
0.1153846
0.075
0.1851852
0.2352941
0.2285714
0.03703704
0.1025641
0.2195122
0.1351351
0.1081081
0.1764706
0.1086957
0.15
0.1111111
0.09090909
0.05263158
0.1836735
0.2553191
0.03448276
0.1914894
0.1914894
0.08108108
0.1481481
0.2
0.04166667
0.1818182
0.08888889
0.08695652
0.2222222
0.05263158
0.1333333
0.0625
0.08571429
0.0952381
0.1818182
0
0.1891892
0.05555556
0.15
0.04
0.06666667
0.2093023
0.175
0
0.3181818
0.07692308
0.07692308
0.15
0.07407407
0.075
0.173913
0.07692308
0.1666667
0.1538462
0
0.09756098
0.1052632
0.1842105
0.06818182
0.1794872
0.1428571
0
0.1052632
0.1666667
0.2
0.1923077
0.2083333
0.09302326
0.08571429
0.06521739
0.1875
0.15
0.1086957
0.03333333
0.1428571
0.1578947
0.09677419
