      clockrate                0.795230    0.007259    0.634733    0.964358    0.790080    957.46   1080.02    1.000
      clockrate                1.451475    0.229214    0.752763    2.442772    1.337409     43.91     48.31    1.010
      clockrate                0.751521    0.007588    0.593692    0.926485    0.744021     81.42    543.85    1.036
      clockrate                0.780512    0.007215    0.619711    0.951412    0.776025    910.50   1180.94    1.001
      clockrate                0.733179    0.005619    0.591296    0.883616    0.729329    871.23   1063.67    1.000
      clockrate                0.819387    0.023554    0.560526    1.106968    0.798600    187.82    208.21    1.006
      clockrate                0.681353    0.005693    0.536033    0.830340    0.677757   1654.45   1671.13    1.001
      clockrate                1.600746    0.585029    0.699865    3.246529    1.290183     17.58     25.67    1.014
      clockrate                0.894605    0.038310    0.603184    1.311021    0.847915     42.82     45.61    1.063
      clockrate                0.898632    0.008467    0.721339    1.079776    0.895521   1069.66   1191.74    1.000
      clockrate                0.691992    0.005204    0.552393    0.832718    0.687867    930.36   1149.73    1.000
      clockrate                0.965914    0.037632    0.626902    1.354444    0.942766    478.13    638.77    1.005
      clockrate                0.938472    0.040960    0.593089    1.340025    0.904700     62.43     71.82    1.008
      clockrate                1.398422    0.297826    0.693609    2.566924    1.235215     36.85     42.92    1.010
      clockrate                0.729128    0.006251    0.575481    0.884447    0.725326    880.94    901.19    1.000
      clockrate                0.669682    0.004035    0.541091    0.790774    0.667788    754.02   1004.20    1.000
      clockrate                0.854722    0.028769    0.599548    1.206186    0.812788    213.81    995.59    1.832
      clockrate                0.922750    0.056903    0.546860    1.397770    0.879979     50.10    106.95    1.032
      clockrate                1.284411    0.132284    0.665719    2.005110    1.225792   1002.22   1363.92    1.001
      clockrate                0.752945    0.014657    0.538528    0.997911    0.734962     70.87    152.92    1.007
      clockrate                0.781205    0.006962    0.628371    0.942972    0.773545    104.91    240.29    1.015
      clockrate                0.896181    0.013312    0.674918    1.119823    0.886363    278.29    407.13    1.001
      clockrate                1.119732    0.028686    0.810550    1.462927    1.102931    170.31    225.83    1.017
      clockrate                0.933955    0.033955    0.647411    1.314484    0.897274     34.48    133.88    1.080
      clockrate                1.361601    0.076206    0.889850    1.909884    1.318071    107.84    131.16    1.000
      clockrate                1.078844    0.097944    0.637991    1.749227    0.992926     24.38     36.38    1.105
      clockrate                1.135591    0.062652    0.728876    1.621180    1.090452     39.12     44.44    1.014
      clockrate                0.938039    0.010766    0.749288    1.143314    0.929666    155.44    956.31    1.010
      clockrate                2.797134    0.669184    1.068511    4.279742    2.731791     39.01     84.83    1.008
      clockrate                0.761766    0.006517    0.612167    0.924922    0.754077     65.73    408.91    1.094
      clockrate                0.994487    0.015790    0.752671    1.240953    0.989767    533.86    539.53    1.008
      clockrate                0.956443    0.013592    0.738758    1.188370    0.949445    210.68    548.88    1.002
      clockrate                0.714891    0.004919    0.581390    0.855457    0.711902    601.95    640.92    1.000
      clockrate                0.873757    0.020988    0.608480    1.163800    0.859271    211.40    292.52    1.000
      clockrate                0.717859    0.003826    0.598606    0.839059    0.715244   1560.10   1695.77    1.000
      clockrate                0.847780    0.021377    0.598227    1.119063    0.827756     54.63     55.39    1.001
      clockrate                1.278632    0.135564    0.645572    1.968443    1.226667     61.32    129.07    1.019
      clockrate                0.928151    0.021388    0.667223    1.218075    0.913288    150.48    274.15    1.003
      clockrate                1.045126    0.055665    0.686451    1.492151    1.004458     65.75    162.96    1.048
      clockrate                0.856364    0.013373    0.638093    1.083617    0.847957    605.16   1050.47    1.001
      clockrate                0.829969    0.010911    0.648237    1.029781    0.817225     37.32    830.47    1.045
      clockrate                0.730827    0.008516    0.553829    0.911624    0.724669    383.46    503.08    1.000
      clockrate                0.886042    0.018158    0.647604    1.154291    0.866742     21.14    300.63    1.041
      clockrate                0.897834    0.013552    0.683686    1.129071    0.887064     43.42    276.85    1.022
      clockrate                0.684916    0.005056    0.553979    0.830690    0.680009    278.73    783.55    1.004
      clockrate                0.896978    0.076293    0.530913    1.449457    0.821363     38.47     41.27    1.001
      clockrate                1.074825    0.017566    0.813963    1.330376    1.069265    334.05    662.67    1.000
      clockrate                0.856448    0.034784    0.555503    1.210510    0.829045    107.35    162.78    1.017
      clockrate                0.736541    0.006394    0.585583    0.893391    0.730436    203.95    213.45    1.005
      clockrate                0.811300    0.006557    0.656839    0.973568    0.808120   1397.79   1451.12    1.000
      clockrate                1.359681    0.230625    0.700191    2.283959    1.225824     22.23     49.11    1.125
      clockrate                1.181995    0.113722    0.711470    1.914846    1.096354     37.80     41.55    1.005
      clockrate                1.121817    0.066622    0.731018    1.656469    1.066580     60.13     72.07    1.010
      clockrate                0.839577    0.016977    0.615893    1.065709    0.827807     87.18    698.58    1.014
      clockrate                1.132925    0.171743    0.698107    2.128405    0.997911     19.57    770.50    1.239
      clockrate                0.862884    0.010462    0.671232    1.062001    0.853788    104.61    652.85    1.016
      clockrate                0.780664    0.004685    0.647949    0.916502    0.778100    721.98    826.49    1.002
      clockrate                0.890896    0.070039    0.514148    1.447856    0.828454     59.62     61.21    1.003
      clockrate                1.058758    0.092144    0.626852    1.704936    0.986394     34.55     42.22    1.001
      clockrate                0.757032    0.015533    0.541425    1.000232    0.742089    172.78    181.49    1.000
      clockrate                0.849825    0.040509    0.499810    1.242667    0.819531    611.41    672.35    1.000
      clockrate                0.868478    0.006118    0.714503    1.020607    0.865515   1348.44   1410.80    1.000
      clockrate                0.930219    0.010366    0.733177    1.128839    0.923633   1774.90   1822.84    1.000
      clockrate                0.689279    0.003801    0.571896    0.812010    0.686619   1488.98   1528.58    1.000
      clockrate                0.934805    0.011266    0.731711    1.146623    0.929432   1212.71   1216.76    1.000
      clockrate                1.143080    0.274471    0.554996    2.151108    0.873341     40.18    114.39    2.151
      clockrate                1.279983    0.202747    0.564337    2.121428    1.225059     35.40    183.87    1.060
      clockrate                1.603579    0.226934    0.805504    2.537867    1.538614     97.81    182.91    1.007
      clockrate                0.801916    0.007349    0.639180    0.969623    0.796413    550.42    723.05    1.001
      clockrate                1.176591    0.143599    0.615636    1.949310    1.083559     48.90     57.85    1.008
      clockrate                0.878305    0.009535    0.688752    1.068825    0.873312   1257.38   1372.20    1.000
      clockrate                0.898206    0.024884    0.634124    1.214041    0.874781     94.01    169.71    1.007
      clockrate                0.897399    0.010053    0.704410    1.094874    0.893275   1132.26   1344.87    1.000
      clockrate                0.870447    0.020476    0.616576    1.129402    0.853495     65.89     70.61    1.002
      clockrate                0.898118    0.013172    0.691723    1.131617    0.887192    201.41    204.36    1.001
      clockrate                1.048666    0.119192    0.524731    1.742191    0.980150   1118.34   1234.64    1.000
      clockrate                0.942028    0.008439    0.769676    1.127914    0.937705    409.05    471.03    1.004
      clockrate                0.891627    0.044998    0.578067    1.328721    0.848364     73.80     75.82    1.001
      clockrate                0.948130    0.021833    0.727220    1.174949    0.928739     42.40    649.05    1.019
      clockrate                1.309578    0.160396    0.722868    2.105330    1.220405     48.34    135.57    1.007
      clockrate                0.904500    0.016929    0.675977    1.156242    0.888651     62.78     78.08    1.018
      clockrate                1.515041    0.628038    0.701622    3.033100    1.018107     24.97    983.01    2.467
      clockrate                0.857992    0.009540    0.679049    1.053278    0.848773    153.96    379.74    1.134
      clockrate                0.806026    0.008217    0.631256    0.982613    0.801626    303.28    990.08    1.002
      clockrate                1.443523    0.199318    0.686106    2.321652    1.376826    176.92    224.42    1.006
      clockrate                0.750316    0.005873    0.605325    0.903472    0.746078    184.03    822.09    1.001
      clockrate                1.142969    0.055632    0.823233    1.487759    1.103990     52.88    276.56    1.077
      clockrate                1.053237    0.098049    0.623822    1.702380    0.968700     97.57    102.24    1.000
      clockrate                0.889784    0.019019    0.646029    1.172569    0.871182     91.59    119.54    1.004
      clockrate                0.902283    0.039220    0.619344    1.221411    0.869559     71.12    111.51    1.043
      clockrate                0.707608    0.005757    0.563515    0.858074    0.704035   1916.87   2004.09    1.000
      clockrate                0.777140    0.009035    0.602502    0.963040    0.766310     59.84    312.07    1.066
      clockrate                0.880981    0.009666    0.696414    1.079860    0.876253    548.88    634.50    1.003
      clockrate                2.425352    1.230998    0.635044    4.362732    2.412795     22.69     57.40    1.032
      clockrate                0.992894    0.025953    0.724785    1.327793    0.966635     40.96    252.74    1.182
      clockrate                0.779055    0.006669    0.623923    0.942129    0.774955   1285.35   1450.51    1.000
      clockrate                0.749025    0.006200    0.600278    0.906501    0.745088    731.64    809.79    1.000
      clockrate                0.981778    0.027329    0.701578    1.313415    0.956747     73.45    100.83    1.008
      clockrate                0.786231    0.014199    0.597707    0.987646    0.767590     40.34     44.51    1.005
      clockrate                1.037593    0.017318    0.777381    1.292585    1.032054   1018.00   1180.07    1.000
