      age[0]                   0.919590    0.001323    0.854111    0.991540    0.916080    1.000    2
      age[0]                   1.056677    0.004552    0.954716    1.182761    1.046401    1.005    2
      age[0]                   1.067833    0.003085    0.965960    1.174816    1.062102    1.006    2
      age[0]                   1.072102    0.003505    0.967121    1.190447    1.066148    1.000    2
      age[0]                   1.013989    0.001542    0.944002    1.094999    1.009368    1.000    2
      age[0]                  1.012290    0.002408    0.925396    1.111047    1.005722    1.000    2
      age[0]                   1.071041    0.002049    0.990211    1.160721    1.065572    1.000    2
      age[0]                  0.830296    0.008865    0.723508    1.007082    0.807661    1.011    2
      age[0]                  1.062448    0.004043    0.940563    1.184264    1.056559    1.037    2
      age[0]                   0.960332    0.001766    0.887934    1.042432    0.954829    1.000    2
      age[0]                   0.974931    0.002402    0.894403    1.080572    0.968137    1.001    2
      age[0]                  0.901380    0.008825    0.831186    1.096190    0.866730    1.032    2
      age[0]                  0.941982    0.004349    0.857047    1.068924    0.928126    1.003    2
      age[0]                  0.881886    0.004093    0.792760    1.007970    0.868009    1.007    2
      age[0]                   1.187546    0.006576    1.038145    1.344010    1.179260    1.005    2
      age[0]                   1.006265    0.001544    0.934287    1.086879    1.002592    1.001    2
      age[0]                   1.038865    0.001598    0.968185    1.116088    1.033631    1.067    2
      age[0]                  0.972430    0.003994    0.857166    1.100616    0.965964    1.008    2
      age[0]                  0.780506    0.011446    0.608153    0.990666    0.763061    1.000    2
      age[0]                  1.070602    0.004419    0.952132    1.191658    1.062715    1.005    2
      age[0]                   0.972677    0.001511    0.903769    1.050371    0.967862    1.000    2
      age[0]                  1.008945    0.000674    0.979081    1.054672    1.003105    1.001    2
      age[0]                  0.818461    0.001569    0.748694    0.897586    0.813502    1.000    2
      age[0]                  0.928426    0.002085    0.859142    1.015310    0.920707    1.024    2
      age[0]                   0.947249    0.002156    0.898851    1.040697    0.933196    1.000    2
      age[0]                  0.909300    0.006948    0.749429    1.059825    0.900786    1.037    2
      age[0]                   0.892728    0.001765    0.813995    0.978013    0.889917    1.005    2
      age[0]                   0.943359    0.002484    0.857323    1.047115    0.936873    1.000    2
      age[0]                  0.792041    0.003364    0.700345    0.901420    0.780934    1.002    2
      age[0]                   0.991410    0.004248    0.876170    1.125183    0.982138    1.024    2
      age[0]                   0.945218    0.001661    0.872919    1.028940    0.940362    1.003    2
      age[0]                   0.943917    0.000604    0.914771    0.991961    0.937670    1.000    2
      age[0]                   1.077607    0.002098    0.995074    1.171432    1.071879    1.000    2
      age[0]                  1.003185    0.001065    0.970761    1.069041    0.993036    1.000    2
      age[0]                   0.964978    0.000814    0.914080    1.023130    0.961681    1.002    2
      age[0]                  1.010627    0.001686    0.938151    1.093160    1.005454    1.000    2
      age[0]                  0.869499    0.005199    0.740404    1.007389    0.860151    1.017    2
      age[0]                  0.936714    0.001147    0.883125    1.004493    0.930346    1.001    2
      age[0]                  1.017382    0.001074    0.965618    1.077198    1.011862    1.010    2
      age[0]                  1.044974    0.001603    0.971614    1.124115    1.041213    1.002    2
      age[0]                   0.996826    0.003857    0.884794    1.127030    0.990669    1.002    2
      age[0]                  0.953853    0.002219    0.870137    1.047600    0.948205    1.000    2
      age[0]                   0.924341    0.007251    0.767603    1.104862    0.915207    1.030    2
      age[0]                   0.940226    0.001265    0.876549    1.009644    0.936707    1.000    2
      age[0]                   1.079532    0.002065    0.998479    1.168035    1.073917    1.000    2
      age[0]                  1.036698    0.003161    0.932686    1.142005    1.030382    1.002    2
      age[0]                   0.951872    0.001016    0.900487    1.011994    0.946927    1.001    2
      age[0]                  0.987903    0.003386    0.915294    1.097475    0.974900    1.000    2
      age[0]                   1.030007    0.001860    0.953774    1.114249    1.023542    1.002    2
      age[0]                   1.033593    0.001836    0.956277    1.116538    1.027861    1.001    2
      age[0]                  0.978232    0.001601    0.907841    1.051999    0.973487    1.074    2
      age[0]                  0.896368    0.002802    0.801652    0.998109    0.888497    1.003    2
      age[0]                  0.887176    0.002830    0.827724    0.992039    0.873174    1.001    2
      age[0]                  1.028723    0.007925    0.871178    1.203921    1.017844    1.001    2
      age[0]                   0.999784    0.003549    0.890688    1.107173    0.993574    1.040    2
      age[0]                   0.989651    0.000456    0.966028    1.031402    0.983889    1.000    2
      age[0]                   1.014932    0.002329    0.935043    1.110154    1.007249    1.002    2
      age[0]                  1.039072    0.009978    0.863354    1.223579    1.024649    1.001    2
      age[0]                  1.011161    0.004396    0.881615    1.138264    1.005256    1.000    2
      age[0]                   1.026256    0.002114    0.945960    1.116507    1.019358    1.000    2
      age[0]                  1.003981    0.001811    0.956538    1.087435    0.992362    1.001    2
      age[0]                   0.906128    0.000845    0.854031    0.962257    0.902142    1.000    2
      age[0]                  0.999613    0.001045    0.941434    1.064465    0.996057    1.001    2
      age[0]                   0.965586    0.001200    0.906021    1.038350    0.960362    1.000    2
      age[0]                   0.984938    0.002075    0.903454    1.071982    0.978890    1.001    2
      age[0]                   0.992978    0.006780    0.839755    1.139428    0.998683    1.662    2
      age[0]                  0.842657    0.010695    0.676649    1.042502    0.823863    1.099    2
      age[0]                  0.987989    0.003664    0.889784    1.101471    0.977799    1.004    2
      age[0]                  0.935363    0.003227    0.837270    1.048739    0.926294    1.004    2
      age[0]                  1.018265    0.003601    0.907906    1.136924    1.012107    1.003    2
      age[0]                   1.034784    0.002617    0.936466    1.131868    1.030632    1.004    2
      age[0]                  0.983411    0.002423    0.895598    1.083410    0.977856    1.001    2
      age[0]                   0.994090    0.002329    0.909121    1.086830    0.988069    1.000    2
      age[0]                  0.969734    0.003295    0.868104    1.086843    0.964213    1.006    2
      age[0]                  1.074912    0.002903    0.976978    1.182072    1.068892    1.000    2
      age[0]                  0.889230    0.012980    0.792186    1.112325    0.853274    1.004    2
      age[0]                   0.916013    0.001387    0.849283    0.989018    0.912108    1.004    2
      age[0]                  0.951390    0.001496    0.880968    1.025176    0.946764    1.000    2
      age[0]                   0.999331    0.001475    0.930979    1.076190    0.995333    1.001    2
      age[0]                  0.953410    0.002544    0.860412    1.050866    0.947744    1.007    2
      age[0]                   0.947545    0.007312    0.801401    1.129557    0.934849    1.021    2
      age[0]                   0.862911    0.003400    0.775310    0.965336    0.859167    1.602    2
      age[0]                   0.976569    0.001509    0.925963    1.049644    0.968500    1.007    2
      age[0]                   0.784614    0.001997    0.706506    0.870559    0.778633    1.004    2
      age[0]                  0.881519    0.006187    0.775303    1.040387    0.862576    1.004    2
      age[0]                   1.026144    0.002587    0.934664    1.130474    1.021683    1.000    2
      age[0]                  0.693216    0.003205    0.575079    0.805738    0.691046    1.029    2
      age[0]                  0.942318    0.000979    0.905131    1.001290    0.934719    1.000    2
      age[0]                  0.957522    0.002294    0.871266    1.055554    0.953128    1.001    2
      age[0]                  0.985270    0.004862    0.857464    1.131583    0.978772    1.001    2
      age[0]                   1.030328    0.002126    0.946582    1.120772    1.025475    1.002    2
      age[0]                  0.971579    0.001728    0.902844    1.048903    0.965561    1.017    2
      age[0]                   0.975968    0.001786    0.904107    1.058056    0.968583    1.008    2
      age[0]                  0.887444    0.001894    0.828523    0.972796    0.877336    1.018    2
      age[0]                   0.956103    0.002016    0.875485    1.049231    0.951463    1.044    2
      age[0]                   1.041935    0.001765    0.968881    1.124438    1.036486    1.000    2
      age[0]                  1.009566    0.000965    0.952481    1.072649    1.005725    1.002    2
      age[0]                  1.028354    0.001231    0.966345    1.095503    1.023348    1.001    2
      age[0]                   0.954947    0.005902    0.817236    1.122309    0.946883    1.016    2
      age[0]                  0.871803    0.002827    0.787502    0.966622    0.863713    1.001    2
