      TL          7.921883    0.126648    7.237625    8.626911    7.912291   6952.43   6961.71    1.000
      TL          7.714842    0.142878    6.987120    8.465392    7.700766   4927.74   4961.09    1.000
      TL          8.247826    0.118678    7.575576    8.920861    8.240508  15855.73  16498.23    1.000
      TL          7.820556    0.118723    7.151053    8.498758    7.811786   3258.60   3824.88    1.000
      TL          8.581735    0.160012    7.812903    9.382895    8.570272   7719.95   8185.53    1.000
      TL          5.371412    0.138497    4.653486    6.101321    5.355693  12039.30  12499.65    1.000
      TL          7.589322    0.127086    6.886253    8.281817    7.578727   8627.74   9190.00    1.000
      TL          5.072240    0.131772    4.391832    5.807842    5.055761  11175.63  11806.53    1.000
      TL          6.566983    0.119673    5.902348    7.250577    6.557546  15684.66  16242.81    1.000
      TL          8.952525    0.157156    8.182764    9.736506    8.940462   7270.50   7731.42    1.000
      TL          7.080062    0.115532    6.410640    7.740991    7.070463  11100.91  11962.36    1.000
      TL          3.174703    0.078533    2.652787    3.742563    3.158015  10681.59  11092.18    1.000
      TL          5.669714    0.159665    4.924765    6.473981    5.646882   8819.38   9056.19    1.000
      TL          3.669034    0.095345    3.074854    4.276324    3.653318  16478.38  17179.05    1.000
      TL          9.385616    0.159308    8.612311   10.172700    9.374740  11144.20  11329.30    1.000
      TL          8.521685    0.138985    7.795910    9.253415    8.512205  10136.66  10323.47    1.000
      TL          7.873026    0.126193    7.187952    8.577183    7.864284   6887.16   7984.11    1.000
      TL          4.885555    0.119103    4.225448    5.568152    4.867464  14974.91  15069.66    1.000
      TL          4.101473    0.845722    2.579615    5.910773    3.951691  15866.36  16977.15    1.000
      TL          4.337358    0.129571    3.670163    5.068887    4.317557  10907.87  11861.17    1.000
      TL          8.166475    0.116102    7.502855    8.835398    8.157639  10077.22  10156.21    1.000
      TL          5.147111    0.108824    4.511593    5.800272    5.134195  12747.78  12916.31    1.000
      TL          6.715488    0.127154    6.017568    7.414346    6.702307   5768.38   6499.55    1.000
      TL          6.345745    0.136187    5.646084    7.084528    6.328637   4947.51   5884.85    1.000
      TL          7.443787    0.118190    6.775643    8.124689    7.434261   8747.14   8843.03    1.000
      TL          6.925427    0.171619    6.145544    7.762059    6.905833   3898.25   4372.47    1.000
      TL          8.691224    0.218423    7.791765    9.616871    8.668886   7533.71   7642.65    1.000
      TL          7.137422    0.130156    6.441444    7.848524    7.127001   8745.11   9059.74    1.000
      TL          6.113482    0.117685    5.446261    6.785967    6.102583  17970.27  18863.01    1.000
      TL          6.903819    0.110100    6.253026    7.550916    6.894570   9166.51   9199.19    1.000
      TL          7.792801    0.139176    7.068773    8.528667    7.780863   9565.67   9902.39    1.000
      TL          7.538692    0.120362    6.878049    8.237048    7.529395  10670.47  11718.31    1.000
      TL          6.515980    0.102597    5.892825    7.146798    6.508023  11796.39  12275.64    1.000
      TL          4.429068    0.117611    3.785524    5.118752    4.408910   8782.99   9545.54    1.000
      TL          7.538118    0.109417    6.892150    8.185923    7.529243   9185.54   9312.77    1.000
      TL          4.019251    0.082450    3.464935    4.585612    4.010104  20553.63  20833.47    1.000
      TL          4.236969    0.071427    3.735289    4.778416    4.228397  13530.00  13794.40    1.000
      TL          3.479774    0.068723    2.988664    4.012988    3.467954   5100.34   6241.84    1.000
      TL          4.581324    0.107145    3.952184    5.234823    4.565951  13517.68  15027.94    1.000
      TL          5.144969    0.099055    4.532216    5.767529    5.134869  16597.19  16722.14    1.000
      TL          8.242236    0.137714    7.524277    8.973372    8.233264   6861.13   7210.59    1.000
      TL          5.192211    0.077865    4.657236    5.744758    5.185472  14872.82  15564.98    1.000
      TL          8.693774    0.155062    7.931781    9.468010    8.679348   2707.84   3060.23    1.000
      TL          9.183119    0.150713    8.437197    9.955020    9.174908  11096.55  11414.68    1.000
      TL          8.066641    0.152210    7.311164    8.835627    8.053955   5803.54   5988.04    1.000
      TL          5.875714    0.109975    5.225075    6.519875    5.863651  11966.90  12667.39    1.000
      TL          6.440868    0.088151    5.866758    7.027730    6.432582  13086.50  13345.24    1.000
      TL          5.158450    0.103099    4.545228    5.800179    5.144202  10997.38  11477.81    1.000
      TL          6.901750    0.109328    6.257555    7.546751    6.890561  12686.69  12997.54    1.000
      TL          6.673403    0.084911    6.103360    7.242392    6.667057  13883.19  13972.49    1.000
      TL          4.372611    0.080974    3.813949    4.924111    4.360499  10334.34  10782.70    1.000
      TL          5.445093    0.172028    4.673852    6.289712    5.419353   7706.23   8372.81    1.000
      TL          4.630512    0.157613    3.871299    5.408063    4.599777   6826.46   7144.21    1.000
      TL          6.653190    0.123712    5.957739    7.339628    6.639510   9781.90  10750.13    1.000
      TL          6.529937    0.112277    5.877730    7.190227    6.519833  17167.84  17289.16    1.000
      TL          6.277603    0.096940    5.671702    6.890295    6.269378  10519.52  11727.02    1.000
      TL          9.322559    0.161123    8.548471   10.108000    9.310748   8957.98  10311.05    1.000
      TL          4.478120    0.068047    3.969783    4.992207    4.468619  19139.14  19224.95    1.000
      TL          5.441532    0.161510    4.689438    6.256255    5.417921  10031.95  10859.33    1.000
      TL          6.665974    0.100895    6.049544    7.295545    6.658390  12394.03  13124.32    1.000
      TL          2.897066    0.063854    2.413057    3.398120    2.885223  15590.40  15703.84    1.000
      TL          7.146020    0.113999    6.494710    7.810256    7.136534  10498.57  10957.84    1.000
      TL          5.042327    0.088195    4.473869    5.636012    5.032632  12998.02  14502.26    1.000
      TL          9.342247    0.162622    8.557584   10.129250    9.331674   8712.42   8739.40    1.000
      TL          8.542425    0.136397    7.817808    9.262878    8.533506   8060.37   9242.94    1.000
      TL          8.573515    0.166133    7.809320    9.401032    8.561296   9923.68  10511.14    1.000
      TL          4.500104    0.136830    3.795259    5.234492    4.478314   8702.29   9301.23    1.000
      TL          5.503193    0.158573    4.742389    6.294114    5.479973   7972.47   8460.14    1.000
      TL          6.567625    0.160164    5.799465    7.364190    6.548638   8072.84   9235.63    1.000
      TL          6.566259    0.116775    5.906514    7.243833    6.555346  13053.71  13959.11    1.000
      TL          6.786761    0.102971    6.155626    7.413615    6.777544  12928.00  13656.75    1.000
      TL          6.923842    0.151227    6.178878    7.698059    6.908382  10286.10  11527.48    1.000
      TL          8.397840    0.146578    7.645399    9.144834    8.388019   9477.50   9765.52    1.000
      TL          5.764624    0.138327    5.051236    6.494664    5.748134   8923.15   9996.72    1.000
      TL          5.337470    0.110075    4.704290    6.004118    5.324715   9974.83  10541.65    1.000
      TL          2.459567    0.178648    1.677056    3.269064    2.413535  18183.78  18830.55    1.000
      TL          8.141872    0.163108    7.357814    8.938984    8.127111   6453.78   7007.03    1.000
      TL          4.047579    0.113736    3.399516    4.715080    4.031559  17409.98  19011.59    1.000
      TL          7.657512    0.134161    6.955042    8.390521    7.648003   7838.61   8182.05    1.000
      TL          5.371075    0.173038    4.581905    6.195978    5.350571  10003.86  10121.95    1.000
      TL          7.789022    0.135093    7.093593    8.528645    7.779302  10389.54  11222.15    1.000
      TL          9.109821    0.171443    8.320652    9.929893    9.095714   4603.29   4826.18    1.000
      TL          6.992404    0.098854    6.381773    7.611950    6.984537  10567.43  10982.69    1.000
      TL          6.494549    0.110990    5.840738    7.147638    6.484116   4609.47   4758.68    1.000
      TL          6.463219    0.239004    5.524427    7.429397    6.433101  10509.19  10708.77    1.000
      TL          7.086451    0.102080    6.478569    7.726919    7.078608  13261.02  13479.32    1.000
      TL          5.852180    0.111945    5.187544    6.495250    5.842057   7810.81   9035.65    1.000
      TL          5.810136    0.153946    5.064178    6.597469    5.788470   7919.78   8186.98    1.000
      TL          5.345084    0.103236    4.715696    5.972655    5.333296  14102.62  14920.96    1.000
      TL          6.056232    0.135879    5.350929    6.791530    6.043711  16544.38  17119.44    1.000
      TL          8.238257    0.150579    7.497106    9.008654    8.227246   5018.74   6366.12    1.000
      TL          8.090472    0.149223    7.354799    8.866415    8.078557   5470.98   5594.37    1.000
      TL         10.260598    0.220274    9.350282   11.185210   10.241620   4037.06   4536.81    1.000
      TL          5.379254    0.242277    4.451282    6.355928    5.340847   9214.93   9377.24    1.000
      TL          8.552114    0.135994    7.829686    9.268155    8.544376  12072.65  12482.19    1.000
      TL          9.634020    0.166621    8.842832   10.438090    9.623843   4634.72   4747.68    1.000
      TL          4.417322    0.061723    3.938485    4.913023    4.411053  20208.44  20728.17    1.000
      TL          5.356574    0.093989    4.770025    5.966087    5.347214  12675.26  13391.36    1.000
      TL          8.423410    0.166940    7.622704    9.223661    8.410210   5179.54   5699.85    1.000
      TL          6.298207    0.108299    5.663989    6.945261    6.287648   7960.03  10069.93    1.000
