reso  sja  d_qt  d_ci  d_rf
0.8139535 0.9749992 0.06071636 0.1967975 0.3057655
0.5833333 0.993455 0.08751261 0.2692436 0.2698028
0.8863636 0.9897663 0.03688784 0.1370863 0.1803904
0.8181818 0.9046704 0.105741 0.3134929 0.4973468
0.7954545 0.8818023 0.1688756 0.3019602 0.4285245
0.7 0.9860459 0.09090909 0.2215917 0.3094053
0.8717949 0.9683628 0.04038685 0.1362014 0.20703
0.7272727 0.9400545 0.09146245 0.2024745 0.2807772
0.6896552 0.9746356 0.08890434 0.2614179 0.3212509
0.7333333 0.9634473 0.1072798 0.2796433 0.4115025
0.6578947 0.9760855 0.1056581 0.2897353 0.394078
0.9375 0.9052133 0.1029412 0.1368581 0.1992802
0.8695652 1 0.02953177 0.08194425 0.08788354
1 0.9824561 0.01754386 0.09400606 0.091667
0.6976744 0.9792066 0.07462389 0.3079907 0.3975432
0.8913043 0.9641097 0.0434759 0.1479837 0.2352074
0.7906977 0.8078266 0.2126574 0.3274942 0.4943906
0.8947368 0.9561217 0.05946685 0.1013357 0.1080819
0.7142857 0.9580838 0.1357143 0.2481055 0.2900079
0.875 0.9401709 0.127967 0.1704586 0.2622143
0.7391304 0.9422988 0.09234175 0.2202748 0.2624962
0.7916667 0.9599673 0.08296296 0.2278114 0.3255992
0.7096774 0.9423157 0.1114477 0.2789287 0.3707416
0.8076923 0.887511 0.1487095 0.2571713 0.3653978
0.725 0.9933686 0.02735597 0.2100173 0.2483251
0.8148148 0.9907167 0.0447911 0.1347825 0.1655804
0.7058824 0.9562492 0.0801499 0.2817165 0.3550571
0.7142857 0.8161068 0.2187564 0.354124 0.4781359
0.7037037 0.962821 0.1606824 0.3041316 0.3760584
0.9230769 0.9550702 0.04954436 0.1866716 0.2927603
0.7317073 0.9902388 0.0319924 0.2381348 0.3014603
0.8648649 0.8726992 0.1333242 0.2638919 0.3410878
0.8918919 0.94174 0.06658825 0.1643742 0.24995
1 0.9104231 0.08957688 0.1863818 0.3024987
0.7826087 0.9483509 0.1005352 0.207548 0.3389437
0.85 0.9634941 0.05838509 0.1218918 0.1601268
0.8518519 0.9311338 0.09040321 0.1800102 0.2435804
0.7727273 0.9570223 0.07632411 0.2684167 0.31019
0.8947368 0.9566542 0.04921394 0.2351216 0.2758766
0.84 0.9406222 0.1140171 0.1891229 0.3324045
0.6382979 0.9722242 0.1257208 0.3164832 0.4555155
0.8965517 0.969779 0.0413515 0.1757477 0.2088949
0.8723404 0.9854879 0.03210812 0.1433026 0.208172
0.7659574 0.9290004 0.09894703 0.2691311 0.4435978
0.6216216 0.9980419 0.1215013 0.3067627 0.3359713
0.7777778 0.9769019 0.05851122 0.2069322 0.262095
0.625 0.9678147 0.08801151 0.343465 0.4721823
0.8333333 0.8789765 0.1252991 0.1437644 0.2045989
0.8181818 0.982888 0.0563874 0.208784 0.271764
0.8222222 0.9870424 0.02344537 0.1512628 0.2096127
0.7826087 0.9854639 0.04428094 0.1606251 0.1921169
1 0.9338346 0.06616541 0.07416202 0.0898244
0.8947368 0.9446827 0.0747095 0.159243 0.2212996
0.7666667 0.938822 0.076674 0.2432677 0.2985948
0.78125 0.9190338 0.1348739 0.2014756 0.2498514
0.8857143 0.96109 0.04728036 0.121114 0.151027
0.8333333 0.9899961 0.04239404 0.1916691 0.2548519
0.8181818 0.9763096 0.0486166 0.1747506 0.1983945
1 0.9749294 0.02507058 0.08020321 0.1060952
0.8648649 0.9306488 0.07743736 0.1735537 0.342027
0.9444444 0.903973 0.1007519 0.1160225 0.2206249
0.7 0.9907659 0.08656916 0.2434552 0.3394386
0.84 0.9611981 0.1232479 0.2338907 0.3234738
0.8222222 0.9789669 0.05563008 0.1575957 0.238594
0.8604651 0.9609924 0.04396544 0.1909302 0.3044246
0.75 0.964742 0.06230046 0.2349931 0.3548413
0.7058824 0.9865012 0.03880289 0.2295303 0.2616435
0.8181818 0.8959986 0.12917 0.2672747 0.4004616
0.7692308 0.9337731 0.09296451 0.2315143 0.3737693
0.6153846 0.9808314 0.1430256 0.3417944 0.378529
0.725 0.9981935 0.0664857 0.2383028 0.2605198
0.5925926 0.9970867 0.1762452 0.3530461 0.4152959
0.825 0.9169707 0.1054372 0.2371565 0.3205895
0.6521739 0.938051 0.1343813 0.3401405 0.4893774
0.8076923 0.9666071 0.1481832 0.2152944 0.230132
0.8333333 0.9166667 0.1031746 0.2258888 0.251305
0.8205128 0.8964903 0.1301974 0.2482828 0.3590395
0.8666667 0.9675974 0.05669935 0.1629548 0.1937323
0.6829268 0.7961158 0.2520018 0.3067567 0.4023265
0.8421053 1 0.04545455 0.1023958 0.1115216
0.7894737 0.9206466 0.1099289 0.2612978 0.352086
0.75 0.994393 0.1312169 0.2326654 0.2794415
0.8717949 0.9661319 0.04368802 0.131392 0.20823
0.8857143 0.8968555 0.1154779 0.2877543 0.4062832
0.8947368 0.9391138 0.09084074 0.2441517 0.3291702
0.7894737 0.9492379 0.114091 0.1867184 0.2772292
0.6 0.9854457 0.1120112 0.3757832 0.45406
0.8 0.9342202 0.09819311 0.2368848 0.3921802
0.8461538 0.9256061 0.1119532 0.299706 0.3634851
0.875 0.977358 0.05071225 0.1786201 0.2032053
0.9302326 0.975254 0.02535466 0.1051356 0.1410387
0.7428571 0.9951001 0.08933821 0.1657283 0.2107883
0.6956522 0.8495297 0.2290467 0.3008815 0.4348294
0.75 0.9941392 0.1519608 0.2066695 0.2513049
0.825 0.9654734 0.1020298 0.2425927 0.352482
0.7608696 0.9667783 0.1690918 0.2879999 0.3850399
0.9 0.9746206 0.03384653 0.08063191 0.1352306
0.9285714 0.9469695 0.0596218 0.1717962 0.2846006
0.6578947 0.9574148 0.1754419 0.3375533 0.4665659
0.6451613 0.9676675 0.1853006 0.3043769 0.359894
