      ilnvar                   0.015513    0.000633    0.000004    0.062155    0.006147     14.83     24.94    1.054
      ilnvar                   0.010177    0.000256    0.000012    0.042465    0.002738     14.86     16.81    1.039
      ilnvar                   0.004785    0.000078    0.000022    0.024806    0.000971     15.56     24.06    1.006
      ilnvar                   0.011613    0.000249    0.000046    0.043726    0.005393     20.23     35.04    1.011
      ilnvar                   0.002125    0.000013    0.000001    0.009999    0.000335     12.17     15.19    1.016
      ilnvar                   0.017442    0.000986    0.000002    0.074168    0.004548     59.20     62.85    1.004
      ilnvar                   0.001629    0.000048    0.000001    0.005065    0.000073     18.04     22.88    1.037
      ilnvar                   0.094858    0.024345    0.000083    0.388871    0.035385     20.47     24.67    1.011
      ilnvar                   0.015110    0.000378    0.000012    0.052682    0.008415     21.12     36.95    1.000
      ilnvar                   0.025867    0.000774    0.000025    0.080756    0.016186     22.91     28.48    1.016
      ilnvar                   0.039626    0.001130    0.001180    0.103873    0.030815     56.74     62.35    1.001
      ilnvar                   0.320253    0.103013    0.000443    0.924933    0.237050     88.21    185.81    1.005
      ilnvar                   0.074862    0.006878    0.000096    0.231276    0.051644     28.21     47.05    1.006
      ilnvar                   0.154451    0.031072    0.000179    0.484682    0.101452     75.10    131.76    1.007
      ilnvar                   0.040049    0.001405    0.000441    0.113113    0.030557     21.27     24.48    1.019
      ilnvar                   0.008214    0.000220    0.000001    0.041147    0.001308     24.10     25.32    1.416
      ilnvar                   0.011272    0.000256    0.000038    0.043892    0.004913     22.90     29.20    1.094
      ilnvar                   0.131413    0.015415    0.000130    0.360700    0.104236     44.07    116.93    1.036
      ilnvar                   0.212707    0.096094    0.000001    0.769729    0.112176    263.17    435.47    1.001
      ilnvar                   0.013086    0.000488    0.000011    0.053015    0.004799    148.08    196.86    1.003
      ilnvar                   0.016891    0.000376    0.000204    0.051648    0.011350     38.54     38.69    1.001
      ilnvar                   0.020743    0.001110    0.000050    0.081780    0.008539     45.80     57.03    1.030
      ilnvar                   0.149770    0.011278    0.004819    0.352143    0.125218    126.36    134.53    1.003
      ilnvar                   0.027612    0.001467    0.000003    0.103440    0.013382     24.76     45.81    1.004
      ilnvar                   0.002159    0.000039    0.000001    0.013433    0.000151     25.33     34.08    1.046
      ilnvar                   0.131271    0.015774    0.001041    0.360443    0.098070     71.42     84.86    1.007
      ilnvar                   0.015304    0.000360    0.000007    0.053266    0.008824     26.71     35.58    1.020
      ilnvar                   0.031139    0.002089    0.000088    0.118641    0.013730     20.77     35.56    1.000
      ilnvar                   0.075194    0.006307    0.000473    0.226626    0.052891     63.49     76.20    1.002
      ilnvar                   0.019369    0.000700    0.000002    0.073791    0.008684     11.13     20.63    1.148
      ilnvar                   0.101550    0.010928    0.000689    0.313627    0.066202     17.77     19.64    1.020
      ilnvar                   0.033680    0.001082    0.000206    0.098653    0.025019     22.05     55.85    1.016
      ilnvar                   0.001518    0.000013    0.000001    0.007826    0.000190     16.17     35.32    1.002
      ilnvar                   0.154197    0.025537    0.000021    0.460802    0.110540     66.35    164.16    1.007
      ilnvar                   0.021653    0.000619    0.000217    0.071140    0.012591     21.64     22.77    1.007
      ilnvar                   0.073085    0.009498    0.000001    0.260218    0.039748     13.13     44.79    1.025
      ilnvar                   0.042298    0.002937    0.000042    0.152030    0.023115     23.77     38.17    1.007
      ilnvar                   0.044789    0.002958    0.000011    0.149740    0.026823     65.17     82.96    1.001
      ilnvar                   0.052724    0.007309    0.000017    0.200887    0.022534     64.64     89.99    1.013
      ilnvar                   0.011079    0.000268    0.000102    0.038675    0.005934     54.27     79.22    1.002
      ilnvar                   0.001310    0.000008    0.000001    0.006453    0.000234     32.00     37.27    1.099
      ilnvar                   0.014876    0.000453    0.000009    0.055280    0.007041     29.10     36.67    1.012
      ilnvar                   0.012763    0.000217    0.000164    0.043900    0.007394     19.12     37.96    1.004
      ilnvar                   0.029886    0.000801    0.000693    0.082692    0.021972     21.39     39.92    1.002
      ilnvar                   0.007282    0.000113    0.000004    0.029206    0.003165     18.14     22.22    1.045
      ilnvar                   0.054197    0.004489    0.000028    0.186141    0.033120     37.54     49.69    1.000
      ilnvar                   0.044858    0.002061    0.000388    0.130570    0.031889     24.75     26.42    1.006
      ilnvar                   0.084167    0.005600    0.000784    0.223882    0.066393    102.08    115.39    1.000
      ilnvar                   0.020262    0.001339    0.000001    0.097351    0.001027     14.15     17.77    1.131
      ilnvar                   0.007541    0.000181    0.000019    0.029404    0.002315     15.58     21.07    1.048
      ilnvar                   0.008156    0.000233    0.000001    0.034739    0.002694     40.38     41.12    1.023
      ilnvar                   0.135605    0.033052    0.000214    0.457403    0.076768     69.63     85.09    1.010
      ilnvar                   0.091207    0.016268    0.000389    0.323410    0.048247    130.97    132.93    1.001
      ilnvar                   0.038902    0.002631    0.000037    0.136255    0.020857     26.67     26.72    1.006
      ilnvar                   0.018998    0.000643    0.000030    0.065948    0.009990     37.78     57.73    1.015
      ilnvar                   0.010285    0.000218    0.000016    0.036582    0.004825     32.99     33.56    1.004
      ilnvar                   0.003911    0.000088    0.000001    0.021655    0.000256     13.41     18.95    1.024
      ilnvar                   0.021246    0.001058    0.000002    0.082800    0.009221     57.22     61.32    1.110
      ilnvar                   0.026417    0.001013    0.000074    0.088058    0.015337    101.17    106.98    1.001
      ilnvar                   0.068185    0.003954    0.000082    0.182634    0.056667     15.81     43.12    1.055
      ilnvar                   0.173872    0.085212    0.000023    0.770713    0.059320     25.40     51.92    1.006
      ilnvar                   0.035675    0.002016    0.000015    0.120863    0.020615     15.18     26.39    1.053
      ilnvar                   0.030504    0.002503    0.000001    0.119821    0.011218     53.41     59.40    1.075
      ilnvar                   0.001502    0.000038    0.000001    0.006868    0.000016     14.81     15.71    1.041
      ilnvar                   0.011561    0.000257    0.000109    0.040316    0.005887     50.96     54.47    1.010
      ilnvar                   0.045439    0.001382    0.001201    0.115950    0.035548     52.31     70.57    1.005
      ilnvar                   0.184748    0.039460    0.001924    0.551507    0.126290    107.84    146.10    1.002
      ilnvar                   0.021855    0.000920    0.000143    0.075081    0.011937     87.60    112.16    1.007
      ilnvar                   0.156564    0.013241    0.003414    0.372308    0.130899    123.18    177.54    1.003
      ilnvar                   0.025691    0.000885    0.000057    0.083415    0.016188     56.46     71.96    1.000
      ilnvar                   0.006133    0.000130    0.000002    0.028844    0.001196     16.60     23.85    1.057
      ilnvar                   0.044113    0.002955    0.000028    0.155151    0.024237     56.30     66.08    1.008
      ilnvar                   0.004597    0.000102    0.000003    0.024026    0.000579     15.26     22.60    1.004
      ilnvar                   0.011587    0.000463    0.000015    0.049949    0.003161     35.61     41.34    1.001
      ilnvar                   0.019505    0.000921    0.000017    0.077748    0.007112     24.45     31.96    1.007
      ilnvar                   0.194195    0.073440    0.000120    0.663997    0.107764    520.56    622.85    1.000
      ilnvar                   0.006196    0.000092    0.000014    0.025529    0.002240     15.65     20.44    1.045
      ilnvar                   0.093416    0.018883    0.000014    0.313785    0.054204     32.26     52.84    1.021
      ilnvar                   0.005481    0.000083    0.000001    0.024722    0.001779     23.35     39.19    1.074
      ilnvar                   0.174360    0.025429    0.000764    0.478106    0.129812    186.16    211.81    1.000
      ilnvar                   0.104118    0.007858    0.000194    0.278918    0.081499     25.08     39.66    1.002
      ilnvar                   0.002313    0.000072    0.000001    0.013289    0.000016     14.37     19.75    1.058
      ilnvar                   0.004585    0.000079    0.000001    0.022919    0.000969     17.03     20.33    1.064
      ilnvar                   0.154489    0.008706    0.009877    0.329778    0.136250    123.77    142.45    1.001
      ilnvar                   0.020633    0.001702    0.000001    0.093532    0.004507     82.91    101.29    1.008
      ilnvar                   0.022709    0.000538    0.000084    0.067817    0.015625     23.75     35.02    1.000
      ilnvar                   0.041650    0.002255    0.000344    0.134049    0.026085     32.69     35.31    1.022
      ilnvar                   0.089643    0.012776    0.000002    0.299871    0.053841     28.64     58.87    1.004
      ilnvar                   0.011374    0.000500    0.000010    0.048236    0.003609     55.66     64.46    1.000
      ilnvar                   0.024487    0.001694    0.000032    0.086566    0.011952     41.23     54.79    1.000
      ilnvar                   0.001917    0.000020    0.000001    0.008999    0.000242     20.37     20.54    1.092
      ilnvar                   0.008954    0.000284    0.000001    0.043215    0.001690     17.40     33.88    1.000
      ilnvar                   0.022376    0.001322    0.000039    0.086188    0.010003     17.80     23.35    1.022
      ilnvar                   0.096884    0.024086    0.000001    0.410174    0.034897     26.98     58.50    1.020
      ilnvar                   0.021704    0.001132    0.000024    0.091990    0.006627     13.53     22.16    1.126
      ilnvar                   0.003573    0.000040    0.000004    0.016251    0.000985     22.25     26.72    1.092
      ilnvar                   0.033894    0.001995    0.000001    0.122316    0.016752     12.29     22.68    1.002
      ilnvar                   0.081038    0.006180    0.000094    0.235151    0.058718     48.45     52.23    1.013
      ilnvar                   0.020341    0.000870    0.000011    0.081609    0.006821     13.43     18.28    1.067
      ilnvar                   0.017905    0.000584    0.000013    0.060997    0.009648     26.32     39.48    1.002
