      clockrate{all}                0.728138    0.006517    0.582808    0.889316    0.721288    105.93    113.48    1.046
      clockrate{all}                0.927904    0.023828    0.679716    1.252428    0.897080     55.92     61.39    1.087
      clockrate{all}                0.768378    0.004630    0.640173    0.905194    0.765497    370.96    446.83    1.000
      clockrate{all}                0.779385    0.021067    0.559040    1.083047    0.747690     22.51     56.46    1.199
      clockrate{all}                0.820366    0.009186    0.649140    1.018005    0.808970     87.87     88.06    1.111
      clockrate{all}                0.699614    0.013890    0.488877    0.929980    0.689473     82.15    113.11    1.001
      clockrate{all}                0.741721    0.003687    0.625191    0.861784    0.739388    879.94    933.64    1.003
      clockrate{all}                0.925519    0.027395    0.621191    1.248343    0.903671    105.87    174.06    1.008
      clockrate{all}                0.836925    0.021136    0.583495    1.117528    0.815043    175.10    206.97    1.196
      clockrate{all}                0.985957    0.006557    0.827357    1.143215    0.983533    755.09    804.31    1.001
      clockrate{all}                0.746887    0.007866    0.579734    0.921422    0.741195     30.82    180.55    1.035
      clockrate{all}                1.207731    0.124151    0.638714    1.939847    1.142902    130.23    242.62    1.007
      clockrate{all}                1.373325    0.105500    0.806128    2.004823    1.339075    114.59    147.54    1.000
      clockrate{all}                1.143627    0.095429    0.662353    1.800209    1.078383     25.44     64.76    1.016
      clockrate{all}                1.006328    0.031594    0.698371    1.356554    0.986011     21.81     47.56    1.000
      clockrate{all}                0.699298    0.003514    0.583265    0.812601    0.697462    275.94    389.38    1.001
      clockrate{all}                0.735302    0.003900    0.617749    0.860760    0.732901    538.53    546.44    1.000
      clockrate{all}                0.880744    0.049842    0.515180    1.337983    0.840543     40.72     68.47    1.033
      clockrate{all}                2.053712    0.556820    0.787046    3.475340    1.956150     65.21     73.91    1.001
      clockrate{all}                1.222178    0.070440    0.821227    1.759827    1.172399     29.55     41.09    1.004
      clockrate{all}                0.764311    0.005819    0.621084    0.918229    0.761627    451.97    632.32    1.000
      clockrate{all}                0.706389    0.010278    0.526301    0.910880    0.696155    341.87    352.91    1.013
      clockrate{all}                1.015266    0.073055    0.607062    1.564488    0.952065     70.22     89.17    1.016
      clockrate{all}                1.074709    0.069220    0.646469    1.606967    1.026385     19.19     23.75    1.039
      clockrate{all}                0.831978    0.005377    0.693961    0.980038    0.829680   1524.71   1652.15    1.001
      clockrate{all}                0.719014    0.012029    0.519400    0.932597    0.708739     72.92    137.48    1.001
      clockrate{all}                0.840398    0.013108    0.627475    1.066869    0.829997     32.01    337.12    1.007
      clockrate{all}                0.797959    0.008030    0.628538    0.979821    0.793254    348.71    407.02    1.000
      clockrate{all}                1.293704    0.126170    0.717148    2.022544    1.236429     26.95    101.62    1.005
      clockrate{all}                0.819418    0.007852    0.648439    0.990869    0.813087     52.99     80.67    1.000
      clockrate{all}                0.880328    0.013282    0.659814    1.107963    0.871397    213.21    224.00    1.019
      clockrate{all}                0.875771    0.007090    0.713370    1.043396    0.874608    475.98    525.79    1.001
      clockrate{all}                0.718461    0.005261    0.581078    0.862610    0.714763    259.65    306.56    1.013
      clockrate{all}                1.076522    0.085064    0.562533    1.646174    1.036575    121.33    165.30    1.004
      clockrate{all}                0.747401    0.004020    0.623520    0.872645    0.745581    428.79    663.19    1.001
      clockrate{all}                0.957925    0.035180    0.640008    1.342595    0.926743     46.96     74.18    1.023
      clockrate{all}                0.703418    0.011454    0.514876    0.910453    0.690281     83.68    212.38    1.007
      clockrate{all}                0.958598    0.038839    0.633406    1.319545    0.925616     26.38     62.39    1.005
      clockrate{all}                0.881206    0.032787    0.577198    1.255426    0.852225     71.43    167.84    1.044
      clockrate{all}                0.788309    0.017767    0.547701    1.036453    0.771509     34.04     62.97    1.002
      clockrate{all}                0.758346    0.014357    0.561209    1.018639    0.736138     40.15    204.69    1.425
      clockrate{all}                0.819755    0.027903    0.556057    1.142040    0.788967     75.22     88.23    1.010
      clockrate{all}                0.863011    0.007805    0.691234    1.040507    0.858824     46.28    189.70    1.000
      clockrate{all}                0.914060    0.023156    0.659219    1.230286    0.889576     14.52     37.21    1.037
      clockrate{all}                0.847505    0.008599    0.670400    1.026697    0.839138     46.29    585.01    1.032
      clockrate{all}                0.784220    0.016081    0.553723    1.027949    0.766440     70.20     71.84    1.002
      clockrate{all}                0.851099    0.008179    0.683133    1.034767    0.846302    514.95    569.23    1.000
      clockrate{all}                0.999268    0.052522    0.594394    1.439855    0.972439     39.55     64.13    1.003
      clockrate{all}                0.701617    0.015093    0.490640    0.956824    0.682086     21.10     28.09    1.018
      clockrate{all}                0.776499    0.004931    0.639490    0.913760    0.773798    922.30   1066.35    1.001
      clockrate{all}                0.917341    0.016421    0.678730    1.165570    0.904690     75.06    207.14    1.006
      clockrate{all}                0.891918    0.033434    0.595036    1.275912    0.860070     45.96     48.37    1.002
      clockrate{all}                0.959597    0.046023    0.617056    1.396462    0.920719     53.10     63.01    1.000
      clockrate{all}                0.824376    0.019785    0.580791    1.108363    0.802522     69.46     70.51    1.001
      clockrate{all}                0.830094    0.012524    0.615793    1.050420    0.822022    109.56    121.95    1.001
      clockrate{all}                1.026251    0.045263    0.681074    1.461672    0.985948     24.07     58.74    1.035
      clockrate{all}                0.731780    0.011862    0.544029    0.957904    0.715382     41.30    247.02    1.198
      clockrate{all}                0.951539    0.040627    0.610241    1.366266    0.917709     51.01    103.15    1.015
      clockrate{all}                1.279858    0.130179    0.760849    2.020952    1.197774     19.42     64.89    1.056
      clockrate{all}                0.869259    0.030746    0.598064    1.236580    0.831158     24.07     38.52    1.288
      clockrate{all}                1.067300    0.060299    0.646776    1.553503    1.031923    166.13    175.09    1.001
      clockrate{all}                0.771031    0.006268    0.618996    0.927467    0.768171    886.90    910.07    1.000
      clockrate{all}                0.746365    0.008994    0.565098    0.935753    0.741151     85.09    123.01    1.000
      clockrate{all}                0.654372    0.006295    0.515639    0.821767    0.644616     56.65    105.71    1.107
      clockrate{all}                0.704805    0.010498    0.505408    0.897710    0.697434     31.63    168.99    1.040
      clockrate{all}                0.837174    0.027806    0.584573    1.192875    0.801793     12.69     22.92    1.043
      clockrate{all}                1.219227    0.059399    0.767608    1.690711    1.194361     79.70    120.55    1.028
      clockrate{all}                0.846955    0.049325    0.521505    1.299524    0.797436     71.28     71.45    1.033
      clockrate{all}                0.721546    0.018137    0.496443    0.988177    0.700639     16.16     27.58    1.007
      clockrate{all}                0.887163    0.021047    0.622184    1.175920    0.869816     37.21    138.65    1.046
      clockrate{all}                0.923432    0.005014    0.786303    1.062849    0.921374    575.60    695.12    1.000
      clockrate{all}                1.011982    0.015718    0.776284    1.257179    1.001502     61.63     83.70    1.001
      clockrate{all}                0.664701    0.008532    0.503669    0.846364    0.653109     61.35    259.82    1.075
      clockrate{all}                0.846828    0.019646    0.580155    1.116594    0.835181     37.01    184.42    1.007
      clockrate{all}                1.128797    0.138691    0.580501    1.831988    1.054277      9.26     55.29    1.347
      clockrate{all}                2.369568    0.605347    1.077954    3.939576    2.239887    757.19    992.73    1.001
      clockrate{all}                0.700883    0.004674    0.573557    0.841119    0.698620    402.30    418.51    1.001
      clockrate{all}                1.247237    0.073015    0.813584    1.775248    1.196796     56.86     91.82    1.002
      clockrate{all}                0.738127    0.005422    0.597341    0.885846    0.736214    538.74    571.97    1.001
      clockrate{all}                0.965203    0.045494    0.608773    1.389841    0.929904    184.21    191.89    1.002
      clockrate{all}                0.716589    0.008231    0.548137    0.896127    0.707525     19.66     31.78    1.000
      clockrate{all}                0.743350    0.004106    0.622062    0.872233    0.741013    353.27    377.67    1.002
      clockrate{all}                0.723859    0.007541    0.555463    0.893201    0.719351    184.65    412.25    1.007
      clockrate{all}                0.817781    0.012723    0.611586    1.038960    0.808114     29.97    270.49    1.017
      clockrate{all}                0.958622    0.082159    0.518438    1.550148    0.895074     26.12     58.18    1.070
      clockrate{all}                0.833621    0.007346    0.671980    1.002892    0.828747    269.72    651.09    1.007
      clockrate{all}                1.503178    0.129874    0.868210    2.185614    1.446819     28.19     58.54    1.000
      clockrate{all}                1.005799    0.061868    0.580589    1.481801    0.970323     70.66     79.09    1.000
      clockrate{all}                0.747443    0.010868    0.558065    0.963220    0.738675    155.26    158.74    1.007
      clockrate{all}                0.879276    0.026738    0.599436    1.201909    0.853712     47.11     62.01    1.010
      clockrate{all}                1.017599    0.016936    0.776960    1.279685    1.003450     53.56     59.02    1.053
      clockrate{all}                0.873592    0.014347    0.661801    1.110019    0.857638     34.83     56.52    1.002
      clockrate{all}                0.956382    0.043141    0.631818    1.362479    0.909709     73.39    191.29    1.647
      clockrate{all}                1.292967    0.160188    0.680350    2.068659    1.211938     73.34    105.63    1.001
      clockrate{all}                1.056067    0.039586    0.703918    1.453450    1.035074     54.15     66.41    1.001
      clockrate{all}                0.880255    0.015539    0.651022    1.127968    0.866870     35.05     46.21    1.004
      clockrate{all}                0.871800    0.017974    0.621254    1.138605    0.861667     52.10     85.18    1.003
      clockrate{all}                1.238583    0.102162    0.747638    1.884284    1.168342     61.81     71.10    1.065
      clockrate{all}                0.782635    0.006003    0.628447    0.933601    0.781697    312.79    343.08    1.001
      clockrate{all}                0.928987    0.014123    0.707503    1.149643    0.921370     90.90    224.42    1.006
