      age{all}[0]                   0.963704    0.002040    0.880533    1.051829    0.959577    1.009    2
      age{all}[0]                   0.985769    0.000895    0.954716    1.043228    0.977547    1.005    2
      age{all}[0]                   1.002711    0.001117    0.943519    1.070636    0.999271    1.000    2
      age{all}[0]                   1.009326    0.003355    0.900869    1.111218    1.005689    1.090    2
      age{all}[0]                   1.025932    0.001962    0.940601    1.110737    1.022516    1.040    2
      age{all}[0]                  1.042517    0.003372    0.937246    1.158379    1.036272    1.000    2
      age{all}[0]                   1.014857    0.001004    0.957646    1.077239    1.011277    1.000    2
      age{all}[0]                  0.824599    0.002190    0.741300    0.918358    0.818747    1.009    2
      age{all}[0]                   1.015573    0.002644    0.923883    1.118561    1.008369    1.038    2
      age{all}[0]                   0.945609    0.001105    0.884987    1.011436    0.942715    1.003    2
      age{all}[0]                   0.968272    0.001886    0.888052    1.053452    0.962686    1.000    2
      age{all}[0]                  0.889891    0.005327    0.831186    1.021696    0.867592    1.001    2
      age{all}[0]                  0.896870    0.001405    0.857037    0.973557    0.885672    1.000    2
      age{all}[0]                  0.914062    0.004691    0.802889    1.048320    0.900065    1.011    2
      age{all}[0]                   0.954055    0.002249    0.867470    1.046261    0.948968    1.006    2
      age{all}[0]                   1.050276    0.001936    0.970336    1.132790    1.045186    1.008    2
      age{all}[0]                   1.036804    0.002123    0.961080    1.119744    1.032268    1.010    2
      age{all}[0]                  1.040586    0.006934    0.892862    1.206281    1.031357    1.021    2
      age{all}[0]                  0.718625    0.006853    0.584369    0.881071    0.704468    1.002    2
      age{all}[0]                  1.006945    0.001902    0.951794    1.090190    0.997061    1.004    2
      age{all}[0]                   0.998082    0.002102    0.915732    1.088271    0.993077    1.003    2
      age{all}[0]                  1.083953    0.002942    0.985345    1.188065    1.077274    1.006    2
      age{all}[0]                  0.909042    0.006644    0.758397    1.065378    0.899956    1.006    2
      age{all}[0]                  0.980687    0.006427    0.859141    1.124727    0.972786    1.040    2
      age{all}[0]                   0.988860    0.002264    0.904590    1.081271    0.982799    1.008    2
      age{all}[0]                  1.003042    0.005741    0.867233    1.157510    0.995241    1.003    2
      age{all}[0]                   1.057143    0.004759    0.927159    1.193294    1.051969    1.000    2
      age{all}[0]                   0.910140    0.001817    0.834599    0.989995    0.904825    1.002    2
      age{all}[0]                  0.820261    0.003249    0.712894    0.932227    0.814548    1.002    2
      age{all}[0]                   0.946173    0.003625    0.836615    1.070234    0.939119    1.000    2
      age{all}[0]                   0.982821    0.002113    0.898562    1.075462    0.978194    1.003    2
      age{all}[0]                   0.979239    0.001934    0.914777    1.062389    0.970549    1.004    2
      age{all}[0]                   1.055881    0.001740    0.981037    1.139175    1.053250    1.016    2
      age{all}[0]                  1.071006    0.008023    0.970761    1.244758    1.049913    1.006    2
      age{all}[0]                   0.960044    0.000876    0.905176    1.018654    0.957082    1.001    2
      age{all}[0]                  0.991051    0.001883    0.917259    1.074669    0.985411    1.006    2
      age{all}[0]                  0.955950    0.003544    0.852596    1.079015    0.948528    1.004    2
      age{all}[0]                  0.917094    0.000950    0.873049    0.975905    0.910930    1.004    2
      age{all}[0]                  1.021085    0.001915    0.965600    1.102947    1.011364    1.009    2
      age{all}[0]                  1.062772    0.003622    0.958197    1.188272    1.055393    1.005    2
      age{all}[0]                   0.957906    0.003030    0.854479    1.064739    0.952744    1.072    2
      age{all}[0]                  0.989072    0.004043    0.873009    1.119643    0.982400    1.015    2
      age{all}[0]                   0.862593    0.002859    0.763491    0.967289    0.856184    1.002    2
      age{all}[0]                   0.995790    0.002396    0.906437    1.094149    0.991390    1.011    2
      age{all}[0]                   1.007276    0.000869    0.955617    1.067367    1.003641    1.001    2
      age{all}[0]                  1.047446    0.002870    0.953216    1.156415    1.041704    1.000    2
      age{all}[0]                   1.024953    0.002252    0.937776    1.117504    1.020138    1.000    2
      age{all}[0]                  0.997973    0.003665    0.915294    1.111742    0.985780    1.002    2
      age{all}[0]                   1.063353    0.004059    0.954662    1.188322    1.054105    1.007    2
      age{all}[0]                   0.987372    0.000818    0.943410    1.041182    0.982481    1.001    2
      age{all}[0]                  1.036540    0.002406    0.951188    1.136362    1.030790    1.003    2
      age{all}[0]                  1.005698    0.005762    0.862046    1.155161    0.998298    1.000    2
      age{all}[0]                  0.895063    0.002661    0.827725    0.991851    0.884171    1.000    2
      age{all}[0]                  0.869532    0.003089    0.766698    0.982104    0.864345    1.000    2
      age{all}[0]                   1.028345    0.002388    0.939706    1.124917    1.023023    1.003    2
      age{all}[0]                   1.008789    0.001187    0.966034    1.075106    1.000890    1.004    2
      age{all}[0]                   1.065763    0.003250    0.963703    1.181013    1.060728    1.079    2
      age{all}[0]                  0.956790    0.004011    0.855272    1.072207    0.947744    1.007    2
      age{all}[0]                  0.926408    0.002284    0.866013    1.018502    0.915619    1.013    2
      age{all}[0]                   1.012901    0.002219    0.932698    1.103770    1.006228    1.149    2
      age{all}[0]                  0.990671    0.001102    0.956538    1.056158    0.980803    1.000    2
      age{all}[0]                   0.958744    0.001931    0.882250    1.044077    0.952247    1.001    2
      age{all}[0]                  1.038727    0.002760    0.950524    1.150483    1.031033    1.000    2
      age{all}[0]                   1.047469    0.003385    0.939188    1.163596    1.041168    1.022    2
      age{all}[0]                   1.041290    0.003377    0.938157    1.155641    1.035518    1.004    2
      age{all}[0]                   0.972102    0.002561    0.881110    1.077652    0.969298    1.016    2
      age{all}[0]                  0.856849    0.005973    0.715460    1.011852    0.849110    1.030    2
      age{all}[0]                  1.036330    0.004715    0.920910    1.176906    1.026527    1.002    2
      age{all}[0]                   1.066762    0.007226    0.910074    1.238215    1.058963    1.000    2
      age{all}[0]                  1.009849    0.002915    0.918043    1.120931    1.001766    1.023    2
      age{all}[0]                   0.956374    0.000801    0.903087    1.014598    0.954526    1.003    2
      age{all}[0]                  0.996152    0.001840    0.918578    1.081515    0.991871    1.000    2
      age{all}[0]                   1.115006    0.004708    0.986019    1.251709    1.109578    1.014    2
      age{all}[0]                  0.992676    0.005433    0.867066    1.142712    0.981652    1.001    2
      age{all}[0]                  0.995108    0.003536    0.905414    1.106080    0.984900    1.277    2
      age{all}[0]                  0.918476    0.021195    0.792186    1.198160    0.875600    1.001    2
      age{all}[0]                   0.970124    0.001497    0.896434    1.044322    0.966203    1.010    2
      age{all}[0]                  0.998762    0.002986    0.900874    1.110670    0.992679    1.000    2
      age{all}[0]                   0.992528    0.001197    0.930813    1.064325    0.987991    1.002    2
      age{all}[0]                  0.989992    0.003044    0.890940    1.102505    0.984654    1.001    2
      age{all}[0]                   0.902174    0.003486    0.790641    1.017441    0.896451    1.000    2
      age{all}[0]                   1.035695    0.004659    0.914421    1.168669    1.027921    1.010    2
      age{all}[0]                   0.979244    0.001837    0.925963    1.059649    0.969818    1.001    2
      age{all}[0]                   0.855926    0.004575    0.732906    0.985720    0.848901    1.004    2
      age{all}[0]                  0.965639    0.006404    0.817069    1.119866    0.958294    1.026    2
      age{all}[0]                   0.961336    0.001991    0.888412    1.039918    0.955754    1.000    2
      age{all}[0]                  0.649608    0.004179    0.529235    0.776502    0.643126    1.004    2
      age{all}[0]                  0.997537    0.006879    0.905132    1.161056    0.972117    1.001    2
      age{all}[0]                  0.990938    0.002564    0.895906    1.090356    0.985313    1.014    2
      age{all}[0]                  0.922339    0.002541    0.828890    1.021491    0.918041    1.001    2
      age{all}[0]                   0.991391    0.001268    0.934862    1.055891    0.986862    1.000    2
      age{all}[0]                   0.995771    0.001846    0.917047    1.079117    0.991072    1.000    2
      age{all}[0]                   0.960756    0.001557    0.902437    1.035165    0.955366    1.176    2
      age{all}[0]                  0.875907    0.001897    0.828459    0.963623    0.863478    1.001    2
      age{all}[0]                   0.992793    0.005054    0.868756    1.127419    0.984643    1.002    2
      age{all}[0]                   0.995497    0.000915    0.941972    1.052013    0.991746    1.001    2
      age{all}[0]                   1.009055    0.001770    0.935652    1.092902    1.003507    1.002    2
      age{all}[0]                  1.000690    0.000721    0.962750    1.051622    0.995897    1.008    2
      age{all}[0]                   0.954297    0.003309    0.854207    1.069906    0.948075    1.012    2
      age{all}[0]                   0.868915    0.002009    0.789187    0.955506    0.862772    1.000    2
