      alpha_symdir   1.540294    0.084181    0.990266    2.097293    1.515841     23.96     31.12    1.116
      alpha_symdir   0.316459    0.000428    0.275273    0.355842    0.315740     93.41    204.86    1.003
      alpha_symdir   1.853868    0.087940    1.311821    2.439433    1.823682     81.46    173.89    1.004
      alpha_symdir   2.101688    0.127791    1.470635    2.821461    2.058640    145.81    151.88    1.001
      alpha_symdir   2.182095    0.116921    1.554391    2.847457    2.139537    174.50    206.47    1.000
      alpha_symdir   1.721586    0.209031    0.937827    2.701922    1.672769     27.40     43.84    1.004
      alpha_symdir   1.716468    0.065649    1.247050    2.219203    1.689064    191.46    196.97    1.017
      alpha_symdir   1.604533    0.935834    0.266252    3.084154    1.773791      5.92     36.23    1.658
      alpha_symdir   1.592651    0.086368    1.042431    2.163202    1.565887     25.22     73.51    1.041
      alpha_symdir   1.905325    0.078871    1.396570    2.460448    1.878270     69.22    114.69    1.000
      alpha_symdir   1.444630    0.057005    1.005979    1.930618    1.432117     23.27     60.61    1.038
      alpha_symdir   0.235348    0.001929    0.113665    0.292989    0.243429     21.68     57.54    1.013
      alpha_symdir   0.506921    0.177435    0.278980    1.617309    0.359148      6.09     24.41    1.102
      alpha_symdir   0.292193    0.000584    0.244628    0.339929    0.291842    133.08    136.30    1.054
      alpha_symdir   2.295669    0.121337    1.649525    2.981375    2.258712    159.08    168.65    1.000
      alpha_symdir   1.965530    0.067251    1.496523    2.487386    1.941707    208.80    248.81    1.009
      alpha_symdir   2.556594    0.236728    1.730588    3.520850    2.485084     74.66    125.43    1.000
      alpha_symdir   0.894757    0.543994    0.259391    2.171887    0.351488      8.85     40.39    2.345
      alpha_symdir   0.131403    0.000140    0.110154    0.154280    0.130088   1064.47   1137.74    1.001
      alpha_symdir   0.287786    0.001276    0.230763    0.349580    0.290934     53.32     72.94    1.009
      alpha_symdir   2.451389    0.161987    1.689887    3.213485    2.405307    148.70    168.92    1.005
      alpha_symdir   1.109386    0.522781    0.276642    2.282973    1.212075      6.83     21.87    2.207
      alpha_symdir   1.769566    0.145941    1.114504    2.535883    1.715032     37.55     44.02    1.001
      alpha_symdir   2.260268    0.329184    1.305668    3.382017    2.161563     75.10     84.75    1.005
      alpha_symdir   1.827732    0.115345    1.206800    2.492462    1.786640     69.68    101.48    1.003
      alpha_symdir   2.217181    0.195174    1.471541    3.137517    2.165543     68.09     73.04    1.001
      alpha_symdir   1.493361    0.054914    1.081347    1.955173    1.463524     23.87     60.59    1.002
      alpha_symdir   2.338779    0.196363    1.468147    3.233350    2.298963     35.17    109.61    1.014
      alpha_symdir   1.867717    0.197076    1.047396    2.756421    1.825363     34.86     56.33    1.000
      alpha_symdir   1.755993    0.109436    1.154928    2.401081    1.714373     36.09     58.85    1.007
      alpha_symdir   2.318253    0.227472    1.506054    3.272344    2.246523    118.53    126.10    1.005
      alpha_symdir   1.744466    0.067697    1.268101    2.258577    1.724718     61.62     94.29    1.000
      alpha_symdir   1.960781    0.109514    1.354324    2.594597    1.925023    129.19    154.94    1.000
      alpha_symdir   0.286083    0.000450    0.244311    0.327096    0.286020    177.34    260.57    1.004
      alpha_symdir   1.916171    0.091957    1.359226    2.526607    1.889481     81.55    139.80    1.001
      alpha_symdir   2.414037    0.609327    1.154487    4.015416    2.261579     41.03     47.08    1.014
      alpha_symdir   1.065795    0.603970    0.266843    2.290089    0.784312     95.59     96.51    4.891
      alpha_symdir   0.108663    0.000060    0.095855    0.121900    0.107972   1889.71   3084.79    1.000
      alpha_symdir   0.320517    0.000558    0.276441    0.368457    0.319688     71.05     82.30    1.003
      alpha_symdir   1.892628    0.258566    0.810718    2.829798    1.850641     16.39     49.36    1.040
      alpha_symdir   2.162476    0.139999    1.479406    2.905643    2.121647    130.19    131.50    1.007
      alpha_symdir   1.993096    0.256679    1.184007    2.968760    1.899521     35.58     59.13    1.006
      alpha_symdir   2.982839    0.323842    2.010445    4.151290    2.905428    135.70    176.86    1.008
      alpha_symdir   1.698958    0.085480    1.159073    2.275056    1.674489     56.48     70.81    1.001
      alpha_symdir   2.070142    0.120886    1.457345    2.767133    2.025615    138.92    145.66    1.000
      alpha_symdir   1.722082    0.093451    1.186709    2.331612    1.690421     72.23     92.59    1.001
      alpha_symdir   1.784349    0.090142    1.233617    2.383227    1.756566    113.64    120.41    1.002
      alpha_symdir   2.981030    0.809060    1.543662    4.851566    2.830947     48.02     70.61    1.017
      alpha_symdir   2.106544    0.122728    1.496054    2.810973    2.065694    186.85    200.84    1.000
      alpha_symdir   1.686548    0.059558    1.256351    2.164812    1.659359    148.15    181.77    1.001
      alpha_symdir   0.328445    0.000570    0.281124    0.374450    0.327604     81.32    171.97    1.000
      alpha_symdir   0.302015    0.000436    0.260991    0.342819    0.301507     93.46    173.66    1.000
      alpha_symdir   0.309535    0.000580    0.263545    0.357706    0.308933    184.08    253.03    1.003
      alpha_symdir   1.905934    0.130597    1.242541    2.619235    1.866405    102.13    114.00    1.013
      alpha_symdir   3.457563    0.640938    2.069723    4.994006    3.336423     88.38    114.71    1.006
      alpha_symdir   1.774540    0.108255    1.199266    2.439350    1.730019     38.91     56.66    1.000
      alpha_symdir   1.640165    0.106357    1.011116    2.247733    1.622816     29.07     62.79    1.008
      alpha_symdir   2.369888    0.348477    1.398428    3.542690    2.263236     98.74    106.50    1.000
      alpha_symdir   0.309544    0.000488    0.267847    0.354212    0.309061     70.87    130.73    1.006
      alpha_symdir   2.134348    0.159059    1.435479    2.931133    2.076920    115.92    122.17    1.001
      alpha_symdir   0.289805    0.000589    0.243847    0.338763    0.288888     96.14     97.43    1.000
      alpha_symdir   2.395731    0.205611    1.559779    3.290049    2.357861     89.24    115.59    1.011
      alpha_symdir   2.608903    0.450506    1.444262    3.914368    2.507646     71.20     96.49    1.005
      alpha_symdir   2.224136    0.187986    1.476289    3.078877    2.166015     54.89     96.43    1.009
      alpha_symdir   2.267686    0.146788    1.592004    3.046376    2.219081    119.14    160.31    1.001
      alpha_symdir   2.009270    0.113692    1.371047    2.678186    1.980814    141.83    151.88    1.005
      alpha_symdir   0.305959    0.000518    0.262410    0.351333    0.305045    135.13    145.43    1.003
      alpha_symdir   1.100960    0.617742    0.259330    2.356621    1.182962     10.88     25.15    2.831
      alpha_symdir   1.774559    0.133603    1.127771    2.532295    1.737198     16.04     54.94    1.038
      alpha_symdir   1.505455    0.130709    0.868508    2.199571    1.480026     13.78     22.48    1.002
      alpha_symdir   2.082938    0.148747    1.389240    2.846941    2.050691     92.62    114.47    1.005
      alpha_symdir   1.801862    0.129588    1.145482    2.505762    1.763183     51.02     60.59    1.003
      alpha_symdir   1.934453    0.103243    1.355580    2.570653    1.900418    114.64    144.37    1.000
      alpha_symdir   2.385403    0.335627    1.452087    3.628900    2.289584     72.30     85.65    1.013
      alpha_symdir   2.368867    0.274508    1.485780    3.395096    2.288987    125.28    147.26    1.009
      alpha_symdir   0.129871    0.000080    0.113331    0.147998    0.129313    906.82   1218.62    1.000
      alpha_symdir   1.463508    0.065465    0.972281    1.965328    1.439794     23.97     32.18    1.006
      alpha_symdir   0.316191    0.000558    0.270510    0.363363    0.315536     61.27     61.28    1.008
      alpha_symdir   1.885854    0.089676    1.334314    2.486772    1.856911     43.66    132.80    1.000
      alpha_symdir   2.106373    0.294015    1.236745    3.201069    2.009989     67.72     80.20    1.040
      alpha_symdir   1.268267    0.083561    0.741764    1.806369    1.258100     15.20     16.18    1.076
      alpha_symdir   2.233094    0.148513    1.543309    3.017054    2.198499     63.55     65.24    1.000
      alpha_symdir   1.510825    0.192340    0.773747    2.277256    1.505000      8.25     12.52    1.085
      alpha_symdir   1.261940    0.111237    0.322638    1.747130    1.286971      7.53     14.19    1.015
      alpha_symdir   0.329354    0.000739    0.276326    0.382880    0.327968     37.65     74.41    1.004
      alpha_symdir   1.708531    0.086407    1.186691    2.278967    1.668961    134.52    145.19    1.010
      alpha_symdir   2.204963    0.213313    1.425955    3.162041    2.151621     66.06     84.82    1.022
      alpha_symdir   1.121909    0.808468    0.243328    2.657760    0.773853     77.91    372.78    2.852
      alpha_symdir   2.839383    0.602310    1.575635    4.468405    2.699732     64.20     66.40    1.070
      alpha_symdir   1.073891    0.574558    0.294650    2.273653    0.744067     24.17     35.47    3.356
      alpha_symdir   1.505733    0.059771    1.055320    2.007430    1.482553     40.63     95.58    1.021
      alpha_symdir   1.526487    0.057861    1.110223    2.015388    1.499602     55.62     88.05    1.019
      alpha_symdir   1.920509    0.088146    1.370130    2.507214    1.890053    162.58    168.15    1.009
      alpha_symdir   0.311262    0.000561    0.266041    0.358959    0.310644     95.66    225.96    1.002
      alpha_symdir   1.657153    0.062280    1.192396    2.149167    1.637774     24.93     59.68    1.010
      alpha_symdir   1.983905    0.074706    1.495620    2.525164    1.959555    216.93    250.99    1.001
      alpha_symdir   2.425596    0.404028    1.451115    3.697469    2.308098     80.04     91.90    1.001
      alpha_symdir   2.177741    0.236289    1.374991    3.165088    2.099025     76.48     96.70    1.000
      alpha_symdir   1.275129    0.043168    0.902164    1.695717    1.251365     31.49     36.48    1.007
      alpha_symdir   1.716123    0.086185    1.179833    2.296953    1.684645     53.21     69.18    1.000
