0.1395349
0.1666667
0.09090909
0.25
0.1590909
0.05
0.02564103
0.1363636
0.137931
0.08888889
0.1315789
0.125
0.04347826
0.125
0.1627907
0.04347826
0.2325581
0.1052632
0.2857143
0.125
0.08695652
0.2083333
0.06451613
0.1538462
0.05
0.2592593
0.1764706
0.1428571
0.1851852
0.1538462
0.1463415
0.1891892
0.05405405
0.1764706
0.06521739
0.1
0.07407407
0.1818182
0.05263158
0.12
0.106383
0.1034483
0.1489362
0.1276596
0.1081081
0.07407407
0.15
0.1666667
0.06060606
0.1333333
0.173913
0.1666667
0.1052632
0.1
0.125
0.08571429
0.1190476
0.09090909
0.1
0.1081081
0.05555556
0.15
0.08
0.1555556
0.1627907
0.1
0.1176471
0.2727273
0.03846154
0.07692308
0.15
0.1111111
0.075
0.08695652
0.1153846
0
0.1538462
0.1333333
0.1219512
0.1578947
0.1315789
0.09090909
0.1025641
0.1142857
0
0.02631579
0.1666667
0.2
0.1538462
0.04166667
0.09302326
0.1142857
0.06521739
0
0.125
0.1086957
0.1
0.07142857
0.1315789
0.2580645
