      TL             6.339635    0.068680    5.840352    6.862986    6.331517   1512.40   1587.27    1.001
      TL             6.340608    0.107368    5.703771    6.988634    6.333369    602.57    700.09    1.002
      TL             6.565549    0.066098    6.061282    7.066133    6.560101   2783.83   2878.20    1.000
      TL             6.254628    0.066904    5.760251    6.773607    6.249004   2944.71   3005.74    1.000
      TL             6.389955    0.066013    5.892140    6.901174    6.384621   2479.53   2676.53    1.000
      TL             3.554058    0.046185    3.143703    3.984525    3.545535    261.64   1122.53    1.001
      TL             5.823986    0.066852    5.317526    6.329518    5.818608   1664.07   1793.71    1.001
      TL             3.668673    0.080922    3.151724    4.254273    3.637640     19.35   1007.47    1.194
      TL             5.040812    0.063494    4.555673    5.538336    5.034192    341.92   1051.60    1.000
      TL             6.840900    0.077022    6.309665    7.398345    6.833570   2321.57   2589.11    1.000
      TL             6.031455    0.075456    5.515747    6.589841    6.024594   1168.01   1453.08    1.000
      TL             2.889455    0.096154    2.287424    3.495455    2.870583    446.69    509.79    1.006
      TL             4.652710    0.143450    3.890481    5.379298    4.639672     20.27    314.78    1.022
      TL             3.411908    0.118527    2.769989    4.091303    3.385281    641.31    707.66    1.003
      TL             7.139485    0.070516    6.617120    7.663799    7.135160   2557.59   2682.32    1.000
      TL             6.847641    0.065834    6.336468    7.342061    6.844797   2653.85   3376.97    1.000
      TL             6.457554    0.064591    5.963461    6.956618    6.452541   2611.08   2892.39    1.000
      TL             4.993170    0.358028    3.929304    6.079856    4.992037     11.34    553.33    1.532
      TL             2.572015    0.139636    1.909208    3.324462    2.521111    859.88   1042.21    1.000
      TL             3.110417    0.072084    2.600247    3.651704    3.102238    643.99    708.87    1.003
      TL             6.547576    0.060523    6.076065    7.036093    6.543459   3876.56   4373.76    1.000
      TL             4.599857    0.134970    3.919699    5.312851    4.568208     33.29    106.93    1.376
      TL             5.049050    0.071605    4.533675    5.580368    5.039380    417.77    557.62    1.000
      TL             4.104497    0.049055    3.670231    4.537542    4.099544   1282.78   1861.27    1.000
      TL             5.406460    0.059415    4.943513    5.897888    5.402247   1499.33   1712.94    1.000
      TL             5.349409    0.075283    4.813248    5.887624    5.338943   1369.20   1605.37    1.001
      TL             6.467344    0.087305    5.903873    7.064353    6.461085    678.24    994.00    1.000
      TL             5.445505    0.055208    4.989035    5.905465    5.440638   2854.25   3258.10    1.000
      TL             5.032785    0.079759    4.491385    5.591528    5.017635    152.27    239.89    1.000
      TL             5.393029    0.056501    4.936898    5.865597    5.387365   2345.30   2347.28    1.001
      TL             5.508647    0.057922    5.035807    5.978631    5.503020   1394.73   1871.57    1.000
      TL             6.785711    0.092228    6.187299    7.376946    6.778466    862.46    934.45    1.001
      TL             4.575947    0.043484    4.161161    4.977298    4.571367   3924.61   4458.14    1.000
      TL             2.933865    0.051611    2.497941    3.385687    2.924984    822.98    949.80    1.000
      TL             6.130305    0.057492    5.656942    6.590802    6.125134   3122.65   3199.82    1.000
      TL             2.804255    0.029948    2.465046    3.142859    2.799514   3830.30   4103.14    1.000
      TL             3.628535    0.054584    3.189717    4.103335    3.616629   1017.39   2619.75    1.183
      TL             3.177950    0.049438    2.750629    3.612403    3.167934   1099.37   1287.81    1.000
      TL             4.219923    0.102377    3.611822    4.857330    4.205392    744.07    870.47    1.000
      TL             3.823297    0.044833    3.404539    4.233778    3.817263    167.72   1038.24    1.001
      TL             6.429459    0.065616    5.930693    6.935091    6.423052   1215.61   1841.09    1.001
      TL             4.060879    0.044577    3.665149    4.493666    4.057007   2619.13   2768.93    1.000
      TL             6.148819    0.060238    5.671544    6.631221    6.142478   2850.92   2981.75    1.000
      TL             6.642214    0.071015    6.111229    7.152445    6.636498   1173.17   1523.63    1.000
      TL             6.155339    0.065928    5.666070    6.666061    6.148979   2899.97   2942.19    1.000
      TL             4.658743    0.062082    4.167716    5.144710    4.651194   1425.08   1429.70    1.000
      TL             4.976337    0.046849    4.554337    5.399702    4.971734   3995.04   4282.12    1.000
      TL             3.667504    0.042558    3.262901    4.066706    3.661112   1752.55   2090.09    1.000
      TL             5.611466    0.057290    5.153141    6.089973    5.605202   3183.59   3442.33    1.000
      TL             5.466115    0.053013    5.004954    5.904591    5.462700   2829.35   2895.14    1.000
      TL             4.219580    0.079056    3.677557    4.780042    4.209162    831.02    935.17    1.000
      TL             3.893278    0.088229    3.307992    4.466096    3.880498    670.19    792.33    1.000
      TL             3.948949    0.102113    3.344146    4.582916    3.932595    998.38   1077.04    1.001
      TL             4.948020    0.060344    4.471654    5.430051    4.940518   1120.73   1438.01    1.000
      TL             5.061607    0.045687    4.644713    5.484057    5.058829   4811.58   5044.13    1.000
      TL             4.840068    0.050391    4.406710    5.281752    4.836897   2085.84   2726.90    1.000
      TL             6.881665    0.087270    6.316963    7.473222    6.875135    220.37    478.62    1.000
      TL             3.806866    0.042449    3.410513    4.214476    3.801011   3939.95   4156.67    1.000
      TL             4.562771    0.110348    3.915081    5.205431    4.544508   1177.44   1189.61    1.001
      TL             4.983002    0.050743    4.526670    5.414176    4.976785   3002.00   3161.34    1.000
      TL             2.516362    0.051224    2.092870    2.971464    2.506931   1184.59   1270.31    1.000
      TL             5.315580    0.053879    4.871093    5.776820    5.309710   1669.65   2006.41    1.000
      TL             3.397427    0.031982    3.044393    3.743309    3.393456   5185.35   5544.74    1.000
      TL             6.655730    0.070717    6.144381    7.185920    6.648978   1133.09   1511.36    1.000
      TL             6.568951    0.067225    6.068830    7.079644    6.564348   3045.58   3058.73    1.000
      TL             6.663191    0.089944    6.066046    7.230095    6.655098   1096.01   1297.26    1.000
      TL             3.907449    0.125927    3.240542    4.615631    3.883641    694.24    817.02    1.004
      TL             4.260934    0.117783    3.628939    4.932532    4.235829    196.63    734.78    1.411
      TL             4.763181    0.061016    4.294762    5.264356    4.755971    736.38   1602.62    1.002
      TL             5.125891    0.085008    4.569358    5.700802    5.114424     61.86    113.11    1.000
      TL             5.251497    0.048429    4.817346    5.678910    5.247629   3482.30   3768.50    1.000
      TL             5.323232    0.070867    4.818378    5.862055    5.313347   1041.61   1129.76    1.001
      TL             6.520939    0.072643    6.007126    7.062270    6.514552   1275.18   1348.81    1.000
      TL             4.287773    0.057323    3.811029    4.744426    4.278841   1029.99   1420.96    1.001
      TL             3.866524    0.042368    3.458633    4.262382    3.859528   2999.79   3118.89    1.001
      TL             1.817457    0.053827    1.394349    2.288393    1.800566    758.69    822.92    1.000
      TL             5.962396    0.077005    5.437631    6.519309    5.954769    352.49    404.43    1.001
      TL             3.056457    0.050321    2.627002    3.504534    3.049409   1581.73   1667.75    1.000
      TL             5.986372    0.063998    5.493250    6.480893    5.978985   1423.88   1929.01    1.000
      TL             3.728231    0.048595    3.299349    4.162405    3.720272   1178.13   1267.31    1.001
      TL             6.402613    0.101676    5.794699    7.038899    6.389580     73.19    123.83    1.010
      TL             7.102360    0.078710    6.565407    7.660803    7.096797    986.31    999.82    1.000
      TL             4.959761    0.063739    4.461537    5.450173    4.948562     48.00     91.82    1.020
      TL             5.883015    0.091312    5.324437    6.503951    5.869507     35.16    296.54    1.003
      TL             5.020159    0.144280    4.283495    5.756585    4.998701    881.75   1040.98    1.000
      TL             5.974135    0.070646    5.459498    6.494251    5.967367   1204.24   1416.02    1.000
      TL             5.100347    0.072571    4.596895    5.650480    5.089736    710.18    863.01    1.000
      TL             3.672488    0.096225    3.113382    4.297524    3.645237    927.38    987.80    1.450
      TL             3.808928    0.039002    3.417683    4.192127    3.803167   3669.30   4432.76    1.001
      TL             4.669976    0.097128    4.076174    5.278484    4.648671    585.03    653.71    1.282
      TL             6.391483    0.082917    5.833052    6.957998    6.382161   1002.04   1039.22    1.001
      TL             6.153589    0.074143    5.618951    6.684669    6.147773   1440.33   1642.69    1.000
      TL             7.604173    0.104152    6.981591    8.245585    7.595296    941.10    963.41    1.001
      TL             4.214744    0.143543    3.513907    4.982329    4.187565    693.93    706.64    1.000
      TL             6.408015    0.069732    5.910506    6.941002    6.402108   2391.72   2453.29    1.000
      TL             6.945698    0.073559    6.415965    7.477122    6.939728   1891.51   1946.01    1.000
      TL             3.736027    0.036186    3.365545    4.110489    3.731070   5152.72   5254.33    1.000
      TL             4.284889    0.046159    3.876710    4.717960    4.280084   3587.76   3740.55    1.001
      TL             6.152409    0.083756    5.588876    6.721506    6.144566    575.25    750.13    1.000
      TL             5.117062    0.075761    4.589506    5.658549    5.106843    859.63    906.08    1.001
