      clockrate                0.504205    0.002495    0.414321    0.606863    0.499569    206.23    213.37    1.006
      clockrate                0.488035    0.002106    0.399192    0.578491    0.484825    171.49    241.59    1.001
      clockrate                0.563116    0.001980    0.480098    0.653554    0.560494    115.11    151.51    1.000
      clockrate                0.495989    0.001651    0.418895    0.578263    0.493163    175.29    228.12    1.001
      clockrate                0.545005    0.001595    0.471116    0.626098    0.542533    102.14    252.56    1.003
      clockrate                0.439531    0.002849    0.339479    0.545023    0.435152    435.91    437.07    1.001
      clockrate                0.521772    0.001523    0.448238    0.599797    0.519136    176.88    215.83    1.006
      clockrate                0.570827    0.012154    0.381125    0.794382    0.555779    173.67    216.98    1.001
      clockrate                0.453452    0.002539    0.359777    0.555160    0.449246    109.17    209.56    1.000
      clockrate                0.532594    0.001974    0.451264    0.624499    0.529751    130.53    159.01    1.000
      clockrate                0.504056    0.002316    0.413268    0.600127    0.499474     64.00     94.09    1.010
      clockrate                0.611401    0.014516    0.399360    0.855715    0.597399    363.39    478.23    1.000
      clockrate                0.493488    0.003886    0.378184    0.618859    0.487806    387.43    418.23    1.011
      clockrate                0.601528    0.027852    0.339179    0.925065    0.570012    149.07    169.96    1.008
      clockrate                0.505264    0.001879    0.423485    0.588183    0.501760     55.60     90.36    1.000
      clockrate                0.507467    0.001422    0.433098    0.579908    0.506226    267.19    270.85    1.001
      clockrate                0.540104    0.001907    0.456416    0.627426    0.537663    159.97    193.58    1.000
      clockrate                0.452841    0.004401    0.329948    0.584879    0.446891    482.79    505.39    1.004
      clockrate                0.749879    0.079108    0.352174    1.302488    0.681824    176.11    200.45    1.001
      clockrate                0.774465    0.014235    0.571392    1.012063    0.757285    303.93    365.72    1.000
      clockrate                0.561044    0.002213    0.473065    0.656077    0.557735    179.83    259.27    1.006
      clockrate                0.576478    0.004827    0.446543    0.713833    0.570124    351.82    380.42    1.000
      clockrate                0.588966    0.008044    0.434983    0.776518    0.576926    118.78    153.96    1.005
      clockrate                0.585001    0.006459    0.431339    0.741305    0.576756    148.12    160.97    1.003
      clockrate                0.521831    0.001657    0.443281    0.601699    0.519772    100.42    218.07    1.001
      clockrate                0.489246    0.006223    0.350611    0.650875    0.479394    233.56    253.49    1.000
      clockrate                0.537159    0.006917    0.393270    0.705118    0.524700    106.06    106.10    1.007
      clockrate                0.617077    0.003456    0.505638    0.733924    0.613253    165.40    218.37    1.000
      clockrate                0.571174    0.009169    0.406388    0.758359    0.557702    106.63    108.80    1.002
      clockrate                0.540929    0.002772    0.446202    0.648534    0.536177    138.24    216.04    1.000
      clockrate                0.639885    0.005468    0.507362    0.790582    0.634102    114.87    130.31    1.000
      clockrate                0.576816    0.003708    0.462945    0.693994    0.570621    110.31    138.05    1.005
      clockrate                0.472297    0.001499    0.401651    0.552969    0.470259    110.41    178.06    1.026
      clockrate                0.578731    0.005491    0.443315    0.727307    0.571820    528.80    595.95    1.000
      clockrate                0.579993    0.001673    0.501330    0.661839    0.578227    187.21    193.33    1.003
      clockrate                0.626306    0.007273    0.467540    0.794858    0.616746    249.48    338.28    1.000
      clockrate                0.644343    0.005106    0.514757    0.786205    0.637072    116.70    250.08    1.007
      clockrate                0.556501    0.004280    0.432833    0.687615    0.550180    167.84    236.92    1.002
      clockrate                0.476767    0.002811    0.381867    0.586771    0.472410    847.65    872.55    1.001
      clockrate                0.549841    0.002591    0.455377    0.652773    0.547064    379.11    411.85    1.000
      clockrate                0.469967    0.001571    0.395976    0.550436    0.467007     55.00     96.93    1.016
      clockrate                0.650987    0.008496    0.486930    0.834786    0.639176     32.17    109.41    1.008
      clockrate                0.528510    0.003001    0.428374    0.637674    0.524041     43.82     75.21    1.054
      clockrate                0.559409    0.003055    0.456738    0.668793    0.554089     44.48     94.02    1.013
      clockrate                0.518633    0.002330    0.432331    0.620480    0.514919    366.31    394.94    1.010
      clockrate                0.543936    0.004062    0.430049    0.673723    0.537402    298.00    334.79    1.002
      clockrate                0.652301    0.004044    0.538099    0.784360    0.646977    215.30    232.39    1.000
      clockrate                0.750705    0.010542    0.560128    0.956954    0.743535    229.87    282.64    1.000
      clockrate                0.450218    0.002320    0.360973    0.548941    0.446085    229.65    233.52    1.007
      clockrate                0.457932    0.001396    0.386806    0.532113    0.455575    194.83    209.16    1.001
      clockrate                0.661259    0.006424    0.510031    0.819299    0.653663    184.58    200.02    1.004
      clockrate                0.571179    0.005033    0.440104    0.714968    0.565806    139.33    394.21    1.010
      clockrate                0.571279    0.009481    0.387861    0.758638    0.559918    302.63    331.02    1.001
      clockrate                0.575590    0.003454    0.462310    0.689532    0.570084     55.46     93.99    1.023
      clockrate                0.513858    0.003197    0.413313    0.629680    0.507457     61.50    120.20    1.000
      clockrate                0.565632    0.004401    0.446467    0.698062    0.559099    122.17    152.72    1.000
      clockrate                0.469534    0.001657    0.396143    0.555021    0.466272    204.10    217.03    1.024
      clockrate                0.421074    0.002107    0.339098    0.515141    0.417039    243.55    378.17    1.001
      clockrate                0.636875    0.013888    0.421739    0.874039    0.625240    199.42    227.51    1.003
      clockrate                0.550777    0.002474    0.456113    0.651537    0.547490     57.49    176.11    1.000
      clockrate                0.412317    0.004910    0.281927    0.549152    0.404023    307.60    339.52    1.002
      clockrate                0.563203    0.003248    0.455668    0.674910    0.558995    223.80    252.03    1.002
      clockrate                0.522510    0.002595    0.428306    0.625583    0.518856    139.65    188.53    1.000
      clockrate                0.536741    0.002546    0.442290    0.636129    0.532898    135.81    165.63    1.011
      clockrate                0.518841    0.001858    0.436853    0.604464    0.516497    202.20    227.88    1.022
      clockrate                0.507747    0.004826    0.388227    0.644125    0.499960     50.85     68.28    1.010
      clockrate                0.504425    0.008506    0.345435    0.689474    0.493175    179.49    202.63    1.006
      clockrate                0.448534    0.008293    0.293712    0.634118    0.433469    102.93    127.29    1.001
      clockrate                0.461200    0.001989    0.377316    0.551076    0.459354    409.49    550.55    1.000
      clockrate                0.576167    0.009326    0.397365    0.764968    0.565019    140.11    141.53    1.004
      clockrate                0.569763    0.003210    0.466307    0.684291    0.564364    188.99    193.12    1.000
      clockrate                0.439816    0.004390    0.326398    0.576361    0.431136    163.69    170.42    1.006
      clockrate                0.596836    0.003544    0.482252    0.711414    0.593228    170.39    202.11    1.000
      clockrate                0.527300    0.003122    0.422716    0.639383    0.523316    521.26    563.75    1.000
      clockrate                0.637858    0.005566    0.507436    0.795974    0.631193    246.90    270.04    1.000
      clockrate                0.568091    0.029969    0.277619    0.914946    0.539613    309.99    430.08    1.001
      clockrate                0.440681    0.001868    0.358361    0.525559    0.437135     95.89    158.82    1.000
      clockrate                0.473476    0.004509    0.349286    0.604494    0.465693    275.29    434.26    1.001
      clockrate                0.689156    0.001890    0.607722    0.776815    0.686708    166.71    310.18    1.005
      clockrate                0.436426    0.005720    0.304779    0.591862    0.425868    255.75    258.89    1.003
      clockrate                0.467744    0.001864    0.384376    0.552842    0.465213    132.87    195.82    1.004
      clockrate                0.668947    0.003773    0.553527    0.791162    0.663413    137.37    163.90    1.002
      clockrate                0.471813    0.002011    0.386756    0.560890    0.468914    173.70    209.86    1.000
      clockrate                0.529913    0.003487    0.423148    0.650630    0.523691    203.70    208.59    1.014
      clockrate                0.600185    0.015190    0.389859    0.850539    0.579687    197.22    207.53    1.000
      clockrate                0.520195    0.001889    0.440230    0.609012    0.517840    105.56    242.84    1.009
      clockrate                0.738533    0.008128    0.572874    0.917965    0.730586    199.74    207.02    1.000
      clockrate                0.503691    0.009460    0.332021    0.697659    0.490184    183.25    186.39    1.013
      clockrate                0.529690    0.002634    0.430351    0.630548    0.527003    499.79    643.35    1.001
      clockrate                0.535389    0.002942    0.430060    0.641528    0.531448    307.09    308.97    1.000
      clockrate                0.523289    0.002477    0.430353    0.622347    0.519138     47.85     71.80    1.004
      clockrate                0.460461    0.002661    0.366147    0.562844    0.454887     28.94     45.32    1.007
      clockrate                0.523693    0.002908    0.425579    0.631297    0.519313     67.80     99.62    1.001
      clockrate                0.661409    0.030722    0.394743    1.013493    0.625394    130.65    153.56    1.002
      clockrate                0.517238    0.004057    0.395006    0.646167    0.513289    112.92    141.75    1.018
      clockrate                0.477338    0.003808    0.362689    0.596859    0.471511     61.53     66.51    1.002
      clockrate                0.585293    0.002400    0.490623    0.681281    0.583080    309.85    320.66    1.006
      clockrate                0.650881    0.005282    0.521357    0.796225    0.644366    297.10    315.91    1.001
      clockrate                0.501159    0.002601    0.404529    0.601059    0.497234    135.05    139.27    1.011
      clockrate                0.491949    0.003328    0.385727    0.609243    0.486554    124.27    199.05    1.000
