RFdist
0.2790698
0.25
0.1363636
0.1590909
0.2272727
0.1
0.1538462
0.09090909
0.3103448
0.3111111
0.1315789
0.25
0.173913
0.0625
0.3023256
0.1304348
0.1627907
0.1052632
0.2857143
0.125
0.2608696
0.1666667
0.06451613
0.1153846
0.075
0.1851852
0.1176471
0.2285714
0.1481481
0.1538462
0.3414634
0.3243243
0.1621622
0.05882353
0.02173913
0.2
0.1851852
0.2272727
0.1578947
0.2
0.212766
0.06896552
0.1489362
0.2340426
0.1351351
0.1851852
0.1
0.2083333
0.2121212
0.1111111
0.08695652
0.1666667
0.1578947
0.1666667
0.1875
0.02857143
0.1190476
0.1363636
0.15
0.08108108
0.1666667
0.2
0.04
0.1333333
0.2325581
0.2
0.1764706
0.2272727
0.03846154
0.1538462
0.25
0.07407407
0.2
0.2608696
0.1153846
0
0.1538462
0
0.02439024
0.1578947
0.1578947
0.2272727
0.1025641
0.1428571
0.05263158
0.07894737
0.3666667
0.2820513
0.1538462
0.08333333
0.09302326
0.1428571
0.1086957
0.1875
0.225
0.2608696
0.1333333
0.1071429
0.1578947
0.1290323
