      TL          8.440557    0.094722    7.854884    9.058795    8.432179   3299.33   3582.39    1.000
      TL          7.986944    0.094575    7.390267    8.596887    7.980020   1727.68   1754.55    1.000
      TL          8.587884    0.176616    7.835516    9.402888    8.550590     18.33   4346.65    1.427
      TL          8.177763    0.086290    7.606646    8.756748    8.170169   4383.96   4478.35    1.000
      TL          8.617690    0.086681    8.047886    9.190828    8.611412   6288.25   6812.81    1.000
      TL          5.282112    0.067068    4.779308    5.788194    5.274940   9524.42   9806.74    1.000
      TL          7.719679    0.077878    7.172037    8.264449    7.713900   6544.62   7068.96    1.000
      TL          4.592845    0.063181    4.104679    5.085518    4.582518   6110.74   6218.26    1.000
      TL          6.818627    0.077069    6.277906    7.371838    6.810894   6866.33   6959.17    1.000
      TL          8.811580    0.086899    8.231947    9.386890    8.804831   7391.08   7459.72    1.000
      TL          7.196754    0.073920    6.658632    7.723484    7.189841   4335.51   4805.54    1.000
      TL          3.234111    0.056563    2.763282    3.692247    3.221344   7412.80   7692.50    1.000
      TL          5.380408    0.067714    4.867334    5.881937    5.374598   8604.45   8658.86    1.000
      TL          3.448198    0.051625    3.008447    3.895499    3.438296   7013.59   7303.12    1.000
      TL          9.889069    0.111199    9.259431   10.562990    9.885055   6120.28   6339.77    1.000
      TL          9.333414    0.092493    8.757241    9.945527    9.327338   7157.48   7787.17    1.000
      TL          8.142636    0.086584    7.564926    8.718943    8.137975   4808.93   4935.56    1.000
      TL          5.051242    0.081272    4.509701    5.624580    5.039527   6038.81   6134.73    1.000
      TL          3.021989    0.127678    2.376058    3.747935    2.990574   5190.83   5558.55    1.000
      TL          4.321159    0.077651    3.778361    4.867783    4.303072   3168.34   3195.44    1.000
      TL          8.670826    0.079269    8.128040    9.230471    8.667074   7597.32   8284.52    1.000
      TL          5.201184    0.067013    4.697587    5.710525    5.192227   6471.69   6525.31    1.000
      TL          6.980825    0.084459    6.427960    7.562030    6.974518   6497.87   6822.05    1.000
      TL          5.204448    0.055792    4.753689    5.671927    5.198393   8688.67   9363.02    1.000
      TL          7.401133    0.072161    6.876393    7.924217    7.393127   5623.47   5917.15    1.000
      TL          6.824064    0.101077    6.221714    7.466382    6.812293   4021.47   4160.56    1.000
      TL          7.828329    0.079211    7.282053    8.388075    7.825382   9276.85   9383.38    1.000
      TL          7.344667    0.084069    6.755527    7.897959    7.337457   6701.51   6733.55    1.000
      TL          6.440882    0.077705    5.916210    7.004553    6.432319   7405.93   7897.15    1.000
      TL          6.429562    0.062202    5.934127    6.912344    6.423918   5372.28   5901.17    1.000
      TL          7.349117    0.080214    6.798006    7.901257    7.342677   5530.30   5769.53    1.000
      TL          7.778487    0.085759    7.210477    8.356542    7.771148   4920.73   5109.97    1.000
      TL          6.423423    0.062151    5.938587    6.915509    6.416238   5866.06   6017.01    1.000
      TL          3.687726    0.047234    3.274845    4.118712    3.681122   8898.46   9244.77    1.000
      TL          7.113018    0.059265    6.649661    7.605659    7.108725   8028.67   8330.58    1.000
      TL          4.083073    0.055033    3.620877    4.539278    4.075879   7011.94   7162.59    1.000
      TL          4.559397    0.044464    4.148934    4.970169    4.554671   8823.14   9349.48    1.000
      TL          3.268187    0.038702    2.868587    3.635370    3.260850   6377.01   6588.45    1.000
      TL          4.388385    0.050262    3.945013    4.824161    4.382079  11444.83  11839.50    1.000
      TL          5.061701    0.053801    4.606271    5.508473    5.059254   8506.45   8625.96    1.000
      TL          8.845698    0.096205    8.255035    9.464417    8.837508   3236.24   3617.03    1.000
      TL          5.401250    0.057327    4.930238    5.868600    5.395067   6897.02   7423.79    1.000
      TL          8.142533    0.083312    7.605000    8.728677    8.136795   4258.49   4508.05    1.000
      TL          8.814705    0.081282    8.258773    9.371501    8.812741   7856.91   8113.25    1.000
      TL          7.612900    0.078875    7.062051    8.162116    7.606745   5485.30   5546.12    1.000
      TL          5.264342    0.050549    4.816465    5.696353    5.261320  11554.03  11925.60    1.000
      TL          6.626251    0.057141    6.159821    7.092265    6.624193   8334.53   8431.33    1.000
      TL          5.096033    0.071144    4.585261    5.624683    5.086405   6037.71   6100.63    1.000
      TL          6.850363    0.066547    6.355757    7.364024    6.846212   9793.95  10566.35    1.000
      TL          7.147255    0.068838    6.649284    7.675222    7.141357   7286.53   7508.75    1.000
      TL          4.510925    0.053780    4.058891    4.971448    4.503477   8422.01   8671.56    1.000
      TL          4.679749    0.066710    4.183235    5.192723    4.671016   8691.82   9091.07    1.000
      TL          4.097122    0.066761    3.598866    4.606415    4.086551   5423.48   5442.43    1.000
      TL          6.535185    0.074036    6.016336    7.084999    6.526205   7697.98   7716.84    1.000
      TL          6.614516    0.067496    6.120496    7.131063    6.608176   9277.88   9844.52    1.000
      TL          5.662779    0.051237    5.210535    6.098487    5.657816  10310.93  10572.30    1.000
      TL          9.270950    0.094133    8.658909    9.861804    9.266553   7126.68   7414.55    1.000
      TL          4.986579    0.056471    4.520878    5.443553    4.979677  10291.08  10640.23    1.000
      TL          4.957281    0.056393    4.515450    5.440004    4.949874  10473.22  10714.68    1.000
      TL          6.719334    0.072278    6.202496    7.252148    6.712595   6239.88   6794.93    1.000
      TL          3.022920    0.048274    2.611009    3.466713    3.012304   5569.67   5698.83    1.000
      TL          7.266667    0.067033    6.757144    7.772550    7.263207   9442.80   9626.74    1.000
      TL          4.846025    0.059887    4.380296    5.336164    4.835789   3882.31   4652.00    1.000
      TL          9.040566    0.091827    8.461537    9.647503    9.034665   6490.51   6784.59    1.000
      TL          9.218017    0.106734    8.593592    9.873394    9.210604   4541.36   4618.51    1.000
      TL          8.575772    0.090021    7.992122    9.165324    8.569878   8250.52   8332.35    1.000
      TL          4.933205    0.097254    4.354703    5.566930    4.914580   5074.02   5157.67    1.000
      TL          5.446028    0.094086    4.863730    6.058934    5.430648   5567.62   6019.65    1.000
      TL          6.509539    0.078764    5.964161    7.059796    6.501890   7822.05   7975.26    1.000
      TL          5.979025    0.061968    5.481292    6.462288    5.973892   9666.46   9875.77    1.000
      TL          7.142581    0.065705    6.651808    7.652378    7.137883   8283.64   8988.96    1.000
      TL          6.363492    0.068520    5.852038    6.871595    6.356837   9705.54   9722.58    1.000
      TL          8.435784    0.081096    7.893289    9.009407    8.430499   9143.88   9384.76    1.000
      TL          5.516863    0.078869    4.981376    6.075495    5.504550   3724.52   3985.58    1.000
      TL          5.189303    0.053534    4.747887    5.650527    5.183052   9272.76   9677.48    1.000
      TL          3.035856    0.181886    2.291675    3.892261    2.975087   6508.46   6844.64    1.000
      TL          7.743872    0.075611    7.199876    8.283357    7.739863   8035.78   8070.67    1.000
      TL          3.969932    0.053158    3.526023    4.426821    3.961295   7347.45   7551.18    1.000
      TL          8.065275    0.084374    7.505006    8.645944    8.060164   4731.09   5369.47    1.000
      TL          5.094007    0.066090    4.591277    5.592860    5.084738   6648.72   7349.49    1.000
      TL          7.887276    0.095057    7.304036    8.509785    7.878101   4212.71   4403.90    1.000
      TL          9.015526    0.097410    8.424988    9.640180    9.004261   5487.05   5494.63    1.000
      TL          6.655883    0.061146    6.163604    7.131158    6.650823   6590.87   7070.21    1.000
      TL          6.930354    0.071326    6.419766    7.462571    6.925222   8119.02   8229.91    1.000
      TL          5.458268    0.086269    4.870621    6.022413    5.446866   5714.12   6159.07    1.000
      TL          7.661103    0.076373    7.124922    8.210902    7.652149   9301.76   9668.01    1.000
      TL          6.101087    0.077789    5.570210    6.660018    6.089093   3263.19   3726.84    1.000
      TL          4.627030    0.052336    4.181168    5.076021    4.621350  10934.59  11247.72    1.000
      TL          5.707684    0.067576    5.208950    6.223891    5.701568   7582.03   7688.95    1.000
      TL          6.037298    0.074390    5.522072    6.587648    6.030592   7988.84   8308.53    1.000
      TL          8.850863    0.100113    8.234715    9.467512    8.842499   4462.07   4971.46    1.000
      TL          8.277376    0.090804    7.670645    8.856694    8.272067   8564.40   8839.89    1.000
      TL         10.088692    0.130070    9.380098   10.787730   10.080990   3263.19   3919.08    1.001
      TL          5.150899    0.120795    4.488945    5.833961    5.127569   4692.79   4803.80    1.000
      TL          8.456669    0.087926    7.901132    9.056407    8.453064   8033.15   8103.39    1.000
      TL          9.361592    0.092137    8.774488    9.966922    9.355515   5450.75   5783.73    1.000
      TL          4.304709    0.042754    3.910449    4.717767    4.300101   7086.88   7175.91    1.000
      TL          5.477379    0.060982    5.016031    5.984434    5.470122   5101.92   5365.32    1.000
      TL          7.962137    0.095966    7.357769    8.567972    7.952215   1808.83   1875.40    1.001
      TL          6.516315    0.071538    5.990017    7.034668    6.509317   6504.85   6564.47    1.000
