      clockrate                0.625960    0.004093    0.506417    0.753695    0.621575     83.60    137.98    1.021
      clockrate                0.852689    0.021754    0.603163    1.149060    0.828978     77.17    101.65    1.001
      clockrate                0.660498    0.003126    0.554589    0.771730    0.658378    113.36    320.98    1.003
      clockrate                0.639589    0.012174    0.461558    0.872624    0.618275     16.79     23.82    1.006
      clockrate                0.637160    0.005294    0.506364    0.786916    0.630236     27.36     94.91    1.000
      clockrate                0.606394    0.007945    0.435158    0.778722    0.599178     69.61    148.41    1.000
      clockrate                0.676415    0.002738    0.572917    0.777509    0.675150    593.30    600.54    1.001
      clockrate                0.768299    0.016556    0.537702    1.026255    0.752203    155.61    167.25    1.011
      clockrate                0.722573    0.017318    0.493741    0.989742    0.703254    106.65    124.11    1.001
      clockrate                0.717745    0.004086    0.591807    0.838983    0.714340    123.25    130.29    1.002
      clockrate                0.600453    0.004733    0.470461    0.738256    0.597751    131.32    233.39    1.022
      clockrate                1.035190    0.099396    0.506051    1.674885    0.976920     27.60    145.35    1.009
      clockrate                1.008348    0.050654    0.629941    1.458165    0.973686    144.73    165.00    1.004
      clockrate                1.120420    0.112521    0.615785    1.787286    1.044870     83.60     98.53    1.000
      clockrate                0.789545    0.016468    0.552218    1.036803    0.778428     20.68     34.57    1.004
      clockrate                0.559351    0.002194    0.470073    0.651479    0.557816    224.85    463.24    1.000
      clockrate                0.621544    0.003616    0.508173    0.743014    0.618722     57.44    127.78    1.007
      clockrate                0.623433    0.019745    0.381388    0.908249    0.601194    190.20    200.59    1.000
      clockrate                1.885967    0.536767    0.691987    3.270801    1.802351     63.26     73.29    1.001
      clockrate                1.186016    0.066498    0.756078    1.716715    1.145983     20.74     38.72    1.005
      clockrate                0.680524    0.007182    0.529016    0.842764    0.670862     72.69    106.67    1.017
      clockrate                0.597732    0.008362    0.441408    0.777894    0.586909    225.61    296.33    1.001
      clockrate                0.771412    0.034203    0.485430    1.130917    0.734545     53.90     61.43    1.005
      clockrate                0.872755    0.050887    0.514844    1.317087    0.836036     58.81     68.11    1.001
      clockrate                0.702067    0.007447    0.549585    0.860873    0.690420     70.38     75.87    1.058
      clockrate                0.565332    0.006875    0.411377    0.730774    0.556857    140.61    142.72    1.001
      clockrate                0.699118    0.022685    0.471203    1.009558    0.667850     43.22     47.54    1.042
      clockrate                0.644562    0.006289    0.495856    0.804459    0.637209    104.78    120.84    1.001
      clockrate                0.963325    0.054059    0.595293    1.412334    0.921635     63.25    101.81    1.001
      clockrate                0.684645    0.005025    0.551303    0.823294    0.679222     73.12     82.79    1.020
      clockrate                0.694729    0.008699    0.519387    0.877773    0.686004     94.44    106.30    1.008
      clockrate                0.733093    0.015995    0.521564    0.984706    0.713187     20.25     20.81    1.024
      clockrate                0.577832    0.003556    0.465285    0.696253    0.574882    273.73    296.03    1.000
      clockrate                0.862473    0.072609    0.429222    1.406656    0.817912     55.84    175.75    1.006
      clockrate                0.625772    0.003503    0.522528    0.747778    0.620001     54.13     55.00    1.001
      clockrate                0.700885    0.013002    0.499885    0.935085    0.687907    194.87    251.81    1.001
      clockrate                0.566011    0.007255    0.417094    0.737016    0.554794     73.97    111.18    1.009
      clockrate                0.828554    0.031271    0.540898    1.202275    0.795203     68.65    112.56    1.000
      clockrate                0.853829    0.035393    0.551505    1.225034    0.824428     33.81    144.44    1.038
      clockrate                0.631177    0.013859    0.429351    0.862234    0.612510     50.32     86.29    1.016
      clockrate                0.530303    0.002685    0.431192    0.633604    0.528003    288.28    401.16    1.002
      clockrate                0.670723    0.020934    0.443328    0.969568    0.642439     47.42     62.47    1.008
      clockrate                0.714038    0.011656    0.526742    0.933995    0.701724     32.90     33.67    1.018
      clockrate                0.720342    0.016023    0.504564    0.971937    0.704303     58.91     77.31    1.000
      clockrate                0.741186    0.008799    0.574575    0.931187    0.727583     38.63     76.01    1.118
      clockrate                0.631193    0.008937    0.459030    0.823089    0.620781     89.60    141.12    1.032
      clockrate                0.737990    0.006463    0.586802    0.901123    0.734510    302.08    445.59    1.001
      clockrate                0.777006    0.037079    0.453074    1.158644    0.745203     23.50     84.52    1.041
      clockrate                0.603401    0.014399    0.403469    0.845753    0.583112     26.25     38.72    1.002
      clockrate                0.607678    0.003889    0.491339    0.733153    0.602609     59.93     79.09    1.027
      clockrate                0.786712    0.020073    0.548839    1.072532    0.761789     37.12     47.55    1.007
      clockrate                0.825629    0.045244    0.482010    1.251644    0.781493     47.39     47.65    1.001
      clockrate                0.635616    0.010218    0.449165    0.837904    0.626348    191.81    396.11    1.000
      clockrate                0.773288    0.025162    0.509661    1.083496    0.750535     70.41    127.61    1.000
      clockrate                0.679243    0.008951    0.502535    0.864457    0.671233     71.37     96.73    1.001
      clockrate                0.871742    0.033050    0.563188    1.235707    0.845530     22.41    103.09    1.007
      clockrate                0.612611    0.011602    0.417048    0.818631    0.599346     25.97     46.11    1.011
      clockrate                0.794646    0.030112    0.500663    1.141610    0.766111     23.10     54.51    1.012
      clockrate                1.064379    0.059305    0.671897    1.560654    1.021384    170.50    181.78    1.000
      clockrate                0.595411    0.007334    0.447559    0.774220    0.581307     21.60     21.74    1.002
      clockrate                1.019879    0.056244    0.625472    1.491838    0.983340    172.88    257.44    1.000
      clockrate                0.584696    0.003184    0.473351    0.694401    0.583125    840.82    975.39    1.001
      clockrate                0.657607    0.007109    0.502450    0.820912    0.652282    143.14    203.39    1.021
      clockrate                0.632653    0.009222    0.467587    0.835027    0.620360    100.76    112.16    1.000
      clockrate                0.621039    0.013992    0.432204    0.872167    0.597294     52.94     58.82    1.017
      clockrate                0.773356    0.029365    0.491673    1.114190    0.745995     36.43     42.18    1.004
      clockrate                1.030030    0.045572    0.660345    1.473318    1.005125    104.81    106.44    1.000
      clockrate                0.772217    0.039200    0.490909    1.165373    0.726746     44.37     45.38    1.021
      clockrate                0.649429    0.022556    0.416398    0.973784    0.614201     15.61     42.50    1.052
      clockrate                0.757027    0.022683    0.500767    1.066759    0.733649     38.35    100.38    1.015
      clockrate                0.734562    0.002729    0.633974    0.838659    0.733538    920.88   1214.56    1.000
      clockrate                0.806979    0.013564    0.597408    1.041193    0.793386    130.67    133.10    1.007
      clockrate                0.553354    0.004205    0.434066    0.684828    0.548539     77.45     87.43    1.000
      clockrate                0.644728    0.015537    0.431829    0.890004    0.625768     36.07     78.55    1.034
      clockrate                1.071866    0.087613    0.577039    1.645168    1.039456     10.26     40.10    1.038
      clockrate                2.143591    0.440897    1.033766    3.499037    2.033533    268.74    558.02    1.002
      clockrate                0.632666    0.003357    0.520304    0.745677    0.630775    174.94    296.00    1.000
      clockrate                1.056717    0.057459    0.673480    1.537199    1.012819     38.84     76.42    1.001
      clockrate                0.643721    0.012188    0.463231    0.871301    0.624340     29.78     57.52    1.006
      clockrate                0.758926    0.042262    0.473525    1.134051    0.723584     43.98    131.23    1.010
      clockrate                0.729942    0.015726    0.514580    0.982053    0.714338     74.16    131.08    1.002
      clockrate                0.630440    0.006242    0.495183    0.790541    0.618331     20.33     32.22    1.032
      clockrate                0.605258    0.004762    0.472067    0.738562    0.601940    274.76    408.06    1.026
      clockrate                0.658324    0.010221    0.469691    0.852482    0.649543     33.15    165.25    1.016
      clockrate                0.914724    0.079042    0.476537    1.472165    0.861262    148.84    157.27    1.000
      clockrate                0.625589    0.004831    0.498404    0.767156    0.621167    140.42    311.83    1.023
      clockrate                1.197639    0.068649    0.751577    1.714296    1.159750    165.61    178.42    1.000
      clockrate                0.807144    0.046882    0.433684    1.231487    0.777792     95.83    116.38    1.008
      clockrate                0.639231    0.007360    0.483340    0.802076    0.631726    166.48    454.95    1.034
      clockrate                0.910600    0.051911    0.563036    1.366704    0.859195     67.33     72.36    1.025
      clockrate                0.943180    0.024306    0.662967    1.254835    0.921808    125.71    136.90    1.002
      clockrate                0.826424    0.016844    0.597252    1.088950    0.809049     71.94     91.88    1.017
      clockrate                0.867046    0.029699    0.593403    1.232922    0.835588     62.14     68.47    1.000
      clockrate                0.941713    0.066965    0.547844    1.459548    0.882483     24.04     86.27    1.118
      clockrate                0.804335    0.028723    0.520896    1.136629    0.782712     55.74     59.49    1.001
      clockrate                0.764166    0.011496    0.566501    0.971514    0.755229     67.82    118.13    1.000
      clockrate                0.589074    0.011949    0.401324    0.803325    0.575249     62.56     78.84    1.016
      clockrate                0.964679    0.050987    0.610372    1.429595    0.919914     30.23     58.98    1.002
      clockrate                0.561589    0.004388    0.437761    0.694146    0.560053    203.85    266.48    1.000
      clockrate                0.654809    0.012300    0.461272    0.872393    0.639844     53.90    115.65    1.047
