      clockrate                0.656796    0.004799    0.518895    0.793412    0.654437     78.60    102.33    1.007
      clockrate                0.505473    0.002491    0.409364    0.603991    0.502550    240.18    388.33    1.001
      clockrate                0.620629    0.002270    0.529625    0.715878    0.617611    105.48    160.61    1.001
      clockrate                0.519711    0.001708    0.440536    0.602056    0.516840    212.88    244.46    1.007
      clockrate                0.595507    0.001929    0.507531    0.677982    0.593714    282.95    526.22    1.004
      clockrate                0.519349    0.004466    0.395952    0.654368    0.513672    577.76    593.47    1.007
      clockrate                0.635341    0.004818    0.514927    0.778197    0.626442     36.14     46.96    1.008
      clockrate                0.689822    0.009626    0.507540    0.885149    0.680594    266.66    277.47    1.000
      clockrate                0.505783    0.004965    0.384232    0.639005    0.497709     82.47    127.53    1.003
      clockrate                0.658335    0.003641    0.549617    0.780841    0.652815    120.44    189.22    1.024
      clockrate                0.598060    0.002937    0.500097    0.706082    0.592491    140.48    151.47    1.003
      clockrate                0.809691    0.043957    0.464808    1.224869    0.775166    265.01    320.38    1.003
      clockrate                0.668008    0.011819    0.461595    0.883400    0.658858     62.04    164.53    1.006
      clockrate                0.606242    0.014268    0.400357    0.838321    0.588243    235.52    254.89    1.005
      clockrate                0.618387    0.004540    0.495952    0.751203    0.610729     44.39     67.16    1.010
      clockrate                0.531785    0.002265    0.442489    0.624345    0.528387     62.77     69.42    1.006
      clockrate                0.547576    0.002807    0.447653    0.654128    0.542859     96.58    145.23    1.016
      clockrate                0.673120    0.028373    0.398229    1.018736    0.644793    195.66    212.56    1.001
      clockrate                0.767052    0.070708    0.346916    1.295193    0.717947    134.39    230.24    1.005
      clockrate                0.669978    0.017028    0.442250    0.932460    0.651971    360.49    467.61    1.004
      clockrate                0.519574    0.002759    0.421581    0.625997    0.514856    107.61    121.05    1.008
      clockrate                0.617714    0.004998    0.485392    0.761460    0.611823    270.63    413.73    1.000
      clockrate                0.709131    0.024430    0.440187    1.028170    0.686845    137.88    158.67    1.000
      clockrate                0.565693    0.005953    0.426680    0.716468    0.556676    164.02    231.66    1.013
      clockrate                0.650767    0.005249    0.518088    0.795791    0.644452     76.13     87.53    1.003
      clockrate                0.531674    0.005344    0.398930    0.677606    0.522504    127.49    153.56    1.002
      clockrate                0.574243    0.004506    0.453425    0.712546    0.567554     83.49    111.36    1.001
      clockrate                0.627952    0.009601    0.449352    0.816761    0.618113    132.90    157.40    1.002
      clockrate                0.555091    0.009575    0.388126    0.756082    0.541331    111.23    128.54    1.000
      clockrate                0.656622    0.006504    0.509649    0.816615    0.646445    140.01    152.64    1.000
      clockrate                0.704563    0.007188    0.556046    0.875089    0.695819     60.87    121.37    1.001
      clockrate                0.544324    0.013567    0.346293    0.777024    0.528282     59.87     66.22    1.004
      clockrate                0.590648    0.002701    0.491708    0.695239    0.587014     42.68     61.57    1.007
      clockrate                0.508703    0.009013    0.336323    0.690847    0.499243    395.08    458.77    1.001
      clockrate                0.610135    0.001731    0.530652    0.693087    0.609700    475.00    602.90    1.002
      clockrate                0.537522    0.006484    0.397260    0.701000    0.527123    252.70    302.71    1.003
      clockrate                0.528908    0.004645    0.406325    0.662744    0.520064     55.82     92.27    1.015
      clockrate                0.734077    0.012775    0.534951    0.970069    0.720044     43.44    134.12    1.012
      clockrate                0.572838    0.007401    0.410116    0.740010    0.566670    205.28    207.73    1.000
      clockrate                0.550046    0.004865    0.425605    0.690675    0.542171     77.06     90.19    1.011
      clockrate                0.498880    0.001637    0.418795    0.577191    0.497298    223.82    241.50    1.000
      clockrate                0.630376    0.014221    0.427492    0.883866    0.610180     57.31     71.85    1.001
      clockrate                0.524901    0.004663    0.398677    0.662416    0.520670     26.07     74.77    1.001
      clockrate                0.542464    0.001629    0.464178    0.621066    0.540710    201.18    268.46    1.018
      clockrate                0.558204    0.002214    0.470379    0.652341    0.555269    161.10    203.40    1.011
      clockrate                0.547868    0.003800    0.434316    0.672859    0.543330    132.48    134.56    1.000
      clockrate                0.633509    0.003556    0.523611    0.751490    0.629961    144.49    212.52    1.008
      clockrate                0.544174    0.008858    0.377342    0.736377    0.532639     82.54    188.62    1.002
      clockrate                0.495792    0.002128    0.407828    0.588241    0.493480    427.05    509.05    1.000
      clockrate                0.526126    0.005301    0.396890    0.673038    0.517063    131.95    134.14    1.002
      clockrate                0.666557    0.020912    0.419183    0.958494    0.645271    181.86    200.35    1.006
      clockrate                0.526937    0.004929    0.395498    0.666216    0.521059    304.47    388.47    1.001
      clockrate                0.580554    0.011117    0.396575    0.792719    0.566830    223.72    263.24    1.000
      clockrate                0.556037    0.002740    0.459382    0.662055    0.552317    327.22    335.18    1.002
      clockrate                0.716807    0.012092    0.528607    0.942118    0.701354     61.92     87.38    1.010
      clockrate                0.658868    0.006186    0.515006    0.820099    0.652950     46.39     76.34    1.021
      clockrate                0.599369    0.003400    0.489865    0.715955    0.594509    218.50    257.47    1.002
      clockrate                0.511534    0.006734    0.361653    0.674354    0.504690    323.61    341.24    1.001
      clockrate                0.622813    0.011574    0.450272    0.822104    0.608696    204.04    221.27    1.002
      clockrate                0.672779    0.007755    0.510654    0.846383    0.665316    151.73    210.67    1.006
      clockrate                0.895971    0.047807    0.542606    1.336503    0.865368    182.36    202.12    1.001
      clockrate                0.560923    0.002888    0.457653    0.665911    0.556741     86.39    156.80    1.000
      clockrate                0.481180    0.003999    0.363081    0.608378    0.475725    221.58    269.15    1.003
      clockrate                0.479371    0.001302    0.410278    0.548904    0.477068    114.20    366.29    1.099
      clockrate                0.668122    0.007530    0.513651    0.842890    0.658016    135.76    152.89    1.001
      clockrate                0.628297    0.003129    0.521976    0.738717    0.624249    133.39    161.65    1.000
      clockrate                0.706833    0.015284    0.490221    0.947198    0.690853    221.89    249.37    1.006
      clockrate                0.730116    0.023078    0.509969    1.039027    0.696482     42.32     65.82    1.001
      clockrate                0.663395    0.012537    0.474984    0.898021    0.646404    104.56    137.77    1.001
      clockrate                0.638986    0.026065    0.377114    0.963330    0.614222     62.01     63.86    1.016
      clockrate                0.537010    0.002355    0.448466    0.636349    0.533608    238.23    251.04    1.028
      clockrate                0.527039    0.004642    0.398565    0.660566    0.520649    215.79    217.70    1.004
      clockrate                0.655930    0.004404    0.531699    0.785295    0.650170     41.65    189.54    1.004
      clockrate                0.585720    0.008371    0.420878    0.769329    0.573994    268.49    311.13    1.000
      clockrate                0.616968    0.020407    0.394354    0.922629    0.589805    112.66    140.67    1.000
      clockrate                1.132528    0.216926    0.395817    2.067772    1.046319    305.82    375.04    1.001
      clockrate                0.548276    0.002950    0.447221    0.657785    0.543487     84.02     85.16    1.019
      clockrate                0.544520    0.007930    0.387434    0.725847    0.534925    235.91    243.14    1.001
      clockrate                0.589465    0.003981    0.473679    0.713779    0.582157    114.64    155.57    1.002
      clockrate                0.606032    0.021875    0.369818    0.904781    0.578630     69.09     72.74    1.001
      clockrate                0.619521    0.003983    0.503896    0.747441    0.614035    120.70    144.38    1.017
      clockrate                0.621293    0.002605    0.522268    0.723308    0.617290     27.87     40.78    1.003
      clockrate                0.544686    0.002947    0.439893    0.652167    0.542776    531.76    586.69    1.007
      clockrate                0.637234    0.007543    0.475265    0.811518    0.627046     28.46     55.28    1.023
      clockrate                0.658627    0.009966    0.491222    0.866074    0.641231    101.49    160.07    1.004
      clockrate                0.522236    0.003546    0.411962    0.637629    0.516158    123.50    214.66    1.000
      clockrate                0.763676    0.015972    0.541136    1.019305    0.747934    102.04    152.50    1.000
      clockrate                0.472171    0.009256    0.313467    0.653729    0.456793    128.55    137.95    1.001
      clockrate                0.649091    0.005606    0.511243    0.801867    0.642308    199.69    309.68    1.000
      clockrate                0.705491    0.013648    0.502960    0.934705    0.687473    146.54    185.31    1.000
      clockrate                0.553910    0.004325    0.439104    0.691439    0.546178     29.57     30.09    1.041
      clockrate                0.484556    0.002809    0.384369    0.589084    0.481449    137.55    148.52    1.002
      clockrate                0.594583    0.005892    0.462350    0.754090    0.583681     22.81     28.39    1.083
      clockrate                0.748548    0.040897    0.417196    1.162576    0.715619    152.30    201.83    1.000
      clockrate                0.564538    0.003614    0.454870    0.687269    0.558846    172.25    174.43    1.000
      clockrate                0.632206    0.002448    0.540511    0.732575    0.629577    303.92    321.26    1.002
      clockrate                0.666592    0.004603    0.538315    0.802899    0.661227    176.62    214.67    1.003
      clockrate                0.719194    0.014301    0.517495    0.963486    0.700782    128.15    129.87    1.006
      clockrate                0.474649    0.002209    0.386420    0.567027    0.472272    172.90    232.71    1.002
      clockrate                0.656212    0.005132    0.524630    0.802706    0.651170    259.99    336.83    1.001
