      alpha_symdir             3.805202    0.635763    2.384677    5.358858    3.703044   2773.94   3161.89    1.000
      alpha_symdir             3.699042    0.797630    2.174362    5.420946    3.558824   3311.48   3514.09    1.000
      alpha_symdir             3.712460    0.674298    2.265894    5.299501    3.594105   4465.81   4792.71    1.000
      alpha_symdir             3.319378    0.512882    2.103756    4.786632    3.217487   4232.09   4513.15    1.001
      alpha_symdir             3.438166    0.536455    2.175644    4.903446    3.331830   3304.41   4279.80    1.000
      alpha_symdir             2.615764    0.357043    1.629257    3.810529    2.524012   3656.62   4583.53    1.000
      alpha_symdir             3.286620    0.478980    2.112560    4.709380    3.187529   4338.19   5017.20    1.001
      alpha_symdir             3.057370    0.817012    1.671560    4.906688    2.883519   1912.39   2130.03    1.000
      alpha_symdir             2.387241    0.238804    1.548684    3.355870    2.318189   4001.35   4111.78    1.000
      alpha_symdir             3.090715    0.363595    2.032760    4.304333    3.017180   1275.90   1668.14    1.000
      alpha_symdir             3.104439    0.341072    2.085199    4.270642    3.020575   4857.79   5825.37    1.000
      alpha_symdir             3.740130    1.538695    1.746528    6.210743    3.516275   2506.07   2627.71    1.000
      alpha_symdir             3.536836    0.766745    2.128579    5.321832    3.386851   3141.54   4035.70    1.000
      alpha_symdir             2.882273    0.846108    1.457723    4.731678    2.693698   1255.56   1921.79    1.005
      alpha_symdir             3.241957    0.333164    2.247961    4.407092    3.170994   2285.23   3251.43    1.000
      alpha_symdir             3.331343    0.358796    2.299612    4.544441    3.261633   5517.99   5837.58    1.000
      alpha_symdir             3.583368    0.736215    2.136816    5.316537    3.452740   2321.33   2502.31    1.000
      alpha_symdir             3.563825    1.314199    1.784615    5.888257    3.350107   2973.59   3010.70    1.000
      alpha_symdir             2.597744    0.727652    1.268063    4.336423    2.430152   3995.87   4246.63    1.000
      alpha_symdir             3.697663    1.304968    1.900597    6.026657    3.491373   2617.23   2937.33    1.000
      alpha_symdir             4.302925    0.847359    2.720031    6.164968    4.172469   4197.00   4638.57    1.000
      alpha_symdir             2.907303    0.384889    1.828869    4.095073    2.811151   5203.31   5765.43    1.000
      alpha_symdir             3.563108    0.596404    2.235734    5.079476    3.447436   2938.13   3628.69    1.001
      alpha_symdir             4.059841    1.278000    2.181513    6.278248    3.858134   4277.14   4319.83    1.000
      alpha_symdir             4.098995    0.820210    2.539771    5.873200    3.965293   4756.91   5183.11    1.001
      alpha_symdir             4.694755    1.521922    2.559263    7.126830    4.499999    511.16    991.81    1.001
      alpha_symdir             3.261878    0.649849    1.863172    4.818267    3.140804   1366.80   1376.52    1.001
      alpha_symdir             5.369092    1.808710    3.101286    8.065334    5.167788   5514.60   5587.63    1.000
      alpha_symdir             5.306899    2.048289    2.876168    8.110357    5.077021   3741.36   4202.10    1.000
      alpha_symdir             2.647410    0.300518    1.696675    3.713037    2.568814   3995.94   4280.32    1.000
      alpha_symdir             2.983169    0.408870    1.868464    4.238498    2.894016    414.46    879.61    1.013
      alpha_symdir             3.115096    0.339870    2.084089    4.255088    3.034914   2906.62   4380.72    1.000
      alpha_symdir             3.175638    0.432275    2.075512    4.520999    3.080148   5367.68   5501.56    1.000
      alpha_symdir             3.935992    1.402572    2.061369    6.365532    3.718242   4432.06   4701.58    1.000
      alpha_symdir             3.682727    0.597041    2.410498    5.268681    3.559268   5131.79   5691.98    1.000
      alpha_symdir             3.619087    1.198755    1.876531    5.823008    3.420180   4521.57   4781.58    1.000
      alpha_symdir             2.104495    0.254149    1.272345    3.107522    2.039485   3425.47   3978.65    1.001
      alpha_symdir             3.424100    1.106550    1.805512    5.565389    3.218782   4538.81   4640.50    1.000
      alpha_symdir             4.555522    1.786551    2.366568    7.282166    4.326700   3457.01   3898.33    1.000
      alpha_symdir             2.987342    0.489240    1.850908    4.416856    2.880642   4733.59   5364.51    1.000
      alpha_symdir             3.672048    0.553336    2.370432    5.128901    3.564529   5329.08   5397.70    1.000
      alpha_symdir             5.713130    2.490439    3.086612    8.853365    5.474741   4749.89   5155.25    1.000
      alpha_symdir             3.733837    0.515695    2.476190    5.162810    3.641057   5156.62   5897.98    1.000
      alpha_symdir             3.002320    0.324303    1.982490    4.105548    2.927585   3587.38   4311.78    1.001
      alpha_symdir             3.133716    0.408169    1.998426    4.404760    3.050035   4426.40   4689.76    1.000
      alpha_symdir             4.398886    1.494009    2.401356    6.876030    4.191274    830.05   1175.43    1.001
      alpha_symdir             2.691296    0.474320    1.600922    4.100850    2.581004   2780.64   2796.46    1.000
      alpha_symdir             3.892719    2.054085    1.588854    6.684720    3.640769    117.72    165.61    1.002
      alpha_symdir             3.507831    0.699668    2.151378    5.191247    3.376700   1349.23   1665.65    1.001
      alpha_symdir             3.023958    0.388065    1.966641    4.232036    2.932606   5808.67   5855.95    1.005
      alpha_symdir             3.279600    0.860663    1.825782    5.137762    3.107115    478.84   1328.02    1.000
      alpha_symdir             4.052123    1.493649    2.054317    6.472956    3.826423    299.99    418.08    1.001
      alpha_symdir             1.759135    0.127516    1.142576    2.465440    1.707181   3778.56   3868.68    1.001
      alpha_symdir             3.629162    0.670724    2.270546    5.250321    3.497627   5061.81   5113.56    1.001
      alpha_symdir             4.362009    1.244160    2.489710    6.614746    4.176014   4325.29   4721.58    1.000
      alpha_symdir             3.391381    0.569334    2.081352    4.865763    3.266458   5079.09   5175.69    1.000
      alpha_symdir             3.799458    0.623374    2.461326    5.380373    3.692878   4384.99   4829.17    1.001
      alpha_symdir             3.222764    0.756849    1.829957    4.948991    3.065886   2568.75   3089.94    1.001
      alpha_symdir             3.817493    1.207155    2.067301    6.052111    3.625992   3928.17   4580.20    1.000
      alpha_symdir             2.957674    0.449172    1.842729    4.324521    2.850059   2985.28   3420.44    1.004
      alpha_symdir             2.285293    0.507781    1.182967    3.688993    2.138424   2409.48   2878.77    1.001
      alpha_symdir             4.033116    0.856616    2.436145    5.868286    3.895748   5501.09   5580.26    1.000
      alpha_symdir             3.243781    0.749460    1.813879    4.987436    3.098825   4516.69   4670.01    1.000
      alpha_symdir             3.874022    0.554062    2.564413    5.365335    3.783208   4883.62   5312.19    1.001
      alpha_symdir             4.473700    0.896782    2.789612    6.281648    4.334885   5125.40   5233.59    1.001
      alpha_symdir             3.959875    0.704572    2.548391    5.640926    3.832080   2731.23   3737.12    1.000
      alpha_symdir             3.609529    1.331882    1.819911    5.979830    3.394833   1973.16   2085.44    1.001
      alpha_symdir             2.214988    0.305265    1.334703    3.302611    2.121701   2143.85   2455.85    1.004
      alpha_symdir             3.174805    0.558055    1.868758    4.646684    3.059274   4515.53   4815.54    1.000
      alpha_symdir             3.455195    0.674799    2.093523    5.102290    3.311702   2628.90   2709.73    1.000
      alpha_symdir             4.476842    1.091749    2.745534    6.601781    4.321416   5359.73   5583.01    1.000
      alpha_symdir             3.687312    0.735998    2.266327    5.412963    3.552459   5699.68   5784.75    1.001
      alpha_symdir             4.017433    0.680703    2.571019    5.643584    3.904980   4428.77   4729.31    1.000
      alpha_symdir             4.025084    1.212035    2.198166    6.222462    3.841093   4061.88   4127.40    1.000
      alpha_symdir             3.603621    0.816801    2.058029    5.363812    3.451680   4142.27   4195.54    1.001
      alpha_symdir             2.262932    0.754228    0.959022    4.117072    2.085670   2773.99   2786.71    1.000
      alpha_symdir             4.151028    0.790690    2.615878    5.926386    4.022542   5841.78   5901.94    1.000
      alpha_symdir             2.976226    0.781051    1.594792    4.756929    2.817338   4284.88   4490.48    1.001
      alpha_symdir             4.463417    1.210210    2.627751    6.727427    4.290820   5022.75   5169.48    1.000
      alpha_symdir             2.728792    0.563236    1.468353    4.158062    2.594918   4183.56   4348.19    1.001
      alpha_symdir             3.125438    0.460797    2.008236    4.533053    3.032269   1606.77   1751.48    1.002
      alpha_symdir             3.064241    0.283832    2.137324    4.132404    3.000372   5431.39   5539.19    1.000
      alpha_symdir             3.313480    0.457842    2.138102    4.662099    3.213366   6370.94   6644.09    1.000
      alpha_symdir             2.842888    0.305512    1.858979    3.914195    2.762716   2876.42   4148.21    1.000
      alpha_symdir             3.737810    0.914304    2.130409    5.658151    3.583207    699.19   1127.77    1.001
      alpha_symdir             2.969671    0.299786    2.011961    4.053829    2.892236   4767.22   4999.40    1.000
      alpha_symdir             3.106260    0.592008    1.821469    4.648964    2.976262   1400.52   1653.12    1.000
      alpha_symdir             3.236494    0.687375    1.932867    4.970524    3.092919   4034.92   4758.97    1.000
      alpha_symdir             3.863571    1.064908    2.192907    5.932535    3.698451   4755.91   5186.98    1.000
      alpha_symdir             3.729463    0.902971    2.204114    5.672158    3.570180   4589.61   4844.55    1.000
      alpha_symdir             4.036886    0.663507    2.598271    5.648919    3.921996   5360.29   5468.77    1.000
      alpha_symdir             3.461666    0.557791    2.188332    5.003928    3.357162   3578.84   4119.44    1.000
      alpha_symdir             3.696710    0.542799    2.384272    5.138595    3.593515   3241.36   4103.49    1.000
      alpha_symdir             2.443153    0.307190    1.521604    3.538541    2.345235   2210.88   2370.99    1.000
      alpha_symdir             3.545258    0.527871    2.331152    5.027219    3.437899   1516.87   1980.71    1.001
      alpha_symdir             2.624537    0.163858    1.890552    3.438067    2.580858   5056.85   5122.19    1.001
      alpha_symdir             2.968715    0.474004    1.840817    4.418224    2.856036   4938.25   5412.15    1.001
      alpha_symdir             3.419173    0.865095    1.920047    5.203157    3.254468   3379.65   3977.74    1.000
      alpha_symdir             3.056773    0.398797    1.955198    4.323384    2.964204   2614.56   3056.95    1.000
      alpha_symdir             3.984396    1.014743    2.325517    6.023680    3.827861   4027.16   4272.72    1.001
