      ilnvar                   0.050257    0.001907    0.000336    0.133606    0.040219     35.89     49.62    1.049
      ilnvar                   0.014884    0.000292    0.000117    0.049554    0.009310     40.87     46.81    1.006
      ilnvar                   0.005594    0.000078    0.000001    0.024372    0.001690     13.57     17.32    1.018
      ilnvar                   0.016011    0.000458    0.000010    0.062480    0.006971     18.07     25.18    1.026
      ilnvar                   0.008020    0.000204    0.000002    0.036876    0.002766     15.69     16.36    1.000
      ilnvar                   0.016684    0.001147    0.000001    0.075821    0.003766     27.58     33.55    1.014
      ilnvar                   0.003583    0.000086    0.000001    0.021072    0.000221     13.98     14.50    1.092
      ilnvar                   0.059808    0.006491    0.000267    0.211706    0.031297     99.13    113.08    1.007
      ilnvar                   0.038439    0.001653    0.000492    0.116712    0.024722     86.76     99.21    1.003
      ilnvar                   0.054579    0.003714    0.000284    0.180324    0.033251     18.10     21.99    1.005
      ilnvar                   0.007324    0.000359    0.000001    0.040824    0.000626     12.57     22.15    1.018
      ilnvar                   0.332919    0.086075    0.000963    0.897743    0.253100    182.20    214.64    1.004
      ilnvar                   0.062760    0.004291    0.000024    0.181768    0.046901     31.23     66.68    1.009
      ilnvar                   0.065790    0.013250    0.000001    0.264332    0.022069     53.82     77.51    1.021
      ilnvar                   0.014843    0.000487    0.000079    0.061579    0.004729     27.77     28.36    1.018
      ilnvar                   0.004731    0.000090    0.000004    0.024067    0.001027     31.02     32.14    1.019
      ilnvar                   0.018766    0.000672    0.000027    0.067313    0.007771     13.29     13.63    1.007
      ilnvar                   0.052503    0.005726    0.000145    0.181566    0.028862     72.19    102.72    1.018
      ilnvar                   0.450690    0.244464    0.000280    1.435946    0.288466    781.67    845.55    1.000
      ilnvar                   0.076970    0.006820    0.000033    0.231364    0.053854    137.25    144.37    1.000
      ilnvar                   0.010075    0.000297    0.000008    0.043315    0.003145     13.91     15.03    1.059
      ilnvar                   0.027970    0.001428    0.000110    0.103497    0.013781     62.91     72.28    1.006
      ilnvar                   0.044205    0.003099    0.000030    0.146643    0.024759     14.96     51.14    1.041
      ilnvar                   0.036066    0.002749    0.000008    0.138032    0.016964     40.29     56.25    1.076
      ilnvar                   0.017408    0.000632    0.000010    0.069387    0.007192     27.10     34.44    1.178
      ilnvar                   0.152965    0.029246    0.000742    0.458464    0.100461     46.73     50.37    1.020
      ilnvar                   0.093804    0.006048    0.001723    0.249164    0.073549     45.26     56.80    1.020
      ilnvar                   0.046238    0.001962    0.000233    0.131525    0.034910     41.43     64.80    1.022
      ilnvar                   0.030069    0.001547    0.000082    0.102911    0.016782     43.43     55.16    1.002
      ilnvar                   0.023633    0.001026    0.000053    0.088987    0.010216     26.86     32.50    1.046
      ilnvar                   0.032727    0.002127    0.000019    0.126148    0.013671     18.13     23.82    1.267
      ilnvar                   0.015539    0.000405    0.000005    0.057122    0.007914     39.88     41.31    1.001
      ilnvar                   0.003333    0.000074    0.000001    0.016425    0.000266     16.23     21.84    1.011
      ilnvar                   0.085995    0.011762    0.000069    0.283291    0.053578     75.09    104.96    1.002
      ilnvar                   0.010913    0.000200    0.000016    0.040324    0.005461     25.60     27.38    1.002
      ilnvar                   0.004470    0.000120    0.000001    0.021478    0.000536     42.45     42.83    1.005
      ilnvar                   0.016593    0.001008    0.000022    0.074646    0.003538     43.61     46.40    1.015
      ilnvar                   0.011842    0.000438    0.000002    0.054197    0.002759     26.02     44.90    1.000
      ilnvar                   0.034866    0.003841    0.000003    0.129095    0.014768    104.17    114.84    1.000
      ilnvar                   0.019472    0.000893    0.000012    0.074003    0.008458     35.40     52.62    1.005
      ilnvar                   0.003168    0.000115    0.000001    0.021810    0.000112     15.68     26.92    1.059
      ilnvar                   0.019580    0.000537    0.000071    0.066272    0.011349     46.65     57.63    1.013
      ilnvar                   0.055066    0.002206    0.001300    0.148354    0.043209     35.95     39.23    1.001
      ilnvar                   0.009234    0.000158    0.000006    0.034988    0.004907     18.83     21.34    1.023
      ilnvar                   0.014997    0.000439    0.000036    0.056491    0.007296     20.26     34.89    1.025
      ilnvar                   0.079742    0.008576    0.000083    0.244791    0.051837     56.67     66.11    1.000
      ilnvar                   0.034439    0.000931    0.000080    0.092180    0.027201     18.12     35.83    1.011
      ilnvar                   0.066718    0.009842    0.000038    0.253245    0.028459     39.75     40.28    1.002
      ilnvar                   0.048681    0.002186    0.000616    0.136691    0.036097     58.86     61.99    1.002
      ilnvar                   0.004846    0.000110    0.000001    0.026061    0.000319     31.64     43.94    1.341
      ilnvar                   0.055435    0.005323    0.000134    0.192119    0.029867     41.54     68.70    1.004
      ilnvar                   0.101831    0.017028    0.000002    0.345001    0.062505     39.59     51.54    1.004
      ilnvar                   0.108417    0.014838    0.000071    0.337647    0.075462     44.73     45.14    1.007
      ilnvar                   0.012211    0.000369    0.000007    0.049922    0.004239     36.79     38.52    1.084
      ilnvar                   0.041304    0.002009    0.000194    0.130104    0.025682     30.59     35.50    1.008
      ilnvar                   0.018259    0.000641    0.000043    0.069598    0.008749     17.58     20.36    1.030
      ilnvar                   0.005897    0.000138    0.000001    0.027921    0.001011     21.51     22.98    1.100
      ilnvar                   0.071438    0.006699    0.000084    0.226151    0.046919     66.53     85.32    1.003
      ilnvar                   0.042525    0.003164    0.000102    0.145902    0.024522     61.02     98.36    1.007
      ilnvar                   0.010047    0.000487    0.000001    0.056025    0.001327     27.91     28.41    1.170
      ilnvar                   0.092196    0.032088    0.000010    0.379734    0.031465     61.28     68.69    1.010
      ilnvar                   0.005888    0.000146    0.000013    0.027443    0.001115     12.71     17.98    1.045
      ilnvar                   0.019588    0.000636    0.000017    0.071718    0.010663     46.17     58.41    1.005
      ilnvar                   0.017656    0.000887    0.000002    0.081116    0.004177     11.32     22.64    1.071
      ilnvar                   0.044535    0.001788    0.000016    0.124346    0.033645     22.45     43.44    1.020
      ilnvar                   0.070740    0.003582    0.001428    0.182335    0.055618     57.78     62.75    1.001
      ilnvar                   0.129248    0.022796    0.000600    0.399476    0.086017     96.10    142.41    1.001
      ilnvar                   0.023968    0.001742    0.000001    0.105444    0.006939     37.87     56.55    1.101
      ilnvar                   0.032264    0.001633    0.000005    0.113395    0.017653     35.03     58.53    1.004
      ilnvar                   0.084363    0.006183    0.000133    0.238240    0.064075     68.17     97.40    1.007
      ilnvar                   0.025223    0.000952    0.000145    0.088224    0.012895     14.69     20.18    1.006
      ilnvar                   0.006997    0.000166    0.000001    0.028994    0.002111     41.13     54.13    1.016
      ilnvar                   0.008776    0.000344    0.000001    0.046845    0.001191     20.77     21.97    1.044
      ilnvar                   0.122770    0.008295    0.003112    0.291897    0.103487    228.07    239.32    1.001
      ilnvar                   0.029444    0.002296    0.000003    0.126002    0.008438     25.47     33.98    1.097
      ilnvar                   0.308680    0.153692    0.000130    1.024356    0.183412    625.21    641.62    1.000
      ilnvar                   0.006082    0.000161    0.000001    0.031175    0.001001     24.08     25.72    1.001
      ilnvar                   0.043093    0.004965    0.000003    0.180828    0.015615     27.71     81.46    1.027
      ilnvar                   0.022581    0.000643    0.000041    0.071439    0.014513     21.80     27.63    1.008
      ilnvar                   0.033754    0.002074    0.000025    0.121912    0.017677     63.24    105.24    1.037
      ilnvar                   0.033874    0.001741    0.000012    0.117424    0.018640     11.57     31.69    1.021
      ilnvar                   0.000540    0.000002    0.000001    0.002410    0.000126     21.25     23.23    1.028
      ilnvar                   0.011490    0.000253    0.000012    0.041889    0.005955     20.29     20.52    1.011
      ilnvar                   0.021743    0.001243    0.000002    0.088544    0.008193     17.23     23.86    1.025
      ilnvar                   0.028074    0.001978    0.000004    0.116333    0.010286     30.78     34.79    1.026
      ilnvar                   0.006561    0.000255    0.000001    0.034035    0.000881     20.99     34.16    1.040
      ilnvar                   0.179305    0.016539    0.009880    0.426412    0.149087     32.18     64.54    1.002
      ilnvar                   0.051094    0.006058    0.000022    0.192816    0.022549     61.49     83.39    1.014
      ilnvar                   0.024270    0.001263    0.000032    0.098549    0.009637     47.61     48.84    1.006
      ilnvar                   0.028736    0.001281    0.000168    0.096612    0.016467     63.60     95.26    1.002
      ilnvar                   0.004423    0.000129    0.000001    0.027054    0.000204     10.94     16.84    1.000
      ilnvar                   0.004954    0.000068    0.000002    0.021375    0.001872     26.75     27.45    1.018
      ilnvar                   0.026057    0.001110    0.000157    0.093807    0.013598     19.78     28.59    1.006
      ilnvar                   0.634291    0.252224    0.055075    1.603805    0.497205    173.10    228.10    1.004
      ilnvar                   0.117201    0.005580    0.000507    0.257340    0.104570     49.96     77.16    1.014
      ilnvar                   0.006277    0.000126    0.000002    0.030126    0.001802     14.00     16.27    1.057
      ilnvar                   0.008602    0.000467    0.000003    0.039255    0.001767     47.29     67.54    1.052
      ilnvar                   0.021269    0.000770    0.000030    0.077817    0.011031     39.58     40.46    1.020
      ilnvar                   0.007642    0.000256    0.000007    0.037017    0.001396     19.00     26.02    1.011
      ilnvar                   0.016310    0.000600    0.000025    0.063753    0.007309     33.27     58.14    1.017
