      age[0]                   0.876105    0.000807    0.828490    0.932606    0.871508    1.005    2
      age[0]                   1.007379    0.000543    0.963639    1.054041    1.005313    1.000    2
      age[0]                   1.053028    0.001393    0.980590    1.124878    1.051006    1.009    2
      age[0]                   1.004288    0.001035    0.942535    1.067909    1.002279    1.001    2
      age[0]                   1.014884    0.001222    0.955821    1.089615    1.010223    1.018    2
      age[0]                  1.029266    0.001797    0.948136    1.113760    1.025182    1.002    2
      age[0]                  1.022545    0.000514    0.979938    1.067920    1.020613    1.001    2
      age[0]                  0.793549    0.002273    0.724240    0.887138    0.782386    1.035    2
      age[0]                  0.976183    0.000555    0.932855    1.023209    0.973874    1.002    2
      age[0]                   0.984428    0.002022    0.902934    1.076540    0.978320    1.000    2
      age[0]                   1.017327    0.003192    0.888507    1.118710    1.015326    1.004    2
      age[0]                  0.910590    0.011306    0.831189    1.138284    0.870305    1.000    2
      age[0]                  0.954881    0.004171    0.857064    1.067083    0.947780    1.000    2
      age[0]                  0.953709    0.004362    0.843316    1.087737    0.942772    1.024    2
      age[0]                   1.007229    0.001396    0.937883    1.078416    1.003941    1.002    2
      age[0]                   0.995030    0.000689    0.944291    1.046538    0.993211    1.001    2
      age[0]                   1.035142    0.000551    0.992372    1.082404    1.033078    1.002    2
      age[0]                  0.970575    0.001981    0.890353    1.058612    0.966536    1.000    2
      age[0]                  0.933729    0.027906    0.650444    1.263018    0.909099    1.001    2
      age[0]                  0.977424    0.000584    0.951793    1.024308    0.970758    1.000    2
      age[0]                   1.017978    0.001625    0.948458    1.099091    1.011674    1.008    2
      age[0]                  1.003610    0.000469    0.979082    1.047849    0.997809    1.000    2
      age[0]                  0.988979    0.004327    0.860402    1.118431    0.985372    1.006    2
      age[0]                  1.000534    0.002333    0.911678    1.098510    0.994738    1.034    2
      age[0]                   0.966938    0.002272    0.898857    1.053423    0.957593    1.042    2
      age[0]                  0.957519    0.004830    0.825807    1.093830    0.951365    1.018    2
      age[0]                  0.950812    0.002151    0.861863    1.043147    0.948426    1.007    2
      age[0]                  0.940054    0.001411    0.867596    1.014093    0.937666    1.003    2
      age[0]                  0.927317    0.002589    0.827813    1.025686    0.923814    1.000    2
      age[0]                   0.883595    0.001301    0.814575    0.954707    0.880557    1.001    2
      age[0]                   1.065023    0.003315    0.962625    1.182451    1.058481    1.106    2
      age[0]                  0.973841    0.001389    0.914772    1.046920    0.968711    1.001    2
      age[0]                  0.987298    0.000434    0.945736    1.027327    0.986139    1.009    2
      age[0]                  1.006948    0.001319    0.970761    1.082448    0.995613    1.000    2
      age[0]                   1.064889    0.001356    0.998368    1.138908    1.062362    1.000    2
      age[0]                  1.059857    0.001090    0.998036    1.125596    1.056176    1.001    2
      age[0]                  1.005204    0.003343    0.896772    1.121392    0.999218    1.005    2
      age[0]                  0.911367    0.000322    0.883444    0.940506    0.908815    1.001    2
      age[0]                  1.007838    0.000527    0.971661    1.055586    1.003352    1.003    2
      age[0]                  0.996498    0.000587    0.953464    1.046132    0.994116    1.000    2
      age[0]                   0.956872    0.001212    0.892718    1.026342    0.953170    1.009    2
      age[0]                  0.991670    0.001536    0.920607    1.071717    0.988137    1.000    2
      age[0]                   0.850019    0.002541    0.745873    0.948298    0.847993    1.005    2
      age[0]                   0.994167    0.001161    0.932698    1.064214    0.990632    1.001    2
      age[0]                  1.019509    0.000680    0.973433    1.070390    1.016362    1.000    2
      age[0]                  1.032252    0.002513    0.937374    1.126426    1.028835    1.000    2
      age[0]                   1.017691    0.001235    0.951505    1.086599    1.014841    1.003    2
      age[0]                  1.015537    0.003055    0.916933    1.116291    1.008757    1.001    2
      age[0]                  1.026784    0.001980    0.959179    1.113375    1.018539    1.001    2
      age[0]                   1.034940    0.001096    0.974358    1.098838    1.032317    1.002    2
      age[0]                  0.976897    0.000765    0.928126    1.033755    0.973592    1.000    2
      age[0]                  0.944632    0.003173    0.846112    1.053797    0.937787    1.009    2
      age[0]                  0.942029    0.004313    0.827742    1.061340    0.937330    1.002    2
      age[0]                  0.912243    0.002022    0.826241    1.000442    0.908335    1.004    2
      age[0]                  0.980397    0.000804    0.925220    1.035134    0.978261    1.000    2
      age[0]                  0.994387    0.000583    0.966031    1.043300    0.988361    1.002    2
      age[0]                   1.018836    0.000989    0.960198    1.081614    1.014639    1.006    2
      age[0]                  1.005581    0.003847    0.887100    1.129214    1.002693    1.001    2
      age[0]                  0.984428    0.001445    0.913849    1.059691    0.980659    1.000    2
      age[0]                  0.984894    0.000922    0.928204    1.037467    0.984074    1.011    2
      age[0]                  1.035912    0.001988    0.956590    1.115789    1.030486    1.004    2
      age[0]                   0.950546    0.000844    0.900498    1.006324    0.946952    1.001    2
      age[0]                  0.980863    0.000462    0.940039    1.023811    0.979456    1.005    2
      age[0]                   0.991191    0.001565    0.921393    1.071050    0.987531    1.027    2
      age[0]                   0.957861    0.001067    0.898462    1.018155    0.954456    1.000    2
      age[0]                   0.970283    0.001443    0.899426    1.046769    0.967209    1.007    2
      age[0]                  0.853620    0.004150    0.727927    0.978415    0.848537    1.000    2
      age[0]                  0.988808    0.000907    0.934856    1.050328    0.986111    1.003    2
      age[0]                  0.957357    0.001793    0.882502    1.044311    0.953131    1.001    2
      age[0]                  0.993811    0.002438    0.912264    1.089347    0.985760    1.007    2
      age[0]                   0.996383    0.001207    0.932438    1.069687    0.993694    1.005    2
      age[0]                  1.011270    0.000988    0.952848    1.073217    1.008256    1.000    2
      age[0]                   0.986755    0.001161    0.924071    1.052739    0.983698    1.011    2
      age[0]                  0.902190    0.001574    0.836768    0.975208    0.896535    1.004    2
      age[0]                  0.989957    0.000707    0.939052    1.042252    0.988995    1.000    2
      age[0]                  0.889559    0.008783    0.792186    1.062069    0.866007    1.000    2
      age[0]                   0.987907    0.001223    0.917814    1.057685    0.985753    1.003    2
      age[0]                  0.987742    0.001213    0.922773    1.057716    0.984813    1.000    2
      age[0]                   0.977251    0.000564    0.930582    1.024326    0.975350    1.000    2
      age[0]                  0.966599    0.000976    0.907816    1.029540    0.964803    1.001    2
      age[0]                   1.013291    0.006044    0.879271    1.175099    1.001309    1.000    2
      age[0]                   1.052681    0.004390    0.935933    1.195562    1.044123    1.000    2
      age[0]                   0.981957    0.001064    0.926391    1.041828    0.978273    1.000    2
      age[0]                  0.900866    0.003888    0.786634    1.028359    0.894355    1.011    2
      age[0]                  0.958113    0.001887    0.879449    1.045994    0.955037    1.000    2
      age[0]                  1.063286    0.002071    0.977486    1.152527    1.059146    1.005    2
      age[0]                  0.735912    0.006182    0.594755    0.905274    0.731597    1.000    2
      age[0]                  1.033928    0.003779    0.906477    1.145679    1.027290    1.000    2
      age[0]                  0.979457    0.001548    0.900116    1.054263    0.977465    1.003    2
      age[0]                  0.914238    0.001060    0.854297    0.979517    0.911811    1.000    2
      age[0]                   1.032720    0.001601    0.959682    1.108615    1.029851    1.022    2
      age[0]                  1.004637    0.001256    0.942645    1.079152    1.000625    1.001    2
      age[0]                   0.990787    0.001688    0.911254    1.069998    0.984888    1.000    2
      age[0]                  0.913252    0.002875    0.829853    1.016104    0.901406    1.029    2
      age[0]                   0.999194    0.002578    0.911921    1.104143    0.993006    1.001    2
      age[0]                   1.034810    0.000731    0.986008    1.088621    1.032579    1.004    2
      age[0]                  0.994769    0.000415    0.955833    1.034489    0.993446    1.001    2
      age[0]                  0.994656    0.000252    0.967111    1.025802    0.992771    1.001    2
      age[0]                   0.964203    0.002868    0.872865    1.073871    0.959336    1.000    2
      age[0]                  0.962803    0.003587    0.850427    1.085937    0.958738    1.000    2
