      alpha_symdir             4.120111    0.924488    2.549532    6.094276    3.962863   4363.86   5029.65    1.000
      alpha_symdir             3.580389    0.716218    2.156862    5.270430    3.452919   3399.01   3477.63    1.000
      alpha_symdir             2.497043    0.307579    1.607332    3.642089    2.413160   3583.84   4080.42    1.007
      alpha_symdir             3.169601    0.537037    1.944530    4.662501    3.050920   4106.06   4341.28    1.006
      alpha_symdir             3.680844    0.712035    2.243205    5.380306    3.554544   4805.81   5264.71    1.000
      alpha_symdir             3.028179    0.850510    1.550625    4.905036    2.852986   4220.55   4265.59    1.000
      alpha_symdir             2.399963    0.169637    1.664349    3.240212    2.349226   5496.04   5883.25    1.000
      alpha_symdir             3.191262    0.932572    1.690296    5.146695    3.007547   3202.47   3212.42    1.000
      alpha_symdir             2.925443    0.651642    1.600264    4.583803    2.792878   3372.82   3505.37    1.001
      alpha_symdir             4.465790    1.284059    2.492406    6.672939    4.299132   4936.90   5129.00    1.000
      alpha_symdir             3.578528    0.669908    2.184853    5.201463    3.447626   5311.84   5469.67    1.000
      alpha_symdir             2.381967    0.855531    1.056928    4.261500    2.174709   1728.91   1755.61    1.000
      alpha_symdir             2.549587    0.422045    1.456977    3.821213    2.441559   1719.54   2156.09    1.000
      alpha_symdir             3.355658    1.520959    1.434240    5.830877    3.110811   2945.26   3298.31    1.000
      alpha_symdir             2.756374    0.314709    1.796588    3.877436    2.675072   3414.80   3800.20    1.000
      alpha_symdir             2.828566    0.277612    1.900254    3.867500    2.758132   5864.69   5982.91    1.000
      alpha_symdir             2.676690    0.299590    1.682208    3.718134    2.608284   4098.38   4420.13    1.000
      alpha_symdir             3.571980    1.233021    1.804747    5.758707    3.364419   3631.39   3654.37    1.000
      alpha_symdir             1.944753    0.487260    0.895872    3.357846    1.796355   2545.24   3142.28    1.001
      alpha_symdir             2.468832    0.646778    1.262199    4.100705    2.309923   2489.73   2724.36    1.000
      alpha_symdir             4.123251    0.722447    2.637861    5.789576    4.006606   5489.26   5894.90    1.000
      alpha_symdir             4.216218    1.593150    2.160729    6.784797    4.003777   4149.47   4322.88    1.000
      alpha_symdir             3.423177    1.198651    1.734035    5.600808    3.203775    174.81    346.72    1.000
      alpha_symdir             3.832206    1.232692    2.028052    6.041902    3.645620   3658.01   4526.09    1.000
      alpha_symdir             3.939889    0.925414    2.319115    5.874746    3.785537   4540.30   4739.82    1.001
      alpha_symdir             3.456129    0.786027    1.985221    5.202547    3.312780   4556.94   4684.56    1.001
      alpha_symdir             3.528232    0.800397    2.034358    5.265453    3.387948   3575.29   3889.23    1.000
      alpha_symdir             3.368363    0.619187    2.095830    4.991220    3.242051   4492.45   4840.77    1.000
      alpha_symdir             3.360774    0.946086    1.835059    5.316089    3.174812   1003.33   1780.07    1.000
      alpha_symdir             2.661016    0.246120    1.787121    3.648088    2.596812   6189.83   6302.54    1.000
      alpha_symdir             2.646695    0.271137    1.738859    3.686426    2.577015   2272.44   2520.16    1.001
      alpha_symdir             4.387987    1.194018    2.504911    6.559668    4.215741   4813.52   5181.84    1.000
      alpha_symdir             4.096877    1.326884    2.186981    6.404126    3.901442   3395.88   4111.90    1.002
      alpha_symdir             2.771107    1.081603    1.212843    4.870088    2.552962   2386.75   2702.23    1.000
      alpha_symdir             4.141011    0.893083    2.530290    6.040252    4.002704   6157.48   6403.28    1.000
      alpha_symdir             3.370212    1.186657    1.639742    5.543652    3.158160   3118.67   3917.00    1.002
      alpha_symdir             2.685277    0.635102    1.380416    4.214854    2.535788   3945.71   4257.34    1.000
      alpha_symdir             2.233209    0.419539    1.239996    3.527363    2.103300   3974.29   4069.75    1.000
      alpha_symdir             2.698862    0.645444    1.449099    4.313567    2.547214   1356.60   2147.97    1.000
      alpha_symdir             4.210013    1.518188    2.178260    6.666532    4.011985   4886.81   5217.32    1.000
      alpha_symdir             3.522305    0.452117    2.341790    4.852464    3.431005   4764.22   4996.77    1.000
      alpha_symdir             2.717099    0.654981    1.397112    4.288651    2.569439   1948.49   2179.81    1.000
      alpha_symdir             2.840062    0.286056    1.943377    3.943935    2.771440   3442.17   4177.83    1.000
      alpha_symdir             3.516111    0.706131    2.096541    5.205844    3.384494   3245.95   3526.80    1.000
      alpha_symdir             3.743064    0.683187    2.316242    5.411732    3.624998   5617.47   5672.34    1.000
      alpha_symdir             3.948123    1.292948    2.109388    6.204664    3.756056   3326.88   3727.62    1.000
      alpha_symdir             2.212852    0.247339    1.384212    3.212140    2.136064   4145.12   4335.88    1.000
      alpha_symdir             2.290506    0.347963    1.349581    3.465940    2.180991   1695.37   1733.11    1.000
      alpha_symdir             2.436837    0.227307    1.623450    3.391938    2.371472   2079.90   2732.81    1.000
      alpha_symdir             2.399445    0.201161    1.629559    3.287277    2.331681   5159.18   5402.08    1.000
      alpha_symdir             2.479841    0.598696    1.281312    4.017943    2.329144    958.85   1562.54    1.001
      alpha_symdir             2.771603    0.542978    1.606643    4.219879    2.634719   3868.17   4545.32    1.001
      alpha_symdir             2.555400    0.596033    1.351089    4.096088    2.413436   3118.62   3537.78    1.000
      alpha_symdir             2.073043    0.142094    1.421270    2.850124    2.024247   5041.09   5430.12    1.000
      alpha_symdir             2.959018    0.539032    1.757298    4.425326    2.840410   3554.99   3632.44    1.000
      alpha_symdir             3.196667    0.860888    1.692636    5.004734    3.027210    999.55   1350.44    1.000
      alpha_symdir             3.249813    0.514109    2.014265    4.676896    3.149215   3673.79   4558.46    1.000
      alpha_symdir             3.002466    0.848571    1.527049    4.836358    2.840183   2972.94   3111.56    1.000
      alpha_symdir             3.364050    0.826799    1.909311    5.201106    3.197061   4992.22   5321.99    1.000
      alpha_symdir             3.380841    0.720986    2.006310    5.084425    3.226788   3864.94   4171.02    1.000
      alpha_symdir             2.845687    0.972576    1.384556    4.824021    2.645119   3375.34   3433.09    1.000
      alpha_symdir             3.494411    0.670578    2.093789    5.135606    3.372022   3360.81   4580.37    1.001
      alpha_symdir             2.347809    0.581106    1.191854    3.858794    2.193640   2242.29   2367.39    1.000
      alpha_symdir             2.901260    0.255090    2.004305    3.905830    2.843354   2211.39   3048.43    1.000
      alpha_symdir             3.906129    0.855739    2.346952    5.739022    3.759033   3952.82   4088.79    1.000
      alpha_symdir             3.385840    0.672015    2.007540    5.034521    3.245548   3253.31   3426.62    1.002
      alpha_symdir             3.747253    1.605228    1.747431    6.268196    3.522574   3263.98   3464.76    1.000
      alpha_symdir             2.291604    0.464420    1.141268    3.636585    2.184128   1663.08   1702.92    1.000
      alpha_symdir             3.339873    0.795098    1.850926    5.131435    3.180522   2940.01   3418.99    1.000
      alpha_symdir             2.943642    0.556467    1.723982    4.423272    2.806118    758.60    834.12    1.000
      alpha_symdir             3.124956    0.570954    1.872900    4.650515    3.008258   4954.62   4968.83    1.000
      alpha_symdir             2.696989    0.427958    1.621290    3.992446    2.591521   1150.18   1778.95    1.003
      alpha_symdir             4.146531    1.002211    2.473929    6.174767    3.994227   2501.04   2858.91    1.000
      alpha_symdir             4.584721    1.928568    2.295030    7.399483    4.363263   3818.96   3877.26    1.000
      alpha_symdir             3.710475    1.112996    1.980920    5.773463    3.529492   4043.95   4254.51    1.001
      alpha_symdir             1.961599    0.660805    0.830078    3.955667    1.791880   1906.91   1916.39    1.000
      alpha_symdir             3.145902    0.432346    2.023777    4.478404    3.047026   4581.26   4955.71    1.000
      alpha_symdir             2.525139    0.651108    1.312284    4.165626    2.365083   3065.25   3396.38    1.000
      alpha_symdir             3.967214    0.967397    2.347074    5.929040    3.809494   4833.99   4957.74    1.000
      alpha_symdir             1.867585    0.410214    0.843989    3.119647    1.752474    672.32   1035.81    1.002
      alpha_symdir             3.138523    0.486227    1.953603    4.502339    3.037903   2024.57   2143.56    1.000
      alpha_symdir             2.569781    0.197031    1.774150    3.444521    2.516905    487.68   1120.93    1.001
      alpha_symdir             3.613827    0.812273    2.131677    5.408503    3.458933   3640.60   4120.78    1.000
      alpha_symdir             2.874211    0.452601    1.736784    4.207997    2.770977   2350.12   2938.46    1.000
      alpha_symdir             2.961409    0.731761    1.547727    4.635459    2.805111   1216.06   1576.25    1.000
      alpha_symdir             3.241240    0.500530    2.072797    4.664676    3.128552   4639.96   4747.47    1.002
      alpha_symdir             2.058440    0.755369    0.854792    3.786834    1.884729    229.00    259.20    1.000
      alpha_symdir             1.683024    0.190552    0.970770    2.551069    1.614079    453.86    725.05    1.008
      alpha_symdir             3.298295    0.978826    1.733525    5.285878    3.114162   3975.20   4185.37    1.000
      alpha_symdir             3.441748    1.080810    1.786175    5.544155    3.249005   3835.39   3927.47    1.000
      alpha_symdir             3.832439    0.856998    2.314483    5.699963    3.683431   3172.14   3819.27    1.001
      alpha_symdir             4.034502    0.989099    2.332652    6.006577    3.871109    555.35   1623.55    1.000
      alpha_symdir             3.544687    0.562287    2.222549    5.013352    3.435947   1097.45   2117.40    1.005
      alpha_symdir             2.430604    0.407172    1.445711    3.721493    2.306128   2374.07   2999.96    1.002
      alpha_symdir             3.720827    0.611910    2.399173    5.310576    3.606598   5732.34   5767.05    1.000
      alpha_symdir             2.954936    0.337988    1.948450    4.121303    2.879720   5091.06   5231.95    1.001
      alpha_symdir             3.173970    0.783728    1.746758    4.927719    3.014367   3460.06   4259.40    1.000
      alpha_symdir             3.233650    0.734723    1.796971    4.893303    3.080586   5166.02   5212.58    1.001
      alpha_symdir             3.511930    0.625487    2.121627    5.034399    3.397609   2681.76   2913.40    1.000
      alpha_symdir             3.753787    1.015374    2.146054    5.813229    3.576760   4479.33   4598.34    1.000
