RFdist
0.09302326
0.2058824
0.1590909
0.09090909
0.1590909
0.05
0.1025641
0.04545455
0.137931
0.08888889
0.05263158
0.0625
0.173913
0.06666667
0.1162791
0.06521739
0.1395349
0.05263158
0
0.1875
0.1956522
0.125
0.06451613
0.1538462
0.1
0.2222222
0.1764706
0.1714286
0.1111111
0.1538462
0.1707317
0.2162162
0.05405405
0.1176471
0.1086957
0.15
0.1481481
0.04545455
0.05263158
0.16
0.2978723
0.1034483
0.1489362
0.1702128
0.08108108
0.1111111
0.1
0.1666667
0.1212121
0.1111111
0.1304348
0.1666667
0.1052632
0.2333333
0.0625
0.1142857
0.2142857
0.09090909
0.05
0.1621622
0.2222222
0.175
0.04
0.1111111
0.255814
0.125
0
0.2272727
0.03846154
0.03846154
0.2
0.1111111
0.15
0.173913
0
0
0.2051282
0.06666667
0.09756098
0.1578947
0.1052632
0.04545455
0.1538462
0.1142857
0
0.02631579
0.1
0.3
0.03846154
0.04166667
0.1627907
0.08571429
0.1521739
0.125
0.225
0.1086957
0.06666667
0.1428571
0.1842105
0.06451613
