      age[0]                   0.895520    0.000629    0.851551    0.947481    0.892081    1.001    2
      age[0]                   0.997432    0.000499    0.956899    1.038733    0.994961    1.000    2
      age[0]                   1.000445    0.000912    0.944237    1.058040    0.997810    1.001    2
      age[0]                   0.989397    0.000904    0.930254    1.046031    0.988480    1.073    2
      age[0]                   1.022038    0.001017    0.964457    1.089372    1.019445    1.049    2
      age[0]                  1.095725    0.002821    0.999572    1.199482    1.090537    1.003    2
      age[0]                  1.025163    0.000539    0.983735    1.072329    1.022957    1.021    2
      age[0]                  0.773771    0.000962    0.723604    0.836289    0.767393    1.008    2
      age[0]                  1.026111    0.001001    0.968700    1.088302    1.023097    1.000    2
      age[0]                   0.983114    0.000952    0.928498    1.047039    0.980378    1.011    2
      age[0]                  0.958315    0.002544    0.871656    1.050211    0.954260    1.054    2
      age[0]                  0.888141    0.003256    0.831187    0.999212    0.871806    1.001    2
      age[0]                  0.973614    0.004615    0.857048    1.093377    0.968838    1.005    2
      age[0]                  0.951024    0.006194    0.824126    1.112193    0.933722    1.001    2
      age[0]                   1.012295    0.001575    0.938109    1.089994    1.009366    1.002    2
      age[0]                   0.970888    0.000521    0.927095    1.015463    0.969563    1.001    2
      age[0]                   1.046247    0.000712    0.998024    1.098611    1.043129    1.000    2
      age[0]                  0.980863    0.002191    0.890864    1.074109    0.977448    1.005    2
      age[0]                  0.842751    0.008958    0.666031    1.031965    0.834372    1.003    2
      age[0]                  1.036684    0.002212    0.952088    1.117188    1.033745    1.000    2
      age[0]                   0.991804    0.000834    0.937469    1.049479    0.989247    1.001    2
      age[0]                  1.019963    0.001235    0.979082    1.087923    1.011019    1.000    2
      age[0]                  0.993301    0.007215    0.832963    1.160575    0.987424    1.000    2
      age[0]                  1.000613    0.001892    0.919030    1.086751    0.996834    1.015    2
      age[0]                  0.968904    0.001670    0.898949    1.045041    0.962482    1.007    2
      age[0]                  0.938222    0.003203    0.822590    1.048403    0.936115    1.001    2
      age[0]                  1.017257    0.002729    0.919175    1.126449    1.012264    1.011    2
      age[0]                  0.960959    0.001655    0.881911    1.042913    0.957753    1.006    2
      age[0]                  0.988151    0.005874    0.832346    1.145266    0.985308    1.024    2
      age[0]                   0.906448    0.001660    0.828131    0.986608    0.904113    1.003    2
      age[0]                   1.001843    0.002823    0.906111    1.106845    0.996818    1.009    2
      age[0]                  0.974549    0.001517    0.914779    1.045916    0.968908    1.014    2
      age[0]                  0.982820    0.000493    0.941173    1.029917    0.981480    1.030    2
      age[0]                  1.037296    0.004023    0.970761    1.162250    1.018908    1.000    2
      age[0]                   1.043877    0.001252    0.977923    1.112950    1.040218    1.005    2
      age[0]                  1.030144    0.001066    0.968338    1.095068    1.027669    1.000    2
      age[0]                  0.933774    0.001685    0.857063    1.014928    0.931331    1.004    2
      age[0]                  0.917032    0.000312    0.886184    0.951529    0.915215    1.000    2
      age[0]                  1.041460    0.001386    0.982044    1.118161    1.034049    1.000    2
      age[0]                  1.034992    0.001326    0.965391    1.108081    1.032858    1.000    2
      age[0]                   0.963628    0.001133    0.900793    1.028957    0.961380    1.012    2
      age[0]                  0.961458    0.001585    0.885592    1.037194    0.958717    1.012    2
      age[0]                   0.950989    0.003904    0.831436    1.071423    0.948333    1.004    2
      age[0]                   0.992035    0.001252    0.924756    1.060093    0.989715    1.000    2
      age[0]                  0.995647    0.000747    0.953218    1.052486    0.990413    1.001    2
      age[0]                  1.016646    0.002260    0.931343    1.106766    1.011370    1.005    2
      age[0]                   1.040650    0.001610    0.966309    1.122027    1.037510    1.000    2
      age[0]                  1.026800    0.002894    0.925582    1.134032    1.020128    1.004    2
      age[0]                  0.996479    0.000540    0.953940    1.041894    0.993820    1.000    2
      age[0]                   0.997006    0.000713    0.948762    1.049984    0.993291    1.001    2
      age[0]                  1.012096    0.001124    0.950967    1.082923    1.009868    1.003    2
      age[0]                  0.919971    0.001680    0.848442    1.000723    0.915166    1.008    2
      age[0]                  0.972669    0.003418    0.856631    1.091762    0.969522    1.002    2
      age[0]                  1.012190    0.006212    0.852071    1.174225    1.008616    1.002    2
      age[0]                  0.989708    0.000952    0.932191    1.052126    0.986999    1.002    2
      age[0]                  0.999844    0.000723    0.966028    1.051361    0.993938    1.005    2
      age[0]                   1.028757    0.000988    0.970898    1.090225    1.025823    1.008    2
      age[0]                  0.950951    0.001514    0.873415    1.026061    0.948404    1.003    2
      age[0]                  0.998951    0.001705    0.923898    1.082176    0.994992    1.003    2
      age[0]                  0.999884    0.001068    0.936252    1.062043    0.997985    1.002    2
      age[0]                  1.016717    0.001436    0.956540    1.085946    1.011371    1.000    2
      age[0]                   1.017692    0.002875    0.915467    1.119322    1.011464    1.001    2
      age[0]                  0.967902    0.000795    0.917198    1.023145    0.964880    1.007    2
      age[0]                   1.094792    0.002906    0.992451    1.195766    1.091590    1.000    2
      age[0]                   0.972957    0.001114    0.914709    1.043483    0.968919    1.000    2
      age[0]                   0.988544    0.001304    0.921903    1.058918    0.985653    1.000    2
      age[0]                  0.853861    0.003233    0.743561    0.964805    0.850355    1.004    2
      age[0]                  1.070936    0.002931    0.964694    1.175537    1.067198    1.000    2
      age[0]                  1.004653    0.002603    0.910166    1.107852    1.000612    1.002    2
      age[0]                  1.000280    0.001598    0.927181    1.081279    0.996648    1.000    2
      age[0]                   1.007370    0.001091    0.943338    1.072647    1.005489    1.003    2
      age[0]                  1.042030    0.001582    0.965015    1.119657    1.039983    1.004    2
      age[0]                   0.994532    0.002571    0.907708    1.095997    0.988649    1.001    2
      age[0]                  0.958566    0.002676    0.862985    1.066393    0.953803    1.006    2
      age[0]                  1.012395    0.001010    0.954641    1.077523    1.010088    1.002    2
      age[0]                  0.832549    0.001638    0.792186    0.910293    0.821057    1.000    2
      age[0]                   1.037398    0.002322    0.950330    1.136426    1.034171    1.006    2
      age[0]                  0.972351    0.001174    0.905233    1.043046    0.970774    1.004    2
      age[0]                  0.978510    0.000600    0.930192    1.025065    0.977266    1.009    2
      age[0]                  1.031431    0.002324    0.943884    1.133830    1.028388    1.002    2
      age[0]                  0.974361    0.003647    0.864138    1.089772    0.970859    1.001    2
      age[0]                   1.043379    0.004015    0.934035    1.183578    1.037029    1.004    2
      age[0]                   0.969844    0.000957    0.925971    1.027374    0.964651    1.001    2
      age[0]                   0.844124    0.002760    0.742250    0.948543    0.840721    1.000    2
      age[0]                  0.982091    0.002924    0.875506    1.087413    0.980426    1.000    2
      age[0]                  1.028999    0.001524    0.955444    1.106615    1.026247    1.003    2
      age[0]                  0.761557    0.004085    0.628964    0.890166    0.759341    1.031    2
      age[0]                  0.969970    0.001492    0.911962    1.047705    0.961308    1.009    2
      age[0]                  1.049947    0.003107    0.948312    1.171924    1.046170    1.000    2
      age[0]                  0.906207    0.001553    0.834604    0.985689    0.902256    1.000    2
      age[0]                   1.004364    0.000872    0.945811    1.061320    1.002647    1.010    2
      age[0]                  1.021235    0.001766    0.942974    1.107949    1.018558    1.000    2
      age[0]                   1.000000    0.001846    0.926213    1.091439    0.993316    1.026    2
      age[0]                  0.938946    0.002854    0.853452    1.042378    0.929191    1.017    2
      age[0]                   0.998588    0.001533    0.926554    1.075220    0.994228    1.001    2
      age[0]                   1.082016    0.001101    1.020567    1.149378    1.079138    1.008    2
      age[0]                  0.999470    0.000495    0.960054    1.043869    0.997434    1.000    2
      age[0]                  0.984724    0.000295    0.962749    1.019007    0.980792    1.000    2
      age[0]                   0.916111    0.002681    0.815721    1.020013    0.912223    1.003    2
      age[0]                  0.881771    0.001737    0.814022    0.968391    0.874713    1.001    2
