RFdist
0.3953488
0.2777778
0.1818182
0.4318182
0.3181818
0.2
0.1538462
0.09090909
0.3448276
0.2888889
0.1578947
0.125
0.173913
0.125
0.255814
0.2173913
0.2093023
0.1578947
0.4285714
0.25
0.2391304
0.1666667
0.1935484
0.1923077
0.275
0.3333333
0.3529412
0.2285714
0.1481481
0.2307692
0.3902439
0.3513514
0.2702703
0.05882353
0.08695652
0.2
0.1851852
0.2272727
0.2631579
0.32
0.4255319
0.137931
0.2553191
0.3829787
0.1081081
0.2222222
0.3
0.2083333
0.2424242
0.1777778
0.04347826
0.05555556
0.2105263
0.2666667
0.0625
0.1714286
0.2619048
0.2272727
0.15
0.1621622
0.2222222
0.375
0.04
0.2
0.2325581
0.2
0.1764706
0.2272727
0.1153846
0.1923077
0.25
0.1481481
0.175
0.173913
0.1538462
0.6666667
0.2051282
0.2
0.2195122
0.1578947
0.2105263
0.2045455
0.3589744
0.2857143
0.2105263
0.1052632
0.3
0.15
0.1923077
0.08333333
0.2790698
0.1428571
0.1086957
0.25
0.225
0.2826087
0.4
0.03571429
0.2105263
0.3548387
