      ilnvar                   0.017843    0.000695    0.000006    0.069273    0.007829     21.64     25.40    1.017
      ilnvar                   0.023993    0.000558    0.000741    0.069394    0.016732     55.51     70.34    1.006
      ilnvar                   0.041696    0.001222    0.000818    0.106762    0.032958     36.57     45.74    1.036
      ilnvar                   0.029878    0.000991    0.000040    0.092620    0.021208     22.33     22.71    1.001
      ilnvar                   0.052906    0.001432    0.001185    0.125488    0.045216     53.69     58.19    1.001
      ilnvar                   0.129023    0.009363    0.001281    0.305266    0.109246    109.64    195.51    1.020
      ilnvar                   0.013342    0.000673    0.000001    0.062927    0.001325     14.25     16.47    1.065
      ilnvar                   0.043279    0.003662    0.000013    0.150200    0.021861     76.04     92.15    1.006
      ilnvar                   0.034515    0.001482    0.000289    0.115685    0.021290     46.39     69.16    1.005
      ilnvar                   0.033088    0.001111    0.000009    0.098068    0.023392     14.58     36.99    1.024
      ilnvar                   0.046721    0.001768    0.000186    0.127652    0.037449     21.36     57.00    1.076
      ilnvar                   0.033076    0.002423    0.000001    0.121122    0.015797     86.93    107.40    1.000
      ilnvar                   0.051988    0.003155    0.000261    0.158062    0.034635     45.91     51.42    1.004
      ilnvar                   0.032636    0.002689    0.000017    0.132601    0.012228    120.47    128.89    1.001
      ilnvar                   0.033856    0.001156    0.000125    0.098381    0.023591     18.75     23.01    1.000
      ilnvar                   0.005647    0.000129    0.000011    0.025330    0.001607     22.04     23.50    1.041
      ilnvar                   0.052012    0.002182    0.001029    0.149489    0.037815     19.41     35.86    1.045
      ilnvar                   0.041714    0.002733    0.000161    0.141465    0.023403    136.77    144.70    1.001
      ilnvar                   0.204283    0.075615    0.000004    0.680861    0.119434    413.22    470.04    1.000
      ilnvar                   0.047263    0.004718    0.000014    0.178498    0.021053    110.27    124.31    1.000
      ilnvar                   0.010538    0.000202    0.000027    0.038139    0.005080     28.28     29.06    1.057
      ilnvar                   0.043421    0.002836    0.000049    0.141254    0.026517     39.17     62.49    1.027
      ilnvar                   0.028278    0.001164    0.000017    0.095619    0.016643     21.06     47.94    1.027
      ilnvar                   0.157323    0.020968    0.003226    0.431273    0.119338     48.26     69.30    1.018
      ilnvar                   0.014809    0.000601    0.000012    0.065619    0.004136     23.74     25.27    1.019
      ilnvar                   0.054769    0.002223    0.000156    0.143824    0.043308    110.31    124.74    1.011
      ilnvar                   0.259688    0.022226    0.024437    0.543109    0.231977     79.47    130.41    1.006
      ilnvar                   0.030117    0.001295    0.000054    0.101809    0.018843     31.48     35.67    1.001
      ilnvar                   0.033848    0.001693    0.000557    0.112715    0.018637     72.21     81.40    1.003
      ilnvar                   0.014226    0.000512    0.000021    0.058708    0.003919     12.89     26.56    1.048
      ilnvar                   0.056642    0.003817    0.000227    0.167760    0.039332     42.91     49.65    1.000
      ilnvar                   0.010672    0.000176    0.000010    0.038502    0.006081     28.91     33.84    1.010
      ilnvar                   0.004475    0.000149    0.000001    0.025117    0.000438     15.32     28.91    1.000
      ilnvar                   0.154955    0.024599    0.000223    0.440384    0.112157    192.66    197.34    1.002
      ilnvar                   0.003205    0.000039    0.000003    0.014812    0.000754     13.09     24.08    1.000
      ilnvar                   0.031444    0.002079    0.000001    0.122112    0.013835     35.81     50.24    1.000
      ilnvar                   0.042593    0.003114    0.000009    0.156936    0.021908     23.70     41.16    1.011
      ilnvar                   0.048487    0.003287    0.000183    0.159774    0.029609     59.84     80.94    1.000
      ilnvar                   0.024192    0.001814    0.000006    0.094373    0.009401     34.05     52.90    1.002
      ilnvar                   0.044163    0.002314    0.000118    0.139686    0.028704     61.78     74.44    1.000
      ilnvar                   0.020967    0.000667    0.000052    0.075649    0.011507     21.18     31.52    1.016
      ilnvar                   0.023607    0.000854    0.000088    0.081872    0.013040     41.64     57.33    1.010
      ilnvar                   0.047568    0.002246    0.000183    0.142490    0.032928     15.65     19.75    1.019
      ilnvar                   0.013322    0.000245    0.000089    0.043352    0.008629     32.77     41.60    1.011
      ilnvar                   0.011631    0.000322    0.000010    0.046719    0.004372     21.06     21.91    1.001
      ilnvar                   0.026443    0.001018    0.000010    0.089610    0.015118     27.08     28.81    1.003
      ilnvar                   0.021385    0.000642    0.000179    0.070617    0.012775     39.68     60.33    1.037
      ilnvar                   0.269906    0.063416    0.000770    0.767042    0.200993     73.87     82.01    1.008
      ilnvar                   0.024243    0.001334    0.000020    0.095653    0.010139     32.83     44.12    1.010
      ilnvar                   0.005031    0.000111    0.000003    0.025134    0.000961     18.89     19.76    1.009
      ilnvar                   0.037900    0.002462    0.000001    0.130262    0.020931     23.58     50.91    1.014
      ilnvar                   0.055326    0.004610    0.000055    0.175336    0.034462    131.91    146.14    1.004
      ilnvar                   0.091433    0.011512    0.000150    0.295954    0.058349    107.60    129.13    1.002
      ilnvar                   0.013271    0.000383    0.000031    0.053251    0.004579     33.18     40.23    1.045
      ilnvar                   0.019759    0.000682    0.000031    0.072006    0.010442     34.74     45.09    1.013
      ilnvar                   0.046917    0.002288    0.000070    0.139091    0.034160     38.92     68.94    1.065
      ilnvar                   0.036924    0.000920    0.000888    0.094987    0.030545     39.63     54.27    1.006
      ilnvar                   0.028513    0.001823    0.000001    0.110989    0.010801     19.29     48.02    1.021
      ilnvar                   0.061359    0.005281    0.000137    0.198173    0.037096     71.47     99.55    1.013
      ilnvar                   0.056226    0.004381    0.000386    0.178893    0.033986     30.16     40.99    1.012
      ilnvar                   0.162473    0.033119    0.000014    0.482948    0.118969     47.78     58.88    1.000
      ilnvar                   0.017296    0.000830    0.000002    0.078276    0.003133     16.56     18.31    1.010
      ilnvar                   0.031450    0.001789    0.000019    0.114594    0.015379     30.72     49.20    1.003
      ilnvar                   0.003178    0.000055    0.000001    0.016039    0.000654     16.20     21.60    1.001
      ilnvar                   0.024803    0.001036    0.000033    0.090485    0.011793     12.21     20.26    1.000
      ilnvar                   0.013978    0.000380    0.000088    0.051942    0.006575     15.23     30.94    1.000
      ilnvar                   0.132063    0.017717    0.000567    0.376716    0.093217    138.88    162.12    1.012
      ilnvar                   0.042241    0.002259    0.000087    0.131798    0.026803     68.29     86.30    1.008
      ilnvar                   0.098970    0.008262    0.000241    0.270854    0.079277     87.65     87.99    1.010
      ilnvar                   0.034356    0.001787    0.000151    0.118151    0.018724     60.42     76.11    1.004
      ilnvar                   0.011124    0.000248    0.000029    0.041745    0.004693     17.62     19.60    1.004
      ilnvar                   0.010826    0.000299    0.000002    0.044743    0.003675     24.73     25.20    1.003
      ilnvar                   0.025104    0.001045    0.000002    0.087831    0.014209     12.53     27.79    1.022
      ilnvar                   0.013757    0.000401    0.000003    0.051875    0.006521     60.69     60.99    1.000
      ilnvar                   0.027803    0.001369    0.000051    0.101506    0.014044     39.68     73.51    1.002
      ilnvar                   0.306394    0.133128    0.000121    0.976547    0.192627    442.65    524.74    1.001
      ilnvar                   0.008859    0.000134    0.000100    0.033671    0.004210     37.67     41.60    1.001
      ilnvar                   0.023967    0.001844    0.000011    0.101307    0.008328     55.31     83.89    1.003
      ilnvar                   0.018785    0.000426    0.000111    0.061009    0.011960     38.72     45.38    1.001
      ilnvar                   0.026075    0.001238    0.000027    0.096142    0.013450     82.34    109.66    1.006
      ilnvar                   0.160587    0.011893    0.000243    0.358496    0.146655     15.25     63.10    1.015
      ilnvar                   0.007712    0.000227    0.000001    0.040015    0.001231     13.36     18.96    1.159
      ilnvar                   0.049968    0.002456    0.000014    0.145953    0.038599     12.14     25.78    1.051
      ilnvar                   0.032297    0.002523    0.000058    0.122842    0.014271     31.88     33.03    1.009
      ilnvar                   0.264485    0.041620    0.001488    0.646721    0.217010    106.33    142.56    1.000
      ilnvar                   0.046481    0.002402    0.000044    0.141595    0.033517     16.00     24.71    1.000
      ilnvar                   0.073527    0.005156    0.001412    0.204857    0.053417     37.27     65.38    1.001
      ilnvar                   0.047683    0.005410    0.000003    0.182697    0.019693     35.41     61.50    1.008
      ilnvar                   0.029690    0.001666    0.000255    0.108636    0.014469     60.59     73.57    1.042
      ilnvar                   0.033671    0.001569    0.000178    0.112445    0.020291     35.80     62.94    1.000
      ilnvar                   0.019193    0.000567    0.000149    0.064442    0.011172     33.46     43.96    1.081
      ilnvar                   0.017037    0.000493    0.000212    0.061342    0.008853     59.33     66.42    1.001
      ilnvar                   0.014945    0.000448    0.000034    0.059219    0.005127     20.99     21.00    1.038
      ilnvar                   0.038139    0.004071    0.000030    0.146359    0.015958    144.21    158.13    1.002
      ilnvar                   0.011221    0.000277    0.000056    0.042392    0.004922     20.40     28.22    1.007
      ilnvar                   0.026834    0.000976    0.000049    0.087199    0.016709     15.50     17.29    1.019
      ilnvar                   0.023739    0.001595    0.000003    0.105418    0.007108     28.35     33.81    1.039
      ilnvar                   0.014721    0.000518    0.000003    0.060787    0.006031     31.01     38.32    1.010
      ilnvar                   0.011304    0.000583    0.000002    0.057324    0.001051     19.10     20.38    1.064
      ilnvar                   0.025976    0.000874    0.000260    0.084697    0.015374     46.65     48.28    1.000
