      age[0]                   0.954290    0.002036    0.870523    1.036134    0.951181    1.000    2
      age[0]                   1.020947    0.000826    0.970717    1.077733    1.017465    1.000    2
      age[0]                   1.038481    0.001506    0.960541    1.113133    1.035579    1.003    2
      age[0]                   1.036256    0.001364    0.967929    1.109338    1.034135    1.000    2
      age[0]                   0.994798    0.000764    0.946706    1.053781    0.991724    1.010    2
      age[0]                  0.963931    0.001438    0.902482    1.038191    0.958100    1.000    2
      age[0]                   0.999729    0.000391    0.964348    1.040170    0.997686    1.000    2
      age[0]                  0.858398    0.006145    0.728212    0.998726    0.852728    1.021    2
      age[0]                  1.016341    0.000973    0.958937    1.078984    1.013489    1.001    2
      age[0]                   0.932906    0.000531    0.891203    0.978858    0.930850    1.001    2
      age[0]                   0.926671    0.000494    0.885175    0.970150    0.924967    1.000    2
      age[0]                  0.873287    0.002133    0.831188    0.970816    0.855640    1.005    2
      age[0]                  0.946564    0.002574    0.857082    1.036941    0.940928    1.009    2
      age[0]                  0.925228    0.001102    0.864993    0.991579    0.922167    1.000    2
      age[0]                   1.029657    0.001791    0.950786    1.115224    1.025861    1.030    2
      age[0]                   0.963513    0.000473    0.921850    1.005394    0.962290    1.000    2
      age[0]                   1.037223    0.000654    0.990799    1.088823    1.034858    1.001    2
      age[0]                  1.038654    0.002968    0.935819    1.145620    1.034649    1.002    2
      age[0]                  0.775615    0.005576    0.629413    0.921739    0.770906    1.001    2
      age[0]                  0.983398    0.000693    0.951793    1.033172    0.977679    1.000    2
      age[0]                   1.000896    0.000784    0.948079    1.055547    0.998717    1.005    2
      age[0]                  0.997905    0.000271    0.979084    1.029797    0.993679    1.000    2
      age[0]                  0.947487    0.002562    0.853601    1.047556    0.943039    1.001    2
      age[0]                  1.051637    0.006182    0.899153    1.205724    1.051137    1.010    2
      age[0]                   0.938634    0.000683    0.898855    0.987965    0.934273    1.003    2
      age[0]                  0.941643    0.002516    0.852473    1.044698    0.936809    1.000    2
      age[0]                  0.926089    0.001931    0.846061    1.014798    0.922270    1.000    2
      age[0]                  0.955626    0.001553    0.881810    1.035649    0.952482    1.008    2
      age[0]                  0.935817    0.002559    0.841644    1.041569    0.932890    1.004    2
      age[0]                   0.980894    0.001893    0.900492    1.065481    0.977762    1.000    2
      age[0]                   0.949206    0.000862    0.892974    1.006868    0.947551    1.000    2
      age[0]                   0.942103    0.000478    0.914770    0.984733    0.936932    1.001    2
      age[0]                  1.013555    0.000719    0.966248    1.068528    1.010386    1.003    2
      age[0]                  1.005344    0.001327    0.970761    1.075157    0.994328    1.002    2
      age[0]                   1.008098    0.000760    0.957555    1.066156    1.006740    1.005    2
      age[0]                  1.000835    0.000613    0.955600    1.051182    0.998669    1.004    2
      age[0]                  0.918571    0.001442    0.845689    0.997769    0.917182    1.013    2
      age[0]                  0.913867    0.000552    0.883829    0.947942    0.909653    1.000    2
      age[0]                  1.020876    0.000380    0.984643    1.059275    1.018987    1.000    2
      age[0]                  1.043933    0.001167    0.982287    1.114919    1.040592    1.001    2
      age[0]                   1.010065    0.003263    0.903691    1.127040    1.006523    1.000    2
      age[0]                  0.985672    0.001663    0.909311    1.067754    0.982213    1.010    2
      age[0]                   0.890752    0.003222    0.781056    1.001096    0.889182    1.027    2
      age[0]                   0.938813    0.000599    0.894543    0.988981    0.936434    1.007    2
      age[0]                  1.020937    0.000480    0.979717    1.064882    1.019156    1.006    2
      age[0]                  1.019487    0.000867    0.966178    1.078783    1.016553    1.000    2
      age[0]                   0.980387    0.000633    0.934422    1.031644    0.978447    1.002    2
      age[0]                  0.954392    0.001014    0.915334    1.017029    0.946992    1.001    2
      age[0]                  1.022617    0.000776    0.973908    1.079164    1.019502    1.000    2
      age[0]                   0.984951    0.000534    0.943892    1.027093    0.982077    1.001    2
      age[0]                  0.987728    0.000674    0.939978    1.038225    0.985117    1.000    2
      age[0]                  0.919802    0.001799    0.844091    1.003087    0.914099    1.005    2
      age[0]                  0.922384    0.002015    0.837824    1.008161    0.917717    1.001    2
      age[0]                  1.031052    0.004527    0.905445    1.169547    1.025292    1.003    2
      age[0]                  1.001725    0.000799    0.948984    1.059406    0.999498    1.003    2
      age[0]                  0.996748    0.000771    0.966032    1.051668    0.989447    1.007    2
      age[0]                   0.996215    0.000869    0.944156    1.053353    0.992419    1.002    2
      age[0]                  0.981206    0.002238    0.890112    1.076304    0.977386    1.010    2
      age[0]                  1.000026    0.001883    0.917321    1.087425    0.997126    1.001    2
      age[0]                  1.067031    0.002889    0.949145    1.165284    1.065548    1.003    2
      age[0]                  0.988607    0.000700    0.956539    1.038385    0.982489    1.001    2
      age[0]                   0.937934    0.000642    0.890428    0.988901    0.935509    1.001    2
      age[0]                  1.028419    0.000899    0.974309    1.089453    1.025878    1.002    2
      age[0]                   0.938241    0.000402    0.901284    0.978347    0.936178    1.000    2
      age[0]                   1.008130    0.002011    0.922455    1.097506    1.006229    1.006    2
      age[0]                   1.009144    0.001646    0.934771    1.088652    1.005422    1.010    2
      age[0]                  0.955213    0.007562    0.791020    1.119572    0.950000    1.011    2
      age[0]                  1.023272    0.001360    0.955917    1.098882    1.020104    1.000    2
      age[0]                  0.988982    0.002647    0.890644    1.092331    0.985130    1.004    2
      age[0]                  1.078621    0.001983    0.995319    1.166632    1.075231    1.000    2
      age[0]                   0.973299    0.000697    0.922766    1.024448    0.972660    1.001    2
      age[0]                  0.992936    0.000811    0.941436    1.051538    0.990767    1.000    2
      age[0]                   1.001127    0.001109    0.939106    1.068218    0.998947    1.001    2
      age[0]                  0.965136    0.002251    0.881248    1.062101    0.959703    1.000    2
      age[0]                  1.010645    0.000910    0.955818    1.074677    1.008910    1.012    2
      age[0]                  0.897788    0.008756    0.792186    1.076832    0.875116    1.004    2
      age[0]                   1.027249    0.001601    0.949543    1.102608    1.024119    1.001    2
      age[0]                  1.034088    0.001366    0.966214    1.108663    1.030947    1.000    2
      age[0]                   1.011695    0.000679    0.963675    1.065709    1.009973    1.002    2
      age[0]                  0.975935    0.001122    0.914450    1.044233    0.973007    1.000    2
      age[0]                  0.919049    0.005491    0.778783    1.059837    0.912484    1.002    2
      age[0]                   0.965913    0.001230    0.898411    1.036550    0.963687    1.027    2
      age[0]                   0.983347    0.001288    0.925973    1.048635    0.977692    1.001    2
      age[0]                  0.891940    0.002968    0.792987    1.006415    0.888462    1.007    2
      age[0]                  0.972237    0.003851    0.858948    1.095661    0.965719    1.005    2
      age[0]                  1.019919    0.001330    0.949926    1.091627    1.016462    1.002    2
      age[0]                  0.755545    0.004162    0.627247    0.886198    0.752562    1.000    2
      age[0]                  1.024170    0.002757    0.918059    1.120174    1.021309    1.001    2
      age[0]                  0.964984    0.001146    0.904489    1.036052    0.961552    1.001    2
      age[0]                  0.949906    0.001765    0.874599    1.037325    0.945599    1.000    2
      age[0]                   1.002946    0.000935    0.944661    1.061840    1.001120    1.000    2
      age[0]                  1.014969    0.001024    0.954756    1.078145    1.012187    1.001    2
      age[0]                   1.000992    0.001392    0.931900    1.079005    0.998401    1.002    2
      age[0]                  0.933603    0.000852    0.880063    0.992131    0.930479    1.001    2
      age[0]                  1.019424    0.001442    0.946157    1.093577    1.016240    1.000    2
      age[0]                   0.990180    0.000438    0.949993    1.029646    0.988515    1.000    2
      age[0]                  1.048217    0.000932    0.986995    1.107246    1.045987    1.001    2
      age[0]                  0.990555    0.000299    0.962765    1.023770    0.987457    1.001    2
      age[0]                   0.964081    0.002596    0.866976    1.064309    0.958602    1.004    2
      age[0]                  0.898377    0.002908    0.802884    1.002911    0.892163    1.000    2
