0.1627907
0.1944444
0.09090909
0.1136364
0.1136364
0.15
0.1025641
0.04545455
0.2068966
0.1111111
0.07894737
0.1875
0.08695652
0.0625
0.255814
0.08695652
0.2093023
0.1578947
0.2857143
0.0625
0.1956522
0.125
0.03225806
0.1538462
0.075
0.1481481
0.08823529
0.1714286
0.1111111
0.1025641
0.2195122
0.2162162
0.1081081
0.1176471
0.08695652
0.05
0.1481481
0.1363636
0.05263158
0.08
0.212766
0.137931
0.1489362
0.212766
0.08108108
0.2222222
0.1
0.08333333
0.1212121
0.06666667
0.1304348
0.1111111
0.05263158
0.2
0.09375
0.02857143
0.0952381
0.1363636
0.1
0.1351351
0.1666667
0.175
0.04
0.08888889
0.255814
0.05
0.05882353
0.2272727
0.1923077
0.2307692
0.1
0.07407407
0.175
0.173913
0.1538462
0
0.1538462
0
0.04878049
0.05263158
0.1052632
0.1590909
0.05128205
0.2
0.05263158
0.02631579
0.1333333
0.25
0.03846154
0.08333333
0.04651163
0.1142857
0.06521739
0.0625
0.15
0.06521739
0.1
0.1071429
0.1052632
0.09677419
