      age[0]                   0.907611    0.000640    0.861738    0.959778    0.905423    1.000    2
      age[0]                   1.036693    0.001074    0.976302    1.101687    1.032896    1.015    2
      age[0]                   1.004130    0.000893    0.950431    1.064102    1.002463    1.000    2
      age[0]                   1.029755    0.001788    0.950567    1.114874    1.027367    1.023    2
      age[0]                   1.032724    0.000928    0.976849    1.093527    1.030942    1.011    2
      age[0]                  1.074641    0.002467    0.982815    1.176312    1.071002    1.002    2
      age[0]                  0.993482    0.000427    0.955295    1.034534    0.991707    1.003    2
      age[0]                  0.842489    0.003103    0.741686    0.953480    0.836646    1.002    2
      age[0]                  1.052851    0.001504    0.978096    1.132144    1.050501    1.002    2
      age[0]                   0.933369    0.000630    0.885902    0.982078    0.930950    1.005    2
      age[0]                  0.995838    0.001497    0.927598    1.080544    0.990895    1.003    2
      age[0]                  0.878782    0.002345    0.831188    0.980645    0.864129    1.000    2
      age[0]                  0.966925    0.004046    0.857196    1.079973    0.962333    1.001    2
      age[0]                  1.036042    0.004122    0.912509    1.163652    1.030001    1.002    2
      age[0]                   1.031409    0.001507    0.953436    1.110440    1.030403    1.000    2
      age[0]                   0.992833    0.001053    0.933439    1.057130    0.989701    1.000    2
      age[0]                   1.061115    0.000975    1.005381    1.122419    1.057829    1.001    2
      age[0]                  1.099538    0.004213    0.973667    1.228509    1.096498    1.000    2
      age[0]                  0.892301    0.013565    0.688237    1.137614    0.880157    1.003    2
      age[0]                  1.009494    0.001422    0.951801    1.078479    1.003651    1.001    2
      age[0]                   0.992622    0.000777    0.939079    1.047766    0.990547    1.001    2
      age[0]                  1.055490    0.001218    0.992956    1.123123    1.051336    1.001    2
      age[0]                  0.953765    0.003228    0.846695    1.067197    0.950274    1.002    2
      age[0]                  1.150742    0.007146    0.988658    1.313474    1.144505    1.001    2
      age[0]                  0.938804    0.000714    0.898856    0.989514    0.934311    1.001    2
      age[0]                  0.991589    0.003816    0.878999    1.114507    0.986550    1.006    2
      age[0]                  1.031144    0.002764    0.929793    1.132749    1.028415    1.000    2
      age[0]                  0.944288    0.001366    0.875722    1.019722    0.941663    1.001    2
      age[0]                  0.980271    0.005350    0.841871    1.124418    0.977493    1.000    2
      age[0]                   0.947702    0.001710    0.866142    1.029454    0.945533    1.000    2
      age[0]                   0.955268    0.001738    0.882034    1.040585    0.950393    1.010    2
      age[0]                   0.940782    0.000522    0.914771    0.986438    0.934612    1.001    2
      age[0]                  1.043042    0.001009    0.984602    1.104693    1.040482    1.109    2
      age[0]                  0.993715    0.000514    0.970761    1.039173    0.987083    1.002    2
      age[0]                   1.005917    0.000838    0.952821    1.063476    1.003940    1.000    2
      age[0]                  1.089913    0.001583    1.014964    1.167177    1.086480    1.001    2
      age[0]                  0.980599    0.002360    0.886995    1.075527    0.978613    1.001    2
      age[0]                  0.927580    0.000448    0.888932    0.969545    0.924894    1.002    2
      age[0]                  1.017608    0.000612    0.975019    1.066885    1.013693    1.004    2
      age[0]                  1.045996    0.001193    0.982499    1.114275    1.043520    1.013    2
      age[0]                   0.953219    0.001249    0.886460    1.022621    0.950235    1.001    2
      age[0]                  1.023283    0.002837    0.918105    1.128038    1.019841    1.001    2
      age[0]                   0.924503    0.003434    0.814736    1.033460    0.922729    1.000    2
      age[0]                   0.969756    0.000833    0.916165    1.028761    0.967034    1.000    2
      age[0]                  1.028964    0.000816    0.978931    1.088016    1.024786    1.000    2
      age[0]                  0.997126    0.001000    0.938245    1.059521    0.994921    1.008    2
      age[0]                  0.979336    0.000804    0.924906    1.035748    0.977762    1.005    2
      age[0]                  0.995970    0.001430    0.926305    1.071908    0.992430    1.001    2
      age[0]                  1.047241    0.000971    0.990780    1.109166    1.044496    1.000    2
      age[0]                   0.985512    0.000799    0.943409    1.037540    0.981199    1.001    2
      age[0]                  1.024914    0.001359    0.953832    1.098179    1.023846    1.006    2
      age[0]                  0.970177    0.001844    0.891540    1.057090    0.966067    1.001    2
      age[0]                  0.987177    0.002930    0.884996    1.099446    0.983689    1.007    2
      age[0]                  0.909896    0.003148    0.797821    1.019846    0.909161    1.002    2
      age[0]                  0.982186    0.000872    0.926984    1.041588    0.979466    1.000    2
      age[0]                  1.002131    0.000524    0.966033    1.044421    0.999194    1.000    2
      age[0]                   1.023839    0.000839    0.969594    1.080726    1.021951    1.005    2
      age[0]                  1.003854    0.002496    0.907366    1.100516    1.001839    1.004    2
      age[0]                  1.013115    0.003878    0.901335    1.139023    1.006545    1.008    2
      age[0]                  0.999917    0.000926    0.947015    1.058437    0.996597    1.000    2
      age[0]                  1.030197    0.002884    0.956555    1.131682    1.019632    1.002    2
      age[0]                   0.942466    0.000689    0.895147    0.996769    0.940215    1.018    2
      age[0]                  0.990867    0.000558    0.947584    1.039061    0.989078    1.000    2
      age[0]                   0.982106    0.001675    0.908387    1.059652    0.977410    1.002    2
      age[0]                   1.033634    0.001675    0.958023    1.112423    1.031685    1.000    2
      age[0]                  1.075194    0.002475    0.984332    1.172513    1.070284    1.001    2
      age[0]                  0.852960    0.002236    0.766449    0.952475    0.850060    1.000    2
      age[0]                  1.088756    0.002127    1.004087    1.182284    1.084302    1.000    2
      age[0]                  1.036625    0.002342    0.947751    1.134655    1.033532    1.001    2
      age[0]                  1.115246    0.002895    1.016235    1.223637    1.111754    1.005    2
      age[0]                   1.027620    0.001373    0.958503    1.104180    1.025704    1.000    2
      age[0]                  1.062892    0.002190    0.978353    1.155590    1.057989    1.000    2
      age[0]                  0.978395    0.001530    0.909598    1.056627    0.973891    1.007    2
      age[0]                  0.986112    0.002583    0.894205    1.089780    0.980169    1.000    2
      age[0]                  1.021188    0.000923    0.961822    1.081576    1.019700    1.001    2
      age[0]                  0.870961    0.005701    0.792186    1.019451    0.849989    1.001    2
      age[0]                   1.083491    0.002436    0.992293    1.178488    1.080809    1.030    2
      age[0]                  1.035726    0.001442    0.967291    1.112795    1.031950    1.003    2
      age[0]                  1.016661    0.001052    0.954048    1.081076    1.014002    1.032    2
      age[0]                  1.141288    0.003324    1.031251    1.253089    1.136680    1.000    2
      age[0]                  0.927895    0.002882    0.820592    1.033806    0.926849    1.006    2
      age[0]                   0.937281    0.001363    0.868415    1.011794    0.935395    1.032    2
      age[0]                  0.987275    0.001339    0.925964    1.054639    0.982723    1.002    2
      age[0]                  0.909753    0.003107    0.807830    1.020032    0.903697    1.009    2
      age[0]                  0.994110    0.003200    0.888584    1.110752    0.990774    1.001    2
      age[0]                  1.043184    0.001404    0.970883    1.115711    1.040888    1.000    2
      age[0]                  0.721188    0.003107    0.617777    0.831621    0.718318    1.000    2
      age[0]                  1.042791    0.003802    0.924775    1.160002    1.039278    1.000    2
      age[0]                  1.034412    0.002099    0.950615    1.127807    1.030473    1.002    2
      age[0]                  0.946842    0.001431    0.876137    1.023592    0.943784    1.005    2
      age[0]                   1.041540    0.001182    0.974826    1.108766    1.039586    1.009    2
      age[0]                  1.048766    0.001679    0.974693    1.131291    1.045162    1.000    2
      age[0]                   0.981380    0.001097    0.920773    1.046725    0.979193    1.016    2
      age[0]                  0.978375    0.004218    0.869340    1.112507    0.969676    1.005    2
      age[0]                   1.062148    0.002526    0.968439    1.169084    1.058556    1.018    2
      age[0]                   1.052014    0.000794    0.998994    1.107740    1.050311    1.000    2
      age[0]                  0.990101    0.000453    0.949435    1.031166    0.988344    1.003    2
      age[0]                  1.012858    0.000517    0.973201    1.059172    1.009467    1.000    2
      age[0]                   0.958349    0.002610    0.866025    1.064168    0.954633    1.007    2
      age[0]                  0.867082    0.001901    0.789624    0.949968    0.862308    1.000    2
