0.3255814
0.5277778
0.2727273
0.1818182
0.3636364
0.4
0.2307692
0.2727273
0.3448276
0.3555556
0.2105263
0.125
0.2608696
0.25
0.3953488
0.1868132
0.3023256
0.3684211
0.1428571
0.25
0.2173913
0.4166667
0.1290323
0.4
0.25
0.5555556
0.3529412
0.2857143
0.1851852
0.2051282
0.3902439
0.4864865
0.1621622
0.1764706
0.326087
0.35
0.3703704
0.5
0.3157895
0.32
0.5106383
0.1034483
0.4042553
0.3404255
0.4520548
0.2962963
0.425
0.4583333
0.3636364
0.2444444
0.173913
0.2777778
0.3684211
0.2666667
0.34375
0.2571429
0.3571429
0.5
0.35
0.2972973
0.1111111
0.25
0.44
0.4444444
0.3023256
0.275
0.3529412
0.4090909
0.4230769
0.3076923
0.175
0.3703704
0.5
0.2173913
0.3076923
0.1666667
0.2820513
0.1333333
0.3170732
0.3157895
0.3421053
0.3409091
0.4871795
0.4285714
0.2631579
0.2894737
0.2666667
0.35
0.3846154
0.3333333
0.1860465
0.3142857
0.5
0.1875
0.25
0.2608696
0.1666667
0.1785714
0.3947368
0.4516129
