      TL          7.216784    0.054096    6.773017    7.683037    7.213393   9857.02  10004.83    1.000
      TL          6.392995    0.048706    5.956702    6.815873    6.389627  10415.55  10717.40    1.000
      TL          6.518224    0.044892    6.096618    6.926955    6.515208  12495.66  12592.46    1.000
      TL          6.079547    0.042725    5.680558    6.485112    6.078125  11459.08  12031.70    1.000
      TL          6.970005    0.049534    6.527878    7.400351    6.967564  11948.17  12124.29    1.000
      TL          4.022586    0.033932    3.656664    4.376474    4.018641  11601.89  11615.71    1.000
      TL          6.374390    0.045705    5.957717    6.792944    6.371112  12360.09  12688.38    1.000
      TL          4.100388    0.036026    3.731281    4.472696    4.096926  11048.49  11462.78    1.000
      TL          5.355481    0.039552    4.975083    5.752837    5.351812  12291.95  12310.20    1.000
      TL          7.764060    0.058824    7.286678    8.235483    7.762810   8915.51   9821.71    1.000
      TL          6.129825    0.046226    5.722428    6.562343    6.128433  10490.74  10934.00    1.000
      TL          2.631517    0.027542    2.302731    2.952868    2.627941  10376.87  10600.12    1.000
      TL          4.453694    0.039420    4.074086    4.850677    4.449253   9969.03  10785.64    1.000
      TL          2.944204    0.027861    2.624242    3.276985    2.941541  11777.75  12516.66    1.000
      TL          7.768668    0.057941    7.308538    8.248176    7.765689  10806.68  11007.54    1.000
      TL          7.507988    0.055622    7.054767    7.979929    7.504196   9875.47  10674.83    1.000
      TL          6.413605    0.046461    6.011688    6.849370    6.410221   9608.41  10614.89    1.000
      TL          3.845569    0.032997    3.500680    4.210877    3.842026  11491.55  12087.54    1.000
      TL          2.053630    0.028791    1.727955    2.392606    2.048276  12037.21  12272.52    1.000
      TL          2.784785    0.025062    2.471473    3.091046    2.781882  11536.77  12147.19    1.000
      TL          7.213446    0.051554    6.778816    7.666156    7.210554  10853.37  11106.36    1.000
      TL          4.273759    0.034741    3.902401    4.631146    4.269876  11894.98  12106.81    1.000
      TL          5.760236    0.047843    5.327405    6.187015    5.757835  10608.86  11317.31    1.000
      TL          4.398074    0.036637    4.028912    4.780769    4.393988  10283.30  10686.40    1.000
      TL          6.160285    0.044833    5.748716    6.575431    6.158826  10879.94  11665.42    1.000
      TL          5.610839    0.045753    5.184283    6.020214    5.606590  11770.20  11849.74    1.000
      TL          6.671898    0.051209    6.238782    7.125011    6.667076  11929.46  12129.72    1.000
      TL          5.728950    0.042558    5.321298    6.123840    5.727688  12533.47  12831.41    1.000
      TL          5.332631    0.041812    4.922908    5.724597    5.328623  11939.04  12053.23    1.000
      TL          5.316517    0.037073    4.942511    5.698764    5.315738  11512.45  12319.67    1.000
      TL          6.290431    0.049739    5.853764    6.725659    6.286885   9327.97   9332.53    1.000
      TL          6.244977    0.046893    5.834179    6.680519    6.240687  10425.94  10780.66    1.000
      TL          5.695291    0.043297    5.298585    6.112013    5.692076   7771.17   8049.04    1.000
      TL          3.274923    0.029408    2.941327    3.614268    3.271996  12275.62  12851.55    1.000
      TL          6.278211    0.042518    5.867843    6.674986    6.276053  10713.64  11653.19    1.000
      TL          3.499285    0.034675    3.135547    3.864635    3.495112   9250.55   9708.18    1.000
      TL          3.908975    0.031185    3.571325    4.265674    3.906885   9364.74  10051.10    1.000
      TL          3.124486    0.028647    2.791732    3.451759    3.121270   7181.99   7525.33    1.000
      TL          3.544241    0.029394    3.219755    3.890710    3.541213  12544.54  12761.83    1.000
      TL          4.119112    0.031388    3.771598    4.464254    4.116506  12573.48  13056.13    1.000
      TL          7.054041    0.051228    6.623015    7.505796    7.049956  10176.04  10252.23    1.000
      TL          5.119406    0.041751    4.731406    5.529328    5.117269  11142.03  11314.96    1.000
      TL          6.921570    0.050453    6.483126    7.361128    6.918370   8970.32   9565.47    1.000
      TL          7.558995    0.055472    7.093123    8.018051    7.556444  11002.69  11047.79    1.000
      TL          6.193766    0.045744    5.771990    6.609741    6.192908  11668.98  12000.18    1.000
      TL          4.608099    0.036490    4.238752    4.983609    4.604182  10411.82  10946.90    1.000
      TL          5.322331    0.035967    4.949743    5.691167    5.321661  13031.42  13317.25    1.000
      TL          3.907585    0.033438    3.547787    4.261835    3.903282  11692.11  12033.12    1.000
      TL          5.810140    0.044155    5.394752    6.218373    5.806000  10829.09  11286.86    1.000
      TL          5.820861    0.040792    5.421668    6.209457    5.816942  10903.62  11408.19    1.000
      TL          4.015704    0.036979    3.643918    4.398213    4.011343   9828.75  10113.06    1.000
      TL          3.736572    0.033793    3.381982    4.102218    3.732596  10621.64  11484.80    1.000
      TL          3.358409    0.030412    3.009148    3.691470    3.354829   9996.52  10461.51    1.000
      TL          5.446426    0.045108    5.022837    5.850336    5.442688   9830.94  10308.34    1.000
      TL          5.671837    0.043545    5.265584    6.080049    5.666950  11250.20  11446.92    1.000
      TL          4.820786    0.035142    4.453919    5.189143    4.818412  11356.13  12012.71    1.000
      TL          7.628570    0.057047    7.161260    8.091283    7.626204   9890.64  10605.81    1.000
      TL          3.640243    0.028865    3.300782    3.966715    3.637200  11753.81  12690.47    1.000
      TL          4.154035    0.038046    3.779831    4.543355    4.149871   9866.80   9962.89    1.000
      TL          5.769376    0.044633    5.361620    6.184971    5.764191  10432.84  10609.45    1.000
      TL          2.667054    0.027307    2.351252    2.995688    2.662643  10639.98  10785.10    1.000
      TL          6.201177    0.045681    5.793892    6.625773    6.197540   9482.71   9602.31    1.000
      TL          3.806481    0.029906    3.474505    4.147674    3.803181  11505.42  11960.08    1.000
      TL          8.035076    0.061920    7.564126    8.538726    8.032871   9975.75  10175.63    1.000
      TL          7.214627    0.052118    6.768700    7.664616    7.211738  11517.84  12322.31    1.000
      TL          7.257496    0.056625    6.809330    7.733798    7.255095   9714.45  10353.85    1.000
      TL          3.869746    0.037543    3.480884    4.240905    3.865522  10593.23  11095.75    1.000
      TL          3.973830    0.033965    3.617548    4.335505    3.969669  11129.41  11713.52    1.000
      TL          4.807601    0.037603    4.437279    5.197808    4.805334  12154.46  12602.27    1.000
      TL          5.123664    0.039027    4.745758    5.518098    5.121817  12577.13  12820.16    1.000
      TL          5.399537    0.037049    5.029541    5.780728    5.397207  12742.26  13035.48    1.000
      TL          5.579809    0.044675    5.168797    5.994832    5.576754  10638.62  11002.19    1.000
      TL          7.330678    0.056028    6.875484    7.796397    7.326299  10115.85  10359.21    1.000
      TL          4.545308    0.038949    4.167112    4.937347    4.542350  11087.95  11313.61    1.000
      TL          4.290952    0.034655    3.923391    4.649714    4.288290  10665.87  11290.62    1.000
      TL          2.260472    0.047332    1.850353    2.690088    2.245144  10484.86  10684.59    1.000
      TL          6.504781    0.047076    6.096118    6.939655    6.501599  11855.37  11902.98    1.000
      TL          3.308294    0.030988    2.975220    3.660807    3.305261  13056.84  13103.36    1.000
      TL          6.466628    0.047610    6.050608    6.904202    6.463524  11364.96  11448.26    1.000
      TL          4.185197    0.035748    3.828112    4.565722    4.181452  12814.06  12830.24    1.000
      TL          6.522838    0.050951    6.079755    6.957074    6.518554   9305.40  10311.63    1.000
      TL          7.308683    0.051546    6.873720    7.762324    7.306250  12080.06  12284.60    1.000
      TL          5.873147    0.042693    5.479046    6.287935    5.869038  10838.02  11227.09    1.000
      TL          5.518467    0.043789    5.112209    5.932551    5.515676   7783.90   7983.57    1.000
      TL          4.297377    0.039792    3.909516    4.688372    4.294233  10885.25  11124.99    1.000
      TL          6.260879    0.046871    5.835005    6.680828    6.258564  10765.72  11544.92    1.000
      TL          4.809542    0.038399    4.432189    5.195050    4.804824  11484.91  11775.53    1.000
      TL          3.825936    0.032594    3.468895    4.177053    3.822579  11750.18  12014.80    1.000
      TL          4.237774    0.033854    3.889429    4.609222    4.234907  11297.46  11805.37    1.000
      TL          4.536826    0.035619    4.167044    4.905791    4.533870  13024.92  13117.74    1.000
      TL          7.047521    0.052895    6.607757    7.504704    7.043031  12077.43  12115.32    1.000
      TL          6.367275    0.047955    5.945669    6.804838    6.363677  10082.40  10812.13    1.000
      TL          8.065012    0.062179    7.582891    8.558610    8.061363   9392.86  10289.86    1.000
      TL          3.290984    0.031505    2.943598    3.635354    3.286765  11524.07  11622.62    1.000
      TL          7.151409    0.053780    6.695552    7.605430    7.147781  10154.24  10409.12    1.000
      TL          7.692200    0.056595    7.222413    8.156631    7.690618   8206.05   9339.23    1.000
      TL          3.777522    0.028654    3.451910    4.111547    3.774596  12450.95  12462.89    1.000
      TL          4.498391    0.034783    4.137014    4.865420    4.496371  10819.42  10848.19    1.000
      TL          6.820895    0.053290    6.377582    7.282675    6.818737  10013.78  10680.30    1.000
      TL          5.481172    0.043482    5.068924    5.885974    5.478000   9575.54  10006.62    1.000
