      alpha_symdir   0.948594    0.017874    0.718246    1.227721    0.930994   2769.40   3099.53    1.000
      alpha_symdir   0.542293    0.022402    0.299389    0.770389    0.580348   1059.39   1226.69    1.000
      alpha_symdir   1.004464    0.013151    0.786721    1.231486    0.994254   5623.91   5824.53    1.000
      alpha_symdir   0.797073    0.005046    0.667172    0.940804    0.792053   4758.31   6187.36    1.000
      alpha_symdir   0.497000    0.058753    0.288661    0.965831    0.362159    155.57    200.66    1.000
      alpha_symdir   0.616368    0.065095    0.228821    0.976227    0.696768   1669.09   1764.84    1.000
      alpha_symdir   0.753016    0.028970    0.324406    0.970295    0.793018   1766.78   1989.19    1.000
      alpha_symdir   0.640720    0.055876    0.228494    0.942597    0.729434   1836.46   1868.33    1.000
      alpha_symdir   0.491020    0.002533    0.396537    0.592329    0.487698   5880.55   6064.01    1.000
      alpha_symdir   0.838364    0.026747    0.327533    1.093872    0.844687   1596.34   1705.77    1.000
      alpha_symdir   0.924428    0.031948    0.304681    1.156635    0.941159    163.04    167.57    1.002
      alpha_symdir   0.781491    0.044614    0.232675    1.116869    0.784313   3586.98   3660.74    1.000
      alpha_symdir   0.862036    0.017270    0.633852    1.115849    0.848185   5860.56   6349.97    1.000
      alpha_symdir   0.628583    0.072677    0.250260    1.066152    0.643207   3411.94   3594.10    1.000
      alpha_symdir   0.885225    0.032313    0.337002    1.149491    0.899312   1642.65   1938.23    1.000
      alpha_symdir   0.613928    0.091915    0.321842    1.225716    0.435643    873.63    904.48    1.001
      alpha_symdir   1.089282    0.014686    0.875939    1.345997    1.076158   6297.87   6641.16    1.000
      alpha_symdir   0.701940    0.021144    0.382781    0.981392    0.693697   7835.05   7896.29    1.000
      alpha_symdir   0.562991    0.064140    0.097524    1.040209    0.509279   1891.87   2003.90    1.000
      alpha_symdir   1.395783    0.159557    0.736272    2.164383    1.338952   6778.12   6791.00    1.000
      alpha_symdir   0.746473    0.020612    0.535236    1.117459    0.726211   2253.13   2414.37    1.000
      alpha_symdir   1.216345    0.057858    0.811971    1.722107    1.204336   3191.18   3592.02    1.000
      alpha_symdir   1.209802    0.057569    0.735265    1.666232    1.206266   1934.58   1946.12    1.001
      alpha_symdir   0.456664    0.011717    0.330609    0.593850    0.436906   3096.10   3461.96    1.000
      alpha_symdir   0.930878    0.018714    0.718860    1.186596    0.933781    158.47   1377.45    1.005
      alpha_symdir   0.448193    0.013726    0.292046    0.701955    0.410472   4426.09   4713.48    1.000
      alpha_symdir   0.700379    0.012690    0.430684    0.924006    0.707938   5294.00   5534.97    1.000
      alpha_symdir   0.409119    0.009560    0.322547    0.493993    0.392182    928.28   1367.58    1.000
      alpha_symdir   1.030385    0.032425    0.739772    1.403107    1.024606   1603.85   1860.74    1.001
      alpha_symdir   0.516308    0.002495    0.422979    0.618494    0.512720   6419.85   6570.73    1.000
      alpha_symdir   0.654589    0.122807    0.282705    1.172136    0.367256     49.35   3718.50    3.256
      alpha_symdir   0.448324    0.061586    0.259138    0.949910    0.318877     39.61     40.87    1.007
      alpha_symdir   0.790682    0.024951    0.502429    1.106136    0.771675   2683.00   2989.07    1.000
      alpha_symdir   0.799041    0.061451    0.274529    1.188931    0.825229   4758.20   4895.81    1.000
      alpha_symdir   0.914865    0.006509    0.765559    1.076743    0.907723   5909.09   6547.89    1.000
      alpha_symdir   0.571366    0.027782    0.320706    0.935008    0.531269   6547.40   6671.27    1.000
      alpha_symdir   0.476959    0.018727    0.311805    0.643147    0.448941   2400.20   2497.35    1.000
      alpha_symdir   0.701395    0.025387    0.446007    1.104681    0.685191   5161.71   5295.07    1.000
      alpha_symdir   1.156996    0.124681    0.321476    1.696419    1.188717   2522.22   2918.27    1.000
      alpha_symdir   0.559414    0.093719    0.299902    1.264543    0.428375    715.17    764.66    1.000
      alpha_symdir   0.663844    0.091265    0.308837    1.234179    0.617188    972.99   1039.41    1.001
      alpha_symdir   0.818603    0.036146    0.574922    1.268239    0.765543   2421.63   2494.25    1.001
      alpha_symdir   0.650775    0.002950    0.552522    0.764626    0.649360   6272.44   6850.10    1.000
      alpha_symdir   0.398175    0.031533    0.279281    0.898114    0.337152    241.51    294.64    1.004
      alpha_symdir   0.763060    0.011593    0.584860    0.990340    0.748640   3531.11   3732.59    1.000
      alpha_symdir   1.253291    0.079354    0.809187    1.820487    1.206312   3520.31   4054.59    1.000
      alpha_symdir   1.297201    0.092490    0.626426    1.833446    1.311260   2270.39   2290.29    1.000
      alpha_symdir   0.568466    0.007092    0.418365    0.725088    0.557429   7876.73   7897.86    1.000
      alpha_symdir   0.398808    0.002595    0.312451    0.494777    0.391739   5418.43   5867.40    1.000
      alpha_symdir   0.568438    0.006128    0.420978    0.729409    0.568270   3291.56   3423.70    1.000
      alpha_symdir   1.230047    0.046069    0.845647    1.675577    1.215908   4975.65   5058.19    1.000
      alpha_symdir   0.464561    0.013308    0.312569    0.663733    0.440506   5907.13   6299.31    1.000
      alpha_symdir   0.699191    0.024483    0.286357    0.959703    0.707781   6564.53   6718.64    1.000
      alpha_symdir   0.746054    0.074534    0.433718    1.403518    0.657280   1446.90   1718.69    1.000
      alpha_symdir   0.803715    0.018167    0.584840    1.096787    0.783384   4626.01   4682.87    1.000
      alpha_symdir   0.787605    0.065839    0.345296    1.296801    0.744093   2409.37   2441.05    1.000
      alpha_symdir   0.891180    0.006240    0.744436    1.050725    0.883912   6419.12   6431.59    1.000
      alpha_symdir   0.499254    0.017172    0.316201    0.674312    0.486173   4144.37   4283.54    1.000
      alpha_symdir   0.518621    0.019062    0.210489    0.716764    0.544499   4563.21   4587.13    1.000
      alpha_symdir   0.382393    0.004879    0.294927    0.485410    0.369662   3009.05   3450.20    1.000
      alpha_symdir   0.721229    0.154997    0.270637    1.440806    0.530495   2052.67   2067.92    1.000
      alpha_symdir   0.905121    0.009728    0.733620    1.099039    0.895736   1408.30   3212.51    1.000
      alpha_symdir   0.447078    0.025907    0.263195    0.788860    0.384761   4369.53   4581.83    1.000
      alpha_symdir   0.787509    0.004511    0.666715    0.924480    0.781322   4558.95   4755.95    1.000
      alpha_symdir   0.834643    0.010288    0.679657    1.026674    0.833355    198.05    548.92    1.000
      alpha_symdir   0.839291    0.005716    0.697082    0.988213    0.835314   4285.24   5065.58    1.000
      alpha_symdir   0.680203    0.033831    0.269312    0.973121    0.700783   6121.55   6141.67    1.000
      alpha_symdir   0.576591    0.114239    0.222750    1.111065    0.319654     92.82     94.21    1.011
      alpha_symdir   0.383965    0.004501    0.287820    0.488772    0.372777   4941.97   5239.02    1.000
      alpha_symdir   0.398424    0.004130    0.318779    0.486245    0.387590   4893.05   5437.95    1.000
      alpha_symdir   0.395291    0.002359    0.315763    0.490997    0.387871   4278.55   4397.08    1.000
      alpha_symdir   0.641026    0.005198    0.509597    0.785614    0.642253   2159.12   5000.67    1.000
      alpha_symdir   0.582693    0.079029    0.283662    0.995202    0.363204     29.05     30.19    1.007
      alpha_symdir   0.416224    0.004832    0.314001    0.533563    0.403633   5710.09   6614.72    1.000
      alpha_symdir   0.817256    0.020618    0.562310    1.114213    0.804015   5475.32   5819.23    1.000
      alpha_symdir   0.670719    0.175547    0.088896    1.415236    0.573844   3613.91   3922.90    1.000
      alpha_symdir   1.005105    0.051628    0.614122    1.404084    1.015596    200.22    283.07    1.000
      alpha_symdir   0.524377    0.026551    0.266132    0.844549    0.492503   8532.59   8835.07    1.000
      alpha_symdir   1.004777    0.134922    0.365810    1.480097    1.134831    601.63    627.26    1.000
      alpha_symdir   0.469555    0.039767    0.214006    0.808208    0.416030   3589.05   3770.91    1.000
      alpha_symdir   0.604521    0.006252    0.430286    0.750714    0.613470   5020.00   5285.23    1.000
      alpha_symdir   1.025114    0.024459    0.745703    1.334543    1.014093   2322.88   2661.37    1.000
      alpha_symdir   0.740694    0.006077    0.602206    0.892133    0.733342   2651.64   3765.37    1.000
      alpha_symdir   0.737833    0.012296    0.542288    0.958347    0.729341   4369.69   4485.13    1.000
      alpha_symdir   0.637166    0.055579    0.272335    1.004827    0.683603   4261.21   4323.86    1.000
      alpha_symdir   0.797692    0.009493    0.623446    0.999344    0.785003   5827.63   6012.77    1.000
      alpha_symdir   0.747861    0.019148    0.503007    1.036246    0.730100   3463.18   3596.56    1.000
      alpha_symdir   0.575336    0.047010    0.289551    0.987124    0.504341   5390.04   5455.46    1.000
      alpha_symdir   0.505153    0.030281    0.311578    0.847890    0.461572   2666.91   3143.35    1.000
      alpha_symdir   0.704436    0.009601    0.523997    0.913497    0.700839   8194.45   8321.09    1.000
      alpha_symdir   0.865525    0.012911    0.674034    1.097710    0.846828   2637.03   2735.53    1.000
      alpha_symdir   0.699266    0.005153    0.566456    0.842072    0.693318   7986.07   8023.39    1.000
      alpha_symdir   0.969180    0.025812    0.679158    1.280213    0.949987   1524.18   1546.20    1.000
      alpha_symdir   0.822862    0.062238    0.275592    1.171372    0.868274   2869.54   3001.27    1.000
      alpha_symdir   0.568537    0.049708    0.282994    0.883306    0.654166    436.61    476.08    1.001
      alpha_symdir   0.374952    0.002487    0.308859    0.443264    0.368248   3314.41   3433.02    1.000
      alpha_symdir   0.731764    0.126266    0.257111    1.182280    0.903200      5.84      8.41    1.021
      alpha_symdir   0.851727    0.068513    0.291357    1.248936    0.876551   2195.08   2256.02    1.000
      alpha_symdir   1.007889    0.015667    0.776487    1.259883    1.000157   3494.62   4054.47    1.000
      alpha_symdir   0.399529    0.005788    0.263678    0.546466    0.388458   4752.13   4941.39    1.000
