      alpha_symdir             1.479747    0.051524    1.071118    1.938189    1.457374     41.95     45.54    1.000
      alpha_symdir             0.348173    0.016512    0.259039    0.745963    0.313299      7.13     59.21    1.126
      alpha_symdir             1.691216    0.074296    1.200628    2.241916    1.669864     18.69     67.01    1.088
      alpha_symdir             1.975473    0.096011    1.398812    2.596936    1.951654     50.98     71.68    1.011
      alpha_symdir             1.989649    0.082087    1.483235    2.573672    1.957902     52.91     78.24    1.011
      alpha_symdir             0.948945    0.409644    0.255959    1.963939    0.940089     12.02     17.26    3.251
      alpha_symdir             1.641733    0.057062    1.226245    2.139436    1.617313     52.92     79.50    1.000
      alpha_symdir             1.007010    0.417954    0.263719    2.029593    1.180480      8.27     18.78    2.217
      alpha_symdir             1.458497    0.084588    0.950752    2.046406    1.435185     14.55     15.43    1.009
      alpha_symdir             1.749173    0.053307    1.335110    2.227355    1.724008     90.57    104.71    1.001
      alpha_symdir             1.503181    0.062687    1.069086    2.004521    1.476952     26.46     41.53    1.000
      alpha_symdir             0.222750    0.001217    0.131622    0.284506    0.226423     29.32     79.67    1.013
      alpha_symdir             0.418466    0.042253    0.282412    0.994038    0.356759      6.79     41.61    1.169
      alpha_symdir             0.277915    0.000614    0.231147    0.327385    0.278188     34.92     35.60    1.000
      alpha_symdir             2.040021    0.088365    1.492402    2.617359    2.014619     56.58     80.23    1.004
      alpha_symdir             1.815295    0.060405    1.347588    2.297053    1.794049     48.17     89.87    1.000
      alpha_symdir             2.196725    0.149602    1.515482    2.987382    2.140751     55.90     68.77    1.013
      alpha_symdir             0.760014    0.370384    0.251941    1.937833    0.337146      7.24    186.89    2.142
      alpha_symdir             0.134701    0.000157    0.113021    0.160593    0.133087    310.54    665.07    1.011
      alpha_symdir             0.278256    0.001051    0.227320    0.335189    0.281025     65.59     80.35    1.008
      alpha_symdir             2.121136    0.116728    1.524368    2.834514    2.088891     20.65     50.75    1.016
      alpha_symdir             0.376394    0.013177    0.269464    0.575711    0.351163     10.55     16.71    1.032
      alpha_symdir             1.490953    0.060322    1.063325    1.977600    1.460077     66.11     66.21    1.004
      alpha_symdir             2.015470    0.168927    1.299986    2.841618    1.959872     57.62     63.58    1.021
      alpha_symdir             1.458993    0.057919    1.028618    1.940420    1.436400     29.29     45.37    1.033
      alpha_symdir             1.929561    0.115358    1.297990    2.598319    1.889690     62.61     66.12    1.003
      alpha_symdir             1.314377    0.032710    0.981917    1.684040    1.297603     26.57     28.34    1.045
      alpha_symdir             2.247997    0.147630    1.556170    3.021841    2.210087     63.47     68.61    1.008
      alpha_symdir             1.684257    0.112908    1.082449    2.370518    1.649006     32.11     46.52    1.000
      alpha_symdir             1.586676    0.094276    0.970605    2.181737    1.577546     11.19     17.70    1.019
      alpha_symdir             1.752114    0.136372    1.067540    2.479503    1.729021     17.02     47.88    1.230
      alpha_symdir             1.667061    0.059458    1.186996    2.143299    1.648700     25.38     67.18    1.017
      alpha_symdir             1.894067    0.111248    1.300153    2.556627    1.857463     61.85     64.76    1.003
      alpha_symdir             0.279436    0.000441    0.240026    0.322668    0.279228    161.30    277.26    1.019
      alpha_symdir             1.888062    0.089014    1.330754    2.481060    1.856417     47.05     66.11    1.011
      alpha_symdir             0.471291    0.177827    0.216804    1.580618    0.292201      5.89     34.87    1.171
      alpha_symdir             0.617948    0.221454    0.266124    1.543115    0.353460      5.65      5.89    1.056
      alpha_symdir             0.118625    0.001292    0.089965    0.161287    0.110215     12.05    460.19    1.068
      alpha_symdir             0.312355    0.000490    0.270642    0.356555    0.311863     55.86    171.53    1.000
      alpha_symdir             1.062333    0.622516    0.246486    2.286558    1.124600     18.46     35.02    3.966
      alpha_symdir             1.937094    0.108311    1.342336    2.573282    1.898181     55.94     56.29    1.002
      alpha_symdir             1.212675    0.391493    0.292037    2.076420    1.390638      5.39     14.76    1.779
      alpha_symdir             2.444703    0.168564    1.729325    3.287509    2.403527     39.17     70.67    1.000
      alpha_symdir             1.303895    0.068966    0.863422    1.827172    1.277581     11.80     24.92    1.128
      alpha_symdir             1.915837    0.097347    1.386724    2.520689    1.876298     70.50     71.07    1.006
      alpha_symdir             1.582756    0.089337    1.032596    2.166870    1.573955     14.72     22.18    1.041
      alpha_symdir             1.641404    0.074034    1.141724    2.205437    1.614011     47.30     66.90    1.016
      alpha_symdir             2.165810    0.341955    1.195328    3.353469    2.067366     17.53     32.90    1.011
      alpha_symdir             1.833186    0.090017    1.292233    2.434140    1.804692     27.93     64.77    1.014
      alpha_symdir             1.531613    0.054412    1.100532    1.995978    1.511252     29.08     38.04    1.003
      alpha_symdir             0.320310    0.000587    0.273613    0.368579    0.319433     48.49     74.51    1.000
      alpha_symdir             0.293463    0.000481    0.251005    0.337099    0.293183     55.22     69.06    1.009
      alpha_symdir             0.291912    0.000700    0.240386    0.343892    0.290596     27.61     51.31    1.002
      alpha_symdir             1.737888    0.108058    1.170023    2.361609    1.699546     58.76     82.31    1.003
      alpha_symdir             2.866648    0.396894    1.840921    4.144368    2.764769     34.73     68.93    1.013
      alpha_symdir             1.641804    0.085931    1.108145    2.219235    1.610973     24.81     31.25    1.023
      alpha_symdir             1.352196    0.108909    0.843647    2.001146    1.293621      8.53      9.30    1.011
      alpha_symdir             1.884087    0.177151    1.221089    2.712603    1.801341     43.73     59.71    1.003
      alpha_symdir             0.300777    0.000476    0.256823    0.342468    0.300241    110.89    113.71    1.025
      alpha_symdir             1.861311    0.103172    1.268027    2.550229    1.830931     44.69     52.00    1.018
      alpha_symdir             0.266023    0.000585    0.219850    0.314690    0.264959     57.22     65.08    1.003
      alpha_symdir             1.798163    0.129844    1.155770    2.522200    1.756037     18.77     23.25    1.084
      alpha_symdir             2.256064    0.246130    1.431555    3.258743    2.180436     28.62     46.66    1.004
      alpha_symdir             1.994817    0.123836    1.350518    2.694725    1.954069     51.95     53.81    1.006
      alpha_symdir             1.999933    0.088979    1.436105    2.604855    1.979584     80.88     89.07    1.013
      alpha_symdir             1.668484    0.101269    1.086043    2.283546    1.637379     11.62     25.53    1.115
      alpha_symdir             0.300953    0.000493    0.259694    0.346863    0.300063    113.56    152.79    1.006
      alpha_symdir             0.309487    0.000451    0.268760    0.350819    0.308820     85.13    150.54    1.001
      alpha_symdir             1.726365    0.113978    1.085268    2.399198    1.683691     22.10     45.36    1.018
      alpha_symdir             0.318112    0.000398    0.279781    0.357594    0.317167    172.12    243.37    1.000
      alpha_symdir             1.874546    0.123741    1.249486    2.595032    1.842643     39.53     54.78    1.002
      alpha_symdir             1.606164    0.084062    1.115207    2.178767    1.565501     34.29     38.70    1.022
      alpha_symdir             1.740256    0.071878    1.238522    2.264346    1.712304     63.44     76.72    1.013
      alpha_symdir             1.738070    0.273200    0.337999    2.531653    1.766556      9.11     22.44    1.030
      alpha_symdir             2.081044    0.245075    1.209093    3.048761    2.014966     35.64     46.57    1.023
      alpha_symdir             0.128933    0.000075    0.111758    0.145329    0.128480    680.22    847.79    1.004
      alpha_symdir             0.702004    0.080386    0.282587    1.086578    0.805633      5.59      9.59    1.839
      alpha_symdir             0.315425    0.000612    0.268513    0.363989    0.314341     34.77     67.41    1.001
      alpha_symdir             1.669443    0.079073    1.168849    2.221874    1.651433     22.76     26.30    1.033
      alpha_symdir             0.328628    0.001994    0.265410    0.391119    0.324798     22.29     35.88    1.027
      alpha_symdir             1.066633    0.066432    0.628207    1.541106    1.039910      8.06      8.54    1.072
      alpha_symdir             1.972226    0.082473    1.443037    2.535425    1.942000     62.88     97.62    1.004
      alpha_symdir             1.409075    0.071497    0.907536    1.908096    1.388238     11.27     14.86    1.035
      alpha_symdir             0.810763    0.237381    0.288681    1.560083    0.673792     21.08    129.69    3.848
      alpha_symdir             0.361067    0.020211    0.247010    0.621608    0.327720      9.06     29.98    1.042
      alpha_symdir             1.433232    0.052664    1.023318    1.890041    1.409353     30.15     55.38    1.301
      alpha_symdir             1.871004    0.176358    1.141618    2.689250    1.821799     20.54     31.41    1.052
      alpha_symdir             0.300340    0.000533    0.256668    0.347026    0.299354     99.72    115.96    1.003
      alpha_symdir             2.411371    0.263582    1.505260    3.467095    2.340263     50.17     64.31    1.010
      alpha_symdir             0.350135    0.000727    0.301211    0.406240    0.348104     73.34     79.09    1.008
      alpha_symdir             1.314947    0.057298    0.876089    1.767859    1.310023      8.72     14.39    1.079
      alpha_symdir             1.379871    0.073855    0.885031    1.926485    1.351159      7.90     11.28    1.006
      alpha_symdir             1.734106    0.075930    1.231440    2.294605    1.710559     26.91     70.46    1.003
      alpha_symdir             0.310544    0.000606    0.264388    0.359625    0.309742    119.10    148.97    1.013
      alpha_symdir             1.685597    0.059943    1.224708    2.163048    1.665337     35.30     50.72    1.048
      alpha_symdir             1.909601    0.069958    1.427668    2.427984    1.879407    110.81    117.19    1.002
      alpha_symdir             2.101372    0.281454    1.197147    3.121953    2.010977     37.10     41.97    1.011
      alpha_symdir             1.545615    0.316334    0.296796    2.387251    1.608000      6.45     18.89    1.360
      alpha_symdir             1.056020    0.029092    0.754357    1.378401    1.040352     12.25     14.99    1.109
      alpha_symdir             0.930348    0.286255    0.281039    1.736251    1.067066      7.20     12.16    2.991
