      clockrate                0.816455    0.003995    0.695270    0.940171    0.812811    111.90    154.71    1.010
      clockrate                0.862431    0.007721    0.702408    1.039939    0.857325     36.57     56.07    1.004
      clockrate                0.843250    0.003289    0.734095    0.956066    0.838098     36.73     55.18    1.037
      clockrate                0.810180    0.002494    0.715550    0.910675    0.808054    124.34    167.71    1.000
      clockrate                0.735768    0.002202    0.645806    0.829611    0.734062    319.31    319.54    1.002
      clockrate                0.752026    0.012485    0.566010    0.986746    0.735317     32.87     98.64    1.143
      clockrate                0.793515    0.002540    0.696571    0.893154    0.791501    158.92    175.94    1.000
      clockrate                1.121273    0.046011    0.748323    1.543177    1.089615     27.46     65.64    1.232
      clockrate                0.830230    0.006249    0.681832    0.988945    0.825028     90.21    107.81    1.019
      clockrate                0.851565    0.004862    0.724863    0.993410    0.845031     32.81     57.39    1.070
      clockrate                0.806656    0.003764    0.698405    0.936250    0.800949     24.04     43.99    1.038
      clockrate                1.161092    0.050417    0.757018    1.611386    1.142085    164.87    191.99    1.000
      clockrate                0.905466    0.014689    0.692340    1.155539    0.890203    120.10    147.45    1.000
      clockrate                1.513168    0.186151    0.836211    2.323195    1.432689    129.50    153.49    1.021
      clockrate                0.779843    0.002322    0.688653    0.874897    0.777737    146.59    169.32    1.001
      clockrate                0.786710    0.002134    0.700047    0.879859    0.784521    128.42    258.72    1.002
      clockrate                0.798515    0.002528    0.701627    0.897457    0.796746    117.87    428.17    1.006
      clockrate                1.513801    0.318817    0.658030    2.493980    1.534387     10.20    106.14    1.698
      clockrate                1.224804    0.106684    0.723964    1.872508    1.158306    291.69    344.11    1.003
      clockrate                0.858575    0.008664    0.681736    1.035476    0.852166     35.91    110.13    1.003
      clockrate                0.799424    0.002721    0.702243    0.906737    0.796141    101.92    239.13    1.013
      clockrate                0.932371    0.008804    0.752699    1.119874    0.925675    165.73    231.55    1.000
      clockrate                0.800646    0.008447    0.626733    0.984305    0.793837    130.98    187.14    1.016
      clockrate                0.799032    0.008475    0.629140    0.984321    0.790057     90.19    118.60    1.000
      clockrate                0.805185    0.002745    0.703809    0.908269    0.803561    173.15    273.13    1.000
      clockrate                0.838474    0.004667    0.709556    0.977500    0.834739    231.76    248.26    1.000
      clockrate                0.970157    0.022183    0.727268    1.283662    0.941740     44.78     52.12    1.001
      clockrate                0.793984    0.003078    0.688963    0.904435    0.790498     68.20    195.72    1.002
      clockrate                0.783394    0.007398    0.626931    0.957519    0.775205    171.80    184.73    1.003
      clockrate                0.858493    0.003114    0.751205    0.968585    0.855886    101.39    144.63    1.002
      clockrate                0.833771    0.007783    0.670380    1.010700    0.824190     30.64    105.77    1.360
      clockrate                0.985501    0.006751    0.832123    1.154285    0.981965    110.84    112.28    1.000
      clockrate                0.685719    0.001688    0.607481    0.768025    0.684340    130.76    217.29    1.001
      clockrate                0.879960    0.015786    0.662328    1.142118    0.866664    349.37    371.60    1.000
      clockrate                0.789659    0.002254    0.696666    0.882930    0.787348     41.95    123.30    1.008
      clockrate                0.779292    0.006491    0.625472    0.940349    0.774298     35.83     73.51    1.071
      clockrate                0.887418    0.009989    0.699957    1.079177    0.877900     34.88     64.84    1.008
      clockrate                1.006142    0.013118    0.803464    1.245174    0.996411     87.03    160.02    1.003
      clockrate                0.953602    0.013663    0.745607    1.192203    0.940231     57.54    143.96    1.011
      clockrate                0.831792    0.019146    0.604935    1.101157    0.809642    175.23    221.65    1.593
      clockrate                0.695103    0.002038    0.608427    0.787061    0.693508    269.79    273.77    1.003
      clockrate                0.885529    0.012372    0.682878    1.108796    0.872014     45.71     65.83    1.086
      clockrate                0.792866    0.003145    0.686926    0.905679    0.790429    143.30    160.10    1.000
      clockrate                0.828071    0.003744    0.710261    0.948202    0.825026     55.05     66.03    1.000
      clockrate                0.811642    0.003507    0.701156    0.933153    0.808159    163.97    241.41    1.001
      clockrate                0.844774    0.007937    0.686112    1.030252    0.833788    126.10    166.01    1.007
      clockrate                0.843157    0.003738    0.724636    0.961431    0.841480    407.53    524.03    1.000
      clockrate                0.868641    0.015776    0.635298    1.123468    0.858437    164.48    227.05    1.003
      clockrate                0.885430    0.009076    0.713069    1.075233    0.877799    113.05    113.47    1.001
      clockrate                0.768559    0.002865    0.667041    0.875248    0.764764     53.50    187.49    1.012
      clockrate                1.062379    0.023540    0.797120    1.374574    1.039641     16.72     62.99    1.068
      clockrate                1.336572    0.057530    0.884479    1.795049    1.323917    164.84    165.52    1.002
      clockrate                1.631809    0.153983    0.972893    2.436086    1.573302     78.67     84.19    1.002
      clockrate                0.839379    0.008276    0.671767    1.019113    0.830276     50.37    105.95    1.000
      clockrate                0.876019    0.008655    0.705870    1.064946    0.866985    140.61    186.32    1.000
      clockrate                0.802320    0.005233    0.666578    0.951069    0.797639    208.75    219.40    1.001
      clockrate                0.777472    0.004753    0.648638    0.912917    0.771932     37.87     55.53    1.000
      clockrate                0.861493    0.008239    0.694306    1.044795    0.853633     37.83     94.81    1.004
      clockrate                1.174288    0.039803    0.833334    1.595357    1.143766    136.97    147.62    1.001
      clockrate                0.821661    0.005353    0.679485    0.964138    0.817018     49.68    116.10    1.004
      clockrate                1.073697    0.054371    0.664334    1.550259    1.045229     55.14    116.08    1.000
      clockrate                0.795017    0.004660    0.670627    0.933180    0.788922     55.99     67.88    1.019
      clockrate                0.725033    0.004045    0.606945    0.853843    0.719455     65.59     76.63    1.033
      clockrate                0.707441    0.002821    0.604703    0.809894    0.704155     30.67     57.72    1.005
      clockrate                0.785385    0.003867    0.667350    0.908540    0.781209     41.95    202.30    1.000
      clockrate                0.784522    0.003929    0.662048    0.904267    0.779875     50.73    101.40    1.007
      clockrate                1.130984    0.085872    0.727196    1.781039    1.049948     30.02     35.78    1.001
      clockrate                1.135317    0.047221    0.767820    1.559030    1.103390     89.89     92.12    1.003
      clockrate                0.775361    0.006872    0.628812    0.946255    0.765779    136.99    148.88    1.003
      clockrate                1.035192    0.014962    0.811891    1.286439    1.023937     44.22    126.80    1.007
      clockrate                0.870979    0.008524    0.719198    1.061521    0.855713     16.80     18.85    1.050
      clockrate                0.790890    0.007528    0.631670    0.961263    0.782077    132.49    219.98    1.001
      clockrate                0.862429    0.003459    0.746407    0.976627    0.859737    160.95    256.06    1.002
      clockrate                0.764383    0.015302    0.560654    1.022734    0.742506     13.68    101.29    1.020
      clockrate                0.770195    0.004765    0.641943    0.905741    0.764166     82.46    185.66    1.000
      clockrate                0.925055    0.043523    0.601399    1.319660    0.891046    268.02    289.87    1.002
      clockrate                0.887203    0.011844    0.702684    1.113215    0.871923     29.94     84.90    1.138
      clockrate                0.885647    0.012318    0.682374    1.109891    0.873961     77.07    144.16    1.007
      clockrate                0.817964    0.003927    0.698799    0.941090    0.812692     98.48    133.48    1.047
      clockrate                1.267384    0.113227    0.782446    1.949186    1.182059     38.26     56.51    1.049
      clockrate                0.906567    0.009535    0.733691    1.111763    0.893666     42.57     49.62    1.082
      clockrate                0.802051    0.003049    0.698041    0.913848    0.797756     52.03    226.91    1.132
      clockrate                0.680753    0.003308    0.576522    0.802268    0.676631     81.62    170.32    1.037
      clockrate                0.965968    0.010341    0.782147    1.167015    0.956104     60.90     87.31    1.191
      clockrate                1.089494    0.029027    0.819290    1.443327    1.056253     26.57     52.70    1.091
      clockrate                0.818159    0.003428    0.708746    0.936546    0.814986    232.10    284.74    1.036
      clockrate                1.205765    0.062079    0.790167    1.682625    1.173580     14.21     26.45    1.077
      clockrate                1.085539    0.044875    0.728291    1.495519    1.053796    169.10    197.92    1.000
      clockrate                0.739916    0.006049    0.599184    0.893040    0.731735    158.36    231.54    1.000
      clockrate                0.920637    0.011749    0.722055    1.137119    0.907408     62.35    109.70    1.008
      clockrate                0.791407    0.004548    0.666751    0.927164    0.784418     51.34    143.49    1.147
      clockrate                0.829012    0.006483    0.685220    0.992222    0.820984     39.12     96.16    1.007
      clockrate                0.786402    0.003859    0.672394    0.911855    0.781819     23.93     34.22    1.000
      clockrate                1.363556    0.097393    0.883298    1.953705    1.305010    149.03    157.75    1.019
      clockrate                0.741440    0.003180    0.633940    0.852620    0.738037    179.47    196.08    1.000
      clockrate                0.750230    0.002849    0.648833    0.855658    0.747157     55.18     55.66    1.000
      clockrate                0.781914    0.004083    0.662435    0.910724    0.778699    124.22    176.49    1.001
      clockrate                0.893455    0.011141    0.709411    1.110155    0.879075     22.41     73.79    1.107
      clockrate                0.756100    0.002499    0.656653    0.852306    0.755021    164.98    218.79    1.010
      clockrate                0.943834    0.021860    0.705592    1.245751    0.921756     30.77     55.87    1.391
