0.1860465
0.1666667
0.06818182
0.1590909
0.1136364
0.1
0.05128205
0.2727273
0.137931
0.1111111
0.02631579
0.0625
0.173913
0.1875
0.1395349
0.04347826
0.1395349
0.1351351
0.1428571
0.0625
0.1304348
0.1666667
0.03225806
0
0.05
0.1481481
0.1764706
0.08571429
0.07407407
0.1794872
0.1463415
0.2432432
0.05405405
0.2352941
0.1086957
0.1
0.1481481
0.1363636
0.05263158
0.12
0.1489362
0.06896552
0.1276596
0.08510638
0.02702703
0.03703704
0.2
0.2083333
0.09090909
0.06666667
0.04347826
0.2222222
0.1052632
0.1666667
0.09375
0.08571429
0.1190476
0.09090909
0.25
0.05405405
0.05555556
0.15
0.04
0.1111111
0.1395349
0.05
0.05882353
0.1818182
0.07692308
0.1153846
0.175
0.07407407
0.175
0.1304348
0.1923077
0
0.1538462
0.1333333
0.07317073
0.1052632
0.07894737
0.06818182
0.1282051
0.05714286
0
0.02631579
0.1333333
0.25
0.1153846
0.04166667
0.1395349
0.08571429
0.08695652
0.25
0.125
0.06521739
0.1
0.07142857
0.1052632
0.03225806
