      clockrate                0.881775    0.005364    0.744248    1.028322    0.876253    131.18    213.94    1.009
      clockrate                0.891044    0.004931    0.759484    1.032387    0.887250    148.29    160.65    1.004
      clockrate                0.908638    0.003380    0.793908    1.023561    0.907411    205.53    251.17    1.000
      clockrate                0.961017    0.003570    0.844913    1.076058    0.957318     50.48     67.85    1.001
      clockrate                0.976788    0.006386    0.825696    1.134054    0.971668    111.30    126.35    1.001
      clockrate                0.803000    0.006664    0.646826    0.962988    0.796698    472.59    501.45    1.003
      clockrate                0.945911    0.002581    0.848091    1.046984    0.944740   2254.26   2373.02    1.000
      clockrate                1.016544    0.033776    0.700394    1.383183    0.988951     54.65     83.52    1.011
      clockrate                0.868379    0.005316    0.733717    1.016479    0.864241    715.72    779.17    1.001
      clockrate                0.844087    0.003216    0.738082    0.958308    0.841295    503.40    517.99    1.015
      clockrate                0.954097    0.005307    0.812416    1.097542    0.950624    432.51    513.49    1.004
      clockrate                0.856745    0.010256    0.661229    1.057127    0.851247    480.04    699.07    1.003
      clockrate                0.986972    0.005976    0.844157    1.143181    0.984182    251.76    356.82    1.017
      clockrate                1.021246    0.017961    0.765230    1.283901    1.008366     75.25    141.25    1.002
      clockrate                0.938308    0.006663    0.785567    1.100355    0.930583     68.01     82.93    1.006
      clockrate                0.822724    0.002513    0.726900    0.922825    0.820375    124.28    141.80    1.017
      clockrate                0.920685    0.003245    0.813211    1.036887    0.918693    805.28    834.73    1.001
      clockrate                0.827109    0.021890    0.566484    1.118848    0.807757    174.41    226.95    1.007
      clockrate                1.055317    0.046947    0.670831    1.448821    1.031865    330.76    400.23    1.001
      clockrate                0.986899    0.007559    0.822204    1.158251    0.980757    180.56    374.10    1.001
      clockrate                0.851873    0.003184    0.744029    0.964034    0.850015    135.16    464.56    1.005
      clockrate                0.934573    0.006720    0.785458    1.095730    0.926719    312.91    352.39    1.000
      clockrate                1.190876    0.065160    0.765627    1.699669    1.147649    112.89    114.07    1.005
      clockrate                0.793885    0.008267    0.624935    0.974248    0.785311     94.22     98.49    1.004
      clockrate                0.921763    0.003425    0.806744    1.034430    0.919715    105.62    629.46    1.002
      clockrate                0.976622    0.010229    0.787898    1.174407    0.965787     80.42    168.90    1.000
      clockrate                0.901917    0.005195    0.761614    1.041254    0.898976    659.44    755.05    1.000
      clockrate                0.894004    0.005152    0.758254    1.037080    0.888020     64.72     69.55    1.034
      clockrate                1.003674    0.015711    0.774940    1.254321    0.988625     95.09    155.14    1.000
      clockrate                0.836171    0.007398    0.674345    0.999910    0.825595     95.30    103.59    1.006
      clockrate                0.921760    0.011297    0.739919    1.141726    0.907304     27.22     37.58    1.002
      clockrate                0.815716    0.008051    0.643406    0.990843    0.810111     40.39     42.61    1.006
      clockrate                0.830633    0.002725    0.730702    0.933809    0.828240    227.87    314.40    1.018
      clockrate                0.824981    0.018351    0.591379    1.097702    0.806774    226.39    236.46    1.000
      clockrate                0.900081    0.002331    0.809799    0.996992    0.898208    139.47    143.64    1.006
      clockrate                0.896634    0.010793    0.705008    1.104060    0.886410    212.46    259.07    1.003
      clockrate                1.023724    0.008955    0.838413    1.205552    1.017522    140.63    243.45    1.002
      clockrate                0.883424    0.007083    0.725352    1.053953    0.878927    600.78    752.47    1.002
      clockrate                0.911892    0.008736    0.744978    1.100808    0.901687     94.87    346.27    1.012
      clockrate                0.930453    0.004943    0.796886    1.068090    0.924895    211.64    282.86    1.003
      clockrate                0.852165    0.003456    0.739049    0.969661    0.848195     44.44     66.87    1.005
      clockrate                0.980728    0.013871    0.761876    1.216664    0.971110    109.11    122.71    1.012
      clockrate                0.963046    0.004849    0.829899    1.102145    0.958839     59.55     59.87    1.001
      clockrate                1.010833    0.007153    0.854322    1.179479    1.003037    104.44    108.36    1.000
      clockrate                0.844196    0.003109    0.733567    0.951595    0.842468    829.63    862.25    1.001
      clockrate                0.978735    0.007904    0.809579    1.156206    0.974601    649.19    752.88    1.002
      clockrate                0.788728    0.005427    0.651169    0.935533    0.781864     76.10     86.71    1.028
      clockrate                0.805708    0.008675    0.623407    0.983547    0.798787    193.81    211.67    1.003
      clockrate                0.821023    0.002865    0.720585    0.931171    0.818938    148.45    259.14    1.014
      clockrate                0.998080    0.007938    0.830026    1.172282    0.991292     37.70    156.53    1.064
      clockrate                1.087449    0.019271    0.849605    1.374948    1.067055     28.71    111.92    1.005
      clockrate                1.099987    0.014377    0.871999    1.332444    1.089846     72.27    131.69    1.000
      clockrate                0.872588    0.013877    0.664521    1.105327    0.859680    383.13    389.12    1.001
      clockrate                0.952223    0.005205    0.815621    1.093905    0.946938    240.81    365.74    1.037
      clockrate                0.978491    0.006079    0.829005    1.130415    0.973652    189.44    202.88    1.000
      clockrate                0.991368    0.006783    0.830695    1.152884    0.987346    349.73    365.92    1.000
      clockrate                0.852583    0.002828    0.752183    0.959544    0.849097     41.80     55.95    1.026
      clockrate                0.909751    0.010653    0.725460    1.112502    0.899287    188.94    201.71    1.000
      clockrate                0.917087    0.013811    0.703987    1.153712    0.901314    182.48    217.14    1.001
      clockrate                0.804158    0.006803    0.652902    0.973534    0.795722     44.51     56.46    1.000
      clockrate                0.986963    0.054819    0.621587    1.423260    0.947313     76.70    156.27    1.001
      clockrate                0.910319    0.003329    0.800567    1.026135    0.908672    426.34    499.57    1.013
      clockrate                0.926930    0.005521    0.786399    1.077973    0.922016    265.01    280.75    1.001
      clockrate                0.905307    0.006245    0.756860    1.061114    0.897778     38.40    100.47    1.051
      clockrate                0.899761    0.003691    0.785534    1.022454    0.896574    112.24    172.26    1.008
      clockrate                0.908285    0.004275    0.781431    1.037319    0.904051    191.21    200.32    1.026
      clockrate                1.129176    0.055068    0.695617    1.590575    1.098438     95.26    114.85    1.011
      clockrate                0.922255    0.009500    0.735531    1.108098    0.914406    338.05    461.70    1.005
      clockrate                0.781671    0.005246    0.644641    0.926638    0.776157    207.27    281.71    1.007
      clockrate                0.977046    0.010852    0.785260    1.181581    0.966838    196.37    242.23    1.000
      clockrate                0.971979    0.002775    0.873545    1.078378    0.970804    345.95    826.56    1.000
      clockrate                0.889884    0.006919    0.730336    1.054663    0.883877    287.17    352.06    1.019
      clockrate                0.859510    0.005817    0.716549    1.015426    0.854488    140.50    161.83    1.006
      clockrate                0.945063    0.006444    0.790821    1.106302    0.940474     68.39    201.76    1.000
      clockrate                0.946219    0.004973    0.810117    1.083041    0.942147    547.00    608.39    1.001
      clockrate                1.179601    0.064613    0.753067    1.682285    1.144382    406.51    433.88    1.000
      clockrate                0.834680    0.004570    0.711220    0.972479    0.829965     60.59     74.67    1.001
      clockrate                0.837965    0.011318    0.644139    1.051121    0.827219    165.48    181.95    1.003
      clockrate                0.845740    0.002720    0.742043    0.947808    0.844071    262.78    447.68    1.001
      clockrate                1.003132    0.019285    0.746897    1.277083    0.989105    238.15    264.54    1.002
      clockrate                0.940936    0.008102    0.773919    1.122231    0.931989     44.16     70.86    1.008
      clockrate                0.889155    0.002735    0.785283    0.989537    0.887096     48.38     71.92    1.025
      clockrate                0.913391    0.003433    0.799156    1.028767    0.912182    570.59    638.86    1.004
      clockrate                0.897416    0.007932    0.730920    1.075682    0.891786    150.50    218.07    1.000
      clockrate                1.001277    0.020846    0.758679    1.295156    0.977451    126.84    178.51    1.011
      clockrate                0.856147    0.003746    0.739783    0.978291    0.852496    111.56    207.75    1.002
      clockrate                1.027742    0.019724    0.780080    1.308109    1.008396     40.83     76.60    1.024
      clockrate                0.979286    0.013099    0.762564    1.205389    0.970055    183.20    262.18    1.004
      clockrate                1.016497    0.013938    0.808378    1.257406    1.000058    222.55    236.66    1.000
      clockrate                0.952009    0.009100    0.778545    1.146957    0.943452     52.41     63.49    1.008
      clockrate                0.848604    0.004109    0.726889    0.977559    0.844708    183.51    237.41    1.000
      clockrate                0.830543    0.005625    0.692241    0.983806    0.823729     41.28     80.82    1.003
      clockrate                0.840620    0.004010    0.721833    0.968680    0.836535     61.98     69.80    1.010
      clockrate                0.965769    0.053843    0.622872    1.443147    0.912330     74.68     98.29    1.006
      clockrate                0.988952    0.026383    0.767014    1.368309    0.944286     26.62     29.61    1.012
      clockrate                0.847112    0.002719    0.742759    0.947549    0.845351    410.55    552.04    1.000
      clockrate                0.817514    0.004508    0.687882    0.950327    0.814159    300.21    432.01    1.002
      clockrate                1.047121    0.009238    0.866681    1.240324    1.038024    122.43    151.07    1.000
      clockrate                0.860372    0.004485    0.736616    0.995371    0.855845     57.94     65.18    1.018
      clockrate                1.124873    0.018149    0.887594    1.399756    1.108268     32.27     65.93    1.016
