RFdist
0.1463415
0.2835821
0.1294118
0.1463415
0.2195122
0.2972973
0.05263158
0.1794872
0.2962963
0.1294118
0.2222222
0.1612903
0.2
0.06666667
0.2727273
0.1363636
0.2470588
0.05555556
0
0.03225806
0.2413793
0.3181818
0.1186441
0.173913
0.1
0.32
0.2459016
0.15625
0.1372549
0.2054795
0.07692308
0.2121212
0.1232877
0.09090909
0.09090909
0.1578947
0.09803922
0.1891892
0.1351351
0.2340426
0.2857143
0.0877193
0.1685393
0.2272727
0.1830986
0.2653061
0.1733333
0.2173913
0.2307692
0.1162791
0.06976744
0.05555556
0.2
0.1636364
0.1724138
0.1176471
0.1707317
0.07317073
0.07692308
0.1666667
0.05882353
0.1466667
0.1020408
0.1529412
0.1111111
0.1621622
0.25
0.2307692
0.1372549
0.1020408
0.1315789
0.2173913
0.1315789
0.1111111
0.05882353
0
0.2112676
0.03448276
0.2328767
0.08108108
0.02702703
0.0952381
0.1944444
0.2380952
0
0.08108108
0.2727273
0.1111111
0.1153846
0.1111111
0.1190476
0.08823529
0.2
0.09677419
0.1466667
0.1460674
0.05263158
0.1111111
0.2054795
0.1724138
