      age[0]                   0.911951    0.001668    0.844590    0.995989    0.905134    1.007    2
      age[0]                   1.032176    0.000781    0.981048    1.088616    1.029633    1.000    2
      age[0]                   0.988088    0.000694    0.940115    1.039974    0.985490    1.001    2
      age[0]                   0.989088    0.000817    0.937977    1.046763    0.986509    1.000    2
      age[0]                   0.962667    0.000751    0.909597    1.016280    0.959765    1.002    2
      age[0]                  1.029933    0.002087    0.945907    1.121530    1.025266    1.003    2
      age[0]                   0.998990    0.000279    0.968442    1.033061    0.997350    1.001    2
      age[0]                  0.835824    0.008654    0.723578    1.020152    0.802028    1.051    2
      age[0]                  1.003079    0.000792    0.950472    1.059120    1.000309    1.002    2
      age[0]                   0.982733    0.000935    0.925412    1.043645    0.980595    1.002    2
      age[0]                   0.915603    0.000694    0.870961    0.968490    0.911185    1.002    2
      age[0]                  0.876545    0.002421    0.831187    0.978976    0.859488    1.001    2
      age[0]                  0.930215    0.001558    0.857041    1.000729    0.926701    1.001    2
      age[0]                  0.879111    0.000835    0.829613    0.936241    0.875053    1.000    2
      age[0]                   0.980368    0.001483    0.909329    1.061667    0.975857    1.000    2
      age[0]                   1.004920    0.000796    0.953941    1.063772    1.002981    1.002    2
      age[0]                   1.007538    0.000318    0.974989    1.043087    1.005920    1.000    2
      age[0]                  1.045984    0.004725    0.921242    1.183391    1.039331    1.001    2
      age[0]                  0.840068    0.006948    0.682465    1.012448    0.834953    1.000    2
      age[0]                  1.002269    0.001066    0.951806    1.063600    0.997073    1.000    2
      age[0]                   0.948572    0.000463    0.910274    0.990154    0.946283    1.002    2
      age[0]                  0.997343    0.000275    0.979083    1.029924    0.992846    1.001    2
      age[0]                  0.894235    0.004468    0.773272    1.034468    0.886741    1.002    2
      age[0]                  1.009003    0.002840    0.908704    1.112831    1.004692    1.015    2
      age[0]                   0.931373    0.000461    0.898879    0.972268    0.927880    1.000    2
      age[0]                  0.923349    0.002451    0.832536    1.021821    0.919954    1.001    2
      age[0]                  0.982450    0.001642    0.906534    1.062769    0.979294    1.007    2
      age[0]                  0.963990    0.001445    0.894133    1.038735    0.960931    1.004    2
      age[0]                  0.897178    0.002098    0.809507    0.990157    0.894480    1.002    2
      age[0]                   0.997000    0.004089    0.873239    1.122912    0.996079    1.020    2
      age[0]                   1.013106    0.002530    0.920779    1.110094    1.008396    1.008    2
      age[0]                   0.999573    0.003895    0.914769    1.115243    0.991700    1.010    2
      age[0]                  1.037529    0.000715    0.986231    1.090451    1.036282    1.002    2
      age[0]                  0.992553    0.000694    0.970761    1.044946    0.983944    1.006    2
      age[0]                   1.038370    0.001100    0.977126    1.109185    1.034223    1.002    2
      age[0]                  0.997935    0.001027    0.941120    1.063578    0.994450    1.001    2
      age[0]                  0.933442    0.001485    0.862696    1.013767    0.931524    1.002    2
      age[0]                  0.922825    0.000466    0.889873    0.964444    0.919097    1.006    2
      age[0]                  0.999444    0.000304    0.969626    1.033612    0.997052    1.000    2
      age[0]                  1.016230    0.000727    0.967127    1.071391    1.013684    1.000    2
      age[0]                   0.959717    0.001494    0.891689    1.038318    0.956775    1.002    2
      age[0]                  0.957005    0.001436    0.884478    1.031911    0.954753    1.013    2
      age[0]                   0.884504    0.002227    0.798705    0.983541    0.881287    1.002    2
      age[0]                   0.946887    0.000726    0.895587    1.000717    0.944856    1.008    2
      age[0]                  1.008445    0.000449    0.971405    1.051255    1.006097    1.002    2
      age[0]                  0.998278    0.000728    0.951148    1.052195    0.995335    1.000    2
      age[0]                   1.023231    0.001330    0.955284    1.096761    1.020983    1.007    2
      age[0]                  1.007205    0.001725    0.928453    1.086920    1.003413    1.003    2
      age[0]                  1.039354    0.000681    0.989064    1.089082    1.037135    1.000    2
      age[0]                   0.995241    0.000823    0.944615    1.050120    0.991187    1.001    2
      age[0]                  0.989308    0.000712    0.940963    1.045437    0.987533    1.000    2
      age[0]                  0.909789    0.001110    0.850112    0.976626    0.906097    1.002    2
      age[0]                  0.999507    0.003336    0.888530    1.109332    0.995059    1.004    2
      age[0]                  0.888618    0.001551    0.812680    0.966055    0.886976    1.005    2
      age[0]                  0.999344    0.000708    0.948023    1.050349    0.997620    1.000    2
      age[0]                  0.995374    0.000497    0.966028    1.036998    0.991104    1.001    2
      age[0]                   1.010827    0.002351    0.934990    1.105091    0.999746    1.031    2
      age[0]                  0.988097    0.002924    0.880989    1.095393    0.984382    1.001    2
      age[0]                  1.035012    0.003344    0.920377    1.146033    1.033446    1.000    2
      age[0]                   1.033807    0.001531    0.956252    1.110279    1.032507    1.001    2
      age[0]                  1.017577    0.003352    0.956541    1.127107    1.002985    1.005    2
      age[0]                   0.957394    0.000905    0.903631    1.018655    0.953458    1.010    2
      age[0]                  1.008833    0.000671    0.961361    1.061413    1.006709    1.001    2
      age[0]                   0.946555    0.000697    0.899398    0.999983    0.943418    1.020    2
      age[0]                   0.953709    0.000710    0.903592    1.004137    0.951322    1.001    2
      age[0]                   1.008903    0.001714    0.926241    1.091872    1.006868    1.002    2
      age[0]                  0.886161    0.006875    0.729235    1.049402    0.877066    1.005    2
      age[0]                  1.024947    0.001147    0.963131    1.094287    1.021716    1.000    2
      age[0]                  1.047848    0.002905    0.946402    1.156590    1.043982    1.002    2
      age[0]                  0.983400    0.000790    0.931947    1.041051    0.981017    1.001    2
      age[0]                   1.002889    0.000942    0.944851    1.064677    1.000855    1.006    2
      age[0]                  1.031672    0.001304    0.966668    1.105183    1.028146    1.001    2
      age[0]                   1.027151    0.001732    0.950225    1.110323    1.024329    1.003    2
      age[0]                  0.938428    0.001299    0.870568    1.009724    0.935125    1.001    2
      age[0]                  0.999643    0.000755    0.949445    1.054060    0.997185    1.002    2
      age[0]                  0.884969    0.005585    0.792186    1.027622    0.868912    1.001    2
      age[0]                   1.030526    0.001997    0.942883    1.120059    1.027371    1.004    2
      age[0]                  1.024448    0.002322    0.928579    1.117283    1.020624    1.002    2
      age[0]                   0.991701    0.000550    0.947945    1.037575    0.989627    1.001    2
      age[0]                  1.000735    0.002342    0.912913    1.098784    0.995228    1.005    2
      age[0]                  0.936288    0.003230    0.837018    1.050074    0.929884    1.014    2
      age[0]                   0.974447    0.001513    0.900667    1.050617    0.973016    1.015    2
      age[0]                   0.967885    0.000765    0.925982    1.019880    0.963486    1.001    2
      age[0]                  0.847171    0.002848    0.752330    0.955570    0.841559    1.002    2
      age[0]                  0.945012    0.002174    0.855453    1.037496    0.942302    1.002    2
      age[0]                  0.987550    0.000979    0.931590    1.052528    0.984718    1.001    2
      age[0]                  0.821711    0.006097    0.668445    0.979827    0.820776    1.034    2
      age[0]                  0.968315    0.002412    0.905248    1.064777    0.957411    1.001    2
      age[0]                  0.983561    0.001774    0.903983    1.068958    0.981472    1.000    2
      age[0]                  0.897747    0.001242    0.831742    0.968026    0.895030    1.002    2
      age[0]                   1.003421    0.000795    0.950991    1.059747    1.001009    1.000    2
      age[0]                  1.007277    0.001438    0.934563    1.079734    1.003661    1.000    2
      age[0]                   0.994243    0.001467    0.927960    1.074006    0.989706    1.001    2
      age[0]                  0.932217    0.003182    0.847181    1.042241    0.922542    1.000    2
      age[0]                   0.965222    0.001656    0.883362    1.041772    0.964057    1.010    2
      age[0]                   1.004432    0.000488    0.963955    1.048985    1.002972    1.002    2
      age[0]                  1.063176    0.001108    1.005044    1.133939    1.059555    1.003    2
      age[0]                  1.004275    0.000268    0.974960    1.037215    1.002681    1.000    2
      age[0]                   0.911322    0.001758    0.835526    0.998280    0.907950    1.003    2
      age[0]                  0.903790    0.004412    0.795634    1.030410    0.895674    1.000    2
