0.1860465
0.2121212
0.1818182
0.1590909
0.1363636
0.1
0.1538462
0.1818182
0.1724138
0.1111111
0.1315789
0.125
0.173913
0.0625
0.2325581
0.04347826
0.1395349
0.05263158
0
0.0625
0.2391304
0.25
0.03225806
0.1923077
0.125
0.2222222
0.2058824
0.2285714
0.03703704
0.1025641
0.1463415
0.1351351
0.08108108
0.2352941
0.1086957
0.2
0.07407407
0.09090909
0.1052632
0.24
0.1489362
0.06896552
0.212766
0.2553191
0.1351351
0.1481481
0.075
0
0.1515152
0.08888889
0.04347826
0.1666667
0.1052632
0.2
0.09375
0.05714286
0.1666667
0.1363636
0.15
0.2162162
0.05555556
0.2
0.04
0.1111111
0.1395349
0.125
0.1176471
0.2272727
0.1153846
0.1153846
0.1
0.1111111
0.025
0.04347826
0.1153846
0.1666667
0.1538462
0.06666667
0.1463415
0.05263158
0.1578947
0.06818182
0.1025641
0.1428571
0.05263158
0.02631579
0.2333333
0.2
0.1923077
0.08333333
0.02325581
0.1142857
0.06521739
0.1875
0.1
0.1086957
0.03333333
0.2142857
0.1052632
0.1290323
