      alpha_symdir   5.985936    1.778592    3.617569    8.581450    5.788590   6883.29   7666.93    1.000
      alpha_symdir   8.312604    3.870342    4.758327   12.158330    8.057478  10596.35  10685.36    1.000
      alpha_symdir   7.542075    3.044444    4.514093   11.045180    7.302216   9686.99  10008.75    1.000
      alpha_symdir   7.636363    3.017954    4.586630   11.146330    7.422046  10098.26  10286.52    1.000
      alpha_symdir   7.959472    3.269846    4.725024   11.548090    7.734179   8670.22   9136.47    1.000
      alpha_symdir   5.754270    2.357342    3.213964    8.903401    5.533295   8637.21   9580.07    1.000
      alpha_symdir   7.767938    3.061466    4.700119   11.284150    7.553615  10664.13  10798.03    1.000
      alpha_symdir   5.517539    2.322838    3.029722    8.596308    5.273284   8146.66   8471.79    1.000
      alpha_symdir   7.487149    3.298670    4.258527   11.049070    7.267311  10273.46  10502.80    1.000
      alpha_symdir   8.656321    3.711534    5.313373   12.581610    8.418616   8524.85   9308.31    1.000
      alpha_symdir   7.504006    3.192633    4.378518   11.061500    7.268252   8267.18   9365.00    1.000
      alpha_symdir   5.007225    2.311121    2.371670    7.978630    4.754449  10840.96  11125.71    1.000
      alpha_symdir   6.531544    2.808339    3.654021    9.862859    6.303292   9550.93   9835.30    1.000
      alpha_symdir   4.861351    2.186029    2.429228    7.849771    4.620539  10885.61  10984.32    1.000
      alpha_symdir   9.349381    4.012636    5.748063   13.348990    9.106639   9972.35  10047.12    1.000
      alpha_symdir   8.532950    3.477856    5.177930   12.182510    8.307796   9131.24   9465.23    1.000
      alpha_symdir   8.993667    4.015276    5.501667   13.087960    8.760799  11265.17  11317.69    1.000
      alpha_symdir   5.177199    1.978417    2.830539    8.021895    4.945520  10200.63  10554.76    1.000
      alpha_symdir   4.541953    2.125143    2.213661    7.465245    4.286854  10582.82  10812.77    1.000
      alpha_symdir   4.208574    1.519460    2.155408    6.650951    3.994363  10707.50  10961.94    1.000
      alpha_symdir   9.063632    4.000469    5.508148   13.069760    8.841340  10475.16  10592.22    1.000
      alpha_symdir   6.670982    2.972574    3.816149   10.222470    6.424348  11050.53  11192.99    1.000
      alpha_symdir   5.962412    2.203059    3.489093    8.987363    5.738297   8254.18   8541.81    1.000
      alpha_symdir   6.135606    2.582595    3.360431    9.334645    5.896383   9805.47  10194.57    1.000
      alpha_symdir   7.629553    3.174195    4.617740   11.257390    7.393266   8632.42   8863.86    1.000
      alpha_symdir   7.209492    2.932240    4.330261   10.719770    6.976326   9920.80  10219.41    1.000
      alpha_symdir   6.697241    2.451706    4.095227    9.945940    6.484025   7391.44   7820.78    1.000
      alpha_symdir   9.564922    4.625132    5.793056   13.941890    9.323031  10782.55  11091.70    1.000
      alpha_symdir   7.192295    2.979266    4.168154   10.600370    6.952912   9556.29   9788.91    1.000
      alpha_symdir   8.280873    3.725439    4.850444   12.149410    8.042822   9834.00  10630.19    1.000
      alpha_symdir   7.528678    3.089293    4.523522   11.094060    7.299585   8903.29   9273.62    1.000
      alpha_symdir   8.007512    3.416445    4.749470   11.737210    7.778169   7835.23   8030.84    1.000
      alpha_symdir   7.939500    3.321005    4.659838   11.483690    7.701320  10557.83  10960.71    1.000
      alpha_symdir   4.801768    1.864194    2.565496    7.541075    4.583026  11126.28  11374.72    1.000
      alpha_symdir   7.426915    2.846914    4.501063   10.760740    7.203019  10354.41  10517.84    1.000
      alpha_symdir   6.273864    3.003125    3.274992    9.724741    6.030382  11023.61  11190.93    1.000
      alpha_symdir   4.011641    1.276472    2.176212    6.281255    3.822822   8292.71   9090.73    1.000
      alpha_symdir   5.390398    2.573235    2.695141    8.587446    5.134821  10526.43  11081.39    1.000
      alpha_symdir   5.698643    2.339755    3.110529    8.732222    5.483579  10256.01  10691.26    1.000
      alpha_symdir   6.906173    3.075342    3.965159   10.452360    6.662485  11008.17  11354.24    1.000
      alpha_symdir   8.963104    3.995201    5.393164   12.957620    8.712700   8789.86   9072.39    1.000
      alpha_symdir   5.611142    2.233752    3.044596    8.566286    5.391005   9478.56   9507.44    1.000
      alpha_symdir   8.179191    3.360994    4.927474   11.855390    7.945613   9993.58  10014.02    1.000
      alpha_symdir   8.640041    3.729584    5.220102   12.543530    8.407650   8267.37   9626.58    1.000
      alpha_symdir   6.207131    2.086377    3.756050    9.146021    5.999329   9975.67  10217.96    1.000
      alpha_symdir   5.495256    2.299783    2.978084    8.555305    5.262608   8705.06   9279.00    1.000
      alpha_symdir   8.640499    4.005960    5.142401   12.696050    8.375732  11150.98  11447.13    1.000
      alpha_symdir   4.952275    2.125139    2.576011    7.907878    4.710944   3985.15   4366.32    1.000
      alpha_symdir   6.539065    2.468424    3.854835    9.715844    6.323872   8053.44   8383.18    1.000
      alpha_symdir   7.496992    3.050739    4.472644   11.016200    7.258724  11432.44  11546.84    1.000
      alpha_symdir   7.667995    3.750557    4.233357   11.495130    7.411916  10376.76  10495.08    1.000
      alpha_symdir   4.675267    1.749671    2.481315    7.291480    4.447837   8867.25   9139.81    1.000
      alpha_symdir   4.448888    1.634024    2.388071    7.045060    4.226349   9174.88   9599.94    1.000
      alpha_symdir   8.287419    3.687607    4.906032   12.118320    8.043518  11280.48  11500.49    1.000
      alpha_symdir   7.312287    3.102439    4.303494   10.876510    7.069859   9951.26  10117.19    1.000
      alpha_symdir   6.912361    3.003357    3.991498   10.390030    6.668847   9803.48  10411.42    1.000
      alpha_symdir   8.990190    3.716211    5.575787   12.823520    8.753441  10698.42  10988.66    1.000
      alpha_symdir   6.903128    3.093466    3.932108   10.425350    6.662319  10713.57  10925.83    1.000
      alpha_symdir   4.464457    1.298451    2.569258    6.736273    4.285665   8537.05   9268.82    1.000
      alpha_symdir   8.223716    3.763963    4.827382   12.079350    7.986233   9363.91   9971.25    1.000
      alpha_symdir   5.782268    2.758131    2.992239    9.130827    5.532511  10988.84  11315.71    1.000
      alpha_symdir   8.765593    3.992777    5.252344   12.769410    8.513730  11552.22  11560.61    1.000
      alpha_symdir   6.282000    2.730107    3.476055    9.592378    6.042861  10623.30  10676.36    1.000
      alpha_symdir  10.601469    5.220358    6.538712   15.166450   10.351520   9918.38  10046.41    1.000
      alpha_symdir   6.615777    2.460908    3.873143    9.717140    6.405099   7102.46   7902.58    1.000
      alpha_symdir   7.691048    2.942558    4.613087   11.078160    7.485760   8478.08   8834.69    1.000
      alpha_symdir   5.368541    2.201597    2.871152    8.337414    5.135207  10175.57  10774.47    1.000
      alpha_symdir   6.399098    2.602151    3.661415    9.674938    6.169516  10250.78  10555.93    1.000
      alpha_symdir   8.521435    4.060923    4.933213   12.567420    8.274939  10593.90  10625.62    1.000
      alpha_symdir   4.993730    1.518144    2.840387    7.402099    4.812550   9356.67   9552.56    1.000
      alpha_symdir   6.642628    2.501224    3.901580    9.768810    6.437099   9205.29   9663.36    1.000
      alpha_symdir   7.466195    3.478622    4.257516   11.219130    7.229500   9729.39   9786.18    1.000
      alpha_symdir   7.707678    2.973731    4.582969   11.098290    7.494441  10008.58  10365.69    1.000
      alpha_symdir   6.867832    2.917770    3.905265   10.298070    6.629824  11176.03  11432.37    1.000
      alpha_symdir   6.639175    2.908787    3.696122   10.042060    6.399937  11386.67  11403.16    1.000
      alpha_symdir   3.504069    1.521298    1.575501    5.988541    3.275845  10032.51  10295.26    1.000
      alpha_symdir   8.103708    3.444046    4.877125   11.833620    7.865253   9660.67   9827.58    1.000
      alpha_symdir   5.515964    2.453380    2.869388    8.605808    5.274321  10690.84  10991.18    1.000
      alpha_symdir   7.452204    3.121056    4.312951   10.936990    7.220769   7788.12   8404.42    1.000
      alpha_symdir   4.037109    1.202466    2.265751    6.254372    3.849227   8861.87   8895.30    1.000
      alpha_symdir   8.304079    3.540365    4.942899   12.022320    8.076691   9127.19   9198.92    1.000
      alpha_symdir   8.515708    3.440030    5.128881   12.120360    8.291513   8813.66   9446.31    1.000
      alpha_symdir   8.924288    4.097101    5.329456   12.954310    8.684830  10445.63  10821.16    1.000
      alpha_symdir   7.028037    2.670715    4.215424   10.331770    6.797655   9917.39  10656.76    1.000
      alpha_symdir   6.093089    2.562961    3.341595    9.280017    5.859543  10723.45  10786.07    1.000
      alpha_symdir   6.691933    2.369688    4.044223    9.836260    6.483184   8782.33   9260.67    1.000
      alpha_symdir   7.485957    3.337799    4.176534   11.012600    7.245570   8556.76   9138.21    1.000
      alpha_symdir   6.582326    3.005031    3.677513   10.089000    6.338382  10611.98  10815.08    1.000
      alpha_symdir   5.665263    2.438653    3.026757    8.760231    5.434682   9714.18  10035.20    1.000
      alpha_symdir   5.224848    1.726613    3.053223    7.862817    5.029421   7455.58   7690.23    1.000
      alpha_symdir   9.234888    4.215215    5.625883   13.361620    9.000938   8894.83   9337.54    1.000
      alpha_symdir   6.931605    2.470181    4.159909   10.038800    6.711062   9822.84  10388.19    1.000
      alpha_symdir   7.866730    3.004114    4.691459   11.219070    7.660390   6966.87   7032.35    1.000
      alpha_symdir   5.213926    1.956354    2.840999    7.965268    4.992060   8827.77   9388.31    1.000
      alpha_symdir   9.776498    4.581409    6.032204   14.159350    9.537780  10598.89  10963.34    1.000
      alpha_symdir   9.095950    3.946520    5.620084   13.168120    8.869212   9600.39  10080.69    1.000
      alpha_symdir   6.086317    2.759916    3.154186    9.297479    5.860689  10467.32  10710.70    1.000
      alpha_symdir   6.464426    2.981008    3.497820    9.972423    6.230136   8070.24   8975.59    1.000
      alpha_symdir   8.222526    3.363615    5.062063   11.980740    7.985045  10508.58  10612.47    1.000
      alpha_symdir   5.862709    2.176569    3.359509    8.830497    5.640298   7524.40   8527.96    1.000
