      TL             8.177269    0.083791    7.620910    8.756376    8.170678   1135.71   1234.02    1.001
      TL             8.001885    0.085854    7.437540    8.587276    7.993342   3475.90   3601.84    1.000
      TL             8.553556    0.073689    8.008354    9.073011    8.549115   5520.85   5792.75    1.000
      TL             7.644592    0.062887    7.148489    8.131109    7.642111   7388.62   7504.32    1.000
      TL             8.516912    0.082682    7.967280    9.091266    8.510800   3526.54   3553.81    1.000
      TL             5.038740    0.060175    4.572292    5.529622    5.032181   4895.21   5091.66    1.000
      TL             7.626505    0.069173    7.100376    8.137741    7.622541   6572.77   6865.19    1.000
      TL             5.577644    0.087083    4.997354    6.147082    5.562986   2424.03   2598.66    1.000
      TL             6.715429    0.067310    6.213054    7.229106    6.711850   6282.62   6482.94    1.000
      TL             9.300759    0.093421    8.719100    9.922798    9.292959   2630.43   3410.52    1.000
      TL             7.240749    0.067675    6.728361    7.750440    7.233262   4563.91   4970.96    1.000
      TL             3.273835    0.046863    2.869814    3.712685    3.264690   4034.05   4366.52    1.000
      TL             5.895417    0.073464    5.366131    6.427763    5.889566   3409.49   3635.08    1.000
      TL             3.154666    0.037042    2.784629    3.532394    3.147468   7278.78   7450.12    1.000
      TL             9.580074    0.090654    8.982727   10.164940    9.573185   5449.70   6026.87    1.000
      TL             9.168993    0.080918    8.615124    9.722699    9.166709   6776.38   6831.88    1.000
      TL             8.185919    0.077833    7.643195    8.736091    8.179493   4882.63   4890.18    1.000
      TL             4.910038    0.059932    4.439109    5.397343    4.904282   5499.91   5683.92    1.000
      TL             4.232897    0.493885    2.920863    5.611332    4.168205     18.63   1519.98    1.046
      TL             3.753602    0.045937    3.341663    4.185105    3.747498   5735.39   6259.80    1.000
      TL             8.705211    0.074300    8.186690    9.252998    8.700268   5924.98   5974.66    1.000
      TL             5.307207    0.057896    4.849137    5.797192    5.302645   6306.81   6551.64    1.000
      TL             6.940245    0.074524    6.416099    7.481571    6.933138   4097.88   4283.37    1.000
      TL             5.376573    0.057331    4.908507    5.846680    5.370765   4355.49   4937.57    1.000
      TL             7.726808    0.073813    7.195704    8.261222    7.722009   4268.52   4372.41    1.000
      TL             6.915773    0.084967    6.362311    7.499117    6.908078   1663.38   1849.52    1.000
      TL             8.296480    0.080906    7.737769    8.851840    8.291456   4906.70   5000.43    1.000
      TL             6.791488    0.060564    6.308840    7.273163    6.785764   6576.93   6697.35    1.000
      TL             6.646853    0.077467    6.130015    7.215750    6.638437   3346.21   3846.43    1.000
      TL             6.666568    0.059465    6.175921    7.130034    6.662240   5342.03   5782.79    1.000
      TL             7.960982    0.097999    7.348431    8.570333    7.951721   2590.65   2762.03    1.000
      TL             8.400318    0.094255    7.812694    9.017229    8.392352   2500.89   2781.46    1.000
      TL             7.125989    0.072766    6.598530    7.648595    7.119418   4970.30   5352.34    1.000
      TL             3.834670    0.045333    3.417460    4.249026    3.829064   6188.33   6200.85    1.000
      TL             7.450178    0.060557    6.973980    7.936682    7.446896   6093.57   6701.52    1.000
      TL             3.766634    0.039937    3.381352    4.161139    3.759960   5685.27   6396.82    1.000
      TL             4.690947    0.046608    4.286447    5.129499    4.686537   4708.29   5035.71    1.000
      TL             3.346350    0.042693    2.946969    3.750092    3.336876   4061.25   4132.44    1.000
      TL             4.484568    0.049377    4.058626    4.929617    4.478454   6105.56   6751.39    1.000
      TL             5.494570    0.058846    5.023968    5.971446    5.487540   6579.19   6595.60    1.000
      TL             8.640663    0.079957    8.097960    9.203910    8.638204   4477.13   4686.19    1.000
      TL             5.481520    0.055956    5.024459    5.952547    5.475242   3475.71   4031.27    1.000
      TL             8.489805    0.084216    7.935582    9.071720    8.482607   2621.32   2960.86    1.000
      TL             9.073049    0.080575    8.506192    9.619789    9.066696   5284.90   5480.79    1.000
      TL             7.923155    0.075645    7.390546    8.461564    7.918461   4903.37   5381.14    1.000
      TL             5.550848    0.054796    5.109189    6.025925    5.546807   5788.60   6100.51    1.000
      TL             6.338578    0.049487    5.900933    6.771427    6.334573   8043.87   8051.75    1.000
      TL             5.298565    0.082251    4.738451    5.862691    5.285086    979.31   1688.81    1.000
      TL             7.269531    0.073643    6.736629    7.795603    7.265534   3809.59   4213.78    1.000
      TL             6.889161    0.056258    6.428245    7.355740    6.887048   6086.18   6095.63    1.000
      TL             4.944355    0.060816    4.475547    5.440118    4.936258   4952.02   5133.84    1.000
      TL             4.485992    0.058167    4.018432    4.963046    4.477022   4175.70   4312.57    1.000
      TL             4.026591    0.053244    3.586827    4.482610    4.017488   4013.98   4019.33    1.000
      TL             6.616951    0.064733    6.116381    7.117816    6.611152   5407.25   6017.93    1.000
      TL             6.921227    0.067609    6.420639    7.434412    6.916463   4764.00   5397.54    1.000
      TL             6.346752    0.058532    5.884389    6.821028    6.343642   5388.50   5613.41    1.000
      TL             9.231755    0.082056    8.658685    9.779603    9.226205   5431.16   5711.14    1.000
      TL             5.278242    0.065667    4.788806    5.790271    5.270356   2725.38   3233.47    1.000
      TL             5.192208    0.076974    4.661700    5.748709    5.178439   3387.36   3607.99    1.000
      TL             6.833034    0.064905    6.332849    7.336214    6.827579   6053.02   6156.19    1.000
      TL             3.087967    0.039608    2.714937    3.495255    3.081000   5072.45   5645.66    1.000
      TL             7.140724    0.061664    6.668057    7.634459    7.136836   6073.80   6536.43    1.000
      TL             5.005363    0.049668    4.567453    5.441435    5.001236   6232.02   7042.35    1.000
      TL             9.160218    0.080319    8.615945    9.729565    9.155893   6424.46   6649.21    1.000
      TL             8.565653    0.079350    8.018607    9.122396    8.559543   3851.06   3911.57    1.000
      TL             8.991480    0.094264    8.388950    9.593600    8.988263   3494.84   3795.49    1.000
      TL             4.349688    0.080770    3.812653    4.922258    4.333109   1272.36   1356.99    1.000
      TL             5.456609    0.077495    4.927619    6.020143    5.444456   2241.13   2937.26    1.000
      TL             6.809767    0.071550    6.288372    7.336100    6.803631   6296.71   6495.77    1.000
      TL             6.418115    0.064303    5.929142    6.918411    6.413026   4812.13   5742.03    1.000
      TL             7.045221    0.059091    6.573743    7.523671    7.040375   5555.00   5880.47    1.000
      TL             6.610236    0.063737    6.102852    7.098865    6.607637   5653.84   5914.31    1.000
      TL             8.306882    0.071892    7.784127    8.831632    8.302125   5481.09   6153.58    1.000
      TL             5.799743    0.071472    5.290748    6.338044    5.791418   4644.27   4783.53    1.000
      TL             5.061044    0.049035    4.621138    5.487495    5.056200   6176.85   6522.32    1.000
      TL             3.706008    0.475631    2.592912    5.082231    3.589817    985.88   1193.80    1.001
      TL             7.898281    0.074978    7.362103    8.431659    7.892296   4375.52   4427.75    1.001
      TL             3.703493    0.039190    3.312359    4.088225    3.699184   6908.58   7309.18    1.000
      TL             8.028786    0.074733    7.489264    8.557082    8.022638   5222.79   5249.47    1.000
      TL             4.861614    0.054775    4.399611    5.315597    4.857355   4159.53   4418.69    1.000
      TL             7.923162    0.077066    7.384245    8.473085    7.918129   4226.20   4661.97    1.000
      TL             9.148295    0.084075    8.590857    9.723105    9.143149   4944.80   5212.88    1.000
      TL             7.372207    0.067751    6.866381    7.885077    7.366728   4809.20   5505.75    1.000
      TL             7.239289    0.080804    6.688719    7.797610    7.229530   3271.89   3385.46    1.000
      TL             5.431003    0.068537    4.924924    5.949575    5.425662   4426.76   5449.56    1.000
      TL             7.830909    0.080380    7.292375    8.398785    7.824538   3847.28   4020.29    1.001
      TL             6.050856    0.076193    5.514897    6.596263    6.041386   2396.68   2404.55    1.000
      TL             5.137386    0.064468    4.632775    5.626022    5.129816   4415.06   5068.60    1.000
      TL             5.204840    0.055714    4.739279    5.668744    5.200956   4957.27   5390.18    1.000
      TL             6.124332    0.071517    5.614164    6.655672    6.117036   2785.21   3126.22    1.000
      TL             8.401026    0.080125    7.851559    8.957532    8.394725   4349.43   4558.98    1.000
      TL             8.475023    0.082737    7.902891    9.031969    8.472029   5960.35   6566.92    1.000
      TL            10.219067    0.107940    9.584149   10.873290   10.212760   4395.84   4591.09    1.000
      TL             5.484125    0.134846    4.776521    6.198265    5.459703   1734.27   1850.46    1.000
      TL             8.814250    0.079039    8.250931    9.359386    8.809634   6878.46   7367.02    1.000
      TL             9.894606    0.091886    9.300907   10.488860    9.889341   3906.79   4367.94    1.000
      TL             4.421570    0.040910    4.020613    4.815412    4.418172   7206.09   7289.86    1.000
      TL             5.372790    0.049480    4.939986    5.812287    5.368560   6735.65   6818.14    1.000
      TL             8.793911    0.096945    8.182561    9.396776    8.786880   2653.02   3249.34    1.000
      TL             6.745053    0.080105    6.195071    7.301491    6.736683   2171.59   2418.31    1.000
