0.1627907
0.3055556
0.1818182
0.3636364
0.3636364
0.2
0.2820513
0.4090909
0.3448276
0.2
0.2368421
0.375
0.2173913
0.125
0.372093
0.2173913
0.372093
0.3157895
0.2857143
0.25
0.1956522
0.1666667
0.2903226
0.3461538
0.175
0.2592593
0.2941176
0.3714286
0.3703704
0.2564103
0.2195122
0.3783784
0.2972973
0.2941176
0.2173913
0.3
0.1111111
0.4545455
0.4210526
0.32
0.2765957
0.2758621
0.2553191
0.3404255
0.2702703
0.3703704
0.25
0.125
0.3939394
0.1777778
0.2173913
0.05555556
0.1578947
0.5
0.25
0.3428571
0.2380952
0.3181818
0.2
0.1621622
0.1666667
0.2
0.48
0.2888889
0.1395349
0.3
0.1176471
0.3636364
0.3846154
0.2307692
0.3
0.4444444
0.175
0.4347826
0.03846154
0.3333333
0.2564103
0.2666667
0.195122
0.2631579
0.4210526
0.2727273
0.3076923
0.2571429
0.3157895
0.1315789
0.4
0.3
0.1538462
0.2083333
0.255814
0.1142857
0.4347826
0.25
0.3
0.2826087
0.2
0.2142857
0.2894737
0.2258065
