      clockrate                0.678976    0.003249    0.569074    0.788263    0.674963     65.61    160.30    1.003
      clockrate                0.676050    0.003463    0.565625    0.793849    0.673644    350.18    357.17    1.002
      clockrate                0.668610    0.002688    0.575125    0.776836    0.663920     44.30     54.29    1.000
      clockrate                0.703099    0.003193    0.597859    0.815949    0.699164     63.83    164.82    1.012
      clockrate                0.706536    0.002818    0.603803    0.809994    0.703770    244.47    339.07    1.010
      clockrate                0.584373    0.005064    0.447769    0.722237    0.577182    360.70    403.20    1.001
      clockrate                0.682410    0.004137    0.565762    0.812044    0.676183     40.39    176.56    1.068
      clockrate                0.715829    0.014733    0.503844    0.965748    0.700376    173.22    193.80    1.000
      clockrate                0.675989    0.005805    0.534146    0.832497    0.669283    224.02    244.38    1.000
      clockrate                0.664433    0.001968    0.580486    0.753480    0.662280    111.44    298.46    1.003
      clockrate                0.603024    0.002760    0.501522    0.706746    0.600066    163.11    228.00    1.001
      clockrate                0.831710    0.027906    0.530201    1.163906    0.812430    211.42    246.31    1.002
      clockrate                0.752151    0.011529    0.557361    0.971294    0.741810     92.78    198.03    1.000
      clockrate                0.840876    0.035211    0.535382    1.232117    0.811234    203.59    207.59    1.000
      clockrate                0.689727    0.005825    0.550415    0.845243    0.681474    214.16    221.58    1.001
      clockrate                0.576007    0.001805    0.495128    0.661742    0.573983    121.78    319.76    1.012
      clockrate                0.681097    0.003542    0.568372    0.800639    0.677519    174.62    228.05    1.003
      clockrate                0.697395    0.017112    0.473244    0.958174    0.677233    146.00    179.47    1.005
      clockrate                1.014775    0.136152    0.449098    1.695155    0.953846    140.85    190.86    1.014
      clockrate                0.768522    0.008498    0.605461    0.955691    0.755979    104.01    182.04    1.002
      clockrate                0.732183    0.003371    0.625240    0.849519    0.727302    146.14    152.70    1.013
      clockrate                0.599366    0.004252    0.477633    0.731288    0.594604    346.72    400.49    1.000
      clockrate                0.514824    0.007049    0.366710    0.679265    0.502146     65.62     74.71    1.001
      clockrate                0.567414    0.003183    0.459104    0.679292    0.564171    429.95    437.59    1.000
      clockrate                0.708738    0.004084    0.589278    0.840118    0.703213     63.33     88.85    1.007
      clockrate                0.578730    0.008513    0.418725    0.768949    0.568135     65.04    164.38    1.003
      clockrate                0.675202    0.004353    0.549809    0.806124    0.671470    350.29    424.11    1.001
      clockrate                0.744547    0.006568    0.596770    0.907221    0.736973    172.93    178.65    1.007
      clockrate                0.617519    0.006014    0.479968    0.775606    0.608688    142.15    217.86    1.001
      clockrate                0.686872    0.003205    0.577064    0.797788    0.683186    282.54    308.68    1.002
      clockrate                0.640374    0.004866    0.510540    0.780089    0.635666    175.53    247.26    1.006
      clockrate                0.729755    0.009101    0.548761    0.917556    0.723924    131.72    200.12    1.005
      clockrate                0.694531    0.002736    0.593987    0.798285    0.693109    112.31    162.73    1.000
      clockrate                0.523347    0.006873    0.374389    0.693127    0.514927    436.50    437.59    1.000
      clockrate                0.645067    0.004166    0.524358    0.778052    0.640977     89.58    124.17    1.009
      clockrate                0.761035    0.007588    0.601668    0.936453    0.752488    185.45    205.08    1.000
      clockrate                0.905280    0.005508    0.769868    1.057653    0.900369    471.11    477.91    1.000
      clockrate                0.742952    0.004996    0.607089    0.881096    0.739231    775.36    864.39    1.000
      clockrate                0.689569    0.007617    0.527211    0.865093    0.684408    349.83    397.67    1.000
      clockrate                0.691868    0.003511    0.580170    0.808063    0.688184    408.19    439.15    1.003
      clockrate                0.749577    0.006116    0.608645    0.910768    0.740959     56.73     73.25    1.004
      clockrate                0.762565    0.011374    0.578066    0.968370    0.748418    156.92    162.70    1.004
      clockrate                0.703214    0.004304    0.576687    0.831020    0.699580     44.18    160.25    1.002
      clockrate                0.630769    0.002870    0.530192    0.737508    0.626610     98.23    100.81    1.031
      clockrate                0.625263    0.003673    0.511156    0.747040    0.622248     70.47     92.41    1.001
      clockrate                0.641201    0.004845    0.511378    0.780326    0.637003    305.58    432.34    1.001
      clockrate                0.746635    0.004495    0.618506    0.878663    0.742182    377.91    380.11    1.000
      clockrate                0.613105    0.007465    0.462141    0.792046    0.604220    160.87    219.62    1.003
      clockrate                0.669617    0.003494    0.560171    0.792705    0.666270    224.17    246.28    1.002
      clockrate                0.626562    0.002530    0.531319    0.726636    0.624012    264.76    322.49    1.002
      clockrate                0.753297    0.009808    0.582380    0.958186    0.742698    284.18    291.86    1.001
      clockrate                0.735148    0.007070    0.581695    0.901659    0.727705    198.79    261.89    1.001
      clockrate                0.708342    0.016264    0.495215    0.976351    0.689462    271.09    302.26    1.000
      clockrate                0.813462    0.009714    0.637535    1.003934    0.801530     49.61     60.76    1.001
      clockrate                0.722663    0.010519    0.542842    0.927321    0.708257    157.93    213.13    1.005
      clockrate                0.641505    0.004669    0.519633    0.776485    0.633296     75.88    157.13    1.000
      clockrate                0.679628    0.002308    0.584423    0.772819    0.676926    438.26    469.82    1.000
      clockrate                0.731631    0.012453    0.538919    0.948169    0.717327     58.04    127.01    1.006
      clockrate                0.545253    0.005275    0.414795    0.693218    0.537170    126.55    192.84    1.002
      clockrate                0.589300    0.003698    0.474777    0.713519    0.585672    200.69    356.59    1.000
      clockrate                0.690802    0.010617    0.513040    0.906708    0.680058    463.42    543.31    1.001
      clockrate                0.615257    0.002360    0.522189    0.710318    0.612718    117.58    146.46    1.001
      clockrate                0.639968    0.004215    0.521499    0.768300    0.634310    187.45    244.46    1.001
      clockrate                0.576555    0.003756    0.464977    0.696180    0.570048     44.41     70.09    1.012
      clockrate                0.753161    0.009413    0.580564    0.949246    0.740561    132.10    138.20    1.000
      clockrate                0.573269    0.005067    0.447994    0.716607    0.562743     74.48     88.45    1.062
      clockrate                0.786978    0.027931    0.490740    1.122844    0.763321    176.05    177.42    1.000
      clockrate                0.664792    0.007962    0.507691    0.846874    0.654866    273.45    282.03    1.008
      clockrate                0.611707    0.007834    0.451967    0.790955    0.600053    129.49    150.64    1.004
      clockrate                0.640326    0.011059    0.458331    0.852492    0.626543    138.55    145.94    1.002
      clockrate                0.793560    0.004593    0.662787    0.926133    0.789005    237.96    241.29    1.002
      clockrate                0.756977    0.009897    0.575775    0.958118    0.748473    306.04    344.46    1.004
      clockrate                0.528532    0.003084    0.420518    0.632180    0.524043    162.04    197.73    1.005
      clockrate                0.681595    0.004886    0.550123    0.821569    0.678073    417.19    459.72    1.000
      clockrate                0.630328    0.004582    0.504391    0.763767    0.624893    246.99    305.89    1.000
      clockrate                0.807171    0.041693    0.467625    1.200479    0.779878    180.24    328.45    1.000
      clockrate                0.527273    0.002013    0.445265    0.620054    0.524872    138.43    160.99    1.004
      clockrate                0.684665    0.010085    0.505813    0.888562    0.672036    431.43    511.70    1.000
      clockrate                0.656058    0.004208    0.536258    0.783817    0.649120    206.56    252.42    1.003
      clockrate                0.593848    0.006741    0.435229    0.751648    0.586438    455.68    469.76    1.002
      clockrate                0.697372    0.004223    0.574318    0.822744    0.692231     58.85    163.94    1.000
      clockrate                0.625107    0.003387    0.518347    0.741037    0.619803     98.62    106.19    1.027
      clockrate                0.645260    0.005453    0.505978    0.791005    0.638769     58.67    110.72    1.000
      clockrate                0.799326    0.011341    0.594798    1.007809    0.790850     88.71    141.74    1.002
      clockrate                0.665226    0.014666    0.463575    0.904377    0.645705    118.48    176.13    1.011
      clockrate                0.668066    0.003512    0.559353    0.786999    0.663432    285.07    382.12    1.001
      clockrate                0.834341    0.013258    0.633864    1.072471    0.819141    125.27    137.07    1.001
      clockrate                0.710512    0.007970    0.549961    0.887801    0.700451    225.54    299.11    1.000
      clockrate                0.719961    0.005211    0.585773    0.864905    0.714018    152.03    444.84    1.000
      clockrate                0.939526    0.025120    0.657349    1.254076    0.916148    141.46    166.41    1.012
      clockrate                0.596091    0.002702    0.494933    0.699113    0.592088     67.83    175.63    1.005
      clockrate                0.576302    0.003186    0.469861    0.689870    0.571725    177.50    204.15    1.002
      clockrate                0.679393    0.004847    0.551053    0.819821    0.671851     43.31     65.30    1.030
      clockrate                0.866395    0.030937    0.586380    1.228829    0.831751    179.05    192.29    1.002
      clockrate                0.565382    0.002926    0.463130    0.673225    0.561269     95.12    139.83    1.022
      clockrate                0.615634    0.004099    0.497702    0.744392    0.610203    111.08    126.49    1.002
      clockrate                0.846949    0.006326    0.696357    1.007911    0.841768     72.66     90.46    1.008
      clockrate                0.683020    0.006800    0.529852    0.845698    0.674710    152.80    155.43    1.000
      clockrate                0.713375    0.006777    0.564229    0.878741    0.704592     55.31     57.75    1.017
      clockrate                0.785281    0.005562    0.641449    0.933572    0.780147    245.28    271.06    1.007
