      ilnvar                   0.046382    0.001854    0.000207    0.129307    0.035226     25.87     29.42    1.002
      ilnvar                   0.017883    0.000420    0.000038    0.059057    0.010803     25.49     35.16    1.001
      ilnvar                   0.012893    0.000829    0.000001    0.072843    0.001147     14.29     14.64    1.001
      ilnvar                   0.051539    0.003000    0.000041    0.159406    0.035935     18.44     33.07    1.055
      ilnvar                   0.027465    0.000867    0.000422    0.084840    0.017212     32.80     33.30    1.072
      ilnvar                   0.045206    0.002367    0.000056    0.138170    0.031265     62.86     85.61    1.000
      ilnvar                   0.072160    0.004069    0.000005    0.191089    0.061514     14.65     71.37    1.210
      ilnvar                   0.107370    0.010897    0.000525    0.302059    0.078225    116.39    141.60    1.000
      ilnvar                   0.071411    0.002945    0.000701    0.174833    0.059667     80.93     91.88    1.001
      ilnvar                   0.018059    0.000446    0.000138    0.061474    0.010034     18.73     24.86    1.067
      ilnvar                   0.040644    0.001472    0.001721    0.118026    0.027923     64.01     65.74    1.010
      ilnvar                   0.250242    0.049282    0.000422    0.670903    0.191160    139.17    284.73    1.011
      ilnvar                   0.127896    0.012588    0.000099    0.328923    0.103211     38.48    105.35    1.003
      ilnvar                   0.186304    0.032392    0.002228    0.533080    0.132839    182.22    208.49    1.000
      ilnvar                   0.151927    0.006999    0.015534    0.311230    0.138483     79.72    107.39    1.001
      ilnvar                   0.017315    0.000594    0.000035    0.067400    0.006558     14.43     24.08    1.063
      ilnvar                   0.069656    0.003376    0.001965    0.180375    0.056451     47.79     60.35    1.019
      ilnvar                   0.109174    0.010601    0.000531    0.299379    0.082376     60.67    136.48    1.016
      ilnvar                   0.146413    0.067054    0.000014    0.602556    0.054601    284.66    355.29    1.000
      ilnvar                   0.032135    0.002239    0.000008    0.121612    0.014004     69.48     97.74    1.005
      ilnvar                   0.042274    0.001708    0.000378    0.127119    0.030645     28.35     37.19    1.054
      ilnvar                   0.040377    0.002086    0.000316    0.130050    0.025437     79.42     99.81    1.000
      ilnvar                   0.063137    0.006476    0.000213    0.217581    0.036824     34.86     36.89    1.001
      ilnvar                   0.022244    0.000606    0.000275    0.066960    0.014845     87.93     96.23    1.000
      ilnvar                   0.041267    0.002042    0.000506    0.134248    0.025831     30.22     37.57    1.025
      ilnvar                   0.160556    0.014039    0.003988    0.378044    0.135829     61.04     78.52    1.012
      ilnvar                   0.026513    0.000751    0.000302    0.078697    0.018268     45.95     51.20    1.024
      ilnvar                   0.085838    0.005656    0.000337    0.231577    0.067447     60.89     73.53    1.015
      ilnvar                   0.064751    0.004197    0.000345    0.189467    0.045923     65.98     97.87    1.001
      ilnvar                   0.031602    0.001443    0.000180    0.101718    0.019396     34.22     40.75    1.018
      ilnvar                   0.039343    0.001716    0.000353    0.114831    0.027351     40.96     49.29    1.002
      ilnvar                   0.145904    0.008022    0.005354    0.313256    0.130944     78.90     87.12    1.001
      ilnvar                   0.006375    0.000156    0.000009    0.027849    0.001770     20.92     29.18    1.019
      ilnvar                   0.082138    0.006914    0.000569    0.241696    0.056293    221.90    233.29    1.001
      ilnvar                   0.055868    0.001936    0.001217    0.142994    0.045855     23.70     30.22    1.047
      ilnvar                   0.021442    0.001363    0.000032    0.088623    0.008214    110.34    111.98    1.001
      ilnvar                   0.015232    0.000551    0.000014    0.058216    0.006614     32.54     34.97    1.006
      ilnvar                   0.021279    0.001470    0.000019    0.088422    0.007286     57.58     76.73    1.006
      ilnvar                   0.052758    0.003245    0.000466    0.160542    0.035233     89.37    109.69    1.000
      ilnvar                   0.025015    0.001151    0.000031    0.092234    0.012906     58.51     79.29    1.013
      ilnvar                   0.108138    0.006286    0.006484    0.264977    0.091842     44.09     45.25    1.013
      ilnvar                   0.092448    0.006676    0.000677    0.246076    0.070515    108.46    110.62    1.015
      ilnvar                   0.020319    0.000738    0.000096    0.075417    0.009766     17.17     24.21    1.059
      ilnvar                   0.029432    0.001348    0.000087    0.099110    0.016265     27.41     27.42    1.137
      ilnvar                   0.035912    0.001676    0.000092    0.116218    0.022752     26.93     29.59    1.000
      ilnvar                   0.027384    0.001072    0.000054    0.091435    0.017019     34.65     58.41    1.000
      ilnvar                   0.047041    0.001900    0.000880    0.131199    0.035981     26.78     34.07    1.014
      ilnvar                   0.099387    0.006470    0.000902    0.253799    0.080997     98.47    122.81    1.010
      ilnvar                   0.025509    0.000823    0.000063    0.080457    0.015681     45.82     50.00    1.011
      ilnvar                   0.019736    0.000643    0.000029    0.069643    0.010130     30.28     33.17    1.099
      ilnvar                   0.071430    0.005511    0.000315    0.213156    0.049387     94.67    105.46    1.001
      ilnvar                   0.033333    0.001950    0.000038    0.119254    0.017576     67.51     87.93    1.001
      ilnvar                   0.109295    0.009933    0.001530    0.299099    0.082736    168.00    174.82    1.001
      ilnvar                   0.061081    0.005009    0.000087    0.202168    0.036358     29.88     34.54    1.005
      ilnvar                   0.209204    0.013904    0.039435    0.437767    0.183098    161.64    167.12    1.006
      ilnvar                   0.070296    0.003829    0.000986    0.186267    0.054329     45.06     60.89    1.000
      ilnvar                   0.025650    0.000751    0.000383    0.080919    0.017336     39.52     48.53    1.000
      ilnvar                   0.149536    0.015908    0.000352    0.376346    0.123024     41.15     87.70    1.013
      ilnvar                   0.041099    0.002259    0.000218    0.131387    0.025299     62.21     86.33    1.001
      ilnvar                   0.039174    0.001355    0.001322    0.114129    0.027338     69.17     73.78    1.001
      ilnvar                   0.045881    0.008183    0.000049    0.165947    0.018872    139.38    146.98    1.000
      ilnvar                   0.021994    0.000756    0.000123    0.076605    0.011951     22.17     24.13    1.003
      ilnvar                   0.036592    0.002246    0.000115    0.128123    0.018765     48.57     57.03    1.013
      ilnvar                   0.104104    0.005573    0.000956    0.239732    0.093771     26.70     46.19    1.025
      ilnvar                   0.193716    0.011298    0.034043    0.403493    0.174049     83.96     95.32    1.005
      ilnvar                   0.085828    0.005584    0.003738    0.228368    0.065822     43.32     60.40    1.081
      ilnvar                   0.333324    0.067589    0.004809    0.831767    0.269734    217.85    229.84    1.000
      ilnvar                   0.045513    0.003578    0.000169    0.145425    0.027219     96.33     99.67    1.025
      ilnvar                   0.075953    0.005828    0.000638    0.217602    0.055388     81.34    102.57    1.003
      ilnvar                   0.128997    0.012724    0.000830    0.331591    0.102506     86.33     93.27    1.004
      ilnvar                   0.047982    0.002330    0.000012    0.145158    0.033815     21.81     31.48    1.000
      ilnvar                   0.153497    0.009468    0.016170    0.339304    0.131319    165.27    186.58    1.001
      ilnvar                   0.053828    0.002326    0.001179    0.146533    0.039659     61.62     74.49    1.033
      ilnvar                   0.035238    0.001462    0.000256    0.106455    0.023498     76.77     89.89    1.003
      ilnvar                   0.044546    0.002645    0.000487    0.138240    0.028359     69.15     86.92    1.000
      ilnvar                   0.206447    0.085147    0.000001    0.737245    0.111639    127.44    279.20    1.003
      ilnvar                   0.019676    0.000418    0.000248    0.058640    0.012738     15.84     30.69    1.002
      ilnvar                   0.058221    0.006362    0.000049    0.195600    0.033288    129.06    201.73    1.001
      ilnvar                   0.092104    0.004582    0.004361    0.219737    0.077001     65.61     66.53    1.016
      ilnvar                   0.062302    0.004485    0.000309    0.191449    0.041520    134.97    152.04    1.003
      ilnvar                   0.020152    0.000808    0.000020    0.074395    0.009960     24.72     40.89    1.007
      ilnvar                   0.062469    0.002802    0.000766    0.161937    0.048879     40.48     46.08    1.044
      ilnvar                   0.064190    0.002836    0.000648    0.167097    0.051897     28.53     38.57    1.001
      ilnvar                   0.159976    0.008735    0.002011    0.334922    0.143025     64.26    111.37    1.001
      ilnvar                   0.215592    0.048071    0.000952    0.632695    0.151900     87.48    126.53    1.016
      ilnvar                   0.031020    0.001196    0.000281    0.093932    0.020242     43.26     48.42    1.000
      ilnvar                   0.087983    0.006035    0.000958    0.234707    0.067508     55.31     65.65    1.006
      ilnvar                   0.061926    0.007043    0.000262    0.211542    0.034045    138.58    144.64    1.000
      ilnvar                   0.045117    0.002707    0.000042    0.146797    0.029229     55.96     91.42    1.012
      ilnvar                   0.204731    0.026131    0.001667    0.507759    0.166742    110.69    137.01    1.015
      ilnvar                   0.032057    0.001288    0.000036    0.103213    0.020527     23.66     26.53    1.015
      ilnvar                   0.023934    0.000852    0.000170    0.083828    0.013790     42.76     54.40    1.005
      ilnvar                   0.050613    0.002543    0.000002    0.149109    0.034851     18.02     30.81    1.055
      ilnvar                   0.187352    0.036992    0.002215    0.566800    0.128152    174.81    194.71    1.001
      ilnvar                   0.039935    0.001111    0.001051    0.105645    0.031676     41.45     46.58    1.023
      ilnvar                   0.086535    0.002920    0.005469    0.189938    0.075784     74.55     78.38    1.008
      ilnvar                   0.038452    0.002171    0.000068    0.130229    0.021390     28.72     29.14    1.023
      ilnvar                   0.043099    0.002514    0.000416    0.140898    0.026078     53.60     58.04    1.003
      ilnvar                   0.109455    0.005757    0.000626    0.249140    0.096737     44.58     76.48    1.026
      ilnvar                   0.033056    0.001378    0.000030    0.103906    0.021125     34.85     60.25    1.041
