      age[0]                   0.896693    0.000704    0.848716    0.950419    0.893245    1.001    2
      age[0]                   1.067577    0.002251    0.990255    1.160046    1.059367    1.006    2
      age[0]                   0.990957    0.000879    0.936057    1.050778    0.988635    1.000    2
      age[0]                   0.981507    0.000896    0.925335    1.039396    0.979001    1.014    2
      age[0]                   1.001756    0.000751    0.952887    1.058418    0.999801    1.003    2
      age[0]                  0.989472    0.001370    0.922013    1.062284    0.986155    1.001    2
      age[0]                   1.032298    0.000849    0.978081    1.090314    1.029652    1.011    2
      age[0]                  0.827724    0.003660    0.727483    0.944810    0.818585    1.003    2
      age[0]                  1.001795    0.000944    0.945466    1.063972    0.998902    1.000    2
      age[0]                   0.946962    0.000612    0.901427    0.994261    0.944757    1.001    2
      age[0]                   0.989525    0.001415    0.922342    1.067288    0.985500    1.003    2
      age[0]                  0.877872    0.003640    0.831188    1.001417    0.857896    1.000    2
      age[0]                  0.904640    0.001417    0.857044    0.978532    0.896022    1.006    2
      age[0]                  0.943260    0.002621    0.852786    1.045429    0.937060    1.000    2
      age[0]                   0.987688    0.001603    0.911336    1.068664    0.985255    1.003    2
      age[0]                   1.024395    0.001106    0.963975    1.092968    1.021582    1.004    2
      age[0]                   1.037885    0.000777    0.986910    1.093107    1.035092    1.000    2
      age[0]                  1.017518    0.003753    0.902969    1.135730    1.012071    1.002    2
      age[0]                  0.894278    0.015517    0.662220    1.134247    0.880342    1.012    2
      age[0]                  1.020836    0.001343    0.951830    1.086829    1.017358    1.000    2
      age[0]                   0.996460    0.000992    0.938403    1.060048    0.994383    1.001    2
      age[0]                  1.051473    0.001437    0.987574    1.125091    1.045475    1.000    2
      age[0]                  1.013552    0.005131    0.879427    1.161662    1.009171    1.001    2
      age[0]                  1.037328    0.002381    0.944533    1.132832    1.033454    1.007    2
      age[0]                   0.958994    0.000910    0.903008    1.016318    0.956341    1.001    2
      age[0]                  1.009338    0.006085    0.867656    1.169698    1.002971    1.000    2
      age[0]                  0.981980    0.001756    0.900323    1.062465    0.978899    1.000    2
      age[0]                   0.919135    0.001277    0.852482    0.989719    0.917292    1.003    2
      age[0]                  0.999049    0.004560    0.869097    1.130675    0.993531    1.000    2
      age[0]                   0.894775    0.001097    0.831813    0.961414    0.892957    1.001    2
      age[0]                   1.073816    0.002679    0.978310    1.179269    1.069331    1.006    2
      age[0]                   0.961528    0.001092    0.914774    1.025952    0.954513    1.007    2
      age[0]                  1.032503    0.000909    0.977220    1.093233    1.030297    1.002    2
      age[0]                  1.070937    0.004286    0.970781    1.192406    1.061422    1.000    2
      age[0]                   1.006439    0.001039    0.947054    1.071018    1.003455    1.004    2
      age[0]                  1.023949    0.000946    0.965183    1.084936    1.021440    1.000    2
      age[0]                  0.936824    0.001461    0.867869    1.019645    0.933544    1.003    2
      age[0]                  0.921961    0.000938    0.881830    0.979159    0.914802    1.000    2
      age[0]                  1.047514    0.001576    0.984154    1.127565    1.039481    1.000    2
      age[0]                  1.051316    0.001011    0.991241    1.115093    1.048614    1.001    2
      age[0]                   0.935848    0.001657    0.863156    1.020428    0.932249    1.005    2
      age[0]                  0.989844    0.002224    0.903453    1.087906    0.986610    1.002    2
      age[0]                   0.886104    0.002347    0.787217    0.979758    0.882910    1.000    2
      age[0]                   1.005731    0.001113    0.941960    1.071388    1.004018    1.013    2
      age[0]                   1.050171    0.001382    0.984718    1.123530    1.045051    1.002    2
      age[0]                  1.010114    0.000894    0.957037    1.070406    1.006475    1.001    2
      age[0]                   1.010734    0.001158    0.946368    1.078391    1.008697    1.000    2
      age[0]                  0.995674    0.002102    0.915299    1.079481    0.989883    1.002    2
      age[0]                  1.025347    0.000681    0.977324    1.076393    1.022853    1.000    2
      age[0]                   1.073710    0.001593    0.999574    1.152413    1.070248    1.003    2
      age[0]                  1.000491    0.000969    0.941024    1.061588    0.997627    1.005    2
      age[0]                  0.977627    0.002686    0.879302    1.080962    0.973982    1.003    2
      age[0]                  1.014523    0.005765    0.870051    1.164963    1.009674    1.000    2
      age[0]                  0.918945    0.003210    0.807345    1.033078    0.919095    1.008    2
      age[0]                  1.005428    0.001719    0.927542    1.087268    1.001287    1.000    2
      age[0]                  1.009402    0.000675    0.966044    1.056861    1.006294    1.001    2
      age[0]                   1.010168    0.000968    0.955241    1.071265    1.005872    1.000    2
      age[0]                  0.966803    0.003319    0.865833    1.079277    0.959815    1.001    2
      age[0]                  1.050396    0.002885    0.951287    1.159797    1.046719    1.001    2
      age[0]                  1.051216    0.002074    0.963815    1.140415    1.047887    1.000    2
      age[0]                  1.019455    0.001288    0.956591    1.084418    1.014973    1.000    2
      age[0]                   1.031361    0.001729    0.953258    1.114958    1.029028    1.005    2
      age[0]                  1.049598    0.001286    0.983329    1.121614    1.046465    1.003    2
      age[0]                   1.011633    0.002528    0.920693    1.113753    1.006370    1.010    2
      age[0]                   0.973336    0.001602    0.899714    1.048306    0.967605    1.002    2
      age[0]                   1.049512    0.002779    0.949362    1.152822    1.046945    1.031    2
      age[0]                  0.901718    0.006920    0.753475    1.066907    0.894720    1.001    2
      age[0]                  1.024890    0.001506    0.951770    1.102088    1.021790    1.001    2
      age[0]                  1.006442    0.003350    0.896654    1.123871    1.002645    1.000    2
      age[0]                  1.034093    0.002552    0.942074    1.133100    1.028841    1.000    2
      age[0]                   0.962642    0.000911    0.906800    1.024145    0.959889    1.007    2
      age[0]                  0.997075    0.002067    0.917595    1.085722    0.991048    1.006    2
      age[0]                   1.025843    0.001845    0.948078    1.115186    1.022709    1.001    2
      age[0]                  0.951806    0.002255    0.870779    1.047671    0.945353    1.003    2
      age[0]                  1.028304    0.001501    0.955083    1.103522    1.025135    1.002    2
      age[0]                  0.851688    0.003786    0.792186    0.972179    0.834048    1.006    2
      age[0]                   1.087195    0.003208    0.980284    1.196084    1.082329    1.006    2
      age[0]                  1.047637    0.002345    0.957183    1.144049    1.044024    1.000    2
      age[0]                   1.019564    0.001285    0.953393    1.091122    1.016966    1.001    2
      age[0]                  1.054963    0.002609    0.960230    1.155793    1.050274    1.004    2
      age[0]                  0.918450    0.001998    0.832672    1.008213    0.917866    1.000    2
      age[0]                   0.959671    0.002478    0.863668    1.058817    0.957247    1.061    2
      age[0]                   1.020554    0.002675    0.926365    1.113333    1.015478    1.000    2
      age[0]                  0.800558    0.003069    0.703831    0.908258    0.791625    1.012    2
      age[0]                  1.024946    0.005403    0.882492    1.172424    1.019623    1.000    2
      age[0]                  0.994171    0.001347    0.928322    1.070031    0.990469    1.001    2
      age[0]                  0.763541    0.004199    0.635693    0.886877    0.761703    1.002    2
      age[0]                  0.989979    0.001542    0.924211    1.068177    0.983421    1.000    2
      age[0]                  0.951971    0.001076    0.889880    1.016642    0.949571    1.000    2
      age[0]                  0.893256    0.002021    0.811237    0.981196    0.888841    1.001    2
      age[0]                   1.000448    0.000901    0.942171    1.057877    0.998109    1.000    2
      age[0]                  0.991056    0.001174    0.930811    1.061067    0.987169    1.002    2
      age[0]                   1.022689    0.002123    0.934806    1.112249    1.018673    1.004    2
      age[0]                  0.925542    0.001198    0.864786    0.996896    0.921381    1.001    2
      age[0]                   1.046997    0.003596    0.938833    1.167596    1.040978    1.063    2
      age[0]                   1.031708    0.001309    0.967618    1.103210    1.026948    1.001    2
      age[0]                  0.996410    0.000531    0.952748    1.042900    0.994480    1.008    2
      age[0]                  1.021767    0.000531    0.979969    1.067463    1.019189    1.001    2
      age[0]                  0.980350    0.004643    0.853668    1.112885    0.973560    1.006    2
      age[0]                  0.938370    0.003179    0.839398    1.051802    0.932887    1.004    2
