      ilnvar                   0.108237    0.005074    0.004843    0.242044    0.094804     46.49     54.04    1.000
      ilnvar                   0.006481    0.000126    0.000014    0.027248    0.002206     28.81     31.90    1.001
      ilnvar                   0.002607    0.000063    0.000001    0.012741    0.000137     14.45     24.02    1.012
      ilnvar                   0.018933    0.000337    0.000602    0.056763    0.013345     25.06     44.61    1.001
      ilnvar                   0.013157    0.000287    0.000019    0.049103    0.006129     18.86     21.47    1.000
      ilnvar                   0.024670    0.001484    0.000004    0.099236    0.009233     52.34     77.42    1.012
      ilnvar                   0.001427    0.000017    0.000001    0.006532    0.000227     26.17     36.13    1.007
      ilnvar                   0.111159    0.014032    0.000103    0.328360    0.077394     43.55     70.87    1.010
      ilnvar                   0.028588    0.001225    0.000177    0.097276    0.015628     28.07     46.01    1.004
      ilnvar                   0.002196    0.000024    0.000001    0.010520    0.000381     15.01     18.83    1.018
      ilnvar                   0.029632    0.001617    0.000001    0.112222    0.010490     13.59     27.84    1.386
      ilnvar                   0.061885    0.009228    0.000011    0.234545    0.028571     69.17     75.58    1.004
      ilnvar                   0.017405    0.000825    0.000001    0.069842    0.006560     28.18     48.66    1.000
      ilnvar                   0.170635    0.035390    0.000117    0.521753    0.117634     73.04     83.38    1.002
      ilnvar                   0.133569    0.006875    0.006684    0.290183    0.116724     80.60     88.14    1.005
      ilnvar                   0.000145    0.000000    0.000001    0.000720    0.000015     30.96     31.13    1.095
      ilnvar                   0.006175    0.000145    0.000007    0.029542    0.001477     14.67     20.85    1.012
      ilnvar                   0.125235    0.024898    0.000686    0.403853    0.075239     76.60     97.73    1.000
      ilnvar                   0.391928    0.241658    0.000132    1.344790    0.226386    409.79    429.86    1.000
      ilnvar                   0.045970    0.004366    0.000006    0.169502    0.021426     36.43     79.89    1.024
      ilnvar                   0.040755    0.001717    0.000285    0.125738    0.026500     42.46     46.32    1.013
      ilnvar                   0.028875    0.001239    0.000055    0.094809    0.016917     70.03     77.95    1.003
      ilnvar                   0.023408    0.000924    0.000071    0.084428    0.013024     43.79     52.70    1.018
      ilnvar                   0.047612    0.002617    0.000222    0.146728    0.032665     38.90     64.94    1.003
      ilnvar                   0.001917    0.000022    0.000001    0.011469    0.000110     16.76     17.24    1.017
      ilnvar                   0.026192    0.000947    0.000111    0.080658    0.017003     56.27     77.59    1.002
      ilnvar                   0.032506    0.001934    0.000299    0.102210    0.019403     25.49     41.84    1.002
      ilnvar                   0.031498    0.001717    0.000031    0.104690    0.018143     23.99     24.66    1.022
      ilnvar                   0.035477    0.002799    0.000097    0.130843    0.016953     35.14     35.97    1.005
      ilnvar                   0.013828    0.000505    0.000009    0.061546    0.003474     17.63     24.63    1.216
      ilnvar                   0.076566    0.004091    0.000724    0.199476    0.062308     39.05     47.93    1.027
      ilnvar                   0.036808    0.001692    0.000215    0.117525    0.022551     31.63     36.85    1.012
      ilnvar                   0.020580    0.000960    0.000021    0.085913    0.007333     18.06     20.33    1.077
      ilnvar                   0.192407    0.027033    0.007640    0.507561    0.147731    282.82    296.61    1.002
      ilnvar                   0.004866    0.000131    0.000001    0.022203    0.000784     18.10     24.30    1.114
      ilnvar                   0.040855    0.004161    0.000002    0.164400    0.012434     26.36     42.23    1.077
      ilnvar                   0.020179    0.000713    0.000110    0.071404    0.010016     56.20     58.24    1.009
      ilnvar                   0.017149    0.000645    0.000005    0.066573    0.007719     60.37     60.65    1.002
      ilnvar                   0.032917    0.002898    0.000019    0.143989    0.012226     74.65     81.94    1.004
      ilnvar                   0.039040    0.002338    0.000015    0.132533    0.023752     34.55     37.11    1.036
      ilnvar                   0.005105    0.000174    0.000001    0.031201    0.000210     11.14     12.83    1.001
      ilnvar                   0.015684    0.000649    0.000004    0.059226    0.007431     35.12     37.22    1.000
      ilnvar                   0.052115    0.002213    0.001114    0.142847    0.040569     18.47     23.90    1.001
      ilnvar                   0.015966    0.000488    0.000094    0.063580    0.006789     12.44     23.21    1.002
      ilnvar                   0.010710    0.000235    0.000004    0.042295    0.004593     21.11     33.69    1.044
      ilnvar                   0.036203    0.002117    0.000003    0.129729    0.018739     28.54     29.92    1.001
      ilnvar                   0.008640    0.000209    0.000025    0.037591    0.002813     35.88     39.71    1.018
      ilnvar                   0.105321    0.018242    0.000001    0.360472    0.060659     23.52     85.70    1.055
      ilnvar                   0.016488    0.000516    0.000003    0.065819    0.007027     18.40     23.92    1.086
      ilnvar                   0.003576    0.000088    0.000001    0.016276    0.000299     27.93     28.47    1.023
      ilnvar                   0.037353    0.003568    0.000001    0.157996    0.013287     32.12     60.00    1.029
      ilnvar                   0.058846    0.006746    0.000001    0.208788    0.033118     45.32    100.53    1.013
      ilnvar                   0.060199    0.004704    0.000292    0.194135    0.038097    136.50    142.10    1.002
      ilnvar                   0.004167    0.000059    0.000001    0.021046    0.000767     26.30     28.06    1.000
      ilnvar                   0.019202    0.000687    0.000001    0.071915    0.009319     24.41     27.87    1.082
      ilnvar                   0.076846    0.003852    0.000497    0.195844    0.062256     50.14     69.96    1.003
      ilnvar                   0.016211    0.000554    0.000041    0.064082    0.007114     21.43     27.61    1.008
      ilnvar                   0.029750    0.001897    0.000017    0.108463    0.014541     59.20     66.84    1.013
      ilnvar                   0.013524    0.000446    0.000004    0.057425    0.005312     48.39     94.30    1.036
      ilnvar                   0.020541    0.000926    0.000032    0.082027    0.007200     34.53     34.61    1.002
      ilnvar                   0.091219    0.025526    0.000002    0.398543    0.024181     30.44     35.04    1.004
      ilnvar                   0.003975    0.000091    0.000001    0.020881    0.000252     18.68     19.02    1.221
      ilnvar                   0.013722    0.000736    0.000069    0.050552    0.005577     61.27     85.62    1.014
      ilnvar                   0.011210    0.000598    0.000001    0.063557    0.000327     17.66     18.04    1.071
      ilnvar                   0.024866    0.000641    0.000471    0.070410    0.017806     27.45     41.01    1.012
      ilnvar                   0.083236    0.005229    0.000261    0.221473    0.068858     43.88     47.53    1.000
      ilnvar                   0.657772    0.233344    0.037564    1.613583    0.525053     64.37     85.37    1.001
      ilnvar                   0.019155    0.000828    0.000007    0.071750    0.008702     45.37     47.85    1.000
      ilnvar                   0.088656    0.006971    0.000397    0.249505    0.067446     60.45     92.44    1.006
      ilnvar                   0.022204    0.001205    0.000001    0.091092    0.008138     27.07     35.45    1.005
      ilnvar                   0.003680    0.000095    0.000001    0.019396    0.000298     16.29     22.73    1.202
      ilnvar                   0.016899    0.000539    0.000025    0.056714    0.009738     34.33     76.46    1.024
      ilnvar                   0.021945    0.000659    0.000082    0.071091    0.013696     26.29     36.89    1.011
      ilnvar                   0.041945    0.004261    0.000012    0.168148    0.016668     20.03     36.15    1.048
      ilnvar                   0.025403    0.001379    0.000002    0.095707    0.012567     50.09     51.87    1.008
      ilnvar                   0.155196    0.064207    0.000002    0.601791    0.068153    278.82    433.65    1.000
      ilnvar                   0.006501    0.000131    0.000006    0.029217    0.002101     25.10     32.11    1.125
      ilnvar                   0.057922    0.006415    0.000009    0.197033    0.032688     78.15    108.17    1.000
      ilnvar                   0.024132    0.000874    0.000110    0.082552    0.013644     36.00     37.23    1.000
      ilnvar                   0.083596    0.007478    0.000375    0.247079    0.058284    116.09    149.49    1.006
      ilnvar                   0.007364    0.000198    0.000001    0.029787    0.002153     16.11     26.71    1.084
      ilnvar                   0.000815    0.000006    0.000001    0.004494    0.000041     19.89     23.52    1.146
      ilnvar                   0.035369    0.000918    0.000413    0.094942    0.026959     52.34     59.34    1.000
      ilnvar                   0.028667    0.001143    0.000059    0.097033    0.016591     26.06     33.33    1.048
      ilnvar                   0.014102    0.000743    0.000001    0.061076    0.003345     58.53     72.35    1.040
      ilnvar                   0.028387    0.001358    0.000138    0.097929    0.015016     28.77     32.38    1.001
      ilnvar                   0.056200    0.003845    0.000566    0.177269    0.036226     43.05     55.15    1.032
      ilnvar                   0.021248    0.001096    0.000010    0.082092    0.008694     33.58     64.54    1.000
      ilnvar                   0.018683    0.000753    0.000041    0.071101    0.008285     45.05     52.72    1.027
      ilnvar                   0.053993    0.003940    0.000066    0.173255    0.035841     53.28     67.70    1.014
      ilnvar                   0.000498    0.000002    0.000001    0.002748    0.000050     26.22     30.99    1.076
      ilnvar                   0.026220    0.000932    0.000018    0.085129    0.017035     40.25     52.76    1.014
      ilnvar                   0.011115    0.000397    0.000001    0.054890    0.000780     16.46     20.25    1.218
      ilnvar                   1.017272    0.491249    0.112948    2.421381    0.827742     21.49     47.69    1.007
      ilnvar                   0.015364    0.000477    0.000077    0.057537    0.007317     26.28     35.14    1.030
      ilnvar                   0.000378    0.000001    0.000001    0.002055    0.000041     11.39     17.08    1.000
      ilnvar                   0.012914    0.000703    0.000007    0.066112    0.001824     17.96     23.53    1.014
      ilnvar                   0.060456    0.004897    0.000403    0.195018    0.036434     42.76     60.12    1.017
      ilnvar                   0.013351    0.000493    0.000005    0.059537    0.002982     20.87     22.66    1.049
      ilnvar                   0.009255    0.000274    0.000001    0.035882    0.003553     27.14     67.50    1.020
