      age[0]                   0.933067    0.001901    0.860288    1.022259    0.924990    1.002    2
      age[0]                   1.002938    0.000761    0.956085    1.056063    0.998910    1.000    2
      age[0]                   0.992034    0.000434    0.954318    1.034824    0.991184    1.000    2
      age[0]                   1.012337    0.001014    0.951452    1.072783    1.010786    1.002    2
      age[0]                   0.994387    0.000626    0.948516    1.045537    0.992577    1.006    2
      age[0]                  1.055186    0.001849    0.975838    1.143355    1.051971    1.000    2
      age[0]                   1.009965    0.000480    0.970455    1.056550    1.007959    1.001    2
      age[0]                  0.836779    0.003871    0.729877    0.950181    0.833531    1.001    2
      age[0]                  0.965171    0.000476    0.923769    1.007140    0.963204    1.001    2
      age[0]                   0.993715    0.001091    0.931073    1.056125    0.991326    1.004    2
      age[0]                   0.936437    0.000936    0.884505    0.997722    0.932474    1.012    2
      age[0]                  0.999405    0.014878    0.831193    1.226606    0.984785    1.003    2
      age[0]                  1.027184    0.004903    0.885193    1.166237    1.023459    1.036    2
      age[0]                  0.947661    0.005007    0.831849    1.094665    0.934645    1.001    2
      age[0]                   0.974011    0.000912    0.915593    1.035009    0.973067    1.003    2
      age[0]                   0.988479    0.000698    0.939086    1.040504    0.986807    1.000    2
      age[0]                   1.023007    0.000893    0.972941    1.081757    1.017919    1.001    2
      age[0]                  0.986954    0.002699    0.883076    1.086287    0.984590    1.002    2
      age[0]                  0.969729    0.026694    0.669001    1.283707    0.954121    1.002    2
      age[0]                  0.993208    0.001002    0.951799    1.053567    0.986663    1.000    2
      age[0]                   0.999317    0.000885    0.944529    1.057483    0.996802    1.003    2
      age[0]                  1.005078    0.000635    0.979085    1.054391    0.997676    1.000    2
      age[0]                  0.904974    0.001910    0.821369    0.989193    0.901498    1.001    2
      age[0]                  0.963459    0.001462    0.889146    1.038507    0.960518    1.002    2
      age[0]                   1.001741    0.001204    0.939192    1.069722    0.999146    1.000    2
      age[0]                  0.972082    0.002687    0.878009    1.081482    0.969183    1.003    2
      age[0]                  0.969975    0.002063    0.879911    1.058250    0.968098    1.001    2
      age[0]                  0.973092    0.001957    0.886706    1.059684    0.971784    1.005    2
      age[0]                  0.916156    0.002489    0.823600    1.018561    0.913242    1.000    2
      age[0]                  0.969890    0.001956    0.889692    1.056464    0.966174    1.001    2
      age[0]                   0.978071    0.000940    0.920613    1.038705    0.976024    1.000    2
      age[0]                  0.945361    0.000640    0.914772    0.995166    0.938669    1.000    2
      age[0]                  1.003335    0.000569    0.962391    1.054443    1.000036    1.028    2
      age[0]                  1.042938    0.002758    0.970761    1.143043    1.032815    1.000    2
      age[0]                   1.000305    0.000829    0.946530    1.058660    0.998152    1.011    2
      age[0]                  1.006503    0.001479    0.938210    1.086447    1.002561    1.015    2
      age[0]                  0.904323    0.001312    0.839795    0.980028    0.901689    1.002    2
      age[0]                  0.921174    0.000362    0.888694    0.959840    0.918484    1.000    2
      age[0]                  0.999864    0.000449    0.966140    1.036908    0.996298    1.000    2
      age[0]                  1.011813    0.000792    0.957486    1.068265    1.010368    1.003    2
      age[0]                   0.949853    0.001071    0.889115    1.014123    0.947004    1.008    2
      age[0]                  0.964851    0.002836    0.863609    1.067313    0.960001    1.000    2
      age[0]                   0.908510    0.004422    0.765811    1.020342    0.909488    1.115    2
      age[0]                   0.959872    0.000710    0.909055    1.012536    0.959035    1.000    2
      age[0]                  0.986775    0.000418    0.951206    1.027502    0.983857    1.000    2
      age[0]                  0.981612    0.000533    0.937596    1.026371    0.979419    1.001    2
      age[0]                   0.961440    0.000604    0.915590    1.010358    0.959282    1.000    2
      age[0]                  1.025231    0.002248    0.938502    1.122051    1.020329    1.004    2
      age[0]                  1.010718    0.000877    0.957640    1.069752    1.006716    1.007    2
      age[0]                   1.024990    0.000920    0.965666    1.084508    1.023786    1.011    2
      age[0]                  1.021741    0.001540    0.944392    1.098771    1.020180    1.000    2
      age[0]                  0.973566    0.003114    0.869615    1.085672    0.968958    1.005    2
      age[0]                  0.898379    0.001773    0.827771    0.975466    0.893593    1.001    2
      age[0]                  0.940662    0.003647    0.816628    1.051405    0.939366    1.015    2
      age[0]                  0.979697    0.000692    0.929420    1.031032    0.977659    1.001    2
      age[0]                  0.984725    0.000225    0.966027    1.013570    0.981204    1.002    2
      age[0]                   1.022150    0.001362    0.953597    1.097593    1.017037    1.001    2
      age[0]                  0.997336    0.002862    0.899416    1.105113    0.994308    1.000    2
      age[0]                  0.944564    0.001320    0.876353    1.015683    0.941242    1.001    2
      age[0]                   0.978434    0.000827    0.930822    1.031077    0.975271    1.000    2
      age[0]                  1.002413    0.000821    0.956666    1.055027    0.998383    1.000    2
      age[0]                   0.973227    0.000972    0.917473    1.038141    0.970937    1.014    2
      age[0]                  1.016477    0.000716    0.965043    1.070024    1.014900    1.012    2
      age[0]                   1.031573    0.001830    0.946883    1.119290    1.031163    1.002    2
      age[0]                   0.959325    0.001047    0.901500    1.019839    0.955702    1.000    2
      age[0]                   0.969561    0.001151    0.902526    1.035354    0.967396    1.008    2
      age[0]                  0.963028    0.007588    0.805170    1.158488    0.958538    1.000    2
      age[0]                  1.003363    0.001713    0.928613    1.085091    0.998229    1.000    2
      age[0]                  1.043252    0.003739    0.924665    1.165972    1.042354    1.056    2
      age[0]                  1.003820    0.001147    0.941851    1.071335    1.000605    1.000    2
      age[0]                   0.967245    0.000604    0.922145    1.018194    0.965606    1.000    2
      age[0]                  1.023579    0.001263    0.958407    1.095435    1.020702    1.000    2
      age[0]                  1.015706    0.001509    0.943266    1.095270    1.013497    1.000    2
      age[0]                  1.034550    0.003446    0.925961    1.154797    1.030717    1.001    2
      age[0]                  1.014541    0.001485    0.941890    1.084997    1.010996    1.001    2
      age[0]                  0.864478    0.006160    0.792186    1.022990    0.840780    1.000    2
      age[0]                   1.044116    0.001576    0.968565    1.124812    1.043915    1.002    2
      age[0]                  1.016981    0.001507    0.945738    1.095794    1.013667    1.004    2
      age[0]                   0.974317    0.000501    0.931125    1.017227    0.973407    1.000    2
      age[0]                  0.960750    0.000855    0.907263    1.020400    0.958078    1.002    2
      age[0]                  1.041110    0.004286    0.913686    1.154558    1.039926    1.008    2
      age[0]                   0.946721    0.001239    0.883061    1.016513    0.945303    1.037    2
      age[0]                   0.999873    0.001737    0.925984    1.074752    0.996132    1.003    2
      age[0]                  0.978067    0.004934    0.852851    1.120488    0.969607    1.001    2
      age[0]                  0.939781    0.001235    0.875337    1.011148    0.936742    1.002    2
      age[0]                  1.008362    0.001136    0.945580    1.077198    1.005201    1.000    2
      age[0]                  0.806199    0.003401    0.696486    0.926168    0.802479    1.007    2
      age[0]                  1.046912    0.002335    0.956424    1.144265    1.043680    1.006    2
      age[0]                  0.980824    0.001366    0.912377    1.057811    0.977965    1.000    2
      age[0]                  0.958580    0.001833    0.881391    1.045759    0.954035    1.001    2
      age[0]                   1.000582    0.000985    0.942222    1.060563    0.997988    1.001    2
      age[0]                  0.999299    0.001148    0.935120    1.065500    0.996701    1.000    2
      age[0]                   0.971838    0.000946    0.917449    1.034249    0.967507    1.007    2
      age[0]                  0.943204    0.001132    0.883361    1.012142    0.939414    1.000    2
      age[0]                   0.958676    0.001178    0.891982    1.027391    0.956783    1.000    2
      age[0]                   0.991884    0.000401    0.954532    1.030711    0.990161    1.000    2
      age[0]                  0.995875    0.000499    0.955290    1.041905    0.993636    1.002    2
      age[0]                  1.011143    0.000463    0.974203    1.054639    1.008293    1.000    2
      age[0]                  0.984719    0.003260    0.879713    1.103240    0.981199    1.009    2
      age[0]                  0.935797    0.004564    0.805281    1.071611    0.932151    1.021    2
