      TL          6.759248    0.058054    6.286397    7.228449    6.754638   7625.87   7654.41    1.000
      TL          6.950225    0.068451    6.441789    7.468447    6.944205   6633.19   6697.05    1.000
      TL          7.575117    0.062464    7.091280    8.069953    7.569225  10745.16  11273.33    1.000
      TL          7.256512    0.063653    6.766297    7.753965    7.251052   6696.89   7391.98    1.000
      TL          7.450975    0.064374    6.965167    7.956953    7.448159   8743.44   9161.55    1.000
      TL          4.308815    0.043754    3.902918    4.717980    4.305995  10079.49  10307.38    1.000
      TL          6.961137    0.060125    6.493144    7.446471    6.957277  11623.77  12786.27    1.000
      TL          3.944886    0.045757    3.547579    4.383670    3.937984   6859.65   6917.72    1.000
      TL          5.230073    0.045099    4.816273    5.648484    5.227259  10229.89  11186.51    1.000
      TL          7.235627    0.059465    6.760260    7.719864    7.232874   7882.44   8513.19    1.000
      TL          6.663300    0.065277    6.171814    7.170243    6.658036   4911.04   5848.72    1.000
      TL          2.658931    0.040638    2.273025    3.058985    2.651036   6215.83   6246.71    1.000
      TL          5.037637    0.056357    4.578522    5.502784    5.031859   9445.20   9581.14    1.000
      TL          3.012790    0.034518    2.644034    3.370863    3.007726  11098.14  11665.49    1.000
      TL          7.994512    0.073445    7.471046    8.525988    7.989583   4836.87   5388.06    1.000
      TL          7.445782    0.060483    6.947651    7.913456    7.443001  10520.76  10532.22    1.000
      TL          6.874119    0.058977    6.404587    7.347199    6.871571   9489.34   9717.44    1.000
      TL          4.225432    0.047549    3.806337    4.654276    4.219059  10014.30  10082.73    1.000
      TL          2.185126    0.050600    1.766383    2.639423    2.171617  11259.22  11422.95    1.000
      TL          3.827242    0.051284    3.394308    4.279729    3.817855   8418.46   8874.19    1.000
      TL          7.219885    0.056542    6.750785    7.681892    7.217520  10348.71  10861.08    1.000
      TL          4.379392    0.044363    3.974092    4.802234    4.374754  10419.45  10556.27    1.000
      TL          5.776248    0.055690    5.317109    6.240851    5.773458  10603.94  10759.71    1.000
      TL          4.379614    0.044186    3.973044    4.794106    4.374350  10064.94  10205.90    1.000
      TL          6.448123    0.054789    5.997987    6.913406    6.442770   9412.45   9533.26    1.000
      TL          5.690050    0.057508    5.231636    6.170408    5.682272   8255.92   8296.65    1.000
      TL          6.875251    0.063762    6.372483    7.365326    6.870852  10688.98  11147.06    1.000
      TL          6.052041    0.054522    5.589094    6.505331    6.048374   8716.67   9190.25    1.000
      TL          5.779639    0.057235    5.306785    6.246218    5.774581  11624.58  11650.33    1.000
      TL          5.739565    0.047353    5.321040    6.170700    5.736372  10356.70  11037.22    1.000
      TL          6.775933    0.075206    6.241773    7.310683    6.768978   2569.54   2932.53    1.000
      TL          6.479088    0.056255    6.027995    6.962542    6.474925   8208.25   8707.34    1.000
      TL          5.760876    0.050426    5.314667    6.192871    5.758147   9038.38   9521.70    1.000
      TL          3.066772    0.032358    2.723737    3.425288    3.060801  12176.93  12683.71    1.000
      TL          6.862180    0.053146    6.403262    7.312214    6.859988  10657.13  10915.77    1.000
      TL          3.365391    0.038159    2.984857    3.749454    3.360888   6588.04   7061.47    1.000
      TL          4.343410    0.039785    3.955821    4.734501    4.339244   9282.43   9777.14    1.000
      TL          3.174240    0.031890    2.827773    3.526969    3.169811   8634.46   8822.50    1.000
      TL          3.979226    0.043487    3.578372    4.391275    3.972943  10744.58  10772.55    1.000
      TL          4.926058    0.049783    4.488675    5.366058    4.921464   5664.72   6911.35    1.000
      TL          7.182820    0.058412    6.715752    7.661375    7.179259   9041.11   9418.45    1.000
      TL          5.075853    0.047547    4.657121    5.506493    5.072031  10426.49  10895.44    1.000
      TL          7.527374    0.069835    7.021400    8.062920    7.521577   6288.29   6396.90    1.000
      TL          8.149154    0.068961    7.639767    8.672581    8.145926  11056.86  11131.86    1.000
      TL          6.722903    0.059665    6.250130    7.205944    6.719279   8590.20   8957.43    1.000
      TL          5.215522    0.052068    4.781543    5.670054    5.210839   7551.39   7827.36    1.000
      TL          5.143193    0.038780    4.759499    5.531917    5.139844  12558.20  12560.27    1.000
      TL          3.861423    0.038837    3.484616    4.255992    3.857411  11622.65  11636.08    1.000
      TL          6.011589    0.053603    5.572646    6.481562    6.005189   9725.65   9802.39    1.000
      TL          6.589866    0.054030    6.144344    7.053071    6.586637  10165.50  10584.63    1.000
      TL          4.589837    0.054104    4.157821    5.070338    4.584437   6906.57   6985.60    1.000
      TL          4.382981    0.050730    3.950108    4.832615    4.376689  10524.68  10748.89    1.000
      TL          3.490411    0.041257    3.099340    3.895053    3.484465  11044.02  11171.51    1.000
      TL          5.783934    0.056244    5.331809    6.256764    5.779632  10278.98  10383.62    1.000
      TL          6.106516    0.057189    5.648639    6.584673    6.100911   8886.01   9607.65    1.000
      TL          5.943110    0.053691    5.491583    6.399179    5.938926   7122.92   7845.97    1.000
      TL          8.085499    0.072830    7.560624    8.614275    8.080908   7701.12   8131.44    1.000
      TL          4.293807    0.043858    3.886650    4.705000    4.288686  11082.91  11215.30    1.000
      TL          4.598624    0.049376    4.179386    5.049029    4.594498  10956.40  11469.67    1.000
      TL          5.719056    0.052437    5.266747    6.162960    5.714610   7216.59   7471.09    1.000
      TL          2.909375    0.048345    2.487233    3.343480    2.898696   5267.73   5873.55    1.000
      TL          6.467998    0.056108    5.998524    6.927780    6.466126   9527.07   9571.41    1.000
      TL          4.629131    0.043717    4.217993    5.034412    4.623507  11818.14  12355.13    1.000
      TL          7.872467    0.067647    7.354561    8.373855    7.867715   9172.26   9532.11    1.000
      TL          7.330263    0.061966    6.848123    7.823012    7.325077  11514.56  11760.92    1.000
      TL          7.587975    0.070876    7.067742    8.107020    7.584245   9259.89   9538.37    1.000
      TL          3.636508    0.044744    3.239545    4.065743    3.629833   6321.24   7693.75    1.000
      TL          4.949793    0.063976    4.468415    5.457544    4.940690   7275.67   7655.00    1.000
      TL          5.163082    0.049419    4.725328    5.597235    5.160163  10889.48  11712.39    1.000
      TL          5.314095    0.050515    4.883618    5.763641    5.310058  11735.59  11953.23    1.000
      TL          6.167389    0.052481    5.729119    6.621304    6.164599   8961.95   9222.34    1.000
      TL          6.283664    0.069441    5.780379    6.810012    6.274818   7999.56   8209.36    1.000
      TL          7.365007    0.063115    6.867941    7.857306    7.362096   9697.58  10366.85    1.000
      TL          4.882428    0.049911    4.454604    5.332975    4.877524  11038.97  11152.36    1.000
      TL          4.653667    0.044491    4.242075    5.066266    4.649667  10664.01  10726.21    1.000
      TL          2.361252    0.074209    1.847393    2.887316    2.336679   5993.14   6499.26    1.000
      TL          7.269523    0.065841    6.771474    7.771772    7.267462   8143.98   8614.12    1.000
      TL          3.293167    0.035131    2.940100    3.668412    3.287907  13604.99  13829.70    1.000
      TL          7.108785    0.063592    6.615800    7.600030    7.106445   8242.39   8819.82    1.000
      TL          4.459200    0.048389    4.039196    4.898942    4.455362  10928.83  11966.04    1.000
      TL          6.891778    0.065735    6.395151    7.400285    6.888059   7204.53   7609.65    1.000
      TL          8.272718    0.074491    7.737198    8.800403    8.267971   8879.86   8954.88    1.000
      TL          6.257772    0.052979    5.795994    6.698260    6.253371   8158.33   9811.14    1.000
      TL          5.820365    0.052248    5.362613    6.261236    5.816474   9390.28   9554.18    1.000
      TL          4.515643    0.052996    4.067654    4.966409    4.507271  11238.95  11294.81    1.000
      TL          6.498646    0.055510    6.041588    6.962638    6.496220   9820.51  11156.98    1.000
      TL          5.355089    0.064372    4.870623    5.860304    5.347220   2309.00   2643.94    1.000
      TL          4.484280    0.056474    4.035105    4.967438    4.476273   6921.92   7543.33    1.000
      TL          4.891768    0.046286    4.466506    5.308013    4.887682  12305.86  12572.90    1.000
      TL          5.112355    0.051259    4.669253    5.558115    5.108908   9075.60   9969.23    1.000
      TL          7.371156    0.067191    6.867540    7.882603    7.366977   8638.47   8681.39    1.000
      TL          6.565757    0.058000    6.105636    7.049204    6.562633  10505.11  10769.99    1.000
      TL          8.252639    0.081051    7.693288    8.804291    8.247496   1770.03   2172.70    1.000
      TL          3.739271    0.053763    3.293688    4.200118    3.727200   5988.33   6094.92    1.000
      TL          7.209382    0.061296    6.741579    7.702584    7.206186  10386.97  11381.24    1.000
      TL          8.064463    0.067246    7.544668    8.557359    8.060778   8956.37   9174.77    1.000
      TL          3.984365    0.036912    3.602631    4.358520    3.980510   8869.82   8959.36    1.000
      TL          4.457718    0.041142    4.065344    4.856951    4.452672  10156.01  10710.13    1.000
      TL          6.740825    0.063867    6.253735    7.239232    6.736078   8111.82   8549.05    1.000
      TL          6.029558    0.066415    5.528609    6.529175    6.021784   4399.70   4746.09    1.000
