      TL             6.418130    0.176740    5.615098    7.256058    6.400198   4623.10   4798.13    1.000
      TL             7.022399    0.500979    5.727068    8.447788    6.949322   1406.00   1564.08    1.000
      TL             6.798762    0.189733    5.984047    7.682367    6.777291   4638.80   5429.17    1.000
      TL             6.887248    0.209255    6.009094    7.795351    6.863722   4750.82   4813.58    1.000
      TL             6.503388    0.206938    5.636714    7.415478    6.482965   6269.29   6315.84    1.000
      TL             3.947003    0.162133    3.184378    4.742973    3.914511   7509.13   8124.36    1.000
      TL             5.847611    0.212827    4.971864    6.769871    5.823184   5043.42   5397.69    1.000
      TL             4.321238    0.223820    3.446289    5.283758    4.290454   6573.66   6925.98    1.000
      TL             5.340551    0.183506    4.530863    6.195889    5.316147   7883.45   8381.19    1.000
      TL             7.486845    0.267861    6.499921    8.530620    7.464405   2430.00   2961.88    1.000
      TL             5.579313    0.136276    4.872882    6.308674    5.564255  10382.99  11216.44    1.000
      TL             2.597483    0.071681    2.087036    3.126677    2.579831  11177.21  12114.31    1.000
      TL             4.432076    0.235391    3.527438    5.393381    4.392095   5023.64   5509.21    1.000
      TL             2.950136    0.079419    2.413718    3.510266    2.935507  11913.22  14617.80    1.000
      TL             7.723126    0.351468    6.580681    8.894156    7.694575   1804.79   1828.59    1.000
      TL             5.833820    0.124968    5.154180    6.536161    5.821426   9341.17   9737.01    1.000
      TL             6.217498    0.139976    5.481938    6.939755    6.204374   6862.10   7227.62    1.000
      TL             3.579542    0.137204    2.892129    4.327259    3.551417   7935.02   8153.14    1.000
      TL             2.040236    0.143828    1.359169    2.810893    2.001548  22515.12  22584.75    1.000
      TL             2.977355    0.085536    2.438200    3.578763    2.963415  20492.80  21135.47    1.000
      TL             7.269797    0.225659    6.366362    8.221396    7.246038   3873.45   4497.22    1.000
      TL             4.196982    0.128154    3.523278    4.915318    4.177990  11388.77  11965.14    1.000
      TL             5.481854    0.225800    4.578296    6.429437    5.454891   3527.40   3717.63    1.000
      TL             3.870314    0.101599    3.251046    4.501394    3.858308  16784.81  17061.64    1.000
      TL             5.887156    0.199193    5.026755    6.768017    5.866049   4771.93   5070.54    1.000
      TL             5.631591    0.201074    4.774265    6.514536    5.603969   6622.47   6708.09    1.000
      TL             5.891103    0.166165    5.119083    6.704693    5.870364   9449.49  10151.41    1.000
      TL             6.140139    0.170966    5.362281    6.967909    6.119342   5070.74   5464.46    1.000
      TL             6.550403    0.335020    5.470458    7.710854    6.506211   3684.39   3833.45    1.000
      TL             5.004778    0.095364    4.420593    5.629123    4.990478   4569.32   5115.59    1.000
      TL             5.879697    0.155715    5.103580    6.648141    5.863257   5828.65   6322.64    1.000
      TL             6.714372    0.293067    5.697332    7.793527    6.682046   3143.68   3277.56    1.001
      TL             5.061521    0.114782    4.420224    5.746929    5.049351   8774.73   9022.37    1.000
      TL             2.892034    0.066805    2.391905    3.401667    2.880856  20772.37  21443.93    1.000
      TL             5.640417    0.119184    4.987432    6.337934    5.628769  12900.68  13106.28    1.000
      TL             3.226915    0.092535    2.651177    3.831519    3.211905  11346.78  11890.35    1.000
      TL             3.490649    0.075310    2.971471    4.041585    3.479150  10563.54  11583.42    1.000
      TL             3.357191    0.090301    2.777253    3.951356    3.343777  11788.61  11943.88    1.000
      TL             3.844970    0.115792    3.178244    4.507281    3.825499  12969.36  13086.57    1.000
      TL             5.115326    0.232207    4.234415    6.105738    5.077701   6772.56   6808.46    1.000
      TL             6.698436    0.169768    5.932815    7.542537    6.683050   7146.01   7336.80    1.000
      TL             3.791114    0.083770    3.240217    4.369865    3.779876  15379.37  15512.78    1.000
      TL             6.744597    0.173862    5.942745    7.565914    6.729378   4496.47   4883.84    1.000
      TL             6.728753    0.203746    5.859836    7.616319    6.706013   6537.85   6902.31    1.000
      TL             5.814363    0.121016    5.139080    6.496626    5.803330  12424.24  12647.04    1.000
      TL             4.419142    0.129425    3.724215    5.126628    4.400053   8901.59   9055.92    1.000
      TL             5.450098    0.123888    4.773520    6.147605    5.435847   9761.61  10080.66    1.000
      TL             3.593061    0.110957    2.963249    4.256487    3.572793  13265.74  13319.51    1.000
      TL             5.528624    0.142469    4.804209    6.270654    5.509908   5557.38   6157.82    1.000
      TL             5.387598    0.108750    4.755848    6.049607    5.375771   8862.51   8872.45    1.000
      TL             4.684063    0.173608    3.902604    5.528522    4.651668   6774.59   7659.15    1.000
      TL             4.319192    0.177836    3.513548    5.149746    4.288450   9559.82   9732.48    1.000
      TL             3.384076    0.094884    2.808062    4.006814    3.366179  12200.65  12926.09    1.000
      TL             5.583839    0.259045    4.609090    6.581758    5.550453   4359.86   4420.11    1.000
      TL             5.956870    0.247258    5.020959    6.946052    5.922070   5214.89   5807.81    1.000
      TL             4.545869    0.094583    3.946962    5.152748    4.533725  10488.70  11856.86    1.000
      TL             6.893687    0.194315    6.040858    7.768034    6.875341   6150.73   6376.11    1.000
      TL             4.513485    0.183865    3.691612    5.348648    4.487197   4929.02   5192.69    1.000
      TL             4.641574    0.251598    3.711253    5.654479    4.608750   8985.78   9498.73    1.000
      TL             5.184056    0.129870    4.504411    5.908187    5.165374   5643.35   6122.17    1.000
      TL             1.966830    0.044109    1.572631    2.389635    1.957910  19408.35  19789.31    1.000
      TL             5.992259    0.158336    5.223800    6.777782    5.973091   6252.15   6442.87    1.000
      TL             4.660271    0.141851    3.948968    5.415320    4.641643   7838.50   8255.50    1.000
      TL             6.203812    0.138650    5.482289    6.934756    6.194656   9380.07   9952.87    1.000
      TL             6.883376    0.208210    6.012456    7.798348    6.864618   6523.26   6818.00    1.000
      TL             6.684258    0.219673    5.806314    7.631940    6.658530   4398.89   4740.19    1.000
      TL             3.535303    0.141002    2.802210    4.261501    3.508870   9247.97   9739.63    1.000
      TL             4.621986    0.160585    3.856635    5.410838    4.597737   6561.81   6628.89    1.000
      TL             4.522920    0.106999    3.898015    5.172106    4.508800  12830.90  13447.86    1.000
      TL             5.004730    0.166780    4.254591    5.839199    4.976083   6236.14   6487.31    1.000
      TL             5.943965    0.197030    5.081746    6.813849    5.921766   5766.20   5980.63    1.000
      TL             5.372938    0.175927    4.570037    6.201223    5.351196   7640.15   8174.31    1.000
      TL             7.178786    0.288373    6.158769    8.246949    7.151939   3588.61   3935.28    1.000
      TL             4.712880    0.201460    3.863478    5.602763    4.684645   6930.69   7344.51    1.000
      TL             4.996932    0.174298    4.207378    5.828031    4.967551   4826.67   4919.10    1.000
      TL             2.235047    0.235100    1.375229    3.197530    2.173998  10453.76  10943.10    1.000
      TL             7.179102    0.224646    6.272283    8.117289    7.157424   5698.52   5938.46    1.000
      TL             3.439382    0.149858    2.708272    4.196780    3.412127  16190.29  16423.88    1.000
      TL             6.662957    0.201637    5.827011    7.578366    6.640214   5157.29   5161.63    1.000
      TL             4.696675    0.213586    3.836523    5.632606    4.662360   9201.57   9350.21    1.000
      TL             5.771335    0.164619    4.990169    6.572660    5.750089   2064.76   2103.00    1.000
      TL             8.377968    0.354148    7.244726    9.553444    8.344812    989.67   1330.96    1.001
      TL             5.014076    0.102768    4.397512    5.646413    5.003798  13318.67  13793.47    1.000
      TL             5.266548    0.186646    4.477094    6.148220    5.236993   1236.50   2057.99    1.001
      TL             3.791191    0.111408    3.140287    4.445556    3.775260  17605.73  17913.83    1.000
      TL             5.637621    0.139348    4.941740    6.397941    5.620168   8798.55   8864.41    1.000
      TL             4.786872    0.121094    4.138813    5.494022    4.771895   9817.46  10229.76    1.000
      TL             3.980961    0.138737    3.258301    4.703551    3.954045   9976.78  10334.68    1.000
      TL             4.437781    0.131986    3.759018    5.181180    4.419989   8919.57   9865.38    1.000
      TL             5.101119    0.292758    4.080329    6.184696    5.063020   6396.00   6548.98    1.000
      TL             6.196110    0.249469    5.269738    7.206578    6.167703   3830.25   4341.19    1.000
      TL             6.122038    0.187848    5.301811    6.984773    6.099657   7185.74   7271.61    1.000
      TL             7.944713    0.432147    6.727095    9.268591    7.892549    741.09   1069.49    1.000
      TL             3.434777    0.191152    2.613013    4.296867    3.396330  10382.96  10843.60    1.000
      TL             6.585046    0.198789    5.728265    7.464841    6.562696   4770.97   4941.83    1.000
      TL             7.695685    0.267743    6.715857    8.731889    7.672024   4829.29   4833.68    1.000
      TL             3.697047    0.079779    3.145573    4.249581    3.687834  11671.16  11896.73    1.000
      TL             4.231864    0.091640    3.644911    4.823786    4.219905  16299.44  16735.78    1.000
      TL             5.969492    0.150871    5.205709    6.722135    5.954188   4434.22   4980.89    1.000
      TL             5.619944    0.237282    4.679189    6.580214    5.594031   4612.57   4663.64    1.000
