      ilnvar                   0.006079    0.000153    0.000001    0.031332    0.000392     21.42     24.16    1.001
      ilnvar                   0.011641    0.000464    0.000007    0.045700    0.003945     47.53     51.60    1.022
      ilnvar                   0.045154    0.002434    0.000135    0.143703    0.030658     41.05     61.38    1.011
      ilnvar                   0.012638    0.000504    0.000008    0.058312    0.002914     41.10     56.14    1.171
      ilnvar                   0.006947    0.000177    0.000001    0.033080    0.001379     28.11     28.79    1.010
      ilnvar                   0.011628    0.000541    0.000001    0.052168    0.002528     71.71     84.16    1.002
      ilnvar                   0.011069    0.000575    0.000001    0.057242    0.001304     37.49     45.79    1.074
      ilnvar                   0.117529    0.020851    0.000182    0.361990    0.076362    111.23    136.03    1.001
      ilnvar                   0.020140    0.000763    0.000015    0.075462    0.009371     75.99     91.52    1.000
      ilnvar                   0.004262    0.000108    0.000001    0.022769    0.000620     26.46     31.16    1.001
      ilnvar                   0.001935    0.000025    0.000001    0.010397    0.000235     42.63     52.36    1.002
      ilnvar                   0.081595    0.017149    0.000067    0.299467    0.040029    227.50    273.23    1.000
      ilnvar                   0.050780    0.003587    0.000176    0.160960    0.031962    145.55    159.92    1.003
      ilnvar                   0.097280    0.018030    0.000021    0.349209    0.051194    150.45    159.14    1.001
      ilnvar                   0.021880    0.000650    0.000002    0.072984    0.013129     34.76     41.55    1.018
      ilnvar                   0.002763    0.000100    0.000001    0.014631    0.000054     47.46     48.72    1.112
      ilnvar                   0.012230    0.000341    0.000004    0.051118    0.004669     35.77     51.49    1.000
      ilnvar                   0.077961    0.008841    0.000173    0.258534    0.047384    148.38    177.65    1.000
      ilnvar                   0.291219    0.138356    0.000016    0.969842    0.173345    800.12    979.92    1.000
      ilnvar                   0.008602    0.000476    0.000001    0.044435    0.000960    171.19    222.01    1.002
      ilnvar                   0.007487    0.000129    0.000003    0.030976    0.003166     33.69     37.88    1.005
      ilnvar                   0.041043    0.002166    0.000034    0.131897    0.026267    124.53    155.79    1.007
      ilnvar                   0.029060    0.001780    0.000018    0.110760    0.013726     56.34     61.80    1.000
      ilnvar                   0.034286    0.002110    0.000031    0.124114    0.017353     89.07     94.22    1.004
      ilnvar                   0.001048    0.000015    0.000001    0.004417    0.000048     30.69     41.28    1.018
      ilnvar                   0.020533    0.000724    0.000019    0.069767    0.011651     87.85    121.32    1.002
      ilnvar                   0.011488    0.000263    0.000012    0.042558    0.005684     57.77     65.46    1.007
      ilnvar                   0.038051    0.001830    0.000309    0.120630    0.024112     80.20     96.46    1.002
      ilnvar                   0.093036    0.007173    0.000984    0.255013    0.072203     79.11    133.43    1.001
      ilnvar                   0.033671    0.002151    0.000003    0.115427    0.019108     23.75     45.87    1.099
      ilnvar                   0.051499    0.001927    0.000076    0.138522    0.040598     40.02    104.00    1.027
      ilnvar                   0.014733    0.000329    0.000015    0.051423    0.008331     42.96     57.92    1.004
      ilnvar                   0.006879    0.000374    0.000001    0.046458    0.000095     24.40     29.41    1.090
      ilnvar                   0.047476    0.004765    0.000022    0.173443    0.023273    138.55    162.97    1.007
      ilnvar                   0.012749    0.000237    0.000001    0.042872    0.007410     42.67     42.75    1.002
      ilnvar                   0.015104    0.000773    0.000001    0.066494    0.003514     84.34     91.31    1.015
      ilnvar                   0.019559    0.000967    0.000001    0.076312    0.008406     55.46     66.71    1.001
      ilnvar                   0.033208    0.002483    0.000010    0.121010    0.016306    127.03    134.06    1.000
      ilnvar                   0.015902    0.000811    0.000012    0.064558    0.004989     81.05    137.23    1.000
      ilnvar                   0.018570    0.000788    0.000025    0.070649    0.007710     61.91     93.77    1.009
      ilnvar                   0.004328    0.000067    0.000001    0.019115    0.001165     37.37     38.74    1.000
      ilnvar                   0.030315    0.001180    0.000082    0.096057    0.019821     82.99     98.73    1.006
      ilnvar                   0.043829    0.002251    0.000030    0.136060    0.030408     30.45     50.75    1.000
      ilnvar                   0.026297    0.001242    0.000001    0.100921    0.011380     27.59     32.50    1.007
      ilnvar                   0.005352    0.000081    0.000007    0.022528    0.001845     56.28     59.42    1.025
      ilnvar                   0.023165    0.001028    0.000045    0.085796    0.011112     90.36    103.46    1.001
      ilnvar                   0.068807    0.002358    0.001516    0.162140    0.059192     77.13     83.29    1.013
      ilnvar                   0.045036    0.002553    0.000074    0.144221    0.028735    103.26    123.53    1.001
      ilnvar                   0.072851    0.005826    0.000016    0.214763    0.053819     41.42     64.38    1.073
      ilnvar                   0.019771    0.000996    0.000003    0.083853    0.006311     30.76     32.97    1.002
      ilnvar                   0.039129    0.004312    0.000013    0.166390    0.014644    112.51    121.80    1.000
      ilnvar                   0.044984    0.003976    0.000026    0.158449    0.023677    113.96    151.34    1.000
      ilnvar                   0.063316    0.007962    0.000060    0.216877    0.034727    101.53    189.45    1.006
      ilnvar                   0.058528    0.004306    0.000012    0.186197    0.039185     44.92     55.38    1.005
      ilnvar                   0.022214    0.001068    0.000027    0.087486    0.009319     60.09     68.91    1.041
      ilnvar                   0.025747    0.001096    0.000006    0.091494    0.014911     54.62     61.55    1.003
      ilnvar                   0.007208    0.000137    0.000001    0.031558    0.002582     38.10     58.85    1.044
      ilnvar                   0.091894    0.007652    0.000401    0.255588    0.069028    235.13    260.61    1.003
      ilnvar                   0.104859    0.010340    0.000337    0.295291    0.076307    177.79    198.34    1.000
      ilnvar                   0.017635    0.000795    0.000020    0.073858    0.005083     34.75     39.47    1.001
      ilnvar                   0.054991    0.008733    0.000001    0.231974    0.015209     63.87     96.12    1.039
      ilnvar                   0.004169    0.000110    0.000001    0.023037    0.000260     30.76     36.98    1.081
      ilnvar                   0.005114    0.000106    0.000001    0.023806    0.001158     49.36     59.05    1.029
      ilnvar                   0.000808    0.000027    0.000001    0.001742    0.000014     32.22     33.81    1.014
      ilnvar                   0.029441    0.001091    0.000035    0.092552    0.019527     36.55     54.25    1.001
      ilnvar                   0.032466    0.001155    0.000173    0.101989    0.020373     54.03     66.11    1.002
      ilnvar                   0.062353    0.014917    0.000001    0.235515    0.022389     58.04     77.06    1.007
      ilnvar                   0.056343    0.006255    0.000015    0.204417    0.028606     74.24    122.03    1.020
      ilnvar                   0.090166    0.008700    0.000210    0.270783    0.063620     73.78    102.77    1.004
      ilnvar                   0.019755    0.000716    0.000046    0.069713    0.010470    126.77    133.78    1.001
      ilnvar                   0.016261    0.000700    0.000001    0.071288    0.004033     25.33     32.74    1.013
      ilnvar                   0.018005    0.000524    0.000001    0.062499    0.010076     65.59    102.63    1.004
      ilnvar                   0.007376    0.000129    0.000007    0.028303    0.003250     40.03     45.79    1.001
      ilnvar                   0.018191    0.000844    0.000008    0.071959    0.007417    158.57    163.36    1.008
      ilnvar                   0.015522    0.000384    0.000041    0.054719    0.008720    170.71    171.72    1.018
      ilnvar                   0.109316    0.032015    0.000010    0.400717    0.052504    944.43   1099.22    1.000
      ilnvar                   0.009973    0.000255    0.000001    0.041161    0.002758     29.70     36.31    1.018
      ilnvar                   0.049585    0.004071    0.000045    0.168301    0.028547    376.29    401.68    1.006
      ilnvar                   0.013302    0.000392    0.000005    0.051731    0.005244     36.88     50.41    1.022
      ilnvar                   0.032723    0.001874    0.000060    0.111021    0.018815    176.10    204.79    1.000
      ilnvar                   0.006969    0.000287    0.000001    0.034643    0.000631     41.77     41.82    1.022
      ilnvar                   0.001884    0.000042    0.000001    0.011677    0.000053     27.11     37.67    1.021
      ilnvar                   0.035642    0.001706    0.000026    0.111900    0.022257     53.56     79.96    1.005
      ilnvar                   0.043208    0.002575    0.000017    0.146426    0.024707     46.14     61.78    1.041
      ilnvar                   0.022317    0.001977    0.000001    0.102172    0.005637     76.45     98.98    1.000
      ilnvar                   0.003615    0.000081    0.000001    0.019811    0.000483     29.89     43.13    1.003
      ilnvar                   0.270458    0.037280    0.017210    0.639923    0.223751    107.59    133.52    1.007
      ilnvar                   0.064599    0.006848    0.000043    0.208218    0.039739    107.34    149.68    1.001
      ilnvar                   0.010100    0.000320    0.000001    0.038266    0.003927     98.78    139.88    1.009
      ilnvar                   0.061427    0.004317    0.000089    0.188490    0.041240    118.02    126.26    1.003
      ilnvar                   0.013671    0.000331    0.000010    0.051566    0.006467     32.13     53.59    1.012
      ilnvar                   0.002101    0.000026    0.000001    0.011501    0.000168     33.17     39.74    1.107
      ilnvar                   0.000900    0.000009    0.000001    0.004330    0.000089     19.81     35.20    1.023
      ilnvar                   0.375714    0.085786    0.001603    0.923167    0.301158    604.33    605.55    1.000
      ilnvar                   0.046119    0.002217    0.000058    0.141763    0.031310     45.56     55.16    1.004
      ilnvar                   0.045713    0.001632    0.000592    0.124945    0.035031     60.62     62.66    1.002
      ilnvar                   0.012502    0.000474    0.000003    0.053987    0.003704     52.61     67.15    1.008
      ilnvar                   0.056434    0.003492    0.000108    0.171046    0.039197     63.20     72.46    1.000
      ilnvar                   0.002487    0.000063    0.000001    0.011964    0.000134     28.20     34.99    1.001
      ilnvar                   0.091480    0.008952    0.000024    0.277777    0.066439     39.71     73.99    1.001
