reso  sja  d_qt  d_ci  d_rf
0.8372093 0.9958613 0.03891595 0.1219088 0.1336925
0.8918919 0.9982964 0.009240009 0.07181668 0.08892594
0.8636364 0.9545091 0.05747764 0.1519153 0.2182398
0.8888889 0.9938772 0.01973481 0.0952039 0.1352371
0.8666667 0.9799489 0.04614134 0.1367916 0.2040278
0.952381 0.9832383 0.03116883 0.07808071 0.09902639
0.9230769 0.9558893 0.04977218 0.08828183 0.1151733
0.8695652 0.9225092 0.08363636 0.1794789 0.2539508
0.862069 0.972366 0.05839822 0.1327152 0.2497665
0.9347826 0.9673724 0.03812571 0.1092234 0.2013757
0.9487179 1 0.01778414 0.0468716 0.05382681
0.875 0.9806243 0.03921569 0.1459032 0.1618601
0.9130435 0.9672781 0.03481605 0.1307305 0.2021812
0.875 1 0.01057792 0.04558153 0.0332361
0.8409091 0.9814699 0.03904464 0.1501333 0.2583464
0.9787234 0.977489 0.02306538 0.07377423 0.1701699
0.9090909 0.9858883 0.02821031 0.1037345 0.1387869
0.9473684 0.9273642 0.08174983 0.1504819 0.2099007
1 1 0 0 0
1 0.8090815 0.1909185 0.1605601 0.27461
0.8510638 0.9666937 0.05756433 0.1441333 0.2059289
0.7916667 0.9578386 0.06934473 0.1988637 0.2773506
0.9354839 0.9889112 0.02749267 0.06606113 0.0729703
0.8518519 1 0.06774452 0.09026371 0.09397304
0.9268293 0.9719846 0.03229884 0.136219 0.2163376
0.8148148 0.9839084 0.03583288 0.1621013 0.244422
0.8285714 0.9970324 0.03338633 0.1256766 0.1360849
0.8333333 0.9896652 0.05325476 0.1410649 0.1570316
0.9642857 0.9140186 0.08638935 0.09917801 0.1210304
0.95 0.9902812 0.01684982 0.06430675 0.09624319
0.902439 0.9649549 0.03860377 0.09744306 0.1380984
0.8108108 0.9919898 0.07928657 0.2121188 0.24287
0.9473684 0.9916609 0.01744173 0.1081698 0.1402908
0.9411765 0.9964679 0.006811146 0.05592857 0.04944835
0.9361702 0.9995531 0.02515622 0.05292471 0.05610452
0.7619048 1 0.03811406 0.1020133 0.08336699
0.9285714 0.9664455 0.04347747 0.1166592 0.1890582
0.9130435 0.9764477 0.03624506 0.1493383 0.182237
1 0.9897471 0.0102529 0.04747093 0.04682325
0.8846154 0.9412785 0.06507937 0.1339269 0.2019243
0.8125 0.9823708 0.05624186 0.214119 0.308909
0.9333333 0.9853944 0.02312291 0.0857746 0.1220931
0.8541667 0.9936595 0.04934868 0.1618062 0.1931072
0.875 0.9747562 0.05412288 0.125676 0.1791963
0.9189189 0.9668314 0.04214356 0.1102817 0.146638
0.8888889 0.9964198 0.01428571 0.07637607 0.07183353
0.8292683 0.9810848 0.03752937 0.1598761 0.1981505
0.88 0.9916027 0.06968661 0.09934452 0.1243665
0.8823529 0.9754551 0.04421526 0.1982933 0.2524212
0.9782609 0.9985314 0.002782917 0.02283525 0.03678259
0.9166667 0.9803734 0.03013378 0.1018838 0.1500265
0.9473684 0.9768728 0.0245614 0.09105862 0.1315474
0.6842105 0.9862046 0.09528366 0.2254621 0.2444195
0.9677419 0.9840295 0.01857283 0.09619282 0.1276719
0.8787879 0.9504929 0.1107143 0.1187219 0.1408743
0.9714286 0.9896907 0.01158301 0.04993036 0.0543324
0.8571429 0.9938088 0.02249404 0.144317 0.1724827
0.9130435 0.9932432 0.03833992 0.07963857 0.1040109
1 0.9652174 0.03478261 0.06600183 0.07753406
0.8947368 0.9825426 0.03906335 0.1377312 0.1679931
0.8333333 1 0.0289056 0.07997242 0.07404108
0.8292683 0.9887039 0.03865975 0.1447848 0.1821046
0.9615385 0.9943076 0.02075702 0.0686124 0.07510999
0.8666667 0.9963437 0.01373728 0.09803634 0.1366285
0.8863636 0.9846694 0.0205074 0.1292465 0.1610897
0.8292683 0.9453436 0.08417875 0.1893532 0.2762567
0.9444444 0.9850405 0.01816305 0.06316013 0.1075964
0.7826087 0.9482353 0.09339921 0.2303024 0.3143183
0.9615385 0.9793701 0.02256747 0.06298656 0.1006465
0.8846154 0.9866719 0.02955665 0.09482544 0.117293
0.8780488 0.9986935 0.02368528 0.09062762 0.09973183
0.8571429 0.92907 0.09627805 0.2076385 0.3486862
0.902439 0.9957702 0.02701969 0.09597224 0.1002994
0.9583333 0.9518323 0.04886288 0.1271056 0.1680543
0.9259259 1 0.002484106 0.02245012 0.01513756
1 0.952381 0.04761905 0.1276216 0.1178615
0.875 0.9913696 0.01626016 0.1017014 0.1342309
0.9375 0.9871921 0.01519608 0.05443038 0.0668446
0.8809524 0.9793253 0.09558309 0.126554 0.1540186
0.9473684 0.986408 0.0303486 0.05454964 0.09976838
0.8205128 0.9969893 0.03707416 0.1223795 0.138078
0.9777778 0.9487725 0.05305413 0.05978084 0.0774107
0.975 0.9698073 0.0308139 0.1084 0.1662523
0.8611111 1 0.02280702 0.0750998 0.07544266
1 1 0 0 0
0.974359 0.9900391 0.01031895 0.04247201 0.04523979
0.8333333 0.9567748 0.0762219 0.2127591 0.3340674
0.75 0.9910247 0.05516657 0.18013 0.1908403
0.8888889 0.9893377 0.0169256 0.09469487 0.1000959
0.96 0.9951956 0.006666667 0.05495939 0.05597577
0.9090909 0.9985145 0.006446671 0.05436764 0.05963579
0.9444444 0.9931229 0.01818059 0.07889205 0.08439906
0.826087 0.9761214 0.1164148 0.1735796 0.2664902
0.8823529 0.9703075 0.04231166 0.1392555 0.1463947
0.875 0.9502655 0.091824 0.1616802 0.2525021
0.8723404 0.9844233 0.0960609 0.1491202 0.2074375
0.8387097 1 0.03003421 0.1152232 0.1243021
0.8928571 0.9863268 0.03427618 0.09254542 0.1319336
0.8717949 0.9882826 0.03501531 0.1001532 0.1457363
0.8709677 0.9935099 0.07369113 0.1243256 0.1616797
