      alpha_symdir{1}   1.236738    0.091219    0.731089    1.837287    1.193659   8932.78   8983.78    1.000
      alpha_symdir{1}   2.245534    0.998939    0.775667    4.180921    2.025938   8867.23   9029.23    1.000
      alpha_symdir{1}   1.383747    0.129982    0.849463    2.088495    1.308041   8935.72   9265.27    1.000
      alpha_symdir{1}   1.594684    0.253256    0.815409    2.597085    1.495210    814.43    901.72    1.000
      alpha_symdir{1}   1.402594    0.103430    0.893185    2.040223    1.342895   8695.69   8709.23    1.000
      alpha_symdir{1}   1.339990    0.467966    0.000648    2.578371    1.215487   3527.02   4048.96    1.000
      alpha_symdir{1}   1.352477    0.137602    0.798696    2.071064    1.274700   9051.00   9339.16    1.000
      alpha_symdir{1}   1.603733    0.700891    0.000042    3.153546    1.449751    624.09   1405.24    1.001
      alpha_symdir{1}   1.065618    0.108580    0.244959    1.635190    1.030891   7942.97   8097.54    1.000
      alpha_symdir{1}   1.332868    0.059973    0.916832    1.807856    1.296103  10379.35  10722.26    1.000
      alpha_symdir{1}   1.119473    0.061709    0.730368    1.692294    1.098227   8108.46   8330.64    1.000
      alpha_symdir{1}   1.896578    1.319274    0.000035    4.035105    1.739482    137.14    165.95    1.000
      alpha_symdir{1}   1.804393    1.298391    0.000007    3.725334    1.782092     11.18     28.11    1.026
      alpha_symdir{1}   1.517849    0.766170    0.000728    3.095626    1.404039   2125.85   3187.52    1.000
      alpha_symdir{1}   1.705625    0.240181    0.961334    2.662405    1.601429   6028.42   6776.53    1.000
      alpha_symdir{1}   1.302304    0.103108    0.832878    1.937906    1.236221   8644.77   8998.12    1.000
      alpha_symdir{1}   1.543733    0.208081    0.838846    2.423187    1.453591   7109.27   7294.14    1.000
      alpha_symdir{1}   1.002460    0.191274    0.227492    1.755184    0.980719   8252.29   8383.06    1.000
      alpha_symdir{1}   1.516458    1.419220    0.000005    3.688267    1.403457    938.11   1078.16    1.000
      alpha_symdir{1}   2.634009    1.760480    0.000038    5.000285    2.460143     22.41   5932.08    1.015
      alpha_symdir{1}   1.191155    0.143804    0.517989    1.925166    1.150272   6310.96   6347.55    1.000
      alpha_symdir{1}   3.412657    1.594757    1.501533    5.984519    3.166094  12575.58  13030.44    1.000
      alpha_symdir{1}   2.923567    1.156069    1.296361    5.108062    2.706337  10578.41  10689.75    1.000
      alpha_symdir{1}   2.424899    1.103671    0.917132    4.553228    2.190207   9913.87  10151.68    1.000
      alpha_symdir{1}   1.038557    0.086340    0.605067    1.654703    0.978272   8305.02   8489.15    1.000
      alpha_symdir{1}   1.486515    0.152312    0.862192    2.238417    1.417045  10911.47  11084.40    1.000
      alpha_symdir{1}   2.193943    0.527761    1.043203    3.641632    2.054934   8141.13   9046.82    1.000
      alpha_symdir{1}   2.145527    0.683261    0.951928    3.816174    1.961656   9227.53   9912.62    1.000
      alpha_symdir{1}   2.415186    0.878287    1.033475    4.325738    2.217531  10438.80  10959.80    1.000
      alpha_symdir{1}   1.299034    0.103310    0.782226    1.963278    1.252749   8445.75   9022.69    1.000
      alpha_symdir{1}   1.530838    0.225530    0.815185    2.459671    1.435244   8478.65   9235.88    1.000
      alpha_symdir{1}   1.377200    0.098338    0.866117    1.991144    1.324546   8703.84   8874.24    1.000
      alpha_symdir{1}   2.203620    0.736247    0.986775    3.947758    2.005830   7169.53   7794.70    1.000
      alpha_symdir{1}   1.539513    1.729825    0.000005    3.852010    1.509168     13.51     94.43    1.135
      alpha_symdir{1}   1.323962    0.073195    0.897651    1.859048    1.275881   9108.84   9113.83    1.000
      alpha_symdir{1}   2.083521    0.980945    0.747156    4.571848    1.871748    180.30   3277.23    1.001
      alpha_symdir{1}   2.363533    0.854633    1.027912    4.314239    2.171203   1511.56   6704.71    1.000
      alpha_symdir{1}   2.073545    1.491697    0.000008    4.256374    1.956273     28.10     47.28    1.007
      alpha_symdir{1}   1.736005    0.643378    0.001578    3.208184    1.588040   2568.25   2787.72    1.000
      alpha_symdir{1}   1.822247    0.496948    0.754603    3.335091    1.689202   4113.65   4366.34    1.000
      alpha_symdir{1}   1.463124    0.157165    0.725079    2.263263    1.420837   8447.13   8473.01    1.000
      alpha_symdir{1}   1.591232    0.424930    0.700385    2.884164    1.434716   7910.75   8918.80    1.001
      alpha_symdir{1}   1.204399    0.111944    0.649423    1.851621    1.149421   5970.33   6312.35    1.000
      alpha_symdir{1}   1.168376    0.064981    0.741263    1.694433    1.128790   9014.54   9363.54    1.000
      alpha_symdir{1}   2.049147    0.507819    0.945484    3.441488    1.900206   5270.18   5908.16    1.000
      alpha_symdir{1}   1.563194    0.244131    0.809152    2.552857    1.465454   7907.34   9165.35    1.000
      alpha_symdir{1}   1.616686    0.366578    0.777169    2.940181    1.495793   1261.80   1945.02    1.000
      alpha_symdir{1}   1.929896    0.582692    0.798818    3.621100    1.785483   3166.27   4242.80    1.000
      alpha_symdir{1}   1.121004    0.086925    0.671417    1.736967    1.068993   7192.21   8129.58    1.000
      alpha_symdir{1}   0.986178    0.072302    0.583434    1.545325    0.933753   6741.05   6850.03    1.000
      alpha_symdir{1}   1.845794    1.206796    0.000038    3.823255    1.705140     25.36    125.64    1.016
      alpha_symdir{1}   1.997784    1.116275    0.000114    3.824665    1.897663     82.16    237.56    1.006
      alpha_symdir{1}   1.183521    0.354516    0.210943    2.411256    1.088071   5977.99   6638.59    1.000
      alpha_symdir{1}   1.142366    0.395391    0.071364    2.248642    1.062224    228.40    260.47    1.001
      alpha_symdir{1}   1.448249    0.208622    0.744710    2.343909    1.361327   9195.64   9352.00    1.000
      alpha_symdir{1}   2.082908    1.149242    0.000044    3.881652    2.035851     11.85   4173.20    1.039
      alpha_symdir{1}   1.241683    0.078322    0.815600    1.817969    1.193421   9341.73   9456.06    1.000
      alpha_symdir{1}   1.165463    0.655481    0.000499    2.577203    1.092984   1085.63   1121.77    1.000
      alpha_symdir{1}   1.149200    0.508881    0.002914    2.419958    1.071606   2983.26   3490.34    1.000
      alpha_symdir{1}   0.862711    0.055321    0.245936    1.288451    0.842060   8563.87   9033.10    1.000
      alpha_symdir{1}   1.961549    2.228548    0.000004    4.475100    2.001815      7.30   6396.18    1.214
      alpha_symdir{1}   1.232781    0.085371    0.782581    1.809286    1.180336   7774.62   8657.68    1.000
      alpha_symdir{1}   1.360479    0.242142    0.629811    2.454756    1.268820   9927.85  10221.62    1.000
      alpha_symdir{1}   1.690739    0.225124    0.930958    2.647315    1.608240   7571.49   8193.37    1.000
      alpha_symdir{1}   1.613463    0.217690    0.842205    2.534186    1.536009   8780.80   9448.13    1.000
      alpha_symdir{1}   0.888042    0.041093    0.338700    1.253946    0.886561   9610.00   9743.78    1.000
      alpha_symdir{1}   1.199941    0.329050    0.240441    2.254521    1.137155   7286.72   7942.69    1.000
      alpha_symdir{1}   0.594755    0.118338    0.197905    1.182948    0.481060   5822.03   6093.47    1.000
      alpha_symdir{1}   1.104890    0.155992    0.270053    1.815582    1.057602   9649.44   9802.67    1.000
      alpha_symdir{1}   1.641087    0.209937    0.924686    2.557461    1.557185   9997.55  10431.08    1.000
      alpha_symdir{1}   1.494072    0.139845    0.860568    2.244925    1.437000   9483.97   9838.61    1.000
      alpha_symdir{1}   1.602806    0.325328    0.780539    2.737039    1.474596   9253.41   9490.96    1.000
      alpha_symdir{1}   1.386385    0.147811    0.761616    2.133607    1.323250   7192.63   7405.15    1.000
      alpha_symdir{1}   1.776371    0.453165    0.755906    3.246137    1.648092   7216.17   8499.14    1.000
      alpha_symdir{1}   1.764797    0.403543    0.731220    3.055800    1.649442   7475.86   9434.98    1.000
      alpha_symdir{1}   1.486538    2.016167    0.000005    4.133658    1.345783    556.65    575.08    1.000
      alpha_symdir{1}   1.645341    0.296089    0.850645    2.730890    1.529582   7603.01   7682.62    1.000
      alpha_symdir{1}   1.846165    1.266449    0.000016    3.788091    1.779797     25.80    123.00    1.011
      alpha_symdir{1}   1.846602    0.267056    1.055764    2.892349    1.744599   9007.90   9696.33    1.000
      alpha_symdir{1}   1.065099    0.251609    0.078726    1.955870    0.991541   8282.35   8495.75    1.000
      alpha_symdir{1}   1.299345    0.122985    0.730734    1.994865    1.237365   8667.30   8684.58    1.000
      alpha_symdir{1}   1.275966    0.056594    0.857472    1.757411    1.246372   9716.47   9741.44    1.000
      alpha_symdir{1}   1.319995    0.156306    0.693552    2.108941    1.250740   7229.78   7919.92    1.000
      alpha_symdir{1}   1.397527    0.178106    0.730016    2.219203    1.315935  10094.73  10281.57    1.000
      alpha_symdir{1}   1.495760    0.361996    0.284710    2.681438    1.394421    891.74   4781.38    1.000
      alpha_symdir{1}   1.144169    0.091125    0.609986    1.771047    1.107010   8694.37   9279.07    1.000
      alpha_symdir{1}   2.095325    0.687405    0.941012    3.792984    1.903065   9825.22  10196.24    1.000
      alpha_symdir{1}   1.864090    0.577259    0.780636    3.542043    1.715330   3321.32   3907.92    1.000
      alpha_symdir{1}   2.146289    0.991550    0.000036    3.971812    1.979864     86.18   5122.24    1.009
      alpha_symdir{1}   1.210765    0.239157    0.294029    2.182728    1.124022   5555.07   6749.83    1.000
      alpha_symdir{1}   1.135177    0.070632    0.721050    1.699390    1.092058   7586.29   7707.11    1.000
      alpha_symdir{1}   1.504017    0.138574    0.907926    2.253879    1.442951   8874.48   9585.60    1.000
      alpha_symdir{1}   1.603299    0.357347    0.817698    2.747573    1.449866   5088.20   5392.01    1.000
      alpha_symdir{1}   2.385810    1.008979    0.951258    4.908863    2.219448    149.11   1009.51    1.001
      alpha_symdir{1}   1.824990    0.410137    0.695016    3.095687    1.745303   8889.98   9091.72    1.000
      alpha_symdir{1}   1.455809    0.099104    0.938558    2.087651    1.406868   7325.86   7743.64    1.000
      alpha_symdir{1}   1.292287    0.207794    0.671959    2.310106    1.205945   3711.22   6082.81    1.000
      alpha_symdir{1}   1.742651    0.357086    0.884910    2.972497    1.611420  10665.69  10931.13    1.000
      alpha_symdir{1}   1.555858    0.166765    0.923837    2.378502    1.482952   8848.44   9723.32    1.000
      alpha_symdir{1}   0.701642    0.069378    0.231948    1.125829    0.729214   9691.29   9976.06    1.000
