      TL{all}           5.882850    0.100539    5.278963    6.514858    5.873780  11171.91  11331.69    1.000
      TL{all}           5.236230    0.095067    4.661270    5.869086    5.229718  11757.29  12267.93    1.000
      TL{all}           6.452181    0.104851    5.826728    7.089083    6.445326  11452.46  11911.36    1.000
      TL{all}           6.197607    0.113117    5.558382    6.873010    6.188725   4474.58   5235.34    1.000
      TL{all}           6.204291    0.108552    5.553270    6.841198    6.197983  10019.09  10546.78    1.000
      TL{all}           3.764134    0.103526    3.138097    4.388927    3.751704   8219.98   8635.69    1.000
      TL{all}           6.244511    0.115400    5.573140    6.906097    6.238340  11856.10  11900.36    1.000
      TL{all}           3.805324    0.085664    3.254321    4.395829    3.795277  12820.17  13068.90    1.000
      TL{all}           5.361323    0.118708    4.707646    6.038596    5.353405   9752.21  10181.66    1.000
      TL{all}           6.906605    0.120826    6.219880    7.578536    6.900421  10445.29  10931.29    1.000
      TL{all}           5.730207    0.102385    5.119621    6.367841    5.723285  10393.26  11004.20    1.000
      TL{all}           2.736563    0.074370    2.224029    3.290505    2.725874  12628.57  13383.10    1.000
      TL{all}           4.117588    0.094164    3.540187    4.741343    4.107498    143.58   1292.76    1.002
      TL{all}           2.863785    0.075591    2.335208    3.415898    2.851853  14791.71  14921.15    1.000
      TL{all}           6.567256    0.116406    5.885728    7.220773    6.558867   9628.10  10165.94    1.000
      TL{all}           6.235745    0.104954    5.612635    6.880707    6.228073  10283.87  11116.73    1.000
      TL{all}           5.781687    0.094150    5.196600    6.392982    5.776295  10271.18  10748.37    1.000
      TL{all}           3.457353    0.096112    2.844771    4.056287    3.446078  13322.06  13752.97    1.000
      TL{all}           2.316562    0.142769    1.609769    3.068554    2.290984  14605.23  14723.47    1.000
      TL{all}           2.966948    0.069999    2.450029    3.487762    2.958359  14831.67  15089.91    1.000
      TL{all}           5.642722    0.095640    5.028140    6.233466    5.635823  10699.00  10737.96    1.000
      TL{all}           4.332247    0.093395    3.744629    4.940412    4.323030  10084.51  10834.86    1.000
      TL{all}           5.343419    0.100085    4.721027    5.960718    5.335418  11966.23  12025.57    1.000
      TL{all}           3.761109    0.081095    3.222088    4.334055    3.753292  10954.47  11143.06    1.000
      TL{all}           5.725700    0.099395    5.101830    6.337170    5.720443  10637.59  11282.11    1.000
      TL{all}           5.367052    0.122926    4.680440    6.053384    5.355355  11084.62  11324.37    1.000
      TL{all}           6.078290    0.117173    5.392971    6.734708    6.069408   9880.80  10298.53    1.000
      TL{all}           4.715641    0.075969    4.199179    5.275386    4.710183  13431.92  13862.95    1.000
      TL{all}           4.695994    0.093498    4.091388    5.287951    4.687831  10984.28  11192.64    1.000
      TL{all}           5.050774    0.085854    4.496962    5.647703    5.044395  13195.73  13201.22    1.000
      TL{all}           4.330097    0.067834    3.834473    4.853035    4.323382  11302.22  11967.54    1.000
      TL{all}           5.463330    0.093958    4.863120    6.062496    5.456541  11153.60  11625.35    1.000
      TL{all}           4.669203    0.077855    4.131859    5.223744    4.662525  11720.66  11945.84    1.000
      TL{all}           2.816148    0.070342    2.298670    3.333910    2.808258  15585.23  15710.09    1.000
      TL{all}           5.848990    0.095829    5.247608    6.456332    5.841410  10459.29  11057.49    1.000
      TL{all}           3.231909    0.076288    2.714012    3.792911    3.223797  13768.32  13803.88    1.000
      TL{all}           3.793255    0.072529    3.266658    4.318126    3.787358  11918.12  12604.02    1.000
      TL{all}           2.795991    0.060406    2.325329    3.283047    2.789786  13234.00  13935.23    1.000
      TL{all}           3.550773    0.089298    2.994478    4.158563    3.540320  13200.56  13402.47    1.000
      TL{all}           3.960515    0.078703    3.419537    4.520004    3.952683  13418.58  13499.57    1.000
      TL{all}           5.809630    0.102239    5.171929    6.423124    5.802048   9611.78   9936.83    1.000
      TL{all}           4.195232    0.081815    3.658117    4.774669    4.186269  11587.25  12226.33    1.000
      TL{all}           5.822107    0.095574    5.227844    6.441420    5.814975   8682.01  10467.79    1.000
      TL{all}           6.827003    0.118373    6.167818    7.512072    6.817632   8322.05   9516.88    1.000
      TL{all}           5.531285    0.096819    4.924942    6.140313    5.522981   9437.33   9844.20    1.000
      TL{all}           5.103866    0.114400    4.455536    5.780254    5.094820  11528.12  11574.10    1.000
      TL{all}           4.817626    0.077130    4.278124    5.362690    4.809402  11484.20  11739.70    1.000
      TL{all}           4.395241    0.103925    3.781566    5.035854    4.384230  11232.40  11328.68    1.000
      TL{all}           5.441850    0.113151    4.800016    6.113006    5.432450   9797.55  10021.90    1.000
      TL{all}           5.294435    0.087357    4.725111    5.876478    5.290304  10623.09  11522.40    1.000
      TL{all}           3.807381    0.088609    3.217433    4.383396    3.797127    323.13   3143.57    1.002
      TL{all}           3.881294    0.106221    3.266459    4.539987    3.867569  14066.14  14600.78    1.000
      TL{all}           3.107715    0.080809    2.572231    3.674914    3.099680  12553.84  13586.75    1.000
      TL{all}           5.035054    0.107262    4.410356    5.685829    5.025813  10815.40  11558.37    1.000
      TL{all}           4.252239    0.077558    3.713561    4.805205    4.244357  13361.79  13539.23    1.000
      TL{all}           5.060375    0.095675    4.453041    5.656896    5.052537   5209.39   7539.42    1.001
      TL{all}           7.090208    0.130602    6.396360    7.798793    7.082755  10693.04  11401.81    1.000
      TL{all}           3.699148    0.087948    3.137994    4.296674    3.688702  10374.14  10413.38    1.000
      TL{all}           3.756576    0.108490    3.117219    4.402119    3.742754   9826.31  10442.16    1.000
      TL{all}           5.115198    0.095892    4.507952    5.721599    5.107899  11385.04  11686.90    1.000
      TL{all}           2.990269    0.077355    2.451266    3.533305    2.978242  10783.84  11255.06    1.000
      TL{all}           5.596578    0.101264    4.995229    6.239663    5.588997  10446.48  10965.21    1.000
      TL{all}           4.421261    0.110892    3.796774    5.095165    4.412576  11879.17  12261.12    1.000
      TL{all}           7.261382    0.129405    6.566563    7.970190    7.252688  11952.47  12114.95    1.000
      TL{all}           5.726364    0.092868    5.142455    6.336223    5.719235  11269.46  11719.01    1.000
      TL{all}           7.067989    0.143772    6.330246    7.814757    7.055442   7918.73   8129.73    1.000
      TL{all}           3.262117    0.085362    2.702294    3.839458    3.251835  14982.46  15222.96    1.000
      TL{all}           4.030300    0.116473    3.372370    4.706031    4.017262   8285.75   8922.30    1.000
      TL{all}           4.327814    0.096640    3.723419    4.939362    4.319779  12611.90  12815.15    1.000
      TL{all}           5.342601    0.125109    4.659141    6.039599    5.331451  12882.65  13492.38    1.000
      TL{all}           5.274376    0.090471    4.696735    5.871905    5.268500  10689.99  11469.88    1.000
      TL{all}           5.447778    0.137573    4.742992    6.196139    5.438756   9647.42  10123.87    1.000
      TL{all}           6.137584    0.112096    5.494778    6.806498    6.129896  10035.86  10598.44    1.000
      TL{all}           4.141853    0.091436    3.563071    4.743727    4.133570   9513.70  11257.24    1.000
      TL{all}           4.440268    0.097526    3.847816    5.070016    4.429499  10744.36  11645.40    1.000
      TL{all}           2.622820    0.257041    1.690475    3.618138    2.569644  12673.77  13059.60    1.000
      TL{all}           5.880317    0.109397    5.255590    6.554138    5.870625   6093.74   8152.55    1.000
      TL{all}           3.286699    0.091262    2.718898    3.904634    3.276686  14021.61  14856.84    1.000
      TL{all}           5.891858    0.100670    5.287335    6.517327    5.883984   9557.60   9779.11    1.000
      TL{all}           4.356882    0.133950    3.651724    5.075083    4.343186  10845.43  11288.80    1.000
      TL{all}           5.979450    0.114240    5.333255    6.656394    5.972294  11182.60  11403.83    1.000
      TL{all}           6.800967    0.115174    6.117919    7.447336    6.791303  10780.73  11776.83    1.000
      TL{all}           5.309000    0.094401    4.712466    5.914045    5.302221  12808.01  12826.08    1.000
      TL{all}           4.997087    0.093869    4.414204    5.613238    4.989019  10912.75  11502.60    1.000
      TL{all}           3.873630    0.102594    3.245542    4.494029    3.861761  10596.42  10633.38    1.000
      TL{all}           5.758991    0.099852    5.157341    6.390142    5.754486  13330.55  13342.10    1.000
      TL{all}           4.506976    0.085765    3.929982    5.075967    4.500853  10876.33  11414.31    1.000
      TL{all}           3.948624    0.098725    3.353414    4.580429    3.940073  14026.63  14081.51    1.000
      TL{all}           4.114009    0.080860    3.561538    4.674398    4.104437  11019.47  12378.38    1.000
      TL{all}           4.416041    0.101465    3.789452    5.037485    4.405797  11637.18  12245.22    1.000
      TL{all}           6.736593    0.129104    6.045787    7.455276    6.729068   8987.40   9093.53    1.000
      TL{all}           5.522015    0.100162    4.903023    6.143775    5.514870  12226.59  12674.42    1.000
      TL{all}           6.579521    0.121909    5.890607    7.254676    6.572554   4344.09   6125.99    1.000
      TL{all}           3.838720    0.101277    3.225317    4.467053    3.827413  12546.36  12851.43    1.000
      TL{all}           5.979676    0.113931    5.316880    6.632514    5.970572   7926.94   8655.22    1.000
      TL{all}           7.295980    0.135001    6.581212    8.015810    7.288330   9485.29  10161.67    1.000
      TL{all}           3.643985    0.071408    3.135766    4.178929    3.637267  12412.02  12499.72    1.000
      TL{all}           3.955691    0.069877    3.447906    4.476357    3.948172  15091.68  15327.76    1.000
      TL{all}           6.194980    0.111955    5.540617    6.844140    6.186900  11185.72  11392.32    1.000
      TL{all}           5.292266    0.120904    4.619518    5.976581    5.281164   8399.96   9370.47    1.000
