      clockrate                1.135347    0.024038    0.864697    1.450030    1.115966     46.45     72.75    1.101
      clockrate                1.234201    0.020097    0.957075    1.508541    1.225246    155.89    172.53    1.013
      clockrate                1.069924    0.012758    0.869814    1.304074    1.056183     47.32     48.84    1.000
      clockrate                1.067386    0.021414    0.820313    1.362971    1.045055     32.76     43.72    1.000
      clockrate                1.148323    0.011428    0.947647    1.362963    1.140835    255.65    955.82    1.073
      clockrate                1.163188    0.050306    0.802680    1.642738    1.117646     44.73     49.49    1.066
      clockrate                0.995900    0.005330    0.854652    1.139534    0.993814    704.87   1332.84    1.000
      clockrate                2.200756    0.361668    1.247266    3.421578    2.085629     81.52    121.50    1.001
      clockrate                1.465453    0.026844    1.157507    1.795311    1.454899    285.86    291.06    1.000
      clockrate                1.214598    0.027453    0.962088    1.591484    1.177319     24.67     32.57    1.016
      clockrate                1.107932    0.008404    0.932177    1.290708    1.105598    695.63    878.48    1.000
      clockrate                1.232379    0.100541    0.689377    1.852563    1.189223    239.78    282.80    1.001
      clockrate                1.276595    0.027822    0.962787    1.604167    1.263684    104.05    157.79    1.003
      clockrate                2.042063    0.922707    0.740487    3.901548    1.828771     57.48     58.63    1.002
      clockrate                1.026186    0.007784    0.855512    1.199025    1.021466     66.72    168.01    1.006
      clockrate                0.933022    0.006089    0.781054    1.086877    0.930370    276.28    572.44    1.000
      clockrate                0.977947    0.007149    0.814947    1.142565    0.973568    255.85    327.13    1.001
      clockrate                1.504788    0.121823    0.919613    2.204733    1.444883    195.02    238.47    1.000
      clockrate                1.353373    0.148328    0.726511    2.143923    1.285663    251.76    360.04    1.000
      clockrate                1.027435    0.038905    0.707659    1.411959    0.995435     57.19    149.05    1.052
      clockrate                1.109080    0.009372    0.919304    1.294191    1.103112    121.03    154.19    1.054
      clockrate                1.336885    0.040538    0.982027    1.743937    1.312510    106.81    134.67    1.008
      clockrate                1.336213    0.100771    0.849380    2.006480    1.265564     41.77     60.57    1.007
      clockrate                1.411134    0.062134    0.966557    1.901345    1.376801     58.31     89.35    1.010
      clockrate                1.120869    0.007534    0.957581    1.297318    1.118119    438.19   1028.17    1.000
      clockrate                1.726803    0.149209    1.083676    2.487774    1.662525    203.32    231.64    1.002
      clockrate                1.472695    0.063560    1.048868    1.978423    1.429671     63.75    107.54    1.001
      clockrate                1.708680    0.157560    1.046709    2.476697    1.650275     76.98     85.94    1.009
      clockrate                1.353031    0.154579    0.815646    2.162327    1.244810     37.66     50.66    1.007
      clockrate                1.029574    0.011287    0.842384    1.234421    1.018893     53.86     70.29    1.008
      clockrate                1.597995    0.089169    1.100374    2.211685    1.546293     45.63     79.30    1.007
      clockrate                1.242606    0.033010    0.941710    1.623124    1.210699     43.15     46.09    1.016
      clockrate                1.053483    0.007948    0.884767    1.231430    1.048555    162.48    166.67    1.002
      clockrate                1.051067    0.038698    0.717074    1.430527    1.022673     90.82    117.09    1.001
      clockrate                1.028862    0.010101    0.846536    1.230784    1.016247     27.16     51.40    1.005
      clockrate                0.973777    0.020438    0.714035    1.263886    0.959659     80.01     91.59    1.001
      clockrate                1.271500    0.021083    1.007712    1.562265    1.259309    150.74    202.34    1.004
      clockrate                0.986951    0.019453    0.721286    1.263551    0.974169    111.70    121.00    1.008
      clockrate                1.135696    0.109018    0.661470    1.842358    1.053966     71.88     91.20    1.001
      clockrate                1.196985    0.060990    0.818182    1.729200    1.139656     44.45     50.03    1.082
      clockrate                1.042815    0.013876    0.832247    1.290153    1.029220     39.69     43.92    1.031
      clockrate                1.468918    0.142700    0.842787    2.226678    1.409881    188.22    227.62    1.007
      clockrate                1.019525    0.008837    0.841192    1.208173    1.013967     97.79    124.01    1.000
      clockrate                1.375447    0.033066    1.066726    1.748803    1.346107     29.80     38.29    1.048
      clockrate                1.137968    0.017506    0.889098    1.404049    1.126443     71.68     87.92    1.014
      clockrate                0.939066    0.010461    0.751117    1.146135    0.932656   1759.91   1820.28    1.000
      clockrate                1.084977    0.017318    0.835362    1.345310    1.075006    119.34    120.47    1.005
      clockrate                1.114459    0.028404    0.813343    1.450898    1.096172     90.87    197.26    1.003
      clockrate                1.027236    0.040112    0.714299    1.431603    0.989046     55.57     70.80    1.001
      clockrate                1.005663    0.012170    0.804088    1.228994    0.995143     67.17     77.58    1.025
      clockrate                1.244417    0.094660    0.724941    1.843802    1.198390     79.98     97.56    1.002
      clockrate                0.971352    0.026834    0.687079    1.283569    0.949743    101.59    109.50    1.011
      clockrate                1.669674    0.172272    1.031020    2.533470    1.591459     68.17    133.43    1.004
      clockrate                1.168317    0.042384    0.822430    1.607196    1.129931     34.22     42.97    1.137
      clockrate                1.292404    0.042880    0.954639    1.718379    1.253197     38.86     45.12    1.023
      clockrate                1.164603    0.008586    0.988517    1.349855    1.161773   2810.37   2871.76    1.000
      clockrate                0.956014    0.007006    0.794317    1.123213    0.952943    181.47    540.50    1.005
      clockrate                1.021026    0.022902    0.743134    1.322063    1.005873    116.91    232.74    1.000
      clockrate                1.399686    0.109566    0.911824    2.118143    1.324286     87.74    101.97    1.008
      clockrate                1.121790    0.022361    0.860318    1.407198    1.103184     44.40     71.18    1.009
      clockrate                1.129070    0.094428    0.624495    1.748285    1.074679     94.81    126.58    1.000
      clockrate                1.064976    0.006028    0.912852    1.216895    1.062278   1286.07   1560.12    1.000
      clockrate                1.146263    0.037623    0.831052    1.565004    1.105870     31.65     54.23    1.024
      clockrate                0.969987    0.004752    0.837822    1.107223    0.967388    362.81    908.51    1.002
      clockrate                1.290188    0.021248    1.022642    1.586189    1.275390     50.45     61.00    1.027
      clockrate                1.686729    0.211436    1.027669    2.626962    1.581806     34.58     47.70    1.006
      clockrate                1.661798    0.404378    0.722955    2.914593    1.530653     96.92     99.42    1.003
      clockrate                1.189546    0.096134    0.776304    1.659967    1.131259     69.31     92.24    1.005
      clockrate                1.779942    0.308620    0.891000    2.855286    1.715968     51.45    107.68    1.002
      clockrate                1.880660    0.239850    1.121874    2.866487    1.780732     69.43     91.52    1.014
      clockrate                1.098355    0.008913    0.916488    1.285287    1.094438    224.93    547.16    1.002
      clockrate                1.380310    0.052892    0.975219    1.857925    1.347183     85.05    120.73    1.000
      clockrate                1.216563    0.010482    1.020394    1.421662    1.214094    345.20    886.04    1.001
      clockrate                1.117712    0.054387    0.732293    1.603693    1.074326    105.72    117.48    1.031
      clockrate                1.264781    0.049399    0.918293    1.735782    1.218172     33.76     37.20    1.000
      clockrate                1.980796    0.510667    0.754095    3.366544    1.875354    543.12    790.74    1.000
      clockrate                1.153290    0.010451    0.955854    1.356039    1.150599    581.81    747.07    1.001
      clockrate                1.300892    0.065667    0.864302    1.801275    1.265687     50.69     99.40    1.009
      clockrate                1.250201    0.020125    0.996181    1.534301    1.237026    148.65    183.51    1.050
      clockrate                1.184043    0.100876    0.729156    1.845028    1.109664    103.16    152.99    1.022
      clockrate                1.245814    0.088822    0.807882    1.835040    1.176235     41.30     41.40    1.019
      clockrate                0.965575    0.006633    0.809058    1.124022    0.960445     81.32    860.87    1.016
      clockrate                1.094350    0.022435    0.802559    1.382970    1.086011    118.97    135.41    1.040
      clockrate                1.370864    0.079725    0.911282    1.918352    1.325639     30.73     31.83    1.014
      clockrate                1.581630    0.308267    0.723341    2.661016    1.498294     99.39    104.81    1.005
      clockrate                0.964464    0.010394    0.778202    1.164426    0.954015     73.19     74.95    1.000
      clockrate                1.084237    0.015149    0.857210    1.331768    1.074102    150.88    204.54    1.024
      clockrate                1.669035    0.133261    1.015925    2.382021    1.621811    419.80    425.65    1.000
      clockrate                1.030953    0.024078    0.762024    1.342733    1.009240     67.64    136.08    1.000
      clockrate                1.193868    0.043448    0.855308    1.619045    1.156555     62.36     84.52    1.035
      clockrate                1.057864    0.007190    0.893260    1.225169    1.055971    717.16   1113.49    1.002
      clockrate                1.241114    0.026587    0.942732    1.569472    1.221936     33.90     49.47    1.001
      clockrate                0.973358    0.012594    0.771298    1.199784    0.958718     38.91    563.25    1.108
      clockrate                2.945174    0.698628    1.462881    4.582900    2.834847    226.48    259.21    1.000
      clockrate                1.192468    0.017025    0.952524    1.456584    1.182556     86.39    163.06    1.002
      clockrate                1.180770    0.012997    0.965055    1.406912    1.174552    112.18    212.71    1.005
      clockrate                1.151314    0.015039    0.919696    1.394100    1.141178    115.23    134.16    1.000
      clockrate                1.322990    0.042097    0.947394    1.724267    1.305272    155.90    190.40    1.002
      clockrate                0.997844    0.007183    0.835793    1.166953    0.995323    184.37    597.10    1.008
      clockrate                1.676582    0.119909    1.077710    2.358327    1.628269    107.57    121.73    1.004
