      ilnvar                   0.052034    0.005040    0.000009    0.185679    0.023195     25.95     46.01    1.112
      ilnvar                   0.013401    0.000501    0.000012    0.056110    0.004715     46.94     48.77    1.066
      ilnvar                   0.021742    0.001869    0.000001    0.105586    0.002527     30.60     32.07    1.000
      ilnvar                   0.049254    0.008450    0.000001    0.218577    0.009215     29.73     40.97    1.003
      ilnvar                   0.012863    0.000654    0.000001    0.064141    0.001763     35.07     46.91    1.346
      ilnvar                   0.039465    0.005058    0.000001    0.184122    0.004545     43.20     55.08    1.042
      ilnvar                   0.000372    0.000002    0.000001    0.001789    0.000014     23.46     30.80    1.006
      ilnvar                   0.657168    0.269102    0.017769    1.681761    0.517662     77.07    131.48    1.000
      ilnvar                   0.005238    0.000201    0.000001    0.027289    0.000365     40.29     44.19    1.000
      ilnvar                   0.025135    0.003275    0.000001    0.156967    0.000983     21.36     24.51    1.022
      ilnvar                   0.000275    0.000001    0.000001    0.001388    0.000020     26.88     43.39    1.000
      ilnvar                   0.256555    0.100065    0.000128    0.825852    0.160962    294.06    312.58    1.000
      ilnvar                   0.030978    0.003590    0.000001    0.132326    0.008788     53.43     88.96    1.004
      ilnvar                   0.467570    0.255167    0.000109    1.441078    0.320827    102.55    103.87    1.001
      ilnvar                   0.005662    0.000150    0.000001    0.030156    0.000769     19.63     34.74    1.001
      ilnvar                   0.001551    0.000014    0.000001    0.008346    0.000210     30.69     31.65    1.015
      ilnvar                   0.005848    0.000164    0.000001    0.027809    0.001136     33.40     51.53    1.000
      ilnvar                   0.096094    0.017816    0.000059    0.350261    0.051161    154.13    205.64    1.000
      ilnvar                   0.243278    0.130337    0.000004    0.896972    0.120904    831.71    959.53    1.000
      ilnvar                   0.061946    0.017346    0.000001    0.274352    0.015016     67.65    180.56    1.023
      ilnvar                   0.010599    0.000390    0.000001    0.049329    0.003164     33.20     37.23    1.120
      ilnvar                   0.069249    0.014355    0.000014    0.274531    0.025352     52.69    100.73    1.011
      ilnvar                   0.136997    0.044865    0.000065    0.540082    0.051706     44.29     68.98    1.007
      ilnvar                   0.061482    0.010926    0.000001    0.252992    0.021644     66.52     85.49    1.003
      ilnvar                   0.000558    0.000009    0.000001    0.001478    0.000031     34.67     35.10    1.024
      ilnvar                   0.516639    0.169251    0.021861    1.275082    0.407786    207.53    225.66    1.003
      ilnvar                   0.069081    0.007388    0.000136    0.240243    0.040426     42.51     63.72    1.003
      ilnvar                   0.426900    0.112708    0.014182    1.071526    0.344422     98.23    107.89    1.007
      ilnvar                   0.149911    0.054702    0.000025    0.594581    0.055145     41.07     56.00    1.005
      ilnvar                   0.010647    0.000957    0.000001    0.059001    0.000524     26.54     30.41    1.027
      ilnvar                   0.114829    0.015028    0.000004    0.352115    0.076719     50.13     76.66    1.006
      ilnvar                   0.048046    0.006640    0.000006    0.203112    0.012095     33.21     41.14    1.009
      ilnvar                   0.008967    0.000323    0.000003    0.041099    0.001776     51.87     53.35    1.006
      ilnvar                   0.119087    0.030028    0.000002    0.401066    0.066952     81.56    149.85    1.001
      ilnvar                   0.014491    0.001788    0.000001    0.095267    0.000285     17.17     28.38    1.023
      ilnvar                   0.008727    0.000613    0.000001    0.043949    0.000516     54.60     57.64    1.003
      ilnvar                   0.017990    0.001571    0.000001    0.081033    0.003514     54.12     72.77    1.008
      ilnvar                   0.026245    0.002725    0.000001    0.130957    0.003379     53.17     64.16    1.014
      ilnvar                   0.097848    0.033473    0.000001    0.399514    0.032635     55.79     84.31    1.004
      ilnvar                   0.058351    0.009780    0.000010    0.258547    0.013968     41.87     50.46    1.077
      ilnvar                   0.020206    0.001256    0.000001    0.093893    0.004150     24.62     30.52    1.027
      ilnvar                   0.323727    0.059775    0.003790    0.788234    0.266846    176.80    218.87    1.004
      ilnvar                   0.004268    0.000186    0.000001    0.019352    0.000426     28.24     31.74    1.003
      ilnvar                   0.047350    0.007496    0.000001    0.224334    0.007242     21.23     26.66    1.056
      ilnvar                   0.037716    0.002724    0.000034    0.134973    0.019201     49.89     54.93    1.055
      ilnvar                   0.011915    0.000392    0.000021    0.044387    0.005276     71.17     86.81    1.013
      ilnvar                   0.056227    0.003626    0.000027    0.171447    0.038543     51.29     53.69    1.012
      ilnvar                   0.016241    0.000868    0.000003    0.067597    0.005242     57.76     97.69    1.001
      ilnvar                   0.148695    0.030143    0.000044    0.482474    0.094141     52.01     67.42    1.000
      ilnvar                   0.018707    0.001176    0.000006    0.087235    0.004754     25.11     32.57    1.039
      ilnvar                   0.214969    0.053200    0.000046    0.643455    0.152486     82.56     91.93    1.004
      ilnvar                   0.018691    0.002539    0.000001    0.090675    0.001586    103.76    115.35    1.011
      ilnvar                   0.326694    0.127443    0.000004    0.997759    0.227692     78.10    135.63    1.002
      ilnvar                   0.021789    0.003300    0.000001    0.137433    0.000276     39.36     41.69    1.109
      ilnvar                   0.046554    0.006463    0.000001    0.207141    0.010001     37.72     40.31    1.016
      ilnvar                   0.000250    0.000001    0.000001    0.001137    0.000015     33.23     34.83    1.014
      ilnvar                   0.003992    0.000076    0.000001    0.018611    0.000807     29.34     35.91    1.039
      ilnvar                   0.032357    0.003081    0.000015    0.130241    0.012105     80.00    121.44    1.001
      ilnvar                   0.160599    0.060069    0.000020    0.657011    0.066398     81.09    111.07    1.005
      ilnvar                   0.016322    0.002608    0.000001    0.078978    0.000930     40.47     42.34    1.017
      ilnvar                   0.122964    0.037455    0.000010    0.484486    0.047648    150.13    164.99    1.000
      ilnvar                   0.000262    0.000002    0.000001    0.001010    0.000017     42.08     43.51    1.008
      ilnvar                   0.032538    0.005666    0.000001    0.180115    0.001525     34.78     47.03    1.029
      ilnvar                   0.000214    0.000002    0.000001    0.000306    0.000004     38.18     46.85    1.016
      ilnvar                   0.034437    0.003212    0.000001    0.149587    0.006088     28.16     36.43    1.034
      ilnvar                   0.310226    0.097021    0.007227    0.897604    0.215289     41.24     57.01    1.003
      ilnvar                   0.437946    0.246313    0.000523    1.388386    0.285069    138.97    171.23    1.001
      ilnvar                   0.069013    0.026587    0.000015    0.255737    0.020816     64.51     77.64    1.004
      ilnvar                   0.324423    0.112172    0.000116    0.956453    0.234775     68.47    122.20    1.001
      ilnvar                   0.391303    0.168880    0.000907    1.187450    0.269315     76.80     99.88    1.017
      ilnvar                   0.001525    0.000027    0.000001    0.008274    0.000102     32.27     36.47    1.010
      ilnvar                   0.022095    0.002469    0.000001    0.104716    0.003567     54.97     56.32    1.001
      ilnvar                   0.000524    0.000004    0.000001    0.002948    0.000020     35.46     39.61    1.010
      ilnvar                   0.046779    0.006793    0.000015    0.195049    0.015319    106.49    127.23    1.023
      ilnvar                   0.028237    0.004611    0.000001    0.161026    0.001598     28.92     30.42    1.001
      ilnvar                   0.612469    0.308324    0.000126    1.682571    0.453792   1156.16   1350.65    1.000
      ilnvar                   0.000928    0.000010    0.000001    0.004280    0.000070     35.04     43.21    1.000
      ilnvar                   0.060217    0.011247    0.000001    0.248000    0.019467     78.80    165.58    1.005
      ilnvar                   0.026965    0.001494    0.000003    0.097605    0.012848     31.57     66.44    1.096
      ilnvar                   0.119864    0.034249    0.000003    0.482327    0.050189     79.16     91.99    1.025
      ilnvar                   0.177320    0.046249    0.000215    0.571023    0.111777     42.46     43.26    1.022
      ilnvar                   0.003253    0.000153    0.000001    0.015603    0.000078     35.07     35.54    1.081
      ilnvar                   0.046499    0.002966    0.000086    0.152345    0.027612     53.39     69.90    1.066
      ilnvar                   0.096713    0.017089    0.000005    0.332308    0.052121     38.11     38.41    1.016
      ilnvar                   0.618377    0.325878    0.001311    1.704482    0.476524    131.46    133.11    1.006
      ilnvar                   0.020706    0.001910    0.000003    0.097373    0.003266     38.11     39.54    1.005
      ilnvar                   0.020663    0.001444    0.000006    0.084467    0.006971     56.02     89.49    1.047
      ilnvar                   0.474678    0.117061    0.002122    1.126241    0.392974    555.56    575.73    1.000
      ilnvar                   0.046739    0.006602    0.000001    0.188585    0.015760     53.24     76.28    1.000
      ilnvar                   0.063621    0.011144    0.000001    0.271885    0.021619     53.01     61.13    1.034
      ilnvar                   0.000356    0.000001    0.000001    0.001683    0.000037     51.50     51.62    1.048
      ilnvar                   0.021647    0.002330    0.000001    0.117532    0.002083     27.14     42.74    1.000
      ilnvar                   0.011010    0.001050    0.000001    0.065656    0.000297     30.13     30.88    1.161
      ilnvar                   1.784627    0.868891    0.315320    3.681370    1.616547    325.77    350.89    1.000
      ilnvar                   0.005441    0.000326    0.000001    0.032144    0.000128     26.26     31.89    1.018
      ilnvar                   0.005573    0.000369    0.000001    0.031303    0.000153     40.01     45.06    1.012
      ilnvar                   0.037276    0.004262    0.000001    0.163502    0.008057     51.20     51.30    1.007
      ilnvar                   0.033011    0.002809    0.000014    0.122609    0.014414     81.40     83.27    1.001
      ilnvar                   0.001712    0.000020    0.000001    0.009470    0.000062     35.84     37.25    1.130
      ilnvar                   0.237510    0.067218    0.000651    0.713705    0.166328     95.13    117.11    1.007
