      age[0]                   0.924707    0.002635    0.838037    1.027314    0.916013    1.043    2
      age[0]                   0.987258    0.000541    0.954720    1.029181    0.983000    1.002    2
      age[0]                   0.942241    0.000447    0.909576    0.984240    0.938319    1.000    2
      age[0]                   1.016728    0.002002    0.934225    1.103492    1.012929    1.001    2
      age[0]                   0.994463    0.000989    0.939464    1.051913    0.990792    1.003    2
      age[0]                  1.005116    0.002245    0.917484    1.098870    1.000708    1.022    2
      age[0]                   0.994925    0.000362    0.960425    1.034053    0.993261    1.000    2
      age[0]                  0.764608    0.002616    0.723507    0.861524    0.748125    1.002    2
      age[0]                  0.951651    0.000771    0.909603    1.001184    0.947604    1.000    2
      age[0]                   0.934315    0.001340    0.874024    1.009150    0.927622    1.000    2
      age[0]                   0.962219    0.002939    0.885047    1.074689    0.948525    1.013    2
      age[0]                  0.891065    0.004960    0.831188    1.028938    0.870398    1.000    2
      age[0]                  0.934301    0.003621    0.857039    1.049087    0.921174    1.002    2
      age[0]                  0.894316    0.006430    0.792783    1.055226    0.874494    1.000    2
      age[0]                   0.935317    0.000774    0.881945    0.989692    0.932688    1.022    2
      age[0]                   1.051231    0.002066    0.970901    1.144574    1.046841    1.004    2
      age[0]                   0.996475    0.000375    0.961814    1.030956    0.994036    1.000    2
      age[0]                  0.909362    0.002006    0.832752    0.995406    0.903114    1.000    2
      age[0]                  0.906337    0.021842    0.646533    1.199057    0.886319    1.000    2
      age[0]                  0.986289    0.001079    0.951793    1.047512    0.977205    1.000    2
      age[0]                   0.975946    0.000913    0.924289    1.038390    0.972312    1.017    2
      age[0]                  1.008538    0.000739    0.979082    1.062027    1.000906    1.000    2
      age[0]                  1.058549    0.019330    0.795334    1.322928    1.046017    1.010    2
      age[0]                  0.898399    0.000841    0.859134    0.954577    0.893124    1.009    2
      age[0]                   0.947977    0.001211    0.898851    1.012846    0.941698    1.008    2
      age[0]                  0.869583    0.005978    0.749030    1.012442    0.857893    1.002    2
      age[0]                   0.871164    0.001697    0.798997    0.953969    0.865456    1.000    2
      age[0]                   0.946429    0.005823    0.834451    1.088242    0.936032    1.002    2
      age[0]                  0.888638    0.005897    0.739523    1.030031    0.885590    1.006    2
      age[0]                   1.035746    0.006442    0.894380    1.202663    1.025292    1.001    2
      age[0]                   0.907536    0.000866    0.852454    0.965087    0.904942    1.002    2
      age[0]                   0.988416    0.003521    0.914769    1.098986    0.977511    1.011    2
      age[0]                   0.996286    0.000762    0.946493    1.053090    0.992139    1.005    2
      age[0]                  1.011519    0.001565    0.970761    1.090239    0.999967    1.000    2
      age[0]                   1.006137    0.001619    0.936174    1.091104    1.001539    1.006    2
      age[0]                  1.039335    0.001485    0.971458    1.113791    1.034906    1.000    2
      age[0]                  0.900962    0.001922    0.821652    0.990958    0.896192    1.000    2
      age[0]                  0.899901    0.000332    0.873756    0.929884    0.896426    1.000    2
      age[0]                  1.021143    0.001397    0.967977    1.086657    1.013331    1.000    2
      age[0]                  0.979102    0.000862    0.923633    1.035690    0.976853    1.017    2
      age[0]                   0.975690    0.002458    0.885386    1.075330    0.971469    1.001    2
      age[0]                  0.902439    0.002142    0.816772    0.992671    0.898230    1.000    2
      age[0]                   0.872686    0.002760    0.774455    0.976087    0.868873    1.003    2
      age[0]                   0.957298    0.001884    0.868475    1.039395    0.953351    1.005    2
      age[0]                   1.015358    0.002792    0.953774    1.133295    0.999669    1.002    2
      age[0]                  0.990313    0.000823    0.940524    1.048393    0.986426    1.001    2
      age[0]                   1.001534    0.001474    0.931880    1.082121    0.997970    1.000    2
      age[0]                  0.960679    0.001417    0.915296    1.028337    0.952138    1.000    2
      age[0]                   1.007823    0.001202    0.948195    1.071425    1.002623    1.000    2
      age[0]                   1.035387    0.002347    0.947182    1.129546    1.028798    1.002    2
      age[0]                  0.987520    0.001695    0.918150    1.068206    0.981883    1.000    2
      age[0]                  0.953441    0.002275    0.866493    1.049473    0.948931    1.005    2
      age[0]                  0.870264    0.001598    0.827727    0.945405    0.859717    1.000    2
      age[0]                  0.926988    0.005110    0.789252    1.062667    0.920250    1.038    2
      age[0]                  0.967845    0.001167    0.905003    1.035002    0.964755    1.011    2
      age[0]                  1.000502    0.001644    0.966027    1.087849    0.983438    1.005    2
      age[0]                   1.009140    0.001721    0.942247    1.095056    1.000801    1.007    2
      age[0]                  1.014656    0.004133    0.898917    1.150224    1.008163    1.000    2
      age[0]                  0.922018    0.001304    0.866002    0.987697    0.916787    1.000    2
      age[0]                   1.036874    0.002245    0.945533    1.127926    1.032962    1.011    2
      age[0]                  1.010458    0.001761    0.956538    1.088522    1.001754    1.001    2
      age[0]                   0.972227    0.002055    0.904616    1.053992    0.964128    1.000    2
      age[0]                  1.030072    0.001502    0.954599    1.109428    1.027747    1.002    2
      age[0]                   0.955065    0.002618    0.892648    1.072961    0.939983    1.002    2
      age[0]                   1.006088    0.002942    0.904168    1.108091    1.000296    1.004    2
      age[0]                   0.921789    0.002410    0.834093    1.019348    0.916260    1.000    2
      age[0]                  0.872629    0.010275    0.687918    1.061751    0.862727    1.001    2
      age[0]                  0.948034    0.001602    0.893989    1.021666    0.940300    1.000    2
      age[0]                  0.961793    0.006299    0.822112    1.118419    0.952744    1.000    2
      age[0]                  0.958021    0.001754    0.884949    1.034584    0.952366    1.000    2
      age[0]                   0.995375    0.001762    0.919575    1.076308    0.990750    1.009    2
      age[0]                  0.965315    0.001542    0.900559    1.036190    0.958860    1.002    2
      age[0]                   1.003207    0.003074    0.912805    1.110455    0.993582    1.006    2
      age[0]                  0.958422    0.004176    0.838804    1.079253    0.948565    1.013    2
      age[0]                  0.999621    0.001340    0.925460    1.072745    0.997055    1.000    2
      age[0]                  0.920495    0.018452    0.792186    1.175671    0.884425    1.001    2
      age[0]                   1.045081    0.003440    0.938094    1.171937    1.035053    1.002    2
      age[0]                  0.951173    0.001032    0.892259    1.014548    0.948571    1.002    2
      age[0]                   0.973711    0.001239    0.914759    1.037404    0.969291    1.043    2
      age[0]                  0.969112    0.002066    0.881286    1.059832    0.965664    1.009    2
      age[0]                   0.883153    0.006690    0.731430    1.046703    0.877752    1.014    2
      age[0]                   0.965983    0.002713    0.873645    1.068981    0.959857    1.000    2
      age[0]                   1.015263    0.003166    0.925964    1.119607    1.007709    1.011    2
      age[0]                  0.833232    0.006943    0.700817    0.987664    0.823958    1.000    2
      age[0]                  0.915910    0.007748    0.775213    1.078052    0.902376    1.000    2
      age[0]                  1.011582    0.002005    0.929618    1.104646    1.006864    1.001    2
      age[0]                  0.805181    0.004965    0.680772    0.954749    0.797637    1.009    2
      age[0]                  0.948675    0.001909    0.905132    1.037003    0.934602    1.001    2
      age[0]                  0.986718    0.002304    0.898341    1.084106    0.983172    1.000    2
      age[0]                  0.984019    0.004223    0.858524    1.113078    0.980343    1.016    2
      age[0]                   1.000347    0.001295    0.935857    1.066155    0.995539    1.001    2
      age[0]                  1.006440    0.003403    0.909065    1.120561    0.996389    1.002    2
      age[0]                   0.982270    0.001569    0.914538    1.050194    0.978203    1.025    2
      age[0]                  0.880327    0.001590    0.828459    0.955564    0.871182    1.000    2
      age[0]                   1.033621    0.002360    0.940171    1.133064    1.031236    1.000    2
      age[0]                   0.987243    0.001064    0.941526    1.052437    0.979807    1.000    2
      age[0]                  0.983875    0.000510    0.943997    1.029384    0.981641    1.000    2
      age[0]                  0.991639    0.000574    0.962750    1.039762    0.985358    1.000    2
      age[0]                   1.007297    0.005396    0.880262    1.152957    0.999598    1.000    2
      age[0]                  0.842855    0.003063    0.778680    0.959141    0.827522    1.000    2
