      TL          5.926279    0.045519    5.503368    6.336021    5.924207  10219.88  10683.28    1.000
      TL          5.797230    0.047835    5.374760    6.229090    5.793701   9858.22  10231.41    1.000
      TL          6.038319    0.043672    5.624993    6.440473    6.035461  11979.21  12010.09    1.000
      TL          5.693154    0.042553    5.295851    6.100498    5.690526  11102.53  11339.33    1.000
      TL          6.066342    0.046181    5.646756    6.489017    6.062576   9268.79  10500.10    1.000
      TL          3.493221    0.031786    3.149764    3.844136    3.489611  10183.49  11157.14    1.000
      TL          5.589363    0.043036    5.186934    5.998709    5.587593  11296.54  11642.82    1.000
      TL          3.643674    0.033349    3.293669    4.008981    3.639132  10758.66  11229.44    1.000
      TL          4.698278    0.037604    4.322896    5.085582    4.694496  10249.40  10799.54    1.000
      TL          6.137502    0.047424    5.718570    6.569357    6.133125   7406.19   8870.77    1.000
      TL          5.509308    0.042034    5.120899    5.921848    5.506175  11028.84  11145.91    1.000
      TL          2.258129    0.028196    1.934877    2.593304    2.251864   9454.03   9862.47    1.000
      TL          3.999064    0.038063    3.616417    4.378166    3.995180   9864.12  10196.37    1.000
      TL          2.633308    0.028489    2.304048    2.965216    2.628666  11603.21  11950.77    1.000
      TL          6.275851    0.047334    5.848491    6.697141    6.272780  10005.68  10312.69    1.000
      TL          6.638836    0.051671    6.200901    7.090461    6.635396  10556.66  11401.98    1.000
      TL          5.809132    0.044839    5.401874    6.226053    5.806826   9351.18   9851.10    1.000
      TL          3.664323    0.036638    3.285548    4.032047    3.659611  10658.10  10934.43    1.000
      TL          1.933367    0.039463    1.551068    2.324130    1.924168   8824.82   8971.33    1.000
      TL          2.637024    0.026962    2.324002    2.966084    2.631608  11106.22  11504.96    1.000
      TL          6.583813    0.049660    6.143095    7.017519    6.579606   9149.70   9970.97    1.000
      TL          3.905410    0.035786    3.551735    4.288812    3.900747  10609.32  10740.29    1.000
      TL          5.159348    0.045440    4.750166    5.589416    5.155117   9216.73   9344.06    1.000
      TL          3.941017    0.034982    3.578477    4.309957    3.937929  11282.23  11743.06    1.000
      TL          5.398258    0.041136    5.005067    5.799301    5.395416  11241.83  11933.21    1.000
      TL          4.433617    0.039666    4.048661    4.830771    4.429856  10156.65  10175.37    1.000
      TL          5.515653    0.044250    5.106252    5.929840    5.512856  10908.16  11510.04    1.000
      TL          5.215855    0.042064    4.823474    5.622500    5.212907  10253.26  10951.26    1.000
      TL          4.714766    0.042435    4.300818    5.113619    4.711453   8888.49   9189.58    1.000
      TL          5.093168    0.038822    4.714322    5.483579    5.089508  10975.98  11373.55    1.000
      TL          5.683438    0.047243    5.262535    6.107449    5.680126   8973.06   9157.83    1.000
      TL          5.706567    0.046589    5.285482    6.132379    5.703548  11259.49  11273.72    1.000
      TL          4.711709    0.037425    4.333684    5.088249    4.707805  10426.63  10446.01    1.000
      TL          2.826855    0.026985    2.515331    3.155904    2.823316  12568.80  12897.83    1.000
      TL          5.605524    0.040759    5.216501    6.006645    5.601391  11295.10  11354.57    1.000
      TL          2.978788    0.029391    2.644501    3.316282    2.973995   6931.26   7352.98    1.000
      TL          3.443414    0.028153    3.121924    3.775552    3.440232  11442.34  11949.39    1.000
      TL          2.692386    0.022837    2.397810    2.986531    2.688818  10721.88  11756.72    1.000
      TL          3.519363    0.035118    3.158525    3.892380    3.514685  10982.59  11238.53    1.000
      TL          3.577795    0.029629    3.252675    3.925625    3.574373  11969.69  12592.26    1.000
      TL          6.326611    0.048180    5.909161    6.772093    6.323952   9146.05   9691.01    1.000
      TL          4.101648    0.033453    3.749357    4.466788    4.098824  12231.44  12475.58    1.000
      TL          6.081629    0.048876    5.645590    6.509310    6.077597   6513.74   6703.33    1.000
      TL          6.540350    0.049185    6.114627    6.979732    6.536451  10592.01  10796.67    1.000
      TL          5.919056    0.048405    5.495832    6.355856    5.915133  11536.05  11868.81    1.000
      TL          3.999246    0.033376    3.639228    4.352632    3.995784  11370.85  12039.93    1.000
      TL          4.520092    0.032519    4.177118    4.881720    4.517563  12123.29  12446.31    1.000
      TL          3.793676    0.037766    3.417332    4.176813    3.787798   9771.93   9807.88    1.000
      TL          5.328388    0.042796    4.929037    5.737411    5.323894  11785.27  11994.19    1.000
      TL          5.034159    0.039060    4.635778    5.409566    5.032519   9135.43   9780.11    1.000
      TL          3.265547    0.028703    2.949066    3.612026    3.261794  11832.94  11836.63    1.000
      TL          3.464457    0.034239    3.103594    3.829945    3.461053  11847.44  11893.64    1.000
      TL          3.135325    0.032927    2.780474    3.489922    3.131198  11124.69  11385.34    1.000
      TL          4.728277    0.041188    4.332755    5.125935    4.723564  10053.95  10120.55    1.000
      TL          4.578339    0.036106    4.212339    4.961199    4.575816  12696.66  12748.76    1.000
      TL          4.409243    0.035607    4.053267    4.785377    4.405467  10851.37  11004.61    1.000
      TL          6.350468    0.047903    5.915396    6.767568    6.348804  11554.30  11778.44    1.000
      TL          3.648291    0.033312    3.293672    4.007572    3.644141  11823.63  12249.05    1.000
      TL          3.693336    0.035170    3.327181    4.060148    3.689640  11038.88  11347.97    1.000
      TL          4.786744    0.039038    4.398970    5.174817    4.782693  10232.20  10544.35    1.000
      TL          2.535062    0.028397    2.219101    2.872645    2.531528  10464.69  11116.73    1.000
      TL          5.348100    0.043638    4.957518    5.776201    5.344626   7571.27   7797.54    1.000
      TL          3.312526    0.027408    2.988873    3.636845    3.309873  11044.18  11499.55    1.000
      TL          6.741374    0.052132    6.293457    7.188665    6.738418   9673.29  10052.66    1.000
      TL          6.255252    0.049690    5.834458    6.707550    6.250984   9813.45   9899.27    1.000
      TL          5.742305    0.045121    5.329338    6.164976    5.739610  10254.68  11086.75    1.000
      TL          3.215468    0.031532    2.883984    3.580256    3.211945  11603.94  12430.69    1.000
      TL          3.597016    0.032807    3.247918    3.949360    3.592396  11206.46  11702.42    1.000
      TL          4.532078    0.040619    4.141955    4.931176    4.527923  10252.54  11076.32    1.000
      TL          4.854704    0.044686    4.442563    5.269651    4.849976   9778.34   9807.99    1.000
      TL          5.223577    0.039068    4.827388    5.601682    5.221791  10761.33  11235.87    1.000
      TL          4.856117    0.041205    4.466990    5.254310    4.853083  11908.73  12159.66    1.000
      TL          6.267184    0.049828    5.837602    6.715518    6.264591  10698.57  11045.55    1.000
      TL          3.796137    0.033966    3.442115    4.159565    3.792636  12367.97  12604.88    1.000
      TL          3.924698    0.034110    3.564694    4.291523    3.921529  10169.47  10750.57    1.000
      TL          1.651356    0.025552    1.339111    1.962919    1.646836  13800.38  13935.43    1.000
      TL          6.273524    0.051357    5.834956    6.724273    6.270526  10269.88  10522.52    1.000
      TL          2.869607    0.027610    2.551566    3.202086    2.866136  13164.23  13275.80    1.000
      TL          5.606545    0.042862    5.194748    6.004017    5.602922  10455.76  10872.94    1.000
      TL          3.150008    0.027800    2.819798    3.467796    3.147121  13339.85  13382.82    1.000
      TL          5.765185    0.047399    5.328690    6.181620    5.762486   9887.91  10559.87    1.000
      TL          6.742067    0.053259    6.295110    7.194640    6.739219   8411.21   9290.06    1.000
      TL          5.049440    0.037909    4.672782    5.427391    5.047159  11254.44  11282.35    1.000
      TL          4.778613    0.039321    4.384914    5.163586    4.774783   9473.12   9775.85    1.000
      TL          3.583467    0.035869    3.227539    3.969474    3.580566  11533.50  11829.67    1.000
      TL          5.701606    0.045809    5.298056    6.140784    5.697939   9472.00  10611.02    1.000
      TL          4.067151    0.031923    3.720666    4.418032    4.063842  11661.07  11928.05    1.000
      TL          3.088461    0.028131    2.764600    3.420467    3.084653  12244.62  12489.41    1.000
      TL          3.583577    0.030479    3.238813    3.922445    3.579720  11671.47  11709.45    1.000
      TL          4.395677    0.038185    4.019425    4.783790    4.392439  11959.19  12074.84    1.000
      TL          6.263887    0.050041    5.825869    6.701537    6.259980   9907.02  10205.14    1.000
      TL          6.014471    0.051595    5.576100    6.470012    6.009650   9963.57  10782.32    1.000
      TL          6.965943    0.058170    6.507939    7.452906    6.962584   7765.29   8173.73    1.000
      TL          3.559986    0.042803    3.157613    3.965592    3.553476   8803.08   9492.41    1.000
      TL          6.348864    0.051535    5.903083    6.792443    6.345094   9874.59  10666.11    1.000
      TL          6.784142    0.051695    6.326876    7.214173    6.782121  10688.22  11063.77    1.000
      TL          3.765373    0.031938    3.418162    4.114199    3.761071   9771.11  10484.78    1.000
      TL          4.285671    0.035951    3.927907    4.672466    4.281723  11110.29  11203.11    1.000
      TL          5.974741    0.049599    5.532667    6.409443    5.971312   8377.86   8540.22    1.000
      TL          4.804213    0.040813    4.414543    5.203652    4.800312   8653.67   8865.78    1.000
