      TL          4.394804    0.029749    4.057573    4.729721    4.392737  12919.64  13313.36    1.000
      TL          4.277995    0.030736    3.940800    4.622531    4.276665  13297.74  13449.81    1.000
      TL          5.008925    0.034546    4.650625    5.374362    5.007169  12000.14  12401.36    1.000
      TL          4.733548    0.034120    4.381492    5.107762    4.731428  10535.81  10542.49    1.000
      TL          5.123412    0.036288    4.742622    5.491041    5.119601  12114.95  12177.09    1.000
      TL          2.751753    0.022608    2.463852    3.050437    2.748045  14041.52  14067.41    1.000
      TL          4.275391    0.030021    3.937776    4.611279    4.273387  12281.18  12917.98    1.000
      TL          2.647916    0.022020    2.361058    2.942940    2.645807  12943.33  13063.09    1.000
      TL          3.569392    0.027460    3.245820    3.894205    3.565402  12095.81  12655.06    1.000
      TL          4.907792    0.034271    4.544847    5.263097    4.905326  10292.12  10363.53    1.000
      TL          4.156267    0.030169    3.819211    4.501146    4.154614  11803.71  11913.90    1.000
      TL          1.841103    0.017990    1.583692    2.106333    1.838071  11893.83  12383.42    1.000
      TL          3.056078    0.026060    2.737606    3.369445    3.052352  11532.77  11964.96    1.000
      TL          2.212289    0.021342    1.932419    2.504844    2.209070  12119.99  12821.89    1.000
      TL          5.184997    0.036769    4.806640    5.555938    5.182385  12685.99  12730.83    1.000
      TL          5.036547    0.035295    4.679502    5.414112    5.033998  11439.70  12188.55    1.000
      TL          4.833881    0.034661    4.480936    5.208923    4.830862  11554.62  11648.25    1.000
      TL          2.789750    0.024247    2.487089    3.096050    2.786088  13410.66  13561.55    1.000
      TL          1.618354    0.025942    1.322585    1.949534    1.611813  12985.99  13192.17    1.000
      TL          2.550748    0.024784    2.238021    2.853356    2.546529  12163.45  13004.06    1.000
      TL          4.742376    0.031990    4.392096    5.089460    4.739191  13053.24  13117.75    1.000
      TL          3.237508    0.028163    2.913979    3.571455    3.235349  11088.75  11158.62    1.000
      TL          4.196513    0.033101    3.850893    4.563620    4.192318  10956.88  11964.15    1.000
      TL          3.182400    0.025616    2.872420    3.498215    3.179609  11704.06  12178.08    1.000
      TL          4.219121    0.029675    3.873165    4.547542    4.217337  12768.12  13426.09    1.000
      TL          3.541376    0.027643    3.224366    3.873223    3.540369  12508.65  12846.12    1.000
      TL          4.448166    0.033230    4.085031    4.795419    4.445669  12463.59  12528.31    1.000
      TL          4.306098    0.032298    3.961822    4.666970    4.303040  10603.00  11651.42    1.000
      TL          3.575302    0.027877    3.245396    3.899362    3.571678  13263.21  13344.97    1.000
      TL          3.781491    0.026760    3.462424    4.102258    3.780642  13065.65  13288.40    1.000
      TL          4.177135    0.029997    3.831079    4.513457    4.174419  10366.25  10953.69    1.000
      TL          4.203299    0.030328    3.864702    4.542642    4.199690  12055.50  12183.74    1.000
      TL          3.926044    0.028946    3.586391    4.251845    3.924338  12126.45  12199.27    1.000
      TL          2.350645    0.021291    2.068813    2.639199    2.347257  12402.18  13251.92    1.000
      TL          4.716990    0.031827    4.365966    5.060423    4.714825  11137.11  11781.28    1.000
      TL          2.573433    0.023515    2.275313    2.876006    2.569553  11347.38  11890.96    1.000
      TL          3.149141    0.025212    2.834577    3.458550    3.146595  11671.77  12468.00    1.000
      TL          2.237496    0.018722    1.970750    2.501718    2.234551  11865.07  12596.51    1.000
      TL          2.511187    0.022336    2.226086    2.809194    2.508147  12862.57  13124.65    1.000
      TL          2.992003    0.024124    2.694703    3.302135    2.990307  12130.09  12984.59    1.000
      TL          4.514306    0.031182    4.175529    4.868964    4.511233  12039.98  12267.48    1.000
      TL          3.246898    0.025053    2.930357    3.550761    3.245294  12556.77  12693.82    1.000
      TL          4.641199    0.032062    4.280757    4.980781    4.638584  12068.53  12366.83    1.000
      TL          5.181533    0.036042    4.807420    5.549059    5.178663  12039.79  12047.62    1.000
      TL          4.519465    0.032381    4.170631    4.876369    4.515890  13177.86  13230.29    1.000
      TL          3.493466    0.027511    3.171524    3.817135    3.490985  12132.90  12829.64    1.000
      TL          4.031752    0.028464    3.705586    4.373453    4.029599  12487.47  12698.45    1.000
      TL          3.094259    0.027004    2.780985    3.419479    3.090124  12418.72  12802.25    1.000
      TL          3.757231    0.027753    3.437641    4.092176    3.754658  11724.44  12362.13    1.000
      TL          3.879409    0.026193    3.563802    4.196668    3.877786  12980.82  13028.43    1.000
      TL          3.203404    0.027194    2.873619    3.523027    3.199975   8185.74   9489.31    1.000
      TL          2.645993    0.023810    2.346743    2.946316    2.642452  12567.31  12972.74    1.000
      TL          2.386995    0.021510    2.097608    2.672312    2.384152  13482.75  13616.53    1.000
      TL          3.737763    0.028685    3.402814    4.065619    3.735519  11996.02  12131.14    1.000
      TL          3.787608    0.028030    3.471360    4.127737    3.784261  12869.68  13264.01    1.000
      TL          3.897996    0.028844    3.568299    4.229415    3.895570  13088.21  13192.47    1.000
      TL          5.026542    0.035041    4.668325    5.401115    5.023331  11339.62  11627.90    1.000
      TL          2.306074    0.018575    2.046515    2.579487    2.302597  14176.13  14178.72    1.000
      TL          2.453152    0.020552    2.174606    2.735868    2.451031  13322.25  13403.72    1.000
      TL          3.696525    0.027038    3.384458    4.027756    3.694009  12359.18  12570.95    1.000
      TL          1.791477    0.017976    1.525428    2.050705    1.787707  12289.64  12620.29    1.000
      TL          4.132784    0.028984    3.805348    4.469861    4.129419  11111.80  12115.67    1.000
      TL          2.952330    0.023572    2.649432    3.249952    2.948570  13000.85  13204.90    1.000
      TL          5.117188    0.035381    4.746963    5.478356    5.114928  13680.91  13722.14    1.000
      TL          4.853144    0.034138    4.486969    5.211646    4.850074  12521.96  12703.19    1.000
      TL          4.722695    0.033858    4.356830    5.074032    4.720792  11802.49  12600.86    1.000
      TL          2.446983    0.022603    2.159356    2.742782    2.444330  11917.50  12457.71    1.000
      TL          2.549100    0.021042    2.271084    2.840598    2.546666  14055.63  14147.31    1.000
      TL          3.336386    0.026905    3.014913    3.660220    3.332688  12292.45  12844.12    1.000
      TL          3.897507    0.031781    3.560240    4.255312    3.894531  12282.63  12284.27    1.000
      TL          4.268972    0.029646    3.943633    4.616377    4.266681  11692.35  12387.11    1.000
      TL          3.351157    0.025698    3.036856    3.663873    3.348790  12909.68  13302.38    1.000
      TL          4.929642    0.034404    4.572996    5.298861    4.928528  12113.53  12319.76    1.000
      TL          3.106504    0.025577    2.799954    3.429686    3.103631  13668.68  13720.60    1.000
      TL          3.056527    0.024135    2.738015    3.348231    3.053979  12831.80  13086.05    1.000
      TL          1.234880    0.018312    0.981065    1.508797    1.228491  13521.87  13581.11    1.000
      TL          4.460791    0.031900    4.116690    4.810537    4.458084  12360.57  12636.66    1.000
      TL          2.371068    0.022347    2.080375    2.663912    2.367214  12965.76  13705.41    1.000
      TL          4.994704    0.037398    4.620171    5.378782    4.991940  10788.15  11444.25    1.000
      TL          2.395370    0.020429    2.115443    2.675234    2.392711  12942.83  13586.19    1.000
      TL          4.210608    0.029907    3.877627    4.552557    4.207555  12037.92  13107.27    1.000
      TL          5.539298    0.038505    5.159677    5.926282    5.536403  12661.18  12875.31    1.000
      TL          4.009566    0.028382    3.682919    4.338768    4.006655  12463.94  12989.79    1.000
      TL          3.845850    0.028890    3.510339    4.174281    3.844915  11651.25  11802.27    1.000
      TL          2.877417    0.025103    2.568801    3.184796    2.875376  13021.76  13403.07    1.000
      TL          4.379274    0.031931    4.037646    4.733371    4.376482  12314.01  12591.05    1.000
      TL          3.719862    0.028701    3.386348    4.046440    3.717812  12675.62  12949.43    1.000
      TL          2.662418    0.023199    2.367555    2.964962    2.658959  12238.27  12452.22    1.000
      TL          3.213733    0.026268    2.904231    3.536580    3.211269  12913.07  13025.29    1.000
      TL          3.446407    0.027418    3.123801    3.769310    3.443273  13081.82  13530.26    1.000
      TL          4.796653    0.033968    4.422278    5.141458    4.794659  12239.21  12759.78    1.000
      TL          4.519471    0.033520    4.163850    4.882481    4.515413  10839.93  12113.13    1.000
      TL          5.248059    0.037464    4.869273    5.625307    5.245349  10746.79  11326.57    1.000
      TL          2.478863    0.023168    2.177516    2.772209    2.475936  13339.58  13341.10    1.000
      TL          4.808837    0.034577    4.443680    5.172600    4.806054  12827.20  13199.60    1.000
      TL          5.360191    0.037204    4.978313    5.734327    5.356330  11813.00  11849.77    1.000
      TL          2.992594    0.023372    2.700602    3.298246    2.988894  12518.19  12533.96    1.000
      TL          3.389958    0.026668    3.066561    3.706784    3.386390  11569.75  11634.67    1.000
      TL          4.650383    0.033907    4.299792    5.021264    4.646933  10934.90  11298.00    1.000
      TL          3.051833    0.022316    2.767149    3.357163    3.049496  12721.47  13178.93    1.000
