0.4883721
0.5555556
0.3409091
0.5681818
0.3863636
0.2
0.3076923
0.4090909
0.3448276
0.4222222
0.6052632
0.25
0.3043478
0.3125
0.4418605
0.3043478
0.3953488
0.6315789
0.5714286
0.4375
0.326087
0.5416667
0.4193548
0.3461538
0.475
0.3333333
0.5294118
0.4285714
0.3333333
0.5641026
0.4390244
0.4594595
0.4864865
0.2941176
0.2826087
0.35
0.5555556
0.4545455
0.3684211
0.32
0.4042553
0.3793103
0.4680851
0.4255319
0.3783784
0.4444444
0.4
0.5833333
0.2727273
0.3333333
0.4347826
0.1111111
0.4210526
0.3
0.34375
0.2857143
0.4761905
0.4545455
0.45
0.3783784
0.2777778
0.4
0.44
0.4444444
0.4883721
0.45
0.7058824
0.4090909
0.3846154
0.4230769
0.5
0.4074074
0.275
0.4782609
0.3846154
0.5
0.6153846
0.6
0.5121951
0.2631579
0.5
0.3181818
0.5128205
0.4571429
0.5789474
0.3421053
0.4666667
0.35
0.4230769
0.5833333
0.4883721
0.3428571
0.4782609
0.375
0.6
0.3478261
0.5
0.3928571
0.4210526
0.3225806
