      TL          6.678342    0.094822    6.077612    7.279465    6.673321   7523.05   8468.64    1.000
      TL          6.051966    0.100077    5.433599    6.673749    6.042332   5581.47   5797.26    1.000
      TL          6.708587    0.095856    6.115749    7.324670    6.703527   8647.73   8793.81    1.000
      TL          6.792583    0.103227    6.171139    7.427622    6.788142   5487.71   5733.57    1.000
      TL          6.992602    0.099532    6.391619    7.625989    6.985345   7036.56   8181.41    1.000
      TL          4.245562    0.083656    3.684308    4.822380    4.238590   9093.24   9970.09    1.000
      TL          6.237158    0.089032    5.662299    6.832480    6.232462   9294.34   9400.37    1.000
      TL          4.502757    0.080955    3.962044    5.072035    4.497175  10190.93  10244.62    1.000
      TL          5.763644    0.100880    5.144415    6.386216    5.756475   8527.71   8737.27    1.000
      TL          8.073225    0.124464    7.389439    8.763857    8.067131   5092.89   5820.83    1.000
      TL          6.612136    0.104738    5.980724    7.246705    6.603573   5858.32   6234.40    1.000
      TL          3.345826    0.087602    2.793417    3.952216    3.332940   9909.51  10043.16    1.000
      TL          4.707541    0.084901    4.156922    5.291216    4.698183   9277.03   9804.83    1.000
      TL          3.587804    0.095372    2.994350    4.201507    3.574094   9670.14   9816.73    1.000
      TL          6.918466    0.101921    6.299214    7.547046    6.911561   7282.70   7498.09    1.000
      TL          7.344251    0.104586    6.716824    7.980534    7.337212   5666.79   5805.61    1.000
      TL          5.917689    0.078284    5.380633    6.473741    5.909193   7461.64   8542.55    1.000
      TL          4.702924    0.105599    4.076267    5.348672    4.690493   8053.43   8484.19    1.000
      TL          3.855472    0.474302    2.633102    5.240541    3.774164   9969.81  10070.21    1.000
      TL          4.253229    0.124131    3.581699    4.954592    4.236069   7027.75   7199.98    1.000
      TL          7.005554    0.097044    6.405532    7.620630    6.999913   7155.04   7326.10    1.000
      TL          4.452452    0.080468    3.888409    4.999265    4.443683   6542.15   6597.67    1.000
      TL          5.585106    0.092411    5.026021    6.209550    5.577241   9242.93   9681.65    1.000
      TL          4.624694    0.081728    4.076295    5.188518    4.616168   7924.68   8170.68    1.000
      TL          6.464045    0.098930    5.865262    7.100097    6.457674   6432.16   6796.72    1.000
      TL          5.937434    0.116803    5.270825    6.612968    5.927345   7298.18   7562.65    1.000
      TL          7.046966    0.121907    6.370185    7.730917    7.038921   9862.55   9964.60    1.000
      TL          6.130204    0.092682    5.543241    6.734448    6.123185   8579.45   8910.38    1.000
      TL          5.736082    0.101073    5.127786    6.372025    5.724655   9758.15   9845.71    1.000
      TL          5.604634    0.082931    5.041502    6.172073    5.597870   2296.36   2495.73    1.000
      TL          5.973956    0.083255    5.434357    6.553342    5.968621   6719.89   7201.74    1.000
      TL          5.598795    0.079721    5.059408    6.169001    5.592345   8550.56   8627.47    1.000
      TL          5.412715    0.076276    4.878090    5.955282    5.408381   8701.03   8967.18    1.000
      TL          3.463548    0.076917    2.919954    4.005925    3.455432  10740.39  10957.70    1.000
      TL          6.081233    0.077840    5.545692    6.633527    6.075137   7432.79   8307.19    1.000
      TL          3.278730    0.069616    2.760209    3.790044    3.269547   9730.09   9809.99    1.000
      TL          4.538995    0.079868    3.979704    5.093306    4.531123   7870.97   8045.55    1.000
      TL          3.363748    0.062284    2.876888    3.848627    3.359576   8576.38   8925.08    1.000
      TL          4.649807    0.116709    4.010466    5.339675    4.636198   5876.18   6421.44    1.000
      TL          4.723663    0.081040    4.170176    5.284927    4.716175   9561.97   9618.16    1.000
      TL          7.292417    0.109700    6.641847    7.939931    7.287442   4630.17   4968.44    1.000
      TL          4.642488    0.070688    4.118832    5.154875    4.638386  10868.17  10883.08    1.000
      TL          6.647537    0.086042    6.072811    7.218569    6.643199   8006.40   8851.87    1.000
      TL          7.138485    0.097122    6.546374    7.757399    7.131854   6989.25   7022.61    1.000
      TL          6.363182    0.092808    5.792195    6.972135    6.354556   7611.11   7805.51    1.000
      TL          4.798623    0.080749    4.239376    5.347074    4.792031   9657.63   9660.34    1.000
      TL          5.551330    0.082055    5.000586    6.121845    5.542925   8216.14   8330.18    1.000
      TL          4.015999    0.072858    3.488385    4.536908    4.009979   8813.66   9399.24    1.000
      TL          5.289831    0.081483    4.720011    5.838092    5.284315   8426.04   8986.02    1.000
      TL          5.578107    0.069037    5.062775    6.091007    5.572654   9139.36   9298.29    1.000
      TL          4.156248    0.083187    3.590609    4.712797    4.147140   7661.22   8384.70    1.000
      TL          3.693322    0.083858    3.136177    4.262712    3.683415  11194.92  11503.01    1.000
      TL          4.071255    0.095923    3.502589    4.712468    4.059610   7390.12   7447.60    1.000
      TL          4.885765    0.074549    4.359398    5.431933    4.879456   9624.20   9683.82    1.000
      TL          5.392066    0.084097    4.833315    5.972771    5.384811   9129.98   9321.02    1.000
      TL          5.372010    0.081942    4.830094    5.952466    5.366332   7135.81   7269.89    1.000
      TL          8.030738    0.127082    7.328311    8.726843    8.023430   7527.00   7751.54    1.000
      TL          4.746150    0.096306    4.137371    5.352708    4.735922   7204.19   7617.37    1.000
      TL          4.593237    0.096929    3.985024    5.204933    4.583709   9223.22   9261.67    1.000
      TL          5.801734    0.087107    5.240282    6.392092    5.796007   7025.62   7380.02    1.000
      TL          3.207490    0.076792    2.675802    3.756157    3.194659  10372.62  10821.69    1.000
      TL          5.730870    0.080740    5.183920    6.294541    5.727226   7807.31   8644.13    1.000
      TL          4.231465    0.070402    3.717719    4.751740    4.224639   7796.43   8610.15    1.000
      TL          7.201130    0.099814    6.596526    7.831708    7.194539   7292.30   7382.65    1.000
      TL          6.620165    0.091857    6.027162    7.216538    6.614253   8670.96   8981.49    1.000
      TL          6.854318    0.107773    6.216051    7.501488    6.847362   5454.09   6099.87    1.000
      TL          4.143681    0.093787    3.544385    4.743670    4.134944   6829.54   7145.80    1.000
      TL          4.631251    0.095373    4.029950    5.235501    4.620145   8301.19   8806.65    1.000
      TL          5.883117    0.113555    5.239505    6.548879    5.871616   7676.85   8025.81    1.000
      TL          5.576882    0.097342    4.991223    6.206390    5.567330   8942.83   9286.60    1.000
      TL          5.765396    0.083180    5.212321    6.340524    5.759327   4648.09   5664.89    1.001
      TL          5.324539    0.090495    4.741396    5.922570    5.318442  10006.27  10101.52    1.000
      TL          7.212476    0.104982    6.571674    7.839143    7.211020   8018.82   8283.18    1.000
      TL          4.574275    0.085797    4.005019    5.139956    4.564878   8292.81   8488.33    1.000
      TL          4.749937    0.086248    4.190562    5.334868    4.741391   8881.57   8951.16    1.000
      TL          3.007293    0.255209    2.093804    4.003549    2.957509  10676.88  11224.74    1.000
      TL          7.336743    0.123030    6.671792    8.043466    7.329083   6006.64   6066.70    1.000
      TL          3.911865    0.105793    3.281721    4.550750    3.900204   8463.64   8643.18    1.000
      TL          6.973557    0.114412    6.331947    7.655035    6.963167   2305.89   2994.14    1.000
      TL          4.452145    0.095327    3.870450    5.074523    4.443129   7842.00   7907.00    1.000
      TL          6.223526    0.092064    5.633690    6.823821    6.218174   5981.77   6999.01    1.000
      TL          7.683563    0.113660    7.035019    8.343351    7.679297   7349.22   7631.82    1.000
      TL          6.176514    0.089393    5.593182    6.764471    6.168244   8534.70   9051.66    1.000
      TL          5.524076    0.085385    4.962478    6.104566    5.517942   5985.72   7275.54    1.000
      TL          4.446900    0.091377    3.854853    5.038652    4.436423  10864.87  10940.09    1.000
      TL          6.205492    0.094806    5.597577    6.800938    6.198567   7838.59   8027.99    1.000
      TL          4.743935    0.078624    4.203937    5.298571    4.738110   5513.90   5634.48    1.000
      TL          3.946994    0.076664    3.399694    4.481700    3.938437  10041.23  10073.62    1.000
      TL          4.557127    0.085686    3.977221    5.120307    4.551273  10472.94  10477.33    1.000
      TL          5.105730    0.089342    4.533439    5.700219    5.098125  10279.29  10590.55    1.000
      TL          7.357961    0.120871    6.684940    8.035407    7.347794   5901.15   5996.08    1.000
      TL          6.748473    0.103845    6.136625    7.403548    6.739942   7558.09   8059.54    1.000
      TL          7.488920    0.112992    6.848432    8.168886    7.478836   6504.63   6646.61    1.000
      TL          3.989139    0.084088    3.434503    4.568673    3.978688  12203.86  12406.45    1.000
      TL          7.178974    0.108599    6.550151    7.839101    7.174120   8081.22   8367.60    1.000
      TL          7.542383    0.104518    6.917189    8.184555    7.537583   6703.41   7395.07    1.000
      TL          4.266407    0.074141    3.738994    4.798145    4.259088   6188.38   6599.31    1.000
      TL          4.695023    0.070982    4.181856    5.223350    4.689722  10374.13  10838.93    1.000
      TL          6.414988    0.095172    5.811459    7.024675    6.406807   7965.52   8399.31    1.000
      TL          5.500826    0.090661    4.922335    6.099752    5.491719   7706.72   7799.89    1.000
