      alpha_symdir   0.333569    0.000869    0.277125    0.391933    0.332129     89.46    177.17    1.001
      alpha_symdir   0.282371    0.000543    0.237631    0.328107    0.282062     83.34    300.71    1.000
      alpha_symdir   0.323532    0.000363    0.285060    0.359655    0.323148    491.56    574.46    1.002
      alpha_symdir   0.310907    0.000478    0.267250    0.353550    0.310781    181.65    230.99    1.003
      alpha_symdir   0.300619    0.000981    0.243358    0.364925    0.298254     84.98    106.55    1.011
      alpha_symdir   0.158842    0.000272    0.129722    0.192636    0.156698    330.80    474.96    1.000
      alpha_symdir   0.328751    0.000339    0.291985    0.363932    0.328493    320.11    362.65    1.000
      alpha_symdir   0.194650    0.000634    0.141497    0.244309    0.194641     84.14     90.89    1.011
      alpha_symdir   0.221423    0.000314    0.187271    0.256675    0.220210    120.17    215.78    1.005
      alpha_symdir   0.342835    0.001121    0.283259    0.412782    0.339631     63.59     91.70    1.009
      alpha_symdir   0.277768    0.001882    0.192699    0.353543    0.282761     24.78     36.56    1.026
      alpha_symdir   0.136005    0.000224    0.112148    0.168548    0.132808    263.76    430.21    1.000
      alpha_symdir   0.237309    0.000884    0.180092    0.296177    0.236304     70.15     91.68    1.000
      alpha_symdir   0.195694    0.000364    0.158476    0.233249    0.195423    240.13    323.42    1.018
      alpha_symdir   0.350277    0.000591    0.303035    0.397642    0.348859     99.31    225.15    1.003
      alpha_symdir   0.292066    0.000629    0.241798    0.341170    0.292455    103.43    174.71    1.000
      alpha_symdir   0.305912    0.000504    0.263225    0.351196    0.305375    102.28    138.34    1.004
      alpha_symdir   0.141517    0.000172    0.119468    0.167220    0.139671    293.30    445.04    1.007
      alpha_symdir   0.161821    0.000171    0.137977    0.188995    0.160980    952.03    997.34    1.002
      alpha_symdir   0.210195    0.000282    0.177640    0.243077    0.209456    421.48    426.41    1.000
      alpha_symdir   0.310910    0.000401    0.271411    0.350363    0.310672    308.56    519.75    1.000
      alpha_symdir   0.218057    0.000328    0.184190    0.254467    0.217371    167.53    233.86    1.002
      alpha_symdir   0.276816    0.000624    0.231431    0.328853    0.274559    163.43    163.48    1.002
      alpha_symdir   0.225609    0.000259    0.195300    0.258844    0.225050    356.88    406.02    1.004
      alpha_symdir   0.294599    0.000539    0.247874    0.339144    0.294498    100.11    159.64    1.009
      alpha_symdir   0.308537    0.000523    0.263746    0.353549    0.308224    106.13    179.33    1.000
      alpha_symdir   0.299120    0.000535    0.254353    0.344477    0.298688    247.20    247.71    1.009
      alpha_symdir   0.277896    0.000634    0.228888    0.326942    0.278161     83.17    138.16    1.008
      alpha_symdir   0.212571    0.000441    0.172899    0.255396    0.211076    145.95    384.44    1.011
      alpha_symdir   0.288015    0.000370    0.250066    0.325219    0.287801    177.96    183.46    1.007
      alpha_symdir   0.277430    0.000926    0.217495    0.336830    0.277533     69.58    104.68    1.003
      alpha_symdir   0.306900    0.000400    0.268478    0.346382    0.305998    152.00    193.50    1.000
      alpha_symdir   0.268853    0.000310    0.235885    0.304423    0.268395    139.69    154.32    1.002
      alpha_symdir   0.180006    0.000235    0.149623    0.210365    0.179248    453.74    572.28    1.000
      alpha_symdir   0.270251    0.000485    0.228263    0.313814    0.269294    161.88    215.21    1.008
      alpha_symdir   0.161135    0.000138    0.137983    0.183933    0.160615    536.24    614.29    1.000
      alpha_symdir   0.245371    0.000413    0.207099    0.286849    0.244817     92.02    187.24    1.007
      alpha_symdir   0.171317    0.001325    0.117477    0.229974    0.171265     41.89    102.96    1.002
      alpha_symdir   0.147716    0.000179    0.121675    0.173567    0.146942    127.38    462.49    1.001
      alpha_symdir   0.214488    0.000371    0.177985    0.253628    0.213489    473.83    632.81    1.002
      alpha_symdir   0.334107    0.000381    0.297240    0.373978    0.333355    426.75    505.50    1.001
      alpha_symdir   0.227212    0.000691    0.182610    0.282208    0.222864     96.56    101.96    1.002
      alpha_symdir   0.280149    0.000379    0.242364    0.317704    0.279496    259.19    295.40    1.001
      alpha_symdir   0.325277    0.000417    0.285562    0.365432    0.324908    331.79    338.60    1.000
      alpha_symdir   0.342815    0.000938    0.285216    0.404345    0.341270     34.98     84.10    1.002
      alpha_symdir   0.264426    0.001120    0.201545    0.328627    0.264490     78.46     81.90    1.006
      alpha_symdir   0.265362    0.000596    0.219711    0.314405    0.264424    137.33    174.24    1.002
      alpha_symdir   0.188342    0.000315    0.155804    0.223487    0.186749    502.13    516.01    1.002
      alpha_symdir   0.231267    0.001123    0.181672    0.301874    0.222071     23.65     84.81    1.018
      alpha_symdir   0.295487    0.000490    0.251424    0.339043    0.295003    121.90    180.97    1.001
      alpha_symdir   0.199573    0.001512    0.121182    0.256985    0.208212     60.55     61.66    1.039
      alpha_symdir   0.172381    0.000319    0.138309    0.207923    0.171781     67.93    295.42    1.002
      alpha_symdir   0.162009    0.000134    0.139917    0.185101    0.161474    393.69    449.49    1.002
      alpha_symdir   0.271656    0.000322    0.238227    0.308157    0.270891    245.70    500.19    1.002
      alpha_symdir   0.293792    0.000964    0.236139    0.355459    0.292473     53.95     59.90    1.022
      alpha_symdir   0.222575    0.000525    0.181207    0.270121    0.220649    107.80    120.64    1.010
      alpha_symdir   0.279053    0.000617    0.229535    0.326480    0.279179     80.89    130.12    1.000
      alpha_symdir   0.166894    0.000214    0.138759    0.195482    0.165947    516.50    617.10    1.001
      alpha_symdir   0.212757    0.000818    0.158457    0.272161    0.211627    123.83    154.48    1.007
      alpha_symdir   0.259062    0.000276    0.225834    0.290686    0.258793    365.54    454.67    1.010
      alpha_symdir   0.155378    0.000685    0.117770    0.208252    0.148313     53.08    131.90    1.002
      alpha_symdir   0.255928    0.000387    0.218031    0.294225    0.255058    416.05    472.39    1.004
      alpha_symdir   0.195285    0.001770    0.109936    0.256560    0.203713     25.86     35.69    1.015
      alpha_symdir   0.307141    0.000329    0.272202    0.344097    0.306495    193.32    354.84    1.000
      alpha_symdir   0.308473    0.000295    0.274846    0.342212    0.307984    504.78    948.46    1.003
      alpha_symdir   0.229256    0.000564    0.188062    0.278384    0.225443    201.54    310.67    1.001
      alpha_symdir   0.131740    0.000103    0.113924    0.152492    0.130597    607.10    728.92    1.006
      alpha_symdir   0.214158    0.000583    0.171956    0.264282    0.211865    145.10    256.32    1.028
      alpha_symdir   0.272265    0.000446    0.231104    0.313446    0.271892    125.47    261.09    1.003
      alpha_symdir   0.256718    0.000582    0.209349    0.303093    0.256299     36.29     73.50    1.000
      alpha_symdir   0.328772    0.000416    0.289001    0.369423    0.328379    178.18    201.88    1.000
      alpha_symdir   0.334298    0.000773    0.281082    0.390483    0.334324     93.78    310.67    1.002
      alpha_symdir   0.351210    0.000398    0.314053    0.392496    0.350357    217.84    403.60    1.003
      alpha_symdir   0.241454    0.000373    0.206113    0.280707    0.240226    379.30    461.06    1.034
      alpha_symdir   0.138682    0.000305    0.112995    0.169512    0.135403    152.83    521.07    1.008
      alpha_symdir   0.156413    0.000162    0.132516    0.182483    0.155766    789.50   1061.07    1.000
      alpha_symdir   0.234808    0.000382    0.199347    0.274788    0.232783    143.14    183.13    1.006
      alpha_symdir   0.203999    0.000341    0.168060    0.240425    0.203796    304.38    523.52    1.000
      alpha_symdir   0.299579    0.000334    0.263756    0.335469    0.299328    172.13    333.24    1.000
      alpha_symdir   0.181222    0.000335    0.148156    0.217560    0.179569    126.67    201.50    1.003
      alpha_symdir   0.312858    0.000563    0.268109    0.359847    0.312425    279.71    318.23    1.001
      alpha_symdir   0.306953    0.000458    0.266347    0.350290    0.306407    136.91    297.21    1.009
      alpha_symdir   0.305660    0.000418    0.265018    0.345275    0.305935    142.58    231.13    1.005
      alpha_symdir   0.325628    0.000810    0.267852    0.379770    0.327190     67.80    100.33    1.000
      alpha_symdir   0.181274    0.000395    0.145406    0.221046    0.179748    100.51    206.67    1.000
      alpha_symdir   0.303486    0.000821    0.248319    0.362926    0.304343     42.15     63.83    1.005
      alpha_symdir   0.280242    0.000668    0.229495    0.329888    0.279052     48.84    191.67    1.005
      alpha_symdir   0.217480    0.000624    0.170299    0.268212    0.216199    103.55    177.36    1.006
      alpha_symdir   0.187707    0.000457    0.144612    0.229393    0.187467     67.04    145.89    1.001
      alpha_symdir   0.228760    0.000651    0.179975    0.279605    0.227824    123.49    149.37    1.012
      alpha_symdir   0.273539    0.000287    0.240563    0.306304    0.272872    496.55    553.14    1.004
      alpha_symdir   0.302737    0.000409    0.263465    0.342519    0.302679    346.19    442.26    1.001
      alpha_symdir   0.310082    0.000510    0.266780    0.355492    0.308737    299.68    308.07    1.001
      alpha_symdir   0.244574    0.000448    0.203678    0.287152    0.244155     74.22    133.12    1.000
      alpha_symdir   0.324145    0.000420    0.284788    0.365701    0.324140    121.99    189.78    1.001
      alpha_symdir   0.331666    0.000427    0.290102    0.370979    0.331346    164.56    276.50    1.001
      alpha_symdir   0.225878    0.000449    0.188383    0.269842    0.223551    130.63    267.01    1.022
      alpha_symdir   0.245130    0.000440    0.205185    0.286046    0.243841    199.91    240.21    1.000
      alpha_symdir   0.299655    0.000340    0.264546    0.336535    0.299623    246.21    365.67    1.001
      alpha_symdir   0.282030    0.000393    0.243127    0.320344    0.281406    248.18    342.31    1.001
