      alpha_symdir   0.672402    0.003484    0.556482    0.787157    0.671285   4757.33   4971.80    1.000
      alpha_symdir   0.502149    0.020649    0.316364    0.791938    0.453385   2368.40   2510.10    1.000
      alpha_symdir   0.428627    0.050817    0.308452    1.159306    0.366085      7.43   2990.69    1.119
      alpha_symdir   0.368155    0.024413    0.267850    0.846678    0.322157     50.97     56.19    1.002
      alpha_symdir   0.557431    0.070421    0.277265    0.941421    0.357347     34.26     37.71    1.010
      alpha_symdir   0.612138    0.063723    0.287292    1.041245    0.567095   4415.21   4496.78    1.000
      alpha_symdir   0.716969    0.007622    0.546029    0.894029    0.713851   4982.28   5217.34    1.000
      alpha_symdir   0.681299    0.017865    0.289031    0.882430    0.696507   5347.07   5354.86    1.000
      alpha_symdir   0.834499    0.034781    0.520089    1.285716    0.810591   3770.71   3889.56    1.000
      alpha_symdir   1.044415    0.046434    0.649261    1.444171    1.038453    991.00   1021.10    1.000
      alpha_symdir   0.833311    0.006175    0.691878    0.992793    0.825910   6377.93   6531.50    1.000
      alpha_symdir   0.421381    0.003809    0.299421    0.531389    0.420916   6300.61   6812.37    1.000
      alpha_symdir   0.506124    0.007273    0.360936    0.675062    0.494219   7076.46   7238.24    1.000
      alpha_symdir   0.426378    0.003456    0.324396    0.541575    0.418251   7667.93   7790.24    1.000
      alpha_symdir   0.749542    0.006355    0.595123    0.904348    0.748420   4697.61   5455.16    1.000
      alpha_symdir   0.981811    0.010539    0.794107    1.193987    0.973813   3958.41   4056.22    1.001
      alpha_symdir   0.721308    0.042922    0.339159    1.042787    0.748157   1640.69   1774.89    1.000
      alpha_symdir   0.660196    0.024248    0.369767    0.937877    0.660245   8970.30   9319.04    1.000
      alpha_symdir   0.926917    0.136689    0.251172    1.513997    0.940055   5076.43   5180.99    1.000
      alpha_symdir   0.947417    0.064661    0.458421    1.511440    0.914976   5207.16   5364.63    1.000
      alpha_symdir   0.807177    0.014601    0.658415    1.040497    0.819912     85.23    483.26    1.017
      alpha_symdir   1.472397    0.087430    0.965917    2.078317    1.432327   4890.03   4908.39    1.000
      alpha_symdir   0.438077    0.022383    0.299438    0.789952    0.376766   2624.29   2675.70    1.000
      alpha_symdir   0.553782    0.003696    0.427836    0.673886    0.553725   5413.32   5909.88    1.000
      alpha_symdir   0.975959    0.011994    0.769341    1.195998    0.967540   5113.44   5761.49    1.000
      alpha_symdir   1.107676    0.021390    0.863245    1.388982    1.104180    882.95    925.34    1.000
      alpha_symdir   0.635023    0.038663    0.290618    0.870265    0.718060    554.49    666.39    1.000
      alpha_symdir   0.807428    0.012040    0.611936    1.030522    0.805240   4425.05   4427.74    1.000
      alpha_symdir   0.848903    0.057686    0.311002    1.163420    0.899214   1267.50   1296.51    1.000
      alpha_symdir   0.721797    0.006096    0.563615    0.877884    0.718528   5264.64   5707.25    1.000
      alpha_symdir   0.630948    0.005918    0.475552    0.787619    0.629453   5403.64   5860.30    1.000
      alpha_symdir   0.831150    0.012656    0.635024    1.060797    0.825977   4132.79   4518.78    1.000
      alpha_symdir   0.441057    0.047486    0.269884    0.917533    0.333585    413.97    423.02    1.000
      alpha_symdir   0.812720    0.075318    0.283936    1.265245    0.828214   3875.04   3939.39    1.000
      alpha_symdir   0.834949    0.016234    0.655352    1.087359    0.838389    647.64    719.90    1.000
      alpha_symdir   0.978846    0.033694    0.673562    1.368482    0.964118   5115.32   5173.58    1.000
      alpha_symdir   0.836005    0.032612    0.335457    1.146658    0.838708   3775.06   4038.83    1.000
      alpha_symdir   0.784361    0.039380    0.451390    1.205184    0.755746   4533.02   4823.56    1.000
      alpha_symdir   0.551764    0.051331    0.237703    0.923830    0.538537   3570.51   3834.51    1.000
      alpha_symdir   0.829547    0.080082    0.282854    1.207494    0.899195   1330.56   1475.70    1.000
      alpha_symdir   0.937126    0.040496    0.389046    1.248091    0.968578    936.37    968.93    1.000
      alpha_symdir   0.481610    0.073073    0.263788    1.018017    0.335289     18.15     29.37    1.007
      alpha_symdir   0.833822    0.014532    0.625369    1.069940    0.818903   1625.56   1927.22    1.000
      alpha_symdir   0.820278    0.004888    0.689484    0.959990    0.815714   5159.21   5556.66    1.000
      alpha_symdir   0.601705    0.006735    0.438045    0.757243    0.603641   4794.68   4944.49    1.000
      alpha_symdir   0.424649    0.004146    0.324130    0.538198    0.413726   5340.16   6209.86    1.000
      alpha_symdir   0.508411    0.026189    0.289349    0.781770    0.488037   1848.52   1917.44    1.000
      alpha_symdir   0.895006    0.108233    0.335706    1.472293    0.878227   1988.36   2102.45    1.000
      alpha_symdir   0.709151    0.075489    0.293841    1.087775    0.802077    285.56    308.19    1.000
      alpha_symdir   0.588033    0.027629    0.298109    0.858925    0.611368   3187.57   3390.49    1.000
      alpha_symdir   0.743491    0.075894    0.264943    1.098309    0.838595    540.17    541.10    1.000
      alpha_symdir   0.706495    0.026066    0.361751    1.008172    0.705260   6924.33   7098.03    1.000
      alpha_symdir   0.743200    0.042737    0.311113    1.099200    0.747996   5396.10   5906.00    1.000
      alpha_symdir   0.854622    0.012004    0.663539    1.079163    0.842865   5582.52   6213.05    1.000
      alpha_symdir   0.397924    0.006765    0.294962    0.511322    0.382622   2595.04   2901.72    1.000
      alpha_symdir   0.561316    0.014388    0.334574    0.753837    0.576802   1577.45   1960.11    1.000
      alpha_symdir   0.523214    0.062030    0.302306    0.963652    0.367259     70.43     93.53    1.003
      alpha_symdir   0.510884    0.014088    0.260640    0.720074    0.515051   5764.85   5829.36    1.000
      alpha_symdir   0.562522    0.029229    0.315843    0.893065    0.526828   8005.86   8042.92    1.000
      alpha_symdir   0.392352    0.001592    0.323717    0.459293    0.388155   5587.78   5802.36    1.000
      alpha_symdir   0.680780    0.029654    0.386559    1.033474    0.646729   6577.74   6632.49    1.000
      alpha_symdir   0.777430    0.006610    0.635224    0.938177    0.772698   3516.67   4082.48    1.000
      alpha_symdir   0.865850    0.049043    0.286728    1.156699    0.904144   1588.61   1606.74    1.000
      alpha_symdir   1.056350    0.021552    0.783592    1.356561    1.049073   3062.40   3302.11    1.000
      alpha_symdir   0.685849    0.004455    0.560758    0.819797    0.682860   6767.54   6930.67    1.000
      alpha_symdir   0.722952    0.009452    0.528556    0.917009    0.725076   5069.87   5514.92    1.000
      alpha_symdir   0.723710    0.013842    0.516907    0.977200    0.716633   8080.24   8174.93    1.000
      alpha_symdir   0.597754    0.049471    0.317213    1.051801    0.525785   4179.73   4512.29    1.000
      alpha_symdir   0.858080    0.013231    0.667619    1.090574    0.852568   4376.90   4528.55    1.000
      alpha_symdir   0.723839    0.010669    0.518461    0.930525    0.719613   8026.86   8434.62    1.000
      alpha_symdir   0.969502    0.013224    0.767910    1.215230    0.960309   4765.22   4817.69    1.000
      alpha_symdir   0.450806    0.029323    0.257727    0.790647    0.368053   2684.14   2943.95    1.000
      alpha_symdir   0.948613    0.017228    0.739088    1.203681    0.947435   1787.91   2140.18    1.001
      alpha_symdir   0.589324    0.006152    0.435274    0.743400    0.586923   6124.11   6938.24    1.000
      alpha_symdir   0.497441    0.003711    0.378594    0.615084    0.493833   7412.21   7610.74    1.000
      alpha_symdir   0.884039    0.349518    0.084634    1.997172    0.718046   3393.32   3465.06    1.000
      alpha_symdir   0.777235    0.028630    0.352901    1.082598    0.771051   2026.66   2299.53    1.000
      alpha_symdir   0.700913    0.024082    0.383923    0.996970    0.689451   9552.93  10216.20    1.000
      alpha_symdir   0.510397    0.022448    0.296833    0.770215    0.488928   2205.83   2339.49    1.000
      alpha_symdir   0.572112    0.007292    0.417573    0.744164    0.568583   4344.59   6953.04    1.000
      alpha_symdir   0.775092    0.008745    0.601196    0.962802    0.773700   4152.81   4335.44    1.000
      alpha_symdir   0.881679    0.004124    0.759502    1.010189    0.878169   7120.75   7653.43    1.000
      alpha_symdir   0.985423    0.013183    0.775036    1.209336    0.976969   1817.13   2140.00    1.000
      alpha_symdir   1.238053    0.022469    0.964727    1.535469    1.223034   5645.90   6060.09    1.000
      alpha_symdir   0.674798    0.047198    0.311533    1.012566    0.719562   5660.82   5890.38    1.000
      alpha_symdir   0.953356    0.016393    0.710302    1.205561    0.942530   4318.13   4618.52    1.000
      alpha_symdir   0.711268    0.011504    0.517642    0.944031    0.708873   5887.66   6363.65    1.000
      alpha_symdir   0.627783    0.032092    0.277406    0.907952    0.653208   5637.27   5843.75    1.000
      alpha_symdir   0.530130    0.051312    0.339070    1.112487    0.450130   1553.04   1583.12    1.000
      alpha_symdir   0.579099    0.012391    0.364170    0.780812    0.575536   6885.21   6987.23    1.000
      alpha_symdir   0.634144    0.006446    0.494957    0.798326    0.631945   2921.33   3545.49    1.000
      alpha_symdir   0.793099    0.010924    0.612438    1.004443    0.781221   4343.62   4476.18    1.000
      alpha_symdir   0.833178    0.010221    0.649347    1.042728    0.825787   2412.63   2830.05    1.000
      alpha_symdir   0.794123    0.022920    0.528267    1.191451    0.792095   4720.57   5048.95    1.000
      alpha_symdir   0.642354    0.006172    0.501277    0.803125    0.634013   4703.33   5204.06    1.000
      alpha_symdir   0.900704    0.007418    0.741726    1.075678    0.893982   4787.07   5092.06    1.000
      alpha_symdir   0.502402    0.035564    0.293975    0.960242    0.434200   2290.23   2345.12    1.000
      alpha_symdir   0.709625    0.035588    0.282735    0.941539    0.760027    933.48    995.38    1.000
      alpha_symdir   1.019392    0.016279    0.802006    1.280869    1.003166   4214.02   4523.52    1.000
      alpha_symdir   0.701802    0.015487    0.472300    0.980751    0.710723   3913.32   3981.23    1.000
