      TL             6.826775    0.164945    6.059915    7.640299    6.814801   3101.79   3174.40    1.000
      TL             8.206375    0.388318    7.005394    9.432708    8.183848   1532.19   1561.59    1.000
      TL             7.812260    0.160871    7.046997    8.624076    7.805672     56.05   2653.19    1.008
      TL             7.142822    0.205692    6.242338    8.035435    7.133640    346.98    417.46    1.000
      TL             7.886558    0.359101    6.696097    9.016562    7.868839     86.61     89.74    1.004
      TL             4.225430    0.134324    3.494149    4.932499    4.211527   6242.64   6307.18    1.000
      TL             6.597990    0.173631    5.798197    7.429440    6.583196   3063.32   3230.01    1.000
      TL             4.772914    0.229583    3.867095    5.734263    4.747014   2696.73   2874.12    1.000
      TL             5.536980    0.185988    4.662869    6.362573    5.534611   3253.25   3276.34    1.000
      TL             7.411608    0.398392    6.275698    8.640012    7.386661    726.70    764.03    1.000
      TL             7.053724    0.151273    6.313381    7.835229    7.041346   3200.51   3503.32    1.000
      TL             2.710869    0.116034    2.070442    3.392861    2.689783   4393.45   4689.21    1.000
      TL             4.678565    0.206152    3.832102    5.590918    4.653331   3616.74   3621.19    1.000
      TL             2.608917    0.085795    2.057880    3.204217    2.591692   5069.53   5476.14    1.000
      TL             8.447897    0.219686    7.533718    9.368840    8.433310   3043.69   3223.47    1.000
      TL             7.164467    0.166585    6.386543    7.989822    7.153150   2794.76   2841.09    1.001
      TL             7.401677    0.200218    6.514613    8.264647    7.388741   2285.84   2531.93    1.001
      TL             4.512778    0.196071    3.693133    5.415505    4.485356   4127.33   4216.02    1.000
      TL             1.945123    0.095565    1.375025    2.557665    1.915251   8278.94   8549.30    1.000
      TL             3.468064    0.117071    2.817442    4.150521    3.452239   5188.88   5490.67    1.000
      TL             7.153621    0.155224    6.382479    7.922755    7.140952    610.43   2832.66    1.001
      TL             4.524206    0.131722    3.837976    5.248364    4.500012   3191.58   3261.31    1.000
      TL             5.784895    0.193439    4.953922    6.650658    5.767076   3091.15   3210.55    1.000
      TL             4.717128    0.132184    4.037321    5.461648    4.703048   6110.22   6519.21    1.000
      TL             5.705569    0.120408    5.027001    6.379805    5.695285   4750.42   4802.22    1.000
      TL             5.617323    0.223010    4.740479    6.557190    5.586007   2154.40   2322.63    1.000
      TL             7.525301    0.420966    6.325017    8.837104    7.469542    737.61    936.97    1.000
      TL             6.229832    0.180067    5.413824    7.071083    6.215283   2384.51   2661.13    1.000
      TL             5.754489    0.275419    4.717491    6.778942    5.731818   1941.12   2066.33    1.000
      TL             5.423408    0.112007    4.788454    6.097308    5.415418   4458.22   4878.16    1.000
      TL             6.167804    0.160478    5.400690    6.969615    6.153375   3041.89   3075.47    1.000
      TL             7.423874    0.233258    6.480914    8.372561    7.402189   1542.62   1550.00    1.000
      TL             5.956647    0.157682    5.191726    6.748390    5.946230   1327.00   1371.72    1.000
      TL             2.841935    0.077362    2.312727    3.397103    2.828997   4661.16   4692.19    1.000
      TL             6.632765    0.130214    5.920918    7.327474    6.620737   3496.57   4271.74    1.000
      TL             3.631174    0.114570    2.984798    4.303235    3.612837   4250.61   4617.63    1.000
      TL             4.433567    0.112881    3.778532    5.085795    4.421621   4608.54   4873.36    1.000
      TL             2.946352    0.066376    2.442272    3.447061    2.935604   4578.79   5076.04    1.000
      TL             3.778978    0.168003    3.011265    4.605119    3.753086   3422.54   3634.21    1.000
      TL             4.144253    0.117783    3.501814    4.833531    4.125399   3249.47   3280.70    1.000
      TL             7.719842    0.333329    6.676287    8.900088    7.664959    841.10    884.65    1.000
      TL             5.234717    0.211385    4.349030    6.148982    5.221957    104.23    149.40    1.001
      TL             7.558532    0.281615    6.535655    8.581344    7.548967    830.30   1111.77    1.001
      TL             8.070872    0.191562    7.221985    8.932621    8.060239   3032.01   3154.30    1.000
      TL             7.783579    0.259174    6.803109    8.787877    7.765335   2352.85   2389.71    1.000
      TL             5.634351    0.240534    4.713292    6.614623    5.608727   1783.48   2292.46    1.002
      TL             5.510800    0.120393    4.818671    6.177265    5.503139   4334.63   4615.27    1.000
      TL             4.141255    0.180093    3.314741    4.961485    4.137225   1812.10   1882.75    1.000
      TL             5.619535    0.162865    4.837887    6.414011    5.614183   2205.48   2401.03    1.000
      TL             5.955363    0.132406    5.272043    6.690296    5.950459   3493.23   3766.52    1.000
      TL             3.855132    0.116584    3.206401    4.527919    3.833231   2251.04   2352.79    1.000
      TL             3.858317    0.154289    3.132662    4.665036    3.834904   4232.68   4354.44    1.000
      TL             3.382736    0.107956    2.756070    4.047531    3.371985   5922.25   5994.18    1.000
      TL             5.558184    0.159604    4.795677    6.358029    5.544641   2629.38   2777.86    1.001
      TL             6.192644    0.208197    5.315029    7.101400    6.173377   1693.30   1755.10    1.000
      TL             6.378922    0.230591    5.476753    7.345603    6.361835   1491.95   1610.83    1.000
      TL             7.341790    0.178987    6.512470    8.175444    7.333432    853.18    947.15    1.000
      TL             4.642916    0.172403    3.852412    5.465393    4.620997   3596.94   3780.66    1.000
      TL             4.179502    0.149894    3.429269    4.950132    4.161932   4886.65   4899.31    1.000
      TL             5.617015    0.155699    4.845317    6.386300    5.601810   2619.52   3119.92    1.000
      TL             2.652367    0.061706    2.182348    3.157122    2.641599   7012.29   7440.61    1.000
      TL             6.163095    0.146514    5.419738    6.916391    6.154016   4245.90   4255.97    1.000
      TL             4.747072    0.165775    3.988083    5.570028    4.725027   2523.16   2835.86    1.000
      TL             8.360246    0.256387    7.386275    9.367011    8.340570   1172.28   1341.52    1.000
      TL             8.459499    0.210383    7.585727    9.383606    8.446017   3360.56   3837.49    1.000
      TL             8.858028    0.339466    7.774559   10.063090    8.832967   1767.23   1875.44    1.000
      TL             4.067517    0.188019    3.272011    4.945001    4.030170   3892.69   4095.83    1.000
      TL             5.194172    0.250795    4.221647    6.184837    5.172297   2141.68   2420.72    1.000
      TL             5.540301    0.209509    4.669891    6.455132    5.521307   3412.63   3459.50    1.000
      TL             6.850174    0.323675    5.767435    7.972164    6.815938   1230.31   1404.51    1.000
      TL             5.594081    0.114958    4.945869    6.272155    5.581376   4982.88   4999.77    1.000
      TL             6.193021    0.286208    5.160642    7.254695    6.173565   2712.95   2846.06    1.000
      TL             8.075283    0.252217    7.114814    9.074445    8.063786   2266.27   2411.06    1.000
      TL             4.883794    0.201699    4.043713    5.795748    4.857086   2672.44   2835.50    1.000
      TL             4.675073    0.144352    3.935696    5.424425    4.655110   2781.80   2837.00    1.000
      TL             1.711753    0.136839    1.104894    2.451309    1.651287   3734.24   3864.47    1.000
      TL             7.876331    0.353545    6.726710    9.062296    7.884137   1175.10   1258.26    1.001
      TL             3.906781    0.116967    3.257147    4.595303    3.893674   8516.03   8683.44    1.000
      TL             7.330240    0.214216    6.459119    8.273687    7.318303   3787.79   4013.62    1.000
      TL             4.716450    0.174206    3.933239    5.562996    4.697593   6765.15   7092.30    1.000
      TL             7.251502    0.234428    6.326431    8.213570    7.234042    871.64   1299.65    1.001
      TL             7.729351    0.177126    6.918384    8.550418    7.714461   2215.10   3320.48    1.000
      TL             6.615452    0.156921    5.847318    7.399890    6.603454   2056.70   2276.84    1.000
      TL             5.490570    0.123169    4.819655    6.186138    5.479664   3755.29   3814.76    1.000
      TL             4.738236    0.216887    3.863289    5.658090    4.712433   3925.32   4125.27    1.000
      TL             6.666126    0.166582    5.856371    7.446923    6.654323   2702.60   3290.75    1.000
      TL             6.092757    0.193120    5.252589    6.965066    6.072220   2997.41   3387.26    1.000
      TL             4.047950    0.137652    3.349376    4.796705    4.027396   4239.89   4549.69    1.000
      TL             5.028528    0.176705    4.224896    5.868444    5.016241   2757.64   3007.72    1.000
      TL             5.209567    0.192861    4.355110    6.081858    5.193828   4482.23   4668.69    1.000
      TL             7.870040    0.239881    6.911688    8.822965    7.849750   2449.97   3023.01    1.000
      TL             7.144133    0.237873    6.217276    8.116712    7.134044   3186.34   3204.59    1.000
      TL             8.797489    0.382518    7.572583    9.987564    8.777538   1134.09   1280.04    1.000
      TL             3.649517    0.175173    2.868324    4.498356    3.622019   2575.01   2710.91    1.000
      TL             8.822045    0.289097    7.789281    9.877006    8.799393   1317.03   1695.19    1.000
      TL             8.142510    0.211792    7.254895    9.058629    8.127774   2855.58   3113.59    1.000
      TL             3.775613    0.090988    3.196465    4.382321    3.771368   4060.18   4162.77    1.000
      TL             5.648972    0.277142    4.653184    6.729327    5.627029   1758.48   1831.47    1.000
      TL             6.943965    0.201685    6.056289    7.822286    6.927631    858.29   1114.00    1.001
      TL             5.819469    0.250408    4.872847    6.803440    5.793647   1634.15   1668.60    1.000
