      alpha_symdir             7.193597    2.523912    4.426195   10.336400    6.974762   6169.15   6341.87    1.000
      alpha_symdir             5.356676    1.637399    3.206354    7.974715    5.176046   2568.55   2677.77    1.002
      alpha_symdir             7.392264    2.927309    4.422498   10.815440    7.184972   5674.25   5880.61    1.000
      alpha_symdir             7.882788    3.091664    4.918037   11.482720    7.647742   6470.18   6509.32    1.000
      alpha_symdir             7.297266    2.618803    4.574213   10.668960    7.088431   5612.93   5763.40    1.000
      alpha_symdir             7.653473    3.564079    4.353206   11.434860    7.392687   5923.23   5928.63    1.000
      alpha_symdir             8.504800    3.625851    5.063844   12.280660    8.275387   6004.35   6265.24    1.000
      alpha_symdir             5.221956    2.283647    2.679101    8.232797    4.985396    327.27    419.37    1.001
      alpha_symdir             7.133575    2.995070    4.107436   10.590330    6.893161   5291.85   5783.95    1.000
      alpha_symdir             6.887787    2.254383    4.286351    9.885439    6.692468   4382.70   5070.28    1.002
      alpha_symdir             8.285689    3.576761    5.013483   12.163220    8.029759   5698.04   5754.26    1.000
      alpha_symdir             3.109698    0.902752    1.607236    4.976805    2.928792   2323.70   3137.14    1.000
      alpha_symdir             5.119809    1.782667    2.846785    7.750859    4.908264   4276.34   4539.18    1.000
      alpha_symdir             3.689132    1.345704    1.829791    5.963110    3.480346   1102.68   1356.43    1.000
      alpha_symdir             9.787443    4.198486    6.068718   13.820330    9.575325   5865.07   6065.68    1.000
      alpha_symdir             8.662198    3.746472    5.272391   12.630080    8.421892   5547.59   5959.38    1.000
      alpha_symdir             7.213714    2.764124    4.302966   10.477280    6.991181   5084.38   5486.59    1.000
      alpha_symdir             4.361133    1.184826    2.602100    6.566828    4.180503   3303.50   3387.61    1.001
      alpha_symdir             3.939169    1.684365    1.834511    6.509231    3.702928   4603.77   4740.45    1.000
      alpha_symdir             5.873206    2.774310    3.084432    9.252073    5.617375   4407.32   4659.06    1.000
      alpha_symdir             7.578032    2.875624    4.630729   10.932490    7.372805   6498.39   6508.23    1.000
      alpha_symdir             6.620607    2.867233    3.735785   10.024690    6.386571   5802.34   5874.57    1.000
      alpha_symdir             4.279600    0.968379    2.638205    6.253131    4.140123   4036.46   4155.70    1.000
      alpha_symdir             5.963060    2.482931    3.195164    9.101241    5.743605   4788.02   4911.57    1.000
      alpha_symdir             7.656945    3.204703    4.570553   11.263520    7.417821   6341.31   6370.88    1.000
      alpha_symdir             6.503895    2.674563    3.690313    9.723300    6.255691    125.72    792.69    1.002
      alpha_symdir             7.215047    2.756528    4.343568   10.546530    6.984943   4396.10   4578.46    1.000
      alpha_symdir             6.191941    2.093972    3.717781    9.053397    5.975808   4036.29   4612.29    1.001
      alpha_symdir             5.284076    1.780590    3.058946    7.984814    5.073036    804.56   1565.46    1.000
      alpha_symdir             5.952703    1.935193    3.576289    8.713718    5.756662   5390.80   5660.95    1.000
      alpha_symdir             7.521557    3.188711    4.406122   11.049170    7.271715   1969.57   3284.32    1.000
      alpha_symdir             7.262107    2.695937    4.430064   10.574680    7.054915   5870.68   5880.00    1.000
      alpha_symdir             7.512522    3.234878    4.251687   10.934520    7.287736   6059.27   6240.14    1.000
      alpha_symdir             4.573023    1.767122    2.369462    7.217998    4.353552   5081.55   5085.37    1.000
      alpha_symdir             8.902622    4.217062    5.303077   12.971570    8.654485   5773.39   6084.46    1.000
      alpha_symdir             6.704695    3.047997    3.748320   10.236890    6.458632   5200.52   5735.42    1.000
      alpha_symdir             6.932993    3.267584    3.995742   10.737280    6.694227   5862.47   6020.37    1.000
      alpha_symdir             5.138872    2.324955    2.611500    8.217632    4.897507   4712.92   4886.94    1.000
      alpha_symdir             5.751916    2.524555    3.087367    8.959449    5.509483   2523.86   2655.65    1.000
      alpha_symdir             6.278343    2.739264    3.368796    9.531949    6.041522   4704.11   4898.28    1.000
      alpha_symdir             8.462151    3.389036    5.157615   12.109770    8.240804   6385.92   6472.78    1.000
      alpha_symdir             6.543333    2.599774    3.705902    9.720740    6.319930   5576.12   5848.03    1.000
      alpha_symdir             7.916170    3.145309    4.797282   11.439560    7.698585   5359.25   5638.76    1.001
      alpha_symdir             5.375369    1.579252    3.293294    7.932416    5.181540   3403.15   3420.80    1.000
      alpha_symdir             7.411676    2.876324    4.464010   10.822110    7.192160   6106.12   6281.79    1.000
      alpha_symdir             5.462615    2.021105    3.054505    8.302966    5.245956   2889.50   3574.24    1.000
      alpha_symdir             6.137764    2.153031    3.656370    9.128425    5.930895   5679.22   5986.94    1.000
      alpha_symdir             4.947125    1.989521    2.664984    7.863166    4.726438   1379.15   1890.34    1.000
      alpha_symdir             7.491701    3.109644    4.499664   11.130280    7.265844   6142.66   6370.19    1.000
      alpha_symdir             5.246767    1.561286    3.088866    7.708841    5.055815   4468.91   4808.73    1.000
      alpha_symdir             5.286469    2.021814    2.905507    8.137244    5.061289   5098.56   5290.13    1.000
      alpha_symdir             6.229669    2.811736    3.388333    9.608175    5.977910   2393.41   3293.03    1.001
      alpha_symdir             6.027826    2.730545    3.224230    9.393738    5.772176   3088.50   4274.38    1.000
      alpha_symdir             8.655176    3.971763    5.192324   12.649820    8.413122   5915.30   5962.82    1.000
      alpha_symdir             6.402482    2.315730    3.774987    9.425841    6.191439   5669.58   5822.22    1.000
      alpha_symdir             5.845916    2.081438    3.393082    8.779160    5.638876   4603.23   4797.85    1.000
      alpha_symdir             7.638598    2.872969    4.710233   11.072430    7.411299   5739.86   6043.23    1.000
      alpha_symdir             5.842415    2.391503    3.283474    8.980714    5.611432   4576.18   4742.00    1.000
      alpha_symdir             5.782192    2.247561    3.259938    8.810060    5.540947   4677.79   4794.03    1.001
      alpha_symdir             5.921258    1.912766    3.625125    8.722643    5.723345   5625.60   5841.27    1.000
      alpha_symdir             4.675569    2.025060    2.350679    7.523174    4.438457   4151.86   4442.36    1.000
      alpha_symdir             7.686499    3.225958    4.546646   11.240600    7.451123   5498.38   5730.77    1.000
      alpha_symdir             5.578693    2.319099    3.077860    8.706750    5.339748   1224.99   1590.38    1.002
      alpha_symdir             8.661642    3.659360    5.409857   12.600220    8.412296   5969.80   6335.43    1.000
      alpha_symdir             6.332228    2.066154    3.754796    9.149586    6.127918   3909.15   4702.39    1.002
      alpha_symdir            10.126588    4.589260    6.267067   14.349310    9.901090   6619.83   6722.26    1.000
      alpha_symdir             5.515470    2.273684    2.954806    8.579931    5.279022   4156.69   4295.71    1.000
      alpha_symdir             6.808620    3.052848    3.804073   10.354650    6.565482   5714.78   5791.33    1.000
      alpha_symdir             5.967784    2.413191    3.218513    8.979847    5.735486   4158.16   4265.54    1.000
      alpha_symdir             6.440933    2.678426    3.694855    9.744051    6.221356   5566.82   5730.09    1.000
      alpha_symdir             9.416086    4.610646    5.615890   13.702210    9.157839   6514.55   6693.57    1.000
      alpha_symdir             7.447979    3.149992    4.359137   11.045080    7.218903   5615.88   5677.09    1.000
      alpha_symdir             7.616627    2.963371    4.724024   11.141300    7.401917   5345.94   5638.98    1.000
      alpha_symdir             7.913496    3.711096    4.439209   11.702800    7.657415   5562.91   5703.18    1.000
      alpha_symdir             6.709022    2.999227    3.743737   10.191650    6.456021   5725.94   5812.81    1.000
      alpha_symdir             3.521809    1.485924    1.648647    6.037315    3.295596   4433.32   4694.54    1.000
      alpha_symdir             8.115530    3.319771    4.952876   11.776660    7.878372   6090.89   6413.57    1.000
      alpha_symdir             7.000667    3.324262    3.843856   10.594110    6.755859   5813.19   5826.28    1.000
      alpha_symdir             6.592095    2.292946    3.999156    9.671516    6.377022   4750.28   5686.63    1.000
      alpha_symdir             4.385512    1.319301    2.448712    6.675469    4.193366   4202.89   4293.23    1.000
      alpha_symdir             6.295710    2.020675    3.843062    9.156212    6.094079   1863.41   3474.19    1.002
      alpha_symdir             9.582695    4.389035    5.952844   13.812170    9.324112   5986.72   6273.17    1.000
      alpha_symdir             6.615006    2.307450    4.012866    9.684837    6.405598   6347.51   6544.98    1.000
      alpha_symdir             4.532337    1.123677    2.820860    6.692760    4.352870   4513.58   4716.31    1.000
      alpha_symdir             6.568005    2.937222    3.565026    9.891665    6.319010   2796.40   2841.09    1.000
      alpha_symdir             6.217418    2.116497    3.751050    9.128867    6.015303   6223.80   6387.60    1.000
      alpha_symdir             7.323052    3.301969    4.137098   10.923540    7.102164   3577.87   4236.73    1.000
      alpha_symdir             4.858665    1.766383    2.650275    7.564463    4.648604   3355.48   3766.91    1.000
      alpha_symdir             6.178906    2.464623    3.561864    9.397822    5.950220   5983.22   6032.41    1.000
      alpha_symdir             6.233702    2.237971    3.700014    9.241738    6.021891   5578.02   5863.03    1.000
      alpha_symdir             8.607173    3.483311    5.349734   12.380730    8.379008   6615.35   6649.86    1.000
      alpha_symdir             7.807132    2.900758    4.782725   11.190020    7.594198   5997.19   6321.26    1.000
      alpha_symdir             6.488656    1.919874    4.060873    9.296963    6.304010   5383.02   5611.26    1.002
      alpha_symdir             5.617860    2.101327    3.104093    8.491201    5.399221   4593.57   4908.91    1.001
      alpha_symdir             6.538893    2.243305    3.954386    9.571698    6.326542   5447.17   5466.83    1.001
      alpha_symdir             7.490997    2.620513    4.669778   10.732290    7.288252   6058.55   6265.80    1.000
      alpha_symdir             5.615616    2.358067    3.016170    8.681336    5.379144   5085.44   5277.17    1.001
      alpha_symdir             5.674703    2.200406    3.167528    8.647772    5.448799   5050.88   5059.72    1.000
      alpha_symdir             7.791215    3.280840    4.623918   11.403980    7.544891   4537.99   5255.53    1.000
      alpha_symdir             5.654824    2.007177    3.205246    8.446317    5.436062   4765.31   4810.75    1.000
