      clockrate                1.162917    0.010517    0.974258    1.368057    1.152620     50.97     63.58    1.024
      clockrate                1.096683    0.006951    0.940696    1.264382    1.092163     92.69    199.09    1.005
      clockrate                1.039703    0.005387    0.906938    1.183903    1.033509     32.48     89.00    1.044
      clockrate                1.101046    0.004923    0.968541    1.242515    1.097284    113.75    263.26    1.006
      clockrate                1.082267    0.004165    0.962372    1.216280    1.078811     87.92    174.74    1.015
      clockrate                1.083540    0.011207    0.885078    1.293839    1.074819    202.01    394.84    1.012
      clockrate                1.041503    0.003601    0.924678    1.160652    1.040307   1759.33   1888.70    1.000
      clockrate                1.276419    0.077593    0.831995    1.842706    1.225198     72.38     89.61    1.006
      clockrate                1.167240    0.008364    0.993293    1.350784    1.163894   1298.73   1303.12    1.000
      clockrate                1.091424    0.006087    0.944254    1.249122    1.086910     49.10     73.05    1.000
      clockrate                1.050732    0.006433    0.905119    1.215692    1.043773     68.51    117.98    1.010
      clockrate                1.360784    0.122424    0.764656    2.048689    1.324475    133.11    148.89    1.007
      clockrate                1.186131    0.015583    0.952442    1.435139    1.176289     93.84    107.18    1.009
      clockrate                1.230029    0.062405    0.848877    1.758735    1.175438     78.48     98.50    1.001
      clockrate                1.074379    0.004780    0.945537    1.215668    1.070788    192.64    322.16    1.002
      clockrate                1.026669    0.004627    0.901885    1.166666    1.021631     66.67    321.59    1.075
      clockrate                1.019542    0.004818    0.885520    1.156942    1.015936     73.01     79.89    1.001
      clockrate                1.764046    0.205581    0.970654    2.646124    1.727054     62.37     76.79    1.021
      clockrate                1.807983    0.354616    0.951615    3.038866    1.665425    230.22    290.62    1.003
      clockrate                1.127552    0.015758    0.911740    1.369634    1.112563    120.74    123.82    1.004
      clockrate                1.210441    0.008290    1.036147    1.394291    1.204620     96.63    121.84    1.009
      clockrate                1.037921    0.011447    0.838075    1.251361    1.028299    194.64    256.91    1.000
      clockrate                1.408437    0.074631    0.948030    1.962487    1.369189     25.71     84.74    1.000
      clockrate                1.075542    0.013522    0.861563    1.309942    1.063861     92.78    166.40    1.008
      clockrate                1.099802    0.004057    0.977069    1.225466    1.098105    175.15    346.62    1.008
      clockrate                1.214391    0.031751    0.899862    1.570571    1.189234     23.65     72.57    1.008
      clockrate                1.204695    0.015216    0.986867    1.450820    1.192893     45.42    104.47    1.000
      clockrate                1.046448    0.011420    0.864319    1.271487    1.028968     26.12     39.03    1.175
      clockrate                1.261016    0.020393    1.013678    1.551113    1.245609    114.28    121.59    1.003
      clockrate                1.096856    0.015640    0.871405    1.345437    1.079739    111.33    123.92    1.000
      clockrate                1.057869    0.012330    0.853819    1.278795    1.044515     46.40     84.54    1.007
      clockrate                1.037682    0.007830    0.874307    1.219972    1.028868     61.92     75.90    1.066
      clockrate                0.993290    0.003437    0.881558    1.110369    0.990634    236.90    314.16    1.005
      clockrate                1.015942    0.015380    0.782400    1.264467    1.005906    406.99    465.45    1.001
      clockrate                0.989027    0.002556    0.890907    1.087881    0.987964    644.77    795.66    1.001
      clockrate                0.941750    0.007986    0.773179    1.119957    0.934579    175.93    181.34    1.005
      clockrate                1.001715    0.008781    0.825073    1.188707    0.994852    279.29    371.81    1.001
      clockrate                0.942723    0.010104    0.746463    1.135811    0.934909    436.15    480.87    1.004
      clockrate                0.968746    0.012703    0.759126    1.190210    0.957667    249.30    393.04    1.000
      clockrate                0.952374    0.005729    0.812388    1.106462    0.947726    420.69    624.07    1.000
      clockrate                1.122541    0.004498    0.994972    1.256157    1.118397     51.46     59.81    1.004
      clockrate                1.165610    0.010389    0.975465    1.368185    1.158275     83.39    115.02    1.010
      clockrate                1.074182    0.005642    0.927967    1.221989    1.070580     29.59    101.58    1.004
      clockrate                1.099072    0.006792    0.938099    1.260048    1.095942    285.00    320.54    1.000
      clockrate                0.969733    0.005796    0.831733    1.125958    0.963783     70.43     78.42    1.001
      clockrate                0.974648    0.011552    0.785308    1.190722    0.961554    251.38    314.15    1.007
      clockrate                1.194006    0.009114    1.017575    1.390881    1.188725    116.75    149.65    1.004
      clockrate                1.213027    0.046846    0.830834    1.627974    1.181454     53.32     75.26    1.043
      clockrate                1.060856    0.009238    0.887006    1.256461    1.052648     49.48     54.42    1.001
      clockrate                1.079238    0.004638    0.950124    1.214495    1.076095    323.67    341.70    1.002
      clockrate                1.112942    0.010587    0.925068    1.320481    1.105325    324.90    470.22    1.001
      clockrate                1.051221    0.022698    0.796180    1.347344    1.032051     82.83    118.85    1.011
      clockrate                1.391794    0.084838    0.900382    1.970967    1.346713    115.95    163.20    1.001
      clockrate                1.052529    0.008217    0.878739    1.231799    1.043330     93.31    135.72    1.003
      clockrate                1.186402    0.013109    0.980401    1.412183    1.173707     50.75    118.52    1.010
      clockrate                0.985729    0.006265    0.838538    1.141758    0.980103    130.54    163.84    1.002
      clockrate                1.109512    0.006018    0.965202    1.267227    1.104154    194.95    223.98    1.006
      clockrate                1.100688    0.012034    0.887942    1.312109    1.092678    346.50    364.67    1.000
      clockrate                1.062643    0.013106    0.852834    1.292953    1.053277    322.72    368.30    1.000
      clockrate                1.106695    0.014356    0.901277    1.347768    1.088344     22.83     74.71    1.086
      clockrate                1.004137    0.030194    0.721380    1.360323    0.972630     41.96     88.28    1.106
      clockrate                0.994012    0.003312    0.881251    1.106084    0.992975   1091.11   1209.54    1.001
      clockrate                0.956392    0.009013    0.785748    1.148434    0.947633     51.27     55.18    1.003
      clockrate                1.044957    0.007191    0.898523    1.219089    1.033809     25.83     31.46    1.048
      clockrate                1.228418    0.011098    1.030607    1.444391    1.217893     35.05     35.34    1.024
      clockrate                1.009423    0.004406    0.882041    1.138875    1.005538    139.68    223.07    1.038
      clockrate                1.302401    0.041888    0.940489    1.712721    1.275090     97.61    125.19    1.000
      clockrate                1.106939    0.017927    0.869486    1.375468    1.089661     94.14    114.14    1.002
      clockrate                1.280440    0.034323    0.960718    1.658679    1.250220     56.21     93.42    1.000
      clockrate                1.006477    0.011257    0.809765    1.220779    1.000351    263.13    397.45    1.009
      clockrate                1.097833    0.005517    0.960543    1.250783    1.094449    141.60    241.81    1.023
      clockrate                1.089817    0.012162    0.882790    1.311110    1.079802    103.60    197.94    1.001
      clockrate                1.164331    0.005378    1.023797    1.312010    1.162145    701.25    735.30    1.001
      clockrate                1.074324    0.009774    0.887595    1.276257    1.067120     60.75    150.54    1.002
      clockrate                1.020626    0.006592    0.868492    1.185095    1.015848    215.17    225.89    1.000
      clockrate                1.360888    0.114936    0.748719    2.020094    1.319366     40.13    235.41    1.009
      clockrate                0.973705    0.004232    0.846009    1.099854    0.971631    151.39    214.73    1.006
      clockrate                1.137571    0.017462    0.901306    1.401825    1.120459     49.28    103.08    1.013
      clockrate                1.109515    0.004993    0.972830    1.248634    1.106120    248.35    288.77    1.024
      clockrate                1.375506    0.066501    0.950588    1.896523    1.327617     70.13    148.63    1.026
      clockrate                1.245378    0.028603    0.941101    1.589499    1.226026     40.92     58.65    1.004
      clockrate                1.028746    0.003165    0.924665    1.144065    1.026599     76.83    278.83    1.007
      clockrate                1.008373    0.005192    0.869077    1.151486    1.006091     68.29    263.26    1.001
      clockrate                1.234768    0.018451    0.981591    1.508044    1.219338     68.00     80.78    1.010
      clockrate                1.194120    0.025542    0.932559    1.527451    1.166026     75.66     95.22    1.002
      clockrate                1.013770    0.005709    0.872046    1.163777    1.009051    227.31    229.12    1.003
      clockrate                1.243195    0.024836    0.969902    1.558195    1.221495     47.04     57.44    1.006
      clockrate                0.988843    0.012629    0.780979    1.216796    0.978271    202.12    246.39    1.001
      clockrate                1.195953    0.014724    0.976081    1.433873    1.183516    143.41    208.54    1.007
      clockrate                1.200662    0.017971    0.969263    1.475836    1.182370     95.65    110.15    1.006
      clockrate                1.132346    0.004892    0.992819    1.267965    1.129960    205.33    456.61    1.041
      clockrate                1.162188    0.008373    0.991256    1.345366    1.154128     31.22     32.57    1.000
      clockrate                1.140104    0.006682    0.986775    1.305432    1.136543     85.56    126.51    1.001
      clockrate                1.569537    0.067858    1.123527    2.075122    1.525782     38.52     41.90    1.008
      clockrate                1.144325    0.013223    0.940352    1.380820    1.129476    108.21    108.27    1.001
      clockrate                1.030928    0.003292    0.919524    1.143659    1.029852    123.32    624.58    1.004
      clockrate                0.955779    0.006243    0.807077    1.114974    0.951359    179.02    349.19    1.003
      clockrate                1.351324    0.039587    1.008900    1.757310    1.321148     81.92    129.47    1.005
      clockrate                1.023851    0.007273    0.871286    1.203099    1.014385     33.11     46.47    1.029
      clockrate                1.204511    0.015288    0.977693    1.447265    1.188859     79.51     81.13    1.000
