      ilnvar                   0.019593    0.000596    0.000004    0.065531    0.011901     20.53     26.42    1.009
      ilnvar                   0.010272    0.000185    0.000010    0.035898    0.006031     17.73     29.77    1.041
      ilnvar                   0.000554    0.000003    0.000001    0.002902    0.000033     18.80     20.48    1.000
      ilnvar                   0.006234    0.000230    0.000001    0.036077    0.000226     19.76     22.13    1.151
      ilnvar                   0.006134    0.000088    0.000018    0.023724    0.002786     14.74     23.97    1.000
      ilnvar                   0.026963    0.001509    0.000002    0.101085    0.013031     47.11     60.89    1.037
      ilnvar                   0.000094    0.000000    0.000001    0.000377    0.000018     40.98     50.00    1.010
      ilnvar                   0.174150    0.100615    0.000036    0.779201    0.054468     33.87     40.53    1.028
      ilnvar                   0.014108    0.000257    0.000172    0.046247    0.008507     58.44     71.56    1.011
      ilnvar                   0.024405    0.001346    0.000011    0.090707    0.009774     18.74     35.58    1.230
      ilnvar                   0.032864    0.001321    0.000061    0.104330    0.022195     28.99     30.69    1.008
      ilnvar                   0.521151    0.224206    0.004369    1.417742    0.387920    119.07    234.12    1.005
      ilnvar                   0.055645    0.005444    0.000098    0.192134    0.030144     40.16     58.73    1.000
      ilnvar                   0.382295    0.137945    0.002559    1.094646    0.271629    147.20    165.17    1.000
      ilnvar                   0.037631    0.001264    0.000142    0.106426    0.027633     27.49     34.26    1.008
      ilnvar                   0.006812    0.000168    0.000001    0.036086    0.000941      9.40     13.79    1.006
      ilnvar                   0.020202    0.000713    0.000133    0.075211    0.009326     21.33     26.51    1.008
      ilnvar                   0.141064    0.018988    0.000298    0.388912    0.109802     83.39    103.94    1.002
      ilnvar                   0.294779    0.148307    0.000030    0.991547    0.170474    481.42    631.45    1.000
      ilnvar                   0.008647    0.000374    0.000002    0.039632    0.001740    101.57    116.51    1.003
      ilnvar                   0.012601    0.000318    0.000058    0.049391    0.005598     20.23     20.69    1.014
      ilnvar                   0.023792    0.001847    0.000032    0.092470    0.009457     51.34     76.80    1.000
      ilnvar                   0.177939    0.018107    0.006219    0.437910    0.144526     77.77    125.08    1.010
      ilnvar                   0.026180    0.002391    0.000006    0.113847    0.007724     26.84     27.52    1.021
      ilnvar                   0.001119    0.000009    0.000001    0.006092    0.000102     20.68     28.90    1.031
      ilnvar                   0.161003    0.026167    0.000044    0.464260    0.117070     25.15     43.84    1.019
      ilnvar                   0.024094    0.000854    0.000204    0.080800    0.013875     31.70     46.58    1.010
      ilnvar                   0.052957    0.004628    0.000097    0.184417    0.027935     35.62     41.70    1.033
      ilnvar                   0.071703    0.009273    0.000010    0.257583    0.039724     27.87     39.14    1.005
      ilnvar                   0.031161    0.001377    0.000043    0.107882    0.017794     24.10     30.89    1.008
      ilnvar                   0.165869    0.018807    0.000717    0.426293    0.137925     14.06     24.18    1.007
      ilnvar                   0.039124    0.001351    0.000757    0.110966    0.028658     55.19     62.40    1.009
      ilnvar                   0.001802    0.000024    0.000001    0.010014    0.000164     17.89     18.94    1.060
      ilnvar                   0.174076    0.026048    0.004345    0.485150    0.130060    242.32    255.89    1.000
      ilnvar                   0.012553    0.000407    0.000038    0.053375    0.003597     15.48     20.98    1.057
      ilnvar                   0.096597    0.014752    0.000076    0.314739    0.061704     26.05     45.01    1.012
      ilnvar                   0.025164    0.001973    0.000048    0.103634    0.006950     29.18     46.44    1.025
      ilnvar                   0.043225    0.003127    0.000044    0.151543    0.024558     54.08     64.27    1.004
      ilnvar                   0.073581    0.010502    0.000002    0.270883    0.037605     26.36     63.79    1.008
      ilnvar                   0.013015    0.000361    0.000032    0.048389    0.006266     71.89     73.32    1.008
      ilnvar                   0.000476    0.000001    0.000001    0.002469    0.000091     18.06     20.34    1.217
      ilnvar                   0.012878    0.000404    0.000014    0.050143    0.005306     33.17     53.45    1.016
      ilnvar                   0.013369    0.000403    0.000019    0.053070    0.005739     15.46     21.88    1.049
      ilnvar                   0.031511    0.001013    0.000668    0.096856    0.021426     33.40     33.40    1.000
      ilnvar                   0.011673    0.000249    0.000024    0.041591    0.006482     32.44     52.52    1.001
      ilnvar                   0.082312    0.010153    0.000003    0.267585    0.050687     22.51     58.04    1.012
      ilnvar                   0.056343    0.002541    0.000618    0.149610    0.045202     38.82     58.72    1.037
      ilnvar                   0.092074    0.008749    0.000176    0.269742    0.068136     49.38     69.73    1.002
      ilnvar                   0.021620    0.001295    0.000003    0.097917    0.005261     34.50     37.04    1.048
      ilnvar                   0.006335    0.000120    0.000001    0.026311    0.002268     25.53     31.28    1.013
      ilnvar                   0.009229    0.000337    0.000001    0.040334    0.002290     43.39     77.32    1.008
      ilnvar                   0.175061    0.077720    0.000073    0.664548    0.074593     61.27     70.35    1.009
      ilnvar                   0.120776    0.029128    0.000108    0.433628    0.060187     78.05    108.94    1.001
      ilnvar                   0.040884    0.003240    0.000014    0.154294    0.021207     23.46     33.06    1.019
      ilnvar                   0.019589    0.000921    0.000031    0.081126    0.006883     30.11     34.53    1.001
      ilnvar                   0.005398    0.000271    0.000001    0.022902    0.000725     25.19     26.09    1.000
      ilnvar                   0.002306    0.000046    0.000001    0.012517    0.000191     18.68     19.26    1.050
      ilnvar                   0.021875    0.001061    0.000050    0.080780    0.010420     35.98     48.34    1.005
      ilnvar                   0.036002    0.002213    0.000017    0.124607    0.020317     39.95     51.82    1.006
      ilnvar                   0.089967    0.004465    0.001743    0.212492    0.075338     77.80     83.89    1.009
      ilnvar                   0.475604    0.303645    0.000072    1.549476    0.301287     30.57     52.83    1.001
      ilnvar                   0.074736    0.004329    0.000073    0.195324    0.062967     14.82     30.35    1.002
      ilnvar                   0.029189    0.003020    0.000001    0.144139    0.002998     18.84     24.91    1.052
      ilnvar                   0.000187    0.000000    0.000001    0.000817    0.000047     19.76     25.17    1.023
      ilnvar                   0.007739    0.000434    0.000008    0.036792    0.001468     16.13     35.63    1.053
      ilnvar                   0.034082    0.001327    0.000185    0.106017    0.022408     28.73     33.61    1.022
      ilnvar                   0.196413    0.049878    0.000184    0.617609    0.128979     97.75     99.74    1.001
      ilnvar                   0.019137    0.001236    0.000001    0.079018    0.006361     45.20     63.17    1.012
      ilnvar                   0.136092    0.013980    0.000138    0.358253    0.108939     38.89    103.04    1.059
      ilnvar                   0.032604    0.001309    0.000122    0.102349    0.021457     60.78     69.06    1.000
      ilnvar                   0.001590    0.000021    0.000001    0.010087    0.000056     12.15     16.11    1.033
      ilnvar                   0.054373    0.004571    0.000034    0.190364    0.030980     30.46     31.79    1.024
      ilnvar                   0.010535    0.000194    0.000092    0.038559    0.005247     26.28     36.76    1.007
      ilnvar                   0.010969    0.000398    0.000003    0.047406    0.002934     33.83     39.76    1.006
      ilnvar                   0.029819    0.001393    0.000068    0.101892    0.017341     38.38     71.32    1.013
      ilnvar                   0.210685    0.087980    0.000129    0.743601    0.114548    503.57    591.80    1.000
      ilnvar                   0.007146    0.000145    0.000003    0.030890    0.002116     24.90     37.14    1.109
      ilnvar                   0.100671    0.014043    0.000189    0.304196    0.067525    163.20    226.05    1.000
      ilnvar                   0.006767    0.000103    0.000002    0.027442    0.002909     13.75     20.04    1.056
      ilnvar                   0.172253    0.034215    0.001227    0.534778    0.116547     79.04     99.55    1.017
      ilnvar                   0.046655    0.004029    0.000003    0.174447    0.020492      9.61     21.63    1.156
      ilnvar                   0.000163    0.000000    0.000001    0.000795    0.000034     20.74     21.85    1.003
      ilnvar                   0.004821    0.000103    0.000001    0.023158    0.000719     15.06     20.89    1.049
      ilnvar                   0.126331    0.008737    0.001641    0.305174    0.107932     54.32     77.91    1.000
      ilnvar                   0.027162    0.003130    0.000003    0.132442    0.004936     63.55     64.89    1.003
      ilnvar                   0.023690    0.000769    0.000156    0.078707    0.013703     32.10     42.08    1.018
      ilnvar                   0.069215    0.007206    0.000120    0.238521    0.040920     14.20     42.42    1.008
      ilnvar                   0.088884    0.011329    0.000272    0.272490    0.056967    132.12    133.74    1.001
      ilnvar                   0.020298    0.000646    0.000008    0.071114    0.011191     50.05     78.41    1.026
      ilnvar                   0.023962    0.001389    0.000006    0.095286    0.010521     30.73     52.71    1.002
      ilnvar                   0.001081    0.000005    0.000001    0.005520    0.000143     10.99     17.94    1.063
      ilnvar                   0.023457    0.000639    0.000174    0.075455    0.014775     69.94     84.92    1.029
      ilnvar                   0.013431    0.001109    0.000004    0.061854    0.002208     17.81     18.98    1.071
      ilnvar                   0.240904    0.074724    0.000286    0.751395    0.159286    142.96    146.46    1.003
      ilnvar                   0.016023    0.000622    0.000004    0.068402    0.005565     18.57     27.08    1.054
      ilnvar                   0.003806    0.000087    0.000001    0.018264    0.000373     26.12     26.81    1.004
      ilnvar                   0.035362    0.002218    0.000007    0.121766    0.019619     13.11     27.15    1.042
      ilnvar                   0.079765    0.007977    0.001016    0.251113    0.050838     43.07     62.57    1.023
      ilnvar                   0.030267    0.001167    0.000096    0.098621    0.019189     20.44     23.19    1.011
      ilnvar                   0.014221    0.000609    0.000005    0.062767    0.003699     20.76     33.54    1.057
