      clockrate                0.767781    0.028664    0.517252    1.123481    0.733377     23.39    374.74    1.085
      clockrate                0.776858    0.023355    0.517127    1.085958    0.754833     71.96     94.37    1.000
      clockrate                0.770524    0.007570    0.604116    0.941429    0.766714    471.14    544.52    1.000
      clockrate                0.846088    0.010189    0.656309    1.049301    0.841183    750.38    819.59    1.003
      clockrate                0.717598    0.005944    0.572668    0.871910    0.713519    963.55    987.03    1.000
      clockrate                0.702034    0.047263    0.369387    1.138695    0.654959     73.52     78.40    1.001
      clockrate                0.776809    0.007062    0.613194    0.941489    0.773408   1447.81   1472.54    1.000
      clockrate                1.272788    0.121830    0.726309    1.985448    1.202184     80.26    134.76    1.011
      clockrate                0.815134    0.023328    0.555707    1.093716    0.796835     88.23    145.49    1.000
      clockrate                1.025993    0.031421    0.754086    1.313505    0.998662     30.02     63.41    1.012
      clockrate                0.746161    0.009190    0.561462    0.935277    0.740885    235.49    258.60    1.000
      clockrate                1.138514    0.139288    0.533745    1.882392    1.071668     60.13     64.02    1.007
      clockrate                0.936793    0.065046    0.543465    1.461003    0.884220     95.78    122.33    1.009
      clockrate                0.951937    0.144307    0.419938    1.709539    0.855569    139.94    149.41    1.000
      clockrate                0.712573    0.011652    0.522625    0.921242    0.699247     51.23    406.60    1.013
      clockrate                0.653535    0.005367    0.515080    0.799066    0.649271   1068.05   1330.60    1.001
      clockrate                0.698283    0.007604    0.532847    0.872983    0.693795   1098.36   1153.68    1.000
      clockrate                1.426227    0.292433    0.504513    2.445611    1.360888     51.80    258.09    1.011
      clockrate                1.131881    0.200680    0.402313    1.951539    1.092870     59.94     65.05    1.001
      clockrate                0.823914    0.061687    0.425918    1.298562    0.783090     62.28     72.25    1.002
      clockrate                0.719318    0.006589    0.560774    0.878330    0.716036   1854.34   1986.57    1.000
      clockrate                0.768155    0.017962    0.523961    1.028304    0.754955     78.75    109.48    1.000
      clockrate                0.865764    0.030531    0.554293    1.201362    0.844212    103.31    105.77    1.031
      clockrate                0.729272    0.019516    0.483667    1.009662    0.712754     80.83    105.88    1.001
      clockrate                1.437888    0.071062    0.972976    1.966997    1.402691    152.44    160.57    1.001
      clockrate                0.995726    0.029148    0.691056    1.325418    0.979276     60.76    104.86    1.002
      clockrate                1.090441    0.033888    0.768392    1.468124    1.069939     92.18    145.67    1.020
      clockrate                0.944355    0.019209    0.676736    1.210840    0.935653    202.10    441.13    1.007
      clockrate                0.963591    0.083647    0.570094    1.581860    0.884544     43.31     46.32    1.000
      clockrate                0.796115    0.026218    0.536464    1.124856    0.764864     32.99    367.16    1.131
      clockrate                0.752603    0.012918    0.547340    0.982466    0.741769     79.37     91.87    1.005
      clockrate                0.828047    0.010626    0.629841    1.032128    0.823829    813.16   1051.81    1.001
      clockrate                0.543052    0.004954    0.410039    0.683780    0.538755    795.35    861.32    1.000
      clockrate                0.915253    0.087881    0.492384    1.520315    0.844486    226.04    236.68    1.001
      clockrate                0.741322    0.005500    0.600618    0.890155    0.737767   1976.91   2082.33    1.001
      clockrate                0.735412    0.024066    0.471529    1.030537    0.712624    136.51    175.94    1.028
      clockrate                0.600848    0.015966    0.378096    0.839821    0.584304    419.86    421.25    1.015
      clockrate                0.701654    0.034328    0.383057    1.057105    0.671541     64.17     74.60    1.003
      clockrate                0.913314    0.053025    0.561518    1.366726    0.866110     52.21     76.58    1.018
      clockrate                0.692081    0.018081    0.463288    0.927872    0.675971     66.70     85.90    1.003
      clockrate                1.040972    0.047551    0.695654    1.463012    0.997614     27.01     93.97    1.346
      clockrate                0.846418    0.018229    0.600992    1.103169    0.833487    171.10    183.93    1.003
      clockrate                0.979461    0.019256    0.724079    1.263004    0.969164    282.06    308.25    1.000
      clockrate                0.808740    0.010372    0.616609    1.006415    0.800474     48.60    655.45    1.018
      clockrate                0.730827    0.010715    0.536231    0.931516    0.723124     50.08    207.46    1.005
      clockrate                1.099043    0.141502    0.572587    1.843495    0.975151     30.00     40.67    1.253
      clockrate                0.850357    0.012446    0.641540    1.074255    0.843859    462.20   1052.80    1.000
      clockrate                0.942947    0.030499    0.631587    1.292948    0.922473     82.70    122.45    1.003
      clockrate                0.594585    0.008466    0.426951    0.769968    0.587645    151.71    957.55    1.004
      clockrate                0.554746    0.006031    0.409499    0.709657    0.549476    216.83    515.46    1.001
      clockrate                1.230559    0.275515    0.591934    2.317480    1.046254     26.32     33.83    1.110
      clockrate                1.196918    0.184558    0.662591    2.144490    1.057246     21.74     25.14    1.016
      clockrate                1.089430    0.097074    0.571066    1.695435    1.045914     52.53     55.80    1.032
      clockrate                0.815267    0.034314    0.543862    1.172481    0.779603     39.09     57.57    1.021
      clockrate                0.633324    0.007034    0.471779    0.798131    0.628551   1851.86   1938.95    1.001
      clockrate                0.806046    0.029965    0.499483    1.146347    0.778882     65.59     88.59    1.001
      clockrate                0.681053    0.005331    0.542682    0.828782    0.677813    565.00    697.91    1.002
      clockrate                1.609873    0.231085    0.688488    2.516400    1.577020     72.03     90.78    1.003
      clockrate                1.245232    0.069038    0.795985    1.772861    1.208579    102.41    108.04    1.000
      clockrate                0.756052    0.031435    0.476376    1.097243    0.723486     29.67    139.52    1.058
      clockrate                0.953256    0.086658    0.478913    1.533658    0.900764    157.15    231.37    1.002
      clockrate                0.738027    0.007674    0.570688    0.912032    0.733909    461.37    830.55    1.001
      clockrate                0.645003    0.023376    0.402470    0.966136    0.615522     92.69    153.04    1.123
      clockrate                0.619844    0.004666    0.494016    0.761410    0.617276    947.08    988.04    1.001
      clockrate                0.777916    0.016541    0.562367    1.018611    0.759679     34.28    418.59    1.055
      clockrate                0.747562    0.062095    0.441350    1.302439    0.659209     19.59    561.39    1.369
      clockrate                0.991266    0.062433    0.596614    1.437428    0.948424     79.38     80.15    1.001
      clockrate                0.934890    0.033016    0.612190    1.292651    0.912034    128.09    188.36    1.001
      clockrate                1.199393    0.143401    0.528242    1.916291    1.172326     29.27    180.14    1.012
      clockrate                0.565579    0.010566    0.372499    0.765374    0.557120    295.85    336.04    1.001
      clockrate                0.709167    0.008740    0.534947    0.897479    0.704450    841.29    965.08    1.002
      clockrate                0.918127    0.029025    0.613963    1.248208    0.898436    101.85    137.84    1.021
      clockrate                0.672004    0.006867    0.518202    0.839392    0.667051    191.45    368.08    1.001
      clockrate                0.731421    0.017693    0.494456    0.994905    0.718023    147.24    337.44    1.000
      clockrate                0.759977    0.010459    0.566515    0.964122    0.754573    759.51   1087.85    1.001
      clockrate                1.456664    0.313016    0.553258    2.584339    1.352099   1303.93   1487.46    1.000
      clockrate                0.630220    0.006428    0.472654    0.785022    0.625850    687.88    702.44    1.000
      clockrate                0.698589    0.036540    0.413519    1.051065    0.664697     78.02     94.85    1.005
      clockrate                0.655363    0.008422    0.488681    0.839895    0.647247     86.03    179.69    1.001
      clockrate                0.904872    0.101828    0.407831    1.560999    0.844308    465.03    523.85    1.001
      clockrate                0.906422    0.012648    0.696893    1.133915    0.900322    263.34    415.76    1.008
      clockrate                0.751170    0.006272    0.603630    0.910446    0.747261    435.32    739.45    1.001
      clockrate                1.021109    0.035864    0.703448    1.417884    0.989339     36.15     38.55    1.005
      clockrate                1.166515    0.060650    0.726767    1.648923    1.137885     80.80    122.53    1.003
      clockrate                0.918173    0.088692    0.450649    1.514377    0.858497     71.77     82.38    1.000
      clockrate                0.928127    0.011554    0.722596    1.141058    0.923172    923.42    958.41    1.003
      clockrate                1.031180    0.047742    0.670743    1.489271    0.993435     42.15     49.72    1.008
      clockrate                1.535324    0.185768    0.768301    2.417085    1.480397    425.03    540.25    1.000
      clockrate                0.589865    0.023575    0.354449    0.914683    0.556375     41.78     58.93    1.001
      clockrate                1.248545    0.079823    0.812054    1.820350    1.194485     40.11     64.53    1.013
      clockrate                0.679796    0.005908    0.528346    0.829886    0.675460   1516.72   1572.86    1.001
      clockrate                1.055058    0.030707    0.753004    1.407315    1.029122     39.66     43.86    1.007
      clockrate                0.586574    0.007654    0.425277    0.764366    0.580473    162.39    169.27    1.005
      clockrate                1.270280    0.111822    0.704485    1.912055    1.228100     40.72     65.93    1.000
      clockrate                0.824346    0.014572    0.601141    1.066011    0.812677     69.73    168.98    1.056
      clockrate                0.667351    0.008479    0.489826    0.848062    0.660299    269.02    279.83    1.000
      clockrate                0.517777    0.008231    0.352844    0.694388    0.508089    134.05    237.88    1.027
      clockrate                0.826856    0.031832    0.530090    1.162164    0.798355     42.91     51.80    1.001
      clockrate                0.930273    0.013390    0.710694    1.159709    0.923176    548.87    605.99    1.000
      clockrate                0.848953    0.022509    0.590640    1.158361    0.827317     43.59    172.86    1.022
