      age[0]                   0.912153    0.002371    0.828676    1.011694    0.905327    1.001    2
      age[0]                   1.032481    0.001655    0.959636    1.109276    1.027365    1.000    2
      age[0]                   1.034544    0.001480    0.961198    1.109086    1.032580    1.000    2
      age[0]                   1.015110    0.001777    0.936120    1.099338    1.011176    1.000    2
      age[0]                   1.002751    0.001205    0.940907    1.073502    0.999186    1.001    2
      age[0]                  1.018197    0.002153    0.934347    1.110339    1.013747    1.002    2
      age[0]                   1.107951    0.002206    1.022036    1.201065    1.103711    1.003    2
      age[0]                  0.810847    0.001635    0.739173    0.892448    0.806473    1.000    2
      age[0]                  1.138137    0.004637    1.008890    1.272928    1.133332    1.007    2
      age[0]                   0.972896    0.001456    0.903918    1.050850    0.968695    1.000    2
      age[0]                   0.989691    0.001665    0.914868    1.070148    0.986933    1.007    2
      age[0]                  0.898603    0.004661    0.831186    1.017825    0.880675    1.000    2
      age[0]                  0.930920    0.003899    0.857038    1.053861    0.915531    1.000    2
      age[0]                  0.976080    0.003635    0.868304    1.096310    0.969233    1.000    2
      age[0]                   1.047952    0.002059    0.961707    1.138303    1.044943    1.002    2
      age[0]                   1.010622    0.001718    0.937826    1.097249    1.005656    1.006    2
      age[0]                   1.137182    0.002862    1.040398    1.245370    1.132895    1.000    2
      age[0]                  1.034397    0.007485    0.879266    1.204157    1.025920    1.001    2
      age[0]                  0.758260    0.009320    0.599577    0.949031    0.741421    1.002    2
      age[0]                  1.016875    0.002844    0.951801    1.116429    1.004999    1.004    2
      age[0]                   1.038522    0.002677    0.943047    1.141490    1.033613    1.000    2
      age[0]                  1.049570    0.001491    0.979096    1.119931    1.044827    1.004    2
      age[0]                   0.898788    0.004324    0.783668    1.034207    0.891029    1.000    2
      age[0]                  0.912418    0.001149    0.859147    0.975747    0.906507    1.000    2
      age[0]                   0.969349    0.001879    0.898851    1.047792    0.963197    1.005    2
      age[0]                  0.967286    0.006094    0.821427    1.116770    0.961512    1.019    2
      age[0]                   0.951819    0.003461    0.843768    1.068362    0.947482    1.001    2
      age[0]                   0.938746    0.002972    0.838840    1.040782    0.932412    1.003    2
      age[0]                  0.910098    0.004167    0.791465    1.042261    0.904332    1.005    2
      age[0]                   0.921584    0.004169    0.800191    1.053876    0.918115    1.006    2
      age[0]                   1.009260    0.002143    0.925174    1.099849    1.004827    1.002    2
      age[0]                   1.015905    0.003751    0.914790    1.130144    1.007061    1.001    2
      age[0]                   1.011371    0.001693    0.936644    1.092342    1.006208    1.002    2
      age[0]                  1.112136    0.007888    0.970770    1.280283    1.097349    1.000    2
      age[0]                   0.986408    0.001385    0.920103    1.064187    0.982526    1.000    2
      age[0]                  0.990943    0.002357    0.909572    1.085061    0.983369    1.000    2
      age[0]                  0.953057    0.003717    0.834958    1.076993    0.950659    1.021    2
      age[0]                  0.912477    0.001021    0.872942    0.964258    0.906764    1.001    2
      age[0]                  1.066627    0.003358    0.966259    1.174485    1.058110    1.000    2
      age[0]                  1.093508    0.002729    0.996243    1.198234    1.089878    1.001    2
      age[0]                   0.929557    0.001731    0.853914    1.013837    0.925235    1.000    2
      age[0]                  0.962954    0.005069    0.838907    1.107921    0.955178    1.006    2
      age[0]                   0.909726    0.008608    0.750348    1.098174    0.899942    1.008    2
      age[0]                   0.979672    0.001581    0.903212    1.056146    0.976494    1.031    2
      age[0]                   1.109527    0.002723    1.012116    1.213556    1.105250    1.002    2
      age[0]                  1.065277    0.002147    0.981707    1.158507    1.060881    1.001    2
      age[0]                   0.978281    0.001866    0.900500    1.057674    0.973125    1.000    2
      age[0]                  1.040254    0.007229    0.915300    1.200163    1.025211    1.014    2
      age[0]                   1.047126    0.001964    0.967696    1.135977    1.042073    1.003    2
      age[0]                   1.087454    0.002929    0.982264    1.193752    1.082712    1.014    2
      age[0]                  0.969366    0.001360    0.906759    1.037606    0.963761    1.000    2
      age[0]                  0.950347    0.003720    0.841524    1.072732    0.943825    1.001    2
      age[0]                  0.958578    0.006082    0.827728    1.102734    0.947434    1.000    2
      age[0]                  1.038825    0.005314    0.902642    1.181878    1.033538    1.001    2
      age[0]                   0.939378    0.001052    0.881885    1.002761    0.934956    1.007    2
      age[0]                   1.038522    0.002000    0.966037    1.121792    1.031771    1.006    2
      age[0]                   1.063781    0.001672    0.989925    1.148571    1.059486    1.003    2
      age[0]                  1.030811    0.006858    0.886503    1.200180    1.019466    1.000    2
      age[0]                  0.969520    0.001861    0.892598    1.055644    0.964595    1.000    2
      age[0]                   0.984293    0.001523    0.927815    1.058353    0.977883    1.021    2
      age[0]                  1.012699    0.002649    0.956538    1.114419    0.998530    1.000    2
      age[0]                   1.044745    0.005031    0.911723    1.186362    1.042400    1.078    2
      age[0]                  1.140033    0.005314    1.006909    1.287055    1.133908    1.009    2
      age[0]                   1.035391    0.002084    0.951857    1.128355    1.031655    1.003    2
      age[0]                   0.969477    0.001747    0.898407    1.046427    0.963454    1.001    2
      age[0]                   1.030181    0.002305    0.940004    1.126851    1.026523    1.003    2
      age[0]                  0.844591    0.004924    0.716859    0.980697    0.837629    1.003    2
      age[0]                  0.987502    0.002998    0.896348    1.097412    0.979387    1.000    2
      age[0]                  1.003600    0.007601    0.848440    1.180433    0.996308    1.000    2
      age[0]                  0.989867    0.003973    0.885263    1.110985    0.978985    1.000    2
      age[0]                   1.009301    0.002034    0.926266    1.102116    1.006126    1.001    2
      age[0]                  1.011614    0.003884    0.900313    1.135659    1.004224    1.001    2
      age[0]                   0.991861    0.001852    0.913503    1.079466    0.988227    1.020    2
      age[0]                  0.992875    0.004586    0.871425    1.126585    0.985362    1.011    2
      age[0]                  1.089172    0.004998    0.960970    1.228664    1.082586    1.003    2
      age[0]                  0.919459    0.019395    0.792186    1.197840    0.876174    1.001    2
      age[0]                   0.981701    0.001698    0.901132    1.059911    0.979941    1.002    2
      age[0]                  1.032404    0.005059    0.903361    1.171483    1.024756    1.001    2
      age[0]                   1.056387    0.002045    0.973268    1.151182    1.053952    1.002    2
      age[0]                  1.060145    0.006883    0.908903    1.224074    1.051695    1.001    2
      age[0]                   0.973127    0.004643    0.842897    1.107590    0.967783    1.000    2
      age[0]                   0.959197    0.002572    0.865862    1.060349    0.954572    1.000    2
      age[0]                   0.991923    0.002522    0.925965    1.088378    0.981489    1.000    2
      age[0]                   0.812686    0.003052    0.711924    0.918757    0.806776    1.002    2
      age[0]                  0.916454    0.003739    0.808623    1.037086    0.909688    1.000    2
      age[0]                   1.018867    0.002964    0.922228    1.129450    1.013466    1.000    2
      age[0]                  0.693479    0.002477    0.603176    0.793130    0.688975    1.001    2
      age[0]                  1.100185    0.008681    0.929945    1.275448    1.090974    1.000    2
      age[0]                  0.981675    0.002252    0.893960    1.076231    0.977160    1.000    2
      age[0]                  0.901345    0.002397    0.811789    0.999453    0.896188    1.001    2
      age[0]                   1.066752    0.002111    0.984068    1.160765    1.062351    1.004    2
      age[0]                   1.061060    0.003128    0.963811    1.176887    1.055025    1.002    2
      age[0]                   0.947525    0.000921    0.902412    1.002260    0.942696    1.015    2
      age[0]                  0.999981    0.004969    0.873745    1.138704    0.992308    1.000    2
      age[0]                   1.020248    0.003622    0.909100    1.139361    1.018357    1.015    2
      age[0]                   1.088521    0.002118    1.000719    1.177511    1.085721    1.026    2
      age[0]                  1.013449    0.001675    0.938797    1.096451    1.008934    1.037    2
      age[0]                  0.999742    0.000877    0.962750    1.056624    0.992781    1.011    2
      age[0]                   0.914340    0.004684    0.786616    1.048827    0.908459    1.035    2
      age[0]                  0.847079    0.001171    0.784774    0.912978    0.843239    1.000    2
