      clockrate{all}                0.933308    0.005649    0.792595    1.082560    0.928569     45.43    211.69    1.014
      clockrate{all}                0.925091    0.007100    0.767040    1.097778    0.922206    765.33    811.11    1.006
      clockrate{all}                0.997810    0.004967    0.859617    1.136607    0.996065    463.78    524.46    1.001
      clockrate{all}                0.864745    0.003281    0.755001    0.979993    0.863866    516.62    586.13    1.001
      clockrate{all}                0.915600    0.003726    0.799488    1.035854    0.914460    266.54    285.63    1.000
      clockrate{all}                0.973090    0.016052    0.743196    1.232585    0.962713     68.31    126.47    1.001
      clockrate{all}                0.828686    0.003677    0.710147    0.947347    0.827251    504.01    621.69    1.001
      clockrate{all}                1.213791    0.061988    0.794728    1.719077    1.171793     67.66     78.35    1.022
      clockrate{all}                0.986541    0.017428    0.759696    1.255714    0.969965     57.28    119.69    1.000
      clockrate{all}                0.869678    0.004206    0.744942    0.995864    0.867807    602.97    718.96    1.004
      clockrate{all}                0.985369    0.005002    0.848238    1.123374    0.983135    282.87    339.93    1.004
      clockrate{all}                1.043249    0.033538    0.715929    1.404416    1.023043    633.60    651.26    1.000
      clockrate{all}                0.997822    0.020657    0.736147    1.283310    0.983061    146.68    159.26    1.000
      clockrate{all}                1.470114    0.160211    0.815819    2.262088    1.408925     79.24    131.27    1.018
      clockrate{all}                0.934263    0.004607    0.804920    1.068266    0.931084     90.13    162.22    1.000
      clockrate{all}                0.936840    0.008633    0.780520    1.136622    0.922452     25.94    323.56    1.112
      clockrate{all}                0.834260    0.003912    0.715055    0.959183    0.833086   1233.76   1285.89    1.000
      clockrate{all}                1.105968    0.057310    0.705824    1.573411    1.070179    197.19    216.31    1.002
      clockrate{all}                1.796529    0.244118    0.981439    2.792123    1.717232     27.08    595.28    1.013
      clockrate{all}                0.988047    0.033498    0.709779    1.349915    0.953016     35.05     35.16    1.030
      clockrate{all}                0.912238    0.004616    0.782710    1.049651    0.908892     90.56    636.74    1.009
      clockrate{all}                0.879119    0.007193    0.716333    1.047667    0.874274    376.86    540.16    1.000
      clockrate{all}                1.097957    0.022911    0.821210    1.394573    1.083083     48.10     96.07    1.000
      clockrate{all}                0.997079    0.011648    0.800534    1.202187    0.988169    254.15    488.02    1.025
      clockrate{all}                0.963480    0.008111    0.793934    1.144675    0.956588     19.43    647.55    1.038
      clockrate{all}                1.170234    0.029761    0.877565    1.531789    1.144448     89.71    151.16    1.174
      clockrate{all}                1.015966    0.013438    0.793725    1.244246    1.008729     92.59    336.99    1.013
      clockrate{all}                0.815610    0.006255    0.666789    0.976618    0.811495     93.89    520.53    1.007
      clockrate{all}                1.058690    0.020132    0.798621    1.335489    1.042761     41.03     64.17    1.010
      clockrate{all}                0.949656    0.005859    0.800088    1.097929    0.946618    201.92    283.52    1.002
      clockrate{all}                0.800892    0.006185    0.651113    0.954655    0.797690    110.94    325.18    1.000
      clockrate{all}                1.019875    0.006617    0.861073    1.180962    1.017108    599.41    612.75    1.000
      clockrate{all}                0.818831    0.003394    0.705605    0.932459    0.816696    470.13    559.89    1.000
      clockrate{all}                0.975746    0.019183    0.721462    1.250233    0.962319     41.69     88.48    1.000
      clockrate{all}                0.927829    0.003805    0.809504    1.050949    0.926366    763.82    795.75    1.002
      clockrate{all}                0.920939    0.008262    0.751612    1.106042    0.916934    311.77    789.90    1.001
      clockrate{all}                1.028089    0.010207    0.835848    1.225175    1.023470    275.55    292.37    1.009
      clockrate{all}                1.011845    0.013199    0.795053    1.239782    1.001204     39.79     84.63    1.003
      clockrate{all}                0.997435    0.012002    0.800134    1.216884    0.988589    398.20    499.23    1.000
      clockrate{all}                0.932567    0.015793    0.717743    1.161718    0.916671    114.37    164.35    1.039
      clockrate{all}                0.885159    0.004165    0.762581    1.015199    0.883075    664.60    679.95    1.000
      clockrate{all}                0.800072    0.015425    0.594947    1.023200    0.782729     31.06    272.89    1.041
      clockrate{all}                0.993772    0.005668    0.839198    1.135228    0.992419    186.05    291.21    1.000
      clockrate{all}                0.910186    0.005077    0.770459    1.048255    0.907352    574.93    583.42    1.001
      clockrate{all}                1.066453    0.006761    0.911751    1.233113    1.063199    329.56    461.00    1.000
      clockrate{all}                1.061911    0.018156    0.823595    1.340607    1.045737     65.46    109.77    1.059
      clockrate{all}                1.039409    0.011556    0.844913    1.259681    1.028228     57.10     93.26    1.020
      clockrate{all}                1.372828    0.032983    1.030323    1.717125    1.361616     65.36    221.45    1.005
      clockrate{all}                0.994564    0.012492    0.788801    1.219139    0.982061     63.39     85.93    1.025
      clockrate{all}                1.008626    0.006366    0.855783    1.167500    1.007385    523.36    769.52    1.005
      clockrate{all}                0.806990    0.007670    0.645910    0.984238    0.801163    112.68    516.25    1.002
      clockrate{all}                0.993199    0.014165    0.760216    1.226570    0.988461    295.02    364.18    1.000
      clockrate{all}                1.175997    0.049775    0.793194    1.635504    1.143213     37.01    138.79    1.052
      clockrate{all}                0.842574    0.005393    0.699014    0.984803    0.839089     82.14    311.64    1.017
      clockrate{all}                0.934269    0.007292    0.775435    1.110375    0.930322    254.45    290.07    1.000
      clockrate{all}                0.944026    0.011176    0.753472    1.158815    0.932405     73.20    128.81    1.116
      clockrate{all}                0.825191    0.003028    0.718462    0.934478    0.824401    979.27   1087.39    1.002
      clockrate{all}                1.056491    0.021594    0.787750    1.347917    1.039942     70.76     73.30    1.013
      clockrate{all}                1.119054    0.028115    0.832214    1.457597    1.094594     31.40     31.64    1.002
      clockrate{all}                0.937214    0.006233    0.785254    1.093979    0.933117    632.11    839.74    1.002
      clockrate{all}                1.170299    0.099062    0.664184    1.778003    1.121239    103.59    129.72    1.001
      clockrate{all}                0.981418    0.005051    0.843053    1.121347    0.979554    403.45    688.75    1.000
      clockrate{all}                0.917457    0.007857    0.755477    1.099078    0.912436    180.69    249.49    1.001
      clockrate{all}                0.890640    0.005798    0.751532    1.047235    0.883222     24.28    146.74    1.125
      clockrate{all}                0.905971    0.007831    0.746125    1.089625    0.896954     50.43     56.24    1.000
      clockrate{all}                0.909276    0.007666    0.749531    1.090285    0.902305     41.13     74.07    1.003
      clockrate{all}                1.124936    0.056072    0.765519    1.562754    1.082144     24.52     41.08    1.000
      clockrate{all}                1.147916    0.025504    0.856326    1.463523    1.131063    128.90    218.69    1.000
      clockrate{all}                1.156098    0.045164    0.824688    1.608284    1.112337     32.25     38.03    1.000
      clockrate{all}                1.169776    0.035307    0.847240    1.563462    1.144356     86.21    117.18    1.004
      clockrate{all}                0.961264    0.005338    0.823632    1.101752    0.957175     82.45    375.69    1.001
      clockrate{all}                1.098787    0.013358    0.882557    1.330418    1.089685    137.45    233.97    1.000
      clockrate{all}                0.951401    0.004795    0.818066    1.089360    0.950175    781.38    882.58    1.000
      clockrate{all}                1.074601    0.012371    0.861781    1.295504    1.069374    957.36   1010.17    1.000
      clockrate{all}                0.968852    0.008226    0.799526    1.148747    0.963942    282.32    465.04    1.001
      clockrate{all}                1.891718    0.274409    0.875704    2.887159    1.853811     43.79    266.89    1.017
      clockrate{all}                0.874287    0.004964    0.738484    1.012250    0.872800    197.32    238.67    1.008
      clockrate{all}                1.237755    0.054517    0.874218    1.711187    1.190903     20.65     40.36    1.017
      clockrate{all}                0.935630    0.004994    0.800039    1.074378    0.933079    599.60    621.91    1.000
      clockrate{all}                1.097184    0.037033    0.773451    1.469750    1.068017     80.26    109.07    1.001
      clockrate{all}                0.970980    0.008558    0.794231    1.151994    0.967386    248.07    262.96    1.001
      clockrate{all}                0.908351    0.003576    0.791178    1.024616    0.906948    408.12    515.50    1.001
      clockrate{all}                0.851557    0.006876    0.692966    1.016288    0.846837     93.47    118.84    1.005
      clockrate{all}                0.954317    0.008360    0.778768    1.134898    0.950624    333.81    401.11    1.000
      clockrate{all}                1.506837    0.278276    0.846033    2.614473    1.342246     18.59     19.59    1.012
      clockrate{all}                0.879052    0.004623    0.750138    1.016309    0.876239    518.41    725.72    1.003
      clockrate{all}                1.174741    0.013617    0.947925    1.403039    1.170478    248.96    307.13    1.000
      clockrate{all}                1.028843    0.023950    0.743525    1.326805    1.009292     41.06    437.58    1.060
      clockrate{all}                1.057682    0.041764    0.733435    1.465726    1.015043     85.66    103.96    1.308
      clockrate{all}                1.178957    0.062463    0.785071    1.681971    1.134534     24.61    110.29    1.003
      clockrate{all}                0.980183    0.006107    0.826703    1.130493    0.977577    383.95    563.85    1.000
      clockrate{all}                0.970968    0.006354    0.815655    1.127510    0.968086   1020.22   1070.45    1.002
      clockrate{all}                0.963644    0.030410    0.691940    1.314605    0.920007     61.12     64.97    1.526
      clockrate{all}                1.387423    0.112329    0.836167    2.051712    1.322144     41.62     79.61    1.020
      clockrate{all}                0.911762    0.015809    0.700779    1.167838    0.889990     15.19     24.66    1.001
      clockrate{all}                0.928608    0.004380    0.798965    1.058478    0.926400    469.68    561.37    1.000
      clockrate{all}                0.982087    0.008187    0.803646    1.156243    0.978470    190.22    234.80    1.002
      clockrate{all}                1.170379    0.070445    0.786142    1.731290    1.107907     29.39     37.89    1.042
      clockrate{all}                0.870498    0.004736    0.740815    1.008108    0.868443    241.87    274.92    1.001
      clockrate{all}                1.069021    0.011284    0.867341    1.278005    1.064078     94.01    159.95    1.001
