0.255814
0.4202899
0.1590909
0.2954545
0.2272727
0.45
0.1282051
0.1363636
0.3448276
0.2222222
0.1842105
0.25
0.3043478
0.125
0.2790698
0.1956522
0.2790698
0.1052632
0
0.0625
0.2826087
0.125
0.3548387
0.3076923
0.15
0.3333333
0.2058824
0.1714286
0.1481481
0.1794872
0.2682927
0.2972973
0.2702703
0.2352941
0.2391304
0.35
0.2962963
0.2272727
0.1578947
0.36
0.3617021
0.2413793
0.2978723
0.3829787
0.3243243
0.5185185
0.325
0.125
0.3030303
0.2444444
0.3043478
0.1666667
0.2105263
0.2333333
0.21875
0.1428571
0.1666667
0.09090909
0.3
0.1891892
0.1111111
0.35
0.08
0.1777778
0.2325581
0.3
0.2352941
0.4545455
0.1923077
0.1923077
0.25
0.2962963
0.225
0.4347826
0.1538462
0.1666667
0.2051282
0.2666667
0.1463415
0.1052632
0.1842105
0.2045455
0.2564103
0.3428571
0.4210526
0.2631579
0.3333333
0.35
0.1923077
0.2083333
0.1162791
0.2
0.2826087
0.125
0.3
0.173913
0.2333333
0.2857143
0.2368421
0.3225806
