      clockrate                0.986640    0.010584    0.791834    1.188860    0.979874     82.18     86.76    1.002
      clockrate                0.956588    0.012913    0.743257    1.183813    0.947673     84.72     95.59    1.002
      clockrate                0.975681    0.007376    0.811461    1.145992    0.970108     57.37     66.57    1.005
      clockrate                0.998253    0.016670    0.769386    1.261833    0.984103     36.43     79.30    1.007
      clockrate                0.856244    0.005143    0.717302    0.996194    0.851030     69.86     79.78    1.017
      clockrate                1.141542    0.032233    0.826123    1.508105    1.116800    237.71    296.14    1.001
      clockrate                0.851067    0.009042    0.674172    1.042546    0.842015    160.66    168.10    1.005
      clockrate                1.494289    0.183015    0.801666    2.333291    1.424715     56.72     87.81    1.001
      clockrate                1.097143    0.023752    0.812560    1.400637    1.081950     53.02     54.65    1.025
      clockrate                1.076001    0.017670    0.855597    1.342816    1.052970     47.72     76.18    1.469
      clockrate                0.948550    0.006859    0.795722    1.114775    0.942888    117.24    166.85    1.005
      clockrate                1.019653    0.022138    0.752602    1.320033    1.002854    275.31    420.56    1.008
      clockrate                0.781504    0.010856    0.594874    0.990335    0.772048     96.93    172.20    1.002
      clockrate                0.955387    0.041424    0.619684    1.373065    0.921476     64.38     94.75    1.005
      clockrate                0.880698    0.006141    0.732754    1.038862    0.874891     29.84     71.89    1.038
      clockrate                0.897543    0.005622    0.758204    1.048025    0.891757     51.65     75.32    1.003
      clockrate                0.777923    0.005171    0.645907    0.924512    0.770030     97.97    126.36    1.000
      clockrate                1.481481    0.067579    1.028095    1.985015    1.446529    103.11    136.30    1.001
      clockrate                1.302993    0.089180    0.797388    1.877930    1.255683    131.14    240.80    1.000
      clockrate                0.772171    0.007547    0.609038    0.947868    0.765900    388.26    465.06    1.000
      clockrate                1.009098    0.006955    0.849637    1.172139    1.005331    277.34    511.00    1.006
      clockrate                0.954161    0.019442    0.706456    1.238573    0.939177    161.14    175.23    1.008
      clockrate                1.073960    0.031576    0.757461    1.431422    1.054992     54.05     61.42    1.002
      clockrate                1.055380    0.013753    0.840232    1.291869    1.046567    365.82    378.73    1.000
      clockrate                0.918051    0.005967    0.768793    1.066711    0.911754     71.01    756.97    1.094
      clockrate                1.528394    0.110144    0.920802    2.166717    1.488490     36.24     65.92    1.016
      clockrate                1.078214    0.020893    0.819217    1.359357    1.063535    219.74    271.94    1.001
      clockrate                0.876780    0.012242    0.679930    1.100516    0.866437     46.72     46.94    1.003
      clockrate                0.913360    0.013964    0.697606    1.150545    0.899963    228.20    300.00    1.003
      clockrate                0.906306    0.005181    0.767731    1.048297    0.903634    372.76    406.76    1.008
      clockrate                1.300258    0.051807    0.901477    1.742630    1.272592     31.04     53.11    1.013
      clockrate                1.291398    0.059517    0.890861    1.770477    1.257218     84.06     98.02    1.002
      clockrate                0.877651    0.005973    0.733168    1.034084    0.872127     68.92    106.70    1.000
      clockrate                0.904174    0.010828    0.709085    1.115150    0.896748    935.74    947.56    1.000
      clockrate                0.933511    0.004809    0.801921    1.071342    0.929679     66.71    128.73    1.007
      clockrate                0.831881    0.010211    0.650010    1.019405    0.821005     64.39     99.55    1.010
      clockrate                0.995943    0.011961    0.789932    1.211743    0.987807    182.83    208.11    1.000
      clockrate                0.929997    0.013436    0.718963    1.158553    0.918028     54.84     91.94    1.058
      clockrate                1.027551    0.039287    0.697847    1.391913    0.999706     53.54    119.06    1.023
      clockrate                1.107103    0.018016    0.855269    1.372739    1.092959     70.19    109.32    1.000
      clockrate                1.020830    0.005468    0.875452    1.162730    1.018615     82.86    251.39    1.000
      clockrate                0.886520    0.018407    0.641949    1.163185    0.869571     45.87     79.00    1.003
      clockrate                1.053284    0.016434    0.820727    1.314708    1.036101    101.68    105.69    1.000
      clockrate                1.060463    0.011867    0.849326    1.275030    1.053959     60.98    119.80    1.002
      clockrate                0.927328    0.010809    0.731693    1.132984    0.918902     72.77     77.21    1.002
      clockrate                0.939690    0.010910    0.744424    1.147251    0.932039    409.05    464.74    1.008
      clockrate                1.127709    0.014663    0.905881    1.372400    1.116626     97.01    106.35    1.001
      clockrate                1.420731    0.102332    0.897109    2.053101    1.370343     26.66     78.51    1.103
      clockrate                1.033615    0.035978    0.719567    1.441484    0.999314     30.64     34.36    1.015
      clockrate                1.178583    0.012430    0.963217    1.398245    1.170276    175.23    291.85    1.217
      clockrate                1.071767    0.020454    0.808848    1.356847    1.053894     55.71     56.25    1.005
      clockrate                1.119282    0.069940    0.715133    1.668924    1.061929     20.51     73.58    1.034
      clockrate                1.419542    0.127346    0.854071    2.161171    1.355148    151.15    162.33    1.000
      clockrate                1.106198    0.022334    0.845714    1.394837    1.085692     24.70     30.15    1.008
      clockrate                1.043220    0.020957    0.786186    1.339362    1.028296     30.09     64.59    1.016
      clockrate                1.039348    0.011947    0.839637    1.258610    1.027444     75.69     89.39    1.000
      clockrate                0.894255    0.004787    0.759823    1.032123    0.892084    202.92    722.91    1.003
      clockrate                1.153615    0.028180    0.848709    1.494243    1.137620     30.20     54.14    1.005
      clockrate                1.155063    0.035479    0.833743    1.511150    1.126047    108.69    135.12    1.001
      clockrate                1.051452    0.017104    0.819572    1.315086    1.035153     29.41     37.98    1.000
      clockrate                0.841990    0.037750    0.539360    1.241140    0.802403     34.28     80.20    1.006
      clockrate                1.002848    0.006578    0.841583    1.159114    0.998063    143.77    154.64    1.000
      clockrate                0.922592    0.012593    0.709399    1.139475    0.911826    178.21    190.22    1.016
      clockrate                0.814779    0.004931    0.680290    0.954716    0.809411     66.22     78.53    1.000
      clockrate                1.138571    0.021397    0.876937    1.429196    1.122686     38.24     41.62    1.004
      clockrate                0.907048    0.031260    0.656882    1.267753    0.873178     16.20     24.60    1.001
      clockrate                1.025403    0.052910    0.654047    1.470689    0.986848     98.37    149.43    1.005
      clockrate                1.051227    0.023161    0.773083    1.351792    1.033131    151.33    211.83    1.002
      clockrate                1.244740    0.083389    0.789816    1.828875    1.193927     54.66     66.71    1.022
      clockrate                1.171717    0.048647    0.798693    1.602141    1.139081     74.57     93.61    1.000
      clockrate                0.805858    0.004754    0.675772    0.943795    0.802006    279.16    307.82    1.000
      clockrate                1.482444    0.152725    0.801844    2.244044    1.447445     17.68     45.72    1.019
      clockrate                0.977544    0.012230    0.778998    1.205598    0.965581     25.90    306.42    1.015
      clockrate                0.854950    0.009965    0.672713    1.053384    0.843779     88.90     94.60    1.001
      clockrate                1.187464    0.034238    0.859632    1.548646    1.164844     32.66     96.39    1.001
      clockrate                0.902553    0.041465    0.538059    1.309480    0.879136    649.12    719.05    1.000
      clockrate                1.151681    0.012229    0.950805    1.381976    1.141427     32.97     98.51    1.091
      clockrate                1.078533    0.018804    0.834836    1.344795    1.064520     65.74     76.64    1.003
      clockrate                1.031670    0.013646    0.822206    1.266186    1.015969     32.75     79.37    1.039
      clockrate                1.108718    0.037743    0.787065    1.469019    1.084505    146.84    198.64    1.004
      clockrate                0.999201    0.014547    0.778863    1.238887    0.986412     90.44     98.81    1.003
      clockrate                0.970128    0.003988    0.847348    1.093310    0.968042    190.78    549.61    1.004
      clockrate                0.959567    0.015962    0.738145    1.215333    0.946511     26.03     91.91    1.021
      clockrate                0.898334    0.010150    0.711873    1.093719    0.888468     84.64     94.25    1.019
      clockrate                1.179221    0.179887    0.732790    2.022802    1.072087     17.82     22.31    1.002
      clockrate                0.970230    0.005577    0.830345    1.123813    0.966390    533.50    681.02    1.014
      clockrate                1.251938    0.041721    0.911522    1.666697    1.224021     47.84     64.22    1.000
      clockrate                1.094953    0.041786    0.724488    1.495973    1.068093     77.20    119.35    1.020
      clockrate                0.938707    0.010793    0.748083    1.150550    0.929867    208.68    245.83    1.004
      clockrate                0.829445    0.009631    0.645543    1.026262    0.820264    181.33    199.96    1.000
      clockrate                1.041600    0.007624    0.870901    1.213228    1.038360     39.58    411.92    1.019
      clockrate                1.226381    0.048248    0.851491    1.652480    1.194638     23.79     29.15    1.005
      clockrate                1.170913    0.036251    0.861597    1.541222    1.140476     19.42     30.56    1.000
      clockrate                1.155578    0.040285    0.799990    1.542613    1.127350     60.57    164.34    1.005
      clockrate                1.119083    0.022164    0.856584    1.422771    1.099429     33.83     44.12    1.046
      clockrate                0.932561    0.005622    0.792399    1.083961    0.928578     89.65    132.31    1.001
      clockrate                0.959616    0.007855    0.792923    1.134262    0.952015     72.55    332.26    1.098
      clockrate                1.120067    0.035008    0.807310    1.499991    1.090824     48.46     52.24    1.005
      clockrate                0.985949    0.023009    0.733523    1.302106    0.961057     23.23     28.22    1.058
      clockrate                1.459900    0.050689    1.049610    1.917178    1.438765     64.26     89.53    1.002
