      ilnvar                   0.029027    0.001158    0.000224    0.093848    0.016196     25.23     26.96    1.008
      ilnvar                   0.038746    0.002426    0.000115    0.137939    0.019859     22.60     25.07    1.002
      ilnvar                   0.008305    0.000258    0.000005    0.040421    0.001421     14.90     15.98    1.016
      ilnvar                   0.109898    0.008726    0.000769    0.291500    0.087133     21.80     47.28    1.017
      ilnvar                   0.014397    0.000440    0.000015    0.056653    0.006463     23.10     24.19    1.036
      ilnvar                   0.165053    0.021563    0.001051    0.439144    0.128652    193.78    204.97    1.004
      ilnvar                   0.033261    0.001520    0.000279    0.113252    0.018967     39.18     40.96    1.015
      ilnvar                   0.370843    0.145295    0.001551    1.068062    0.273349     61.46     94.68    1.002
      ilnvar                   0.025498    0.001626    0.000004    0.104591    0.007443     15.76     24.64    1.044
      ilnvar                   0.047224    0.004038    0.000002    0.174484    0.015173     23.50     47.65    1.757
      ilnvar                   0.034351    0.001227    0.000124    0.102258    0.024438     27.97     41.02    1.006
      ilnvar                   0.106151    0.024956    0.000062    0.373868    0.055899     88.79    137.38    1.012
      ilnvar                   0.069569    0.008438    0.000085    0.233911    0.038257     48.89     57.28    1.001
      ilnvar                   0.070671    0.013299    0.000005    0.283914    0.026695     60.79     80.42    1.003
      ilnvar                   0.010070    0.000362    0.000010    0.046608    0.001667     15.18     17.57    1.066
      ilnvar                   0.010854    0.000488    0.000005    0.057175    0.001521     18.37     20.65    1.013
      ilnvar                   0.042842    0.002905    0.000184    0.144058    0.022415     38.24     38.48    1.011
      ilnvar                   0.028859    0.003516    0.000022    0.124479    0.008166     75.60     82.98    1.002
      ilnvar                   0.161663    0.067910    0.000004    0.590822    0.080868    521.81    522.87    1.000
      ilnvar                   0.013763    0.000528    0.000001    0.057899    0.004562     47.31     67.51    1.000
      ilnvar                   0.001964    0.000032    0.000001    0.011525    0.000116     22.95     24.14    1.011
      ilnvar                   0.120780    0.015037    0.000022    0.359231    0.087976     58.29     64.39    1.022
      ilnvar                   0.022651    0.001594    0.000006    0.094387    0.007093     29.17     39.14    1.003
      ilnvar                   0.029599    0.001246    0.000890    0.092421    0.017725    128.79    129.12    1.000
      ilnvar                   0.011820    0.001027    0.000001    0.062121    0.000230     36.28     36.77    1.203
      ilnvar                   0.395239    0.093170    0.000137    0.975888    0.326528     42.38     68.60    1.025
      ilnvar                   0.021922    0.001702    0.000003    0.085797    0.007649     24.30     41.20    1.003
      ilnvar                   0.054686    0.003402    0.000006    0.170012    0.037318     21.95     25.40    1.010
      ilnvar                   0.035733    0.001881    0.000202    0.126178    0.019654     54.97     69.66    1.015
      ilnvar                   0.007597    0.000180    0.000004    0.030192    0.002765     40.76     50.25    1.021
      ilnvar                   0.155364    0.018647    0.001074    0.407573    0.123450     32.53     48.62    1.016
      ilnvar                   0.391792    0.060786    0.051983    0.811426    0.341861    115.85    141.90    1.001
      ilnvar                   0.016793    0.000716    0.000022    0.071007    0.006460     24.00     36.34    1.003
      ilnvar                   0.036556    0.005574    0.000102    0.140301    0.012603    167.10    177.75    1.016
      ilnvar                   0.012259    0.000535    0.000001    0.054725    0.003248     21.79     24.64    1.000
      ilnvar                   0.027205    0.005871    0.000001    0.112707    0.004894     33.12     65.31    1.007
      ilnvar                   0.031564    0.001589    0.000378    0.105064    0.018356     33.47     51.37    1.000
      ilnvar                   0.040247    0.006280    0.000001    0.171086    0.010469     27.05     36.23    1.086
      ilnvar                   0.089082    0.018127    0.000073    0.344490    0.040385     58.16     89.54    1.033
      ilnvar                   0.008504    0.000284    0.000005    0.038460    0.001922     38.24     60.43    1.000
      ilnvar                   0.002380    0.000038    0.000001    0.013525    0.000171     14.91     22.82    1.015
      ilnvar                   0.063083    0.005099    0.000534    0.201867    0.039970     42.42     54.26    1.002
      ilnvar                   0.083798    0.006000    0.003942    0.235806    0.059950     40.25     49.32    1.000
      ilnvar                   0.048060    0.001685    0.000484    0.125420    0.039459     38.24     43.49    1.023
      ilnvar                   0.046779    0.003194    0.000244    0.145852    0.030071     41.20     42.26    1.005
      ilnvar                   0.021987    0.000831    0.000073    0.079361    0.011112     51.50     53.06    1.026
      ilnvar                   0.022846    0.001239    0.000092    0.086910    0.008835     37.19     40.46    1.015
      ilnvar                   0.156774    0.033551    0.000024    0.503868    0.101854     26.26     79.39    1.063
      ilnvar                   0.098107    0.014349    0.000257    0.341354    0.055300     30.51     31.70    1.019
      ilnvar                   0.026397    0.001634    0.000001    0.113448    0.004198     25.36     38.67    1.385
      ilnvar                   0.008697    0.000440    0.000001    0.049176    0.000856     28.95     34.58    1.016
      ilnvar                   0.088470    0.015871    0.000002    0.331165    0.041157     24.19     64.28    1.019
      ilnvar                   0.624936    0.206336    0.022359    1.480874    0.511067    201.55    217.90    1.005
      ilnvar                   0.010856    0.000721    0.000001    0.062285    0.000656     24.08     24.69    1.010
      ilnvar                   0.051536    0.003538    0.000024    0.169395    0.031301     27.38     50.49    1.010
      ilnvar                   0.044987    0.002790    0.000218    0.144963    0.026456     37.50     43.57    1.002
      ilnvar                   0.002086    0.000022    0.000002    0.009930    0.000310     14.16     15.28    1.047
      ilnvar                   0.033299    0.003432    0.000001    0.139734    0.010813     24.54     45.27    1.005
      ilnvar                   0.022186    0.002084    0.000006    0.093298    0.006739     54.94     70.95    1.003
      ilnvar                   0.026976    0.001759    0.000015    0.112461    0.007897     16.45     18.06    1.002
      ilnvar                   0.046714    0.013794    0.000002    0.227979    0.007985     45.98     71.91    1.000
      ilnvar                   0.001902    0.000032    0.000001    0.011525    0.000081     26.96     27.02    1.000
      ilnvar                   0.018816    0.001384    0.000005    0.083977    0.005698     75.04     88.30    1.025
      ilnvar                   0.017519    0.000557    0.000017    0.062722    0.008006     24.78     25.41    1.005
      ilnvar                   0.061348    0.004465    0.000269    0.195479    0.037086     21.62     28.52    1.004
      ilnvar                   0.088787    0.018207    0.000453    0.282948    0.048330     16.74     21.69    1.001
      ilnvar                   0.205591    0.053357    0.000118    0.625047    0.136782     94.59    143.75    1.007
      ilnvar                   0.126113    0.018946    0.000224    0.379287    0.086943     76.78    121.34    1.001
      ilnvar                   0.187268    0.039999    0.000138    0.578026    0.119870     51.59     59.71    1.011
      ilnvar                   0.097851    0.013447    0.000780    0.312962    0.060779     65.34     74.93    1.001
      ilnvar                   0.012971    0.000428    0.000014    0.056671    0.003406     18.41     22.21    1.004
      ilnvar                   0.290593    0.068366    0.000015    0.786871    0.235509     19.24     44.27    1.014
      ilnvar                   0.008085    0.000444    0.000001    0.050240    0.000419     12.44     16.84    1.088
      ilnvar                   0.035523    0.002573    0.000007    0.132360    0.016217     37.89     38.61    1.003
      ilnvar                   0.152153    0.015816    0.000211    0.381498    0.129059     25.10     57.30    1.000
      ilnvar                   0.083968    0.020534    0.000033    0.321323    0.035963    415.72    585.10    1.001
      ilnvar                   0.018698    0.000837    0.000001    0.076146    0.003979     17.74     21.40    1.255
      ilnvar                   0.027270    0.002902    0.000002    0.112621    0.007387     65.95     68.60    1.009
      ilnvar                   0.051757    0.003480    0.000002    0.168120    0.033971     17.18     41.79    1.065
      ilnvar                   0.026426    0.002187    0.000011    0.102752    0.009947     50.35     80.89    1.001
      ilnvar                   0.115924    0.010819    0.001002    0.311109    0.091241     34.47     45.75    1.020
      ilnvar                   0.000752    0.000003    0.000001    0.003626    0.000126     23.11     23.96    1.020
      ilnvar                   0.133058    0.010527    0.000108    0.325160    0.116793     17.63     53.10    1.042
      ilnvar                   0.023551    0.001484    0.000011    0.096983    0.008195     37.01     42.84    1.038
      ilnvar                   0.124521    0.091672    0.000005    0.625892    0.027624     20.09     24.87    1.002
      ilnvar                   0.017264    0.000463    0.000028    0.057640    0.010292     24.30     32.27    1.090
      ilnvar                   0.120946    0.011878    0.002604    0.327682    0.091704     38.04     44.91    1.002
      ilnvar                   0.122640    0.022987    0.000058    0.416787    0.069948     83.24    102.66    1.011
      ilnvar                   0.024856    0.001228    0.000145    0.089952    0.012015     41.36     55.23    1.009
      ilnvar                   0.029684    0.001991    0.000054    0.119189    0.012361     67.47     75.55    1.000
      ilnvar                   0.002529    0.000087    0.000001    0.013341    0.000084     20.90     23.94    1.097
      ilnvar                   0.083468    0.010285    0.000045    0.270284    0.050101     20.30     23.90    1.008
      ilnvar                   0.059894    0.008066    0.000189    0.215674    0.028478     19.22     29.18    1.003
      ilnvar                   0.064527    0.008642    0.000001    0.225306    0.034238     62.01    108.59    1.011
      ilnvar                   0.055880    0.003638    0.000041    0.178628    0.037577     14.70     30.98    1.075
      ilnvar                   0.007005    0.000206    0.000001    0.032835    0.001768     23.00     26.70    1.001
      ilnvar                   0.016663    0.001179    0.000001    0.083218    0.001232     26.87     35.19    1.188
      ilnvar                   0.057957    0.006884    0.000004    0.229285    0.019907     36.90     39.86    1.009
      ilnvar                   0.095562    0.012890    0.000221    0.320023    0.059172     24.01     24.55    1.048
      ilnvar                   0.199106    0.022182    0.002672    0.477126    0.167189     35.89     64.70    1.004
