      clockrate{all}                0.943369    0.004942    0.808214    1.080438    0.938940    162.46    162.75    1.000
      clockrate{all}                0.905194    0.005375    0.763766    1.049893    0.903040    355.99    410.01    1.005
      clockrate{all}                0.941188    0.003047    0.835877    1.051670    0.939229    175.21    334.70    1.006
      clockrate{all}                0.895376    0.003628    0.779338    1.009967    0.891360     66.43     77.72    1.017
      clockrate{all}                0.945393    0.003812    0.823054    1.064020    0.942297    212.57    264.32    1.003
      clockrate{all}                0.828883    0.007808    0.661376    1.000534    0.824321    766.48    793.28    1.001
      clockrate{all}                0.869024    0.002409    0.773078    0.965631    0.867703   1746.54   1888.38    1.001
      clockrate{all}                1.120370    0.019647    0.857377    1.391709    1.107061    393.76    394.92    1.007
      clockrate{all}                0.971654    0.011919    0.780535    1.188764    0.959541    136.10    151.58    1.005
      clockrate{all}                0.833277    0.003292    0.724908    0.947357    0.830810    118.00    164.44    1.008
      clockrate{all}                0.949159    0.004705    0.818011    1.081101    0.943983     98.44    212.35    1.175
      clockrate{all}                0.912875    0.019452    0.657553    1.190856    0.899925    404.40    633.96    1.010
      clockrate{all}                0.861201    0.008615    0.681410    1.043545    0.854785    150.17    176.72    1.001
      clockrate{all}                1.235589    0.080418    0.735313    1.785865    1.200019     31.06     68.66    1.000
      clockrate{all}                0.955396    0.003407    0.840719    1.068828    0.954427    354.27    362.92    1.000
      clockrate{all}                0.873434    0.003071    0.766792    0.982028    0.870135     38.69    566.76    1.036
      clockrate{all}                0.823902    0.003003    0.717601    0.932411    0.822473    296.42    316.98    1.001
      clockrate{all}                0.909704    0.018930    0.654285    1.184999    0.896876    235.73    361.94    1.001
      clockrate{all}                1.534557    0.132967    0.917247    2.271646    1.473556    522.08    562.18    1.001
      clockrate{all}                0.918219    0.017377    0.698208    1.178524    0.897303     63.69     89.75    1.005
      clockrate{all}                0.919369    0.003434    0.804442    1.031526    0.917348    664.62    971.42    1.001
      clockrate{all}                0.880755    0.005922    0.732534    1.031583    0.876501    570.99    686.61    1.001
      clockrate{all}                1.010503    0.022299    0.758811    1.302286    0.991669     87.96    169.65    1.004
      clockrate{all}                0.923803    0.012085    0.718667    1.138671    0.909823     59.02     78.51    1.006
      clockrate{all}                0.886303    0.003983    0.761429    1.007079    0.882734    109.17    181.06    1.026
      clockrate{all}                1.101925    0.026746    0.825355    1.424501    1.076233     65.41    116.55    1.002
      clockrate{all}                0.913056    0.007146    0.749392    1.080869    0.909687    566.21    632.38    1.004
      clockrate{all}                0.855537    0.007752    0.691152    1.027656    0.846380     51.17     54.00    1.011
      clockrate{all}                1.048486    0.025103    0.787333    1.384569    1.022040     36.14     91.70    1.003
      clockrate{all}                0.976712    0.007719    0.822394    1.158985    0.967204     92.11     97.06    1.019
      clockrate{all}                0.803498    0.006720    0.649720    0.967111    0.796005     39.46    142.52    1.015
      clockrate{all}                0.949844    0.007909    0.782922    1.125598    0.941998     24.80     49.63    1.000
      clockrate{all}                0.857922    0.003232    0.750180    0.971691    0.856555    200.64    252.99    1.014
      clockrate{all}                0.876525    0.012359    0.678026    1.104047    0.866181     86.75    134.84    1.001
      clockrate{all}                0.882733    0.002959    0.779080    0.992136    0.880760     91.51    116.03    1.001
      clockrate{all}                0.853263    0.006220    0.701124    1.008277    0.850154    125.84    369.57    1.001
      clockrate{all}                0.977671    0.006490    0.823567    1.137136    0.973682    463.71    595.47    1.000
      clockrate{all}                0.951772    0.008901    0.773417    1.136705    0.945733    412.01    777.27    1.003
      clockrate{all}                0.925508    0.007701    0.767881    1.105398    0.917587    149.19    340.71    1.000
      clockrate{all}                0.776451    0.006089    0.626260    0.926648    0.770355    168.28    206.90    1.007
      clockrate{all}                0.851366    0.003284    0.738720    0.961750    0.849298    221.68    445.03    1.010
      clockrate{all}                0.862874    0.014454    0.647738    1.099626    0.845240     67.55     79.16    1.000
      clockrate{all}                0.957511    0.003804    0.836963    1.078272    0.955554    226.74    272.04    1.013
      clockrate{all}                0.884847    0.003637    0.764242    0.998838    0.883520    202.39    374.30    1.002
      clockrate{all}                0.988219    0.004213    0.861338    1.115126    0.986259    687.66    764.11    1.003
      clockrate{all}                0.951901    0.010263    0.765144    1.159051    0.943572    265.84    318.82    1.006
      clockrate{all}                0.921167    0.007054    0.762224    1.082682    0.913327     25.88     41.69    1.033
      clockrate{all}                1.222346    0.021357    0.953407    1.519891    1.208334    139.92    147.66    1.000
      clockrate{all}                0.932480    0.007470    0.775452    1.106839    0.925021     58.00     60.68    1.020
      clockrate{all}                0.966021    0.005014    0.833582    1.107719    0.960834     31.60    326.34    1.035
      clockrate{all}                0.846368    0.012753    0.650051    1.075491    0.830575     60.88    173.63    1.139
      clockrate{all}                0.950960    0.034345    0.652338    1.303734    0.920037     57.60     58.16    1.004
      clockrate{all}                1.103218    0.026728    0.804905    1.416529    1.084286    111.79    128.19    1.001
      clockrate{all}                0.898834    0.006778    0.749357    1.064651    0.890900    116.02    116.79    1.027
      clockrate{all}                0.930008    0.007074    0.774106    1.096870    0.923092     74.77     79.82    1.037
      clockrate{all}                0.974701    0.007148    0.817412    1.147864    0.968765    193.90    243.98    1.001
      clockrate{all}                0.834616    0.002471    0.740694    0.935389    0.833088    371.00    411.84    1.004
      clockrate{all}                0.985512    0.012373    0.794547    1.216820    0.971399     93.61    104.50    1.000
      clockrate{all}                1.033640    0.014067    0.812448    1.266359    1.021009    200.41    203.87    1.005
      clockrate{all}                0.877501    0.006371    0.735203    1.037137    0.870338     43.75    329.64    1.025
      clockrate{all}                1.048451    0.077253    0.597939    1.611752    1.001561    188.93    238.98    1.005
      clockrate{all}                0.919197    0.003046    0.815142    1.030013    0.917828    733.65    801.41    1.001
      clockrate{all}                0.823428    0.004927    0.690783    0.958204    0.818663    163.34    271.55    1.023
      clockrate{all}                0.859429    0.003029    0.754162    0.968543    0.856795     64.59     76.75    1.026
      clockrate{all}                0.826914    0.004463    0.700622    0.960713    0.822758     59.72     62.28    1.001
      clockrate{all}                0.843753    0.004961    0.714730    0.985363    0.838175     45.24     56.67    1.002
      clockrate{all}                1.042920    0.021955    0.800337    1.355338    1.021751     41.88     60.09    1.000
      clockrate{all}                0.996977    0.019562    0.748464    1.273445    0.980584    212.69    222.85    1.014
      clockrate{all}                0.926798    0.013486    0.720760    1.158452    0.912459    101.02    128.05    1.000
      clockrate{all}                1.010990    0.013124    0.800599    1.243286    1.000484    151.64    219.70    1.005
      clockrate{all}                0.930265    0.003985    0.809402    1.053691    0.925088     30.72    392.53    1.049
      clockrate{all}                1.015365    0.006889    0.860021    1.185187    1.010800    168.07    246.16    1.002
      clockrate{all}                0.952725    0.004060    0.830181    1.079328    0.951164    389.88    519.11    1.001
      clockrate{all}                0.985244    0.012231    0.782098    1.210192    0.973757     56.92     95.21    1.000
      clockrate{all}                0.908528    0.005367    0.770697    1.055798    0.903324     88.95    169.27    1.008
      clockrate{all}                1.262483    0.089850    0.735781    1.870215    1.219056     76.35    164.03    1.000
      clockrate{all}                0.883007    0.003649    0.763231    0.999862    0.880800    130.64    142.38    1.001
      clockrate{all}                1.105769    0.030787    0.827213    1.466544    1.071849     28.77    216.63    1.002
      clockrate{all}                0.902436    0.003903    0.783057    1.025180    0.898479     96.70    109.64    1.014
      clockrate{all}                1.165720    0.029805    0.863804    1.520405    1.143388    153.07    216.78    1.014
      clockrate{all}                1.055769    0.008433    0.880881    1.238957    1.049364     50.40     50.99    1.009
      clockrate{all}                0.909095    0.002593    0.811387    1.010674    0.908039    126.07    353.59    1.011
      clockrate{all}                0.875141    0.004943    0.741920    1.015931    0.871390    111.91    200.02    1.000
      clockrate{all}                0.910509    0.006107    0.761236    1.064409    0.905983    131.73    146.73    1.005
      clockrate{all}                0.957322    0.013983    0.750609    1.186302    0.942466     37.28     96.07    1.007
      clockrate{all}                0.912420    0.003915    0.789632    1.033755    0.909751    299.63    499.66    1.029
      clockrate{all}                1.070502    0.012170    0.863438    1.291827    1.064442    117.65    159.40    1.004
      clockrate{all}                0.915749    0.010759    0.721853    1.121724    0.905136     92.13    103.88    1.010
      clockrate{all}                1.028654    0.019192    0.780602    1.311070    1.011452     55.83    106.58    1.013
      clockrate{all}                0.947116    0.013495    0.740368    1.178527    0.934091    127.46    164.41    1.012
      clockrate{all}                0.915863    0.004949    0.785170    1.058744    0.910739    130.15    155.18    1.048
      clockrate{all}                0.991690    0.009042    0.820342    1.186839    0.980748     25.63     33.98    1.000
      clockrate{all}                0.893110    0.008927    0.728101    1.091288    0.879024     19.92     43.89    1.027
      clockrate{all}                1.173824    0.079496    0.757455    1.719245    1.111507     47.95     60.65    1.008
      clockrate{all}                1.031568    0.016875    0.803657    1.297820    1.013468     59.47     77.91    1.001
      clockrate{all}                0.928423    0.002871    0.826226    1.034872    0.927030    422.30    570.73    1.002
      clockrate{all}                0.952249    0.009402    0.775261    1.144978    0.943258    217.32    251.03    1.010
      clockrate{all}                1.071177    0.012425    0.864552    1.289269    1.062408    343.98    354.41    1.003
      clockrate{all}                0.844117    0.004829    0.717471    0.987852    0.840008     22.88     36.39    1.002
      clockrate{all}                0.994483    0.004674    0.865344    1.132760    0.992657    714.60   1143.44    1.001
 