0.2790698
0.3611111
0.1363636
0.25
0.1590909
0.1
0.05128205
0.1363636
0.3103448
0.1555556
0.1052632
0.125
0.1304348
0.125
0.255814
0.1086957
0.1395349
0.1052632
0
0.1875
0.173913
0.2083333
0.1290323
0.1538462
0.05
0.1481481
0.08823529
0.1142857
0.07407407
0.1282051
0.2195122
0.1891892
0.08108108
0.2941176
0.08695652
0.2
0.2962963
0.2272727
0.05263158
0.2
0.2340426
0.06896552
0.1489362
0.2765957
0.1891892
0.2222222
0.225
0.04166667
0.1212121
0.08888889
0.2173913
0.05555556
0.1578947
0.1333333
0.09375
0.08571429
0.07142857
0.04545455
0.05
0.1081081
0
0.175
0.12
0.1111111
0.09302326
0.175
0.1176471
0.3181818
0.1153846
0.1538462
0.175
0.03703704
0.15
0.08695652
0.03846154
0
0.1794872
0.1333333
0.1463415
0.1578947
0.2105263
0.1136364
0.2051282
0.2285714
0.1052632
0.1052632
0.3
0.25
0.2307692
0.1666667
0.06976744
0.1142857
0.1521739
0.0625
0.1
0.1304348
0.1
0.25
0.1842105
0.3225806
