      age{all}[0]                   0.932593    0.001679    0.858116    1.013781    0.926364    1.004    2
      age{all}[0]                   1.040189    0.000879    0.984875    1.099275    1.038101    1.001    2
      age{all}[0]                   1.023815    0.001073    0.967390    1.091285    1.020656    1.004    2
      age{all}[0]                   1.021112    0.001013    0.963028    1.085797    1.018806    1.010    2
      age{all}[0]                   1.052371    0.001066    0.994702    1.119801    1.050285    1.002    2
      age{all}[0]                  1.027725    0.001538    0.954706    1.105862    1.024613    1.000    2
      age{all}[0]                  1.006860    0.000411    0.969259    1.046400    1.005338    1.000    2
      age{all}[0]                  0.803672    0.001356    0.742223    0.879045    0.797892    1.000    2
      age{all}[0]                  1.015420    0.001076    0.954334    1.081123    1.012259    1.005    2
      age{all}[0]                   0.984982    0.002314    0.905464    1.082798    0.976685    1.001    2
      age{all}[0]                  0.939823    0.000715    0.893811    0.993567    0.936309    1.099    2
      age{all}[0]                  0.889383    0.001737    0.831204    0.967248    0.880315    1.004    2
      age{all}[0]                  1.018855    0.004187    0.888958    1.147954    1.015918    1.000    2
      age{all}[0]                  0.923359    0.004382    0.818493    1.060673    0.909101    1.006    2
      age{all}[0]                   0.990447    0.000815    0.937174    1.050428    0.988645    1.001    2
      age{all}[0]                   0.975008    0.000612    0.927139    1.021750    0.973222    1.006    2
      age{all}[0]                   1.012239    0.000842    0.964753    1.068374    1.007327    1.000    2
      age{all}[0]                  0.954358    0.002708    0.868600    1.055060    0.946546    1.000    2
      age{all}[0]                  0.839585    0.011978    0.641271    1.052418    0.828512    1.000    2
      age{all}[0]                  1.003334    0.001426    0.951804    1.075018    0.996562    1.000    2
      age{all}[0]                   0.968146    0.000707    0.919355    1.020036    0.965361    1.002    2
      age{all}[0]                  1.016088    0.000795    0.979082    1.068871    1.010243    1.000    2
      age{all}[0]                  0.870048    0.002194    0.785176    0.965523    0.865922    1.001    2
      age{all}[0]                  1.044317    0.003270    0.935639    1.158754    1.043104    1.002    2
      age{all}[0]                   0.985746    0.001548    0.914104    1.060968    0.981686    1.020    2
      age{all}[0]                  0.956913    0.005175    0.817133    1.099872    0.953336    1.003    2
      age{all}[0]                  1.000390    0.002086    0.914374    1.089361    0.996778    1.000    2
      age{all}[0]                  0.956306    0.001745    0.877391    1.042813    0.953060    1.000    2
      age{all}[0]                  0.944567    0.005079    0.810623    1.087949    0.941154    1.003    2
      age{all}[0]                   0.995552    0.003856    0.879573    1.120327    0.990983    1.010    2
      age{all}[0]                   1.009854    0.001591    0.935835    1.090495    1.007801    1.003    2
      age{all}[0]                  1.002139    0.002729    0.914787    1.089642    1.002658    1.020    2
      age{all}[0]                  1.022001    0.000714    0.976415    1.078408    1.017940    1.049    2
      age{all}[0]                  1.011057    0.001234    0.970766    1.081466    1.001573    1.000    2
      age{all}[0]                   1.011034    0.000796    0.959574    1.067467    1.009059    1.003    2
      age{all}[0]                  1.021217    0.001069    0.961562    1.086079    1.018042    1.001    2
      age{all}[0]                  0.924440    0.001300    0.854398    0.993916    0.921901    1.002    2
      age{all}[0]                  0.922749    0.002166    0.872947    1.027333    0.906401    1.108    2
      age{all}[0]                  0.988482    0.000323    0.965594    1.023803    0.984476    1.000    2
      age{all}[0]                  1.028259    0.001303    0.962824    1.099883    1.025134    1.003    2
      age{all}[0]                   0.943700    0.001237    0.876820    1.012627    0.941598    1.000    2
      age{all}[0]                  0.998204    0.002938    0.901694    1.114975    0.993858    1.003    2
      age{all}[0]                   0.906715    0.002005    0.823513    1.001032    0.903565    1.022    2
      age{all}[0]                   1.015277    0.001309    0.946031    1.083950    1.013358    1.001    2
      age{all}[0]                  0.994725    0.000639    0.952825    1.046839    0.990199    1.000    2
      age{all}[0]                  1.019637    0.001188    0.958811    1.089075    1.016321    1.002    2
      age{all}[0]                   1.003952    0.001356    0.936429    1.078558    1.001107    1.005    2
      age{all}[0]                  0.949779    0.000633    0.915298    0.997012    0.945041    1.001    2
      age{all}[0]                  1.024323    0.001004    0.965894    1.086872    1.021277    1.005    2
      age{all}[0]                   0.994778    0.000647    0.950048    1.043894    0.991587    1.004    2
      age{all}[0]                  0.998891    0.001383    0.925550    1.072303    0.996012    1.020    2
      age{all}[0]                  1.013248    0.005114    0.873386    1.156896    1.008909    1.001    2
      age{all}[0]                  0.933999    0.002647    0.836228    1.032722    0.928189    1.000    2
      age{all}[0]                  0.996734    0.003498    0.883718    1.117201    0.995508    1.026    2
      age{all}[0]                  0.994594    0.000857    0.940435    1.053712    0.991905    1.002    2
      age{all}[0]                  1.007595    0.000694    0.966110    1.057032    1.003368    1.003    2
      age{all}[0]                   1.016454    0.001475    0.951954    1.100898    1.009868    1.004    2
      age{all}[0]                  0.972123    0.002507    0.872669    1.066758    0.970952    1.000    2
      age{all}[0]                  0.996989    0.002756    0.900260    1.103685    0.992599    1.008    2
      age{all}[0]                  0.988424    0.001016    0.932715    1.048134    0.985560    1.012    2
      age{all}[0]                  1.000308    0.001945    0.956540    1.083126    0.987598    1.000    2
      age{all}[0]                   0.960176    0.001566    0.894226    1.040944    0.953854    1.018    2
      age{all}[0]                  1.055328    0.001386    0.986394    1.129847    1.052670    1.023    2
      age{all}[0]                   0.963363    0.001170    0.899979    1.027647    0.962063    1.004    2
      age{all}[0]                   1.039504    0.001987    0.954701    1.127616    1.037291    1.000    2
      age{all}[0]                   0.982966    0.001318    0.914500    1.055207    0.980639    1.006    2
      age{all}[0]                  0.892033    0.003084    0.783716    1.005968    0.889377    1.000    2
      age{all}[0]                  0.996438    0.001139    0.934194    1.063370    0.993316    1.000    2
      age{all}[0]                  0.987678    0.003967    0.871017    1.113559    0.983156    1.001    2
      age{all}[0]                  1.005983    0.001273    0.942108    1.078658    1.002447    1.003    2
      age{all}[0]                   1.000612    0.000966    0.941795    1.065175    0.997504    1.000    2
      age{all}[0]                  0.997931    0.001078    0.936430    1.061348    0.995361    1.002    2
      age{all}[0]                   0.977496    0.001207    0.914540    1.045352    0.973584    1.000    2
      age{all}[0]                  0.956063    0.002181    0.870881    1.053841    0.952070    1.003    2
      age{all}[0]                  1.026735    0.000998    0.965721    1.089221    1.025581    1.002    2
      age{all}[0]                  0.894466    0.007006    0.792186    1.052978    0.877412    1.000    2
      age{all}[0]                   0.988951    0.001329    0.921434    1.066221    0.988006    1.001    2
      age{all}[0]                  0.966821    0.001261    0.900800    1.037824    0.963076    1.002    2
      age{all}[0]                   1.060088    0.001479    0.984685    1.140362    1.056734    1.013    2
      age{all}[0]                  0.957883    0.001299    0.892098    1.030739    0.954384    1.000    2
      age{all}[0]                   0.865545    0.001823    0.782124    0.945776    0.863116    1.003    2
      age{all}[0]                   0.967020    0.001720    0.889685    1.049326    0.963786    1.020    2
      age{all}[0]                   0.991146    0.001550    0.925965    1.062775    0.986268    1.000    2
      age{all}[0]                  0.860053    0.002375    0.769018    0.960659    0.856512    1.001    2
      age{all}[0]                  1.023672    0.003733    0.908031    1.145062    1.019982    1.001    2
      age{all}[0]                  0.983037    0.000965    0.924917    1.045809    0.980720    1.015    2
      age{all}[0]                  0.785632    0.004470    0.656464    0.920159    0.779891    1.005    2
      age{all}[0]                  0.954278    0.001031    0.905205    1.014987    0.947910    1.013    2
      age{all}[0]                  1.027662    0.003788    0.908637    1.150261    1.025012    1.010    2
      age{all}[0]                  0.945345    0.002262    0.858928    1.035587    0.942669    1.018    2
      age{all}[0]                   1.005531    0.000894    0.949402    1.066660    1.003611    1.001    2
      age{all}[0]                  1.010763    0.001294    0.942410    1.081765    1.008402    1.000    2
      age{all}[0]                   1.020407    0.001663    0.949181    1.104499    1.016908    1.005    2
      age{all}[0]                  0.970300    0.003151    0.866699    1.080656    0.966449    1.004    2
      age{all}[0]                   0.956713    0.001432    0.887735    1.032475    0.954037    1.000    2
      age{all}[0]                   1.016169    0.000545    0.973270    1.063376    1.014704    1.000    2
      age{all}[0]                  1.037653    0.001170    0.974873    1.109275    1.034835    1.001    2
      age{all}[0]                  1.016955    0.000548    0.972956    1.062688    1.014609    1.000    2
      age{all}[0]                   0.963998    0.002903    0.859764    1.071615    0.958217    1.000    2
      age{all}[0]                  0.910194    0.001973    0.828443    0.998030    0.905684    1.001    2
