      clockrate                0.907578    0.009219    0.728303    1.097490    0.899115    145.77    177.33    1.037
      clockrate                0.941839    0.014614    0.711203    1.175073    0.932774     76.60    133.32    1.006
      clockrate                0.810410    0.008101    0.647721    0.992128    0.801911     38.17    122.37    1.061
      clockrate                0.874831    0.008749    0.702012    1.062583    0.866173     43.95     56.40    1.012
      clockrate                1.042644    0.023056    0.765622    1.333408    1.030491     47.19     52.17    1.006
      clockrate                0.663934    0.012442    0.470354    0.890030    0.648048    201.63    230.98    1.000
      clockrate                0.707090    0.005202    0.571499    0.852010    0.701036    116.04    307.83    1.001
      clockrate                1.069791    0.045422    0.688220    1.478566    1.042402    122.25    286.43    1.006
      clockrate                1.130221    0.036039    0.761584    1.496988    1.124401    187.63    260.89    1.001
      clockrate                1.028010    0.018773    0.784655    1.299419    1.010811    128.42    147.97    1.000
      clockrate                0.835850    0.014042    0.628216    1.077839    0.821439    335.72    414.62    1.013
      clockrate                0.850392    0.039302    0.528171    1.228864    0.816435    231.52    344.69    1.002
      clockrate                1.001558    0.042136    0.660871    1.438416    0.965604     90.30    117.30    1.001
      clockrate                1.129105    0.072164    0.663818    1.652013    1.095320    107.14    341.60    1.003
      clockrate                1.086880    0.040624    0.733363    1.485096    1.061357    120.77    169.99    1.002
      clockrate                0.957800    0.048654    0.600661    1.381337    0.925976     29.87     57.92    1.107
      clockrate                1.039007    0.020087    0.791791    1.330734    1.018445    153.29    161.59    1.000
      clockrate                0.911738    0.081224    0.493944    1.492870    0.849261    130.12    138.78    1.002
      clockrate                1.159238    0.102913    0.531706    1.776420    1.120783    125.61    491.95    1.007
      clockrate                0.964530    0.048642    0.645735    1.407302    0.911778     45.45     50.58    1.000
      clockrate                0.999837    0.011163    0.803274    1.198461    0.989264     98.15    107.95    1.008
      clockrate                0.840616    0.020149    0.588720    1.118964    0.823802    283.57    298.04    1.001
      clockrate                0.918562    0.028510    0.614019    1.254903    0.901153    143.83    172.39    1.005
      clockrate                1.031159    0.058554    0.652689    1.539637    0.979355     52.15     78.84    1.003
      clockrate                0.729918    0.011753    0.556821    0.954255    0.710448     86.65     97.01    1.001
      clockrate                0.960699    0.026612    0.675205    1.273485    0.938236     60.52     65.28    1.001
      clockrate                1.341009    0.034062    0.995720    1.702990    1.328106    134.63    272.77    1.006
      clockrate                0.836545    0.010031    0.647017    1.033174    0.827309    133.50    141.97    1.000
      clockrate                1.287349    0.088150    0.768338    1.869221    1.249888    119.56    134.94    1.003
      clockrate                0.814451    0.010933    0.621782    1.022033    0.803368    144.93    178.82    1.001
      clockrate                0.912053    0.010775    0.719575    1.115840    0.902532    152.65    224.31    1.000
      clockrate                1.123335    0.039869    0.775432    1.531782    1.095308    133.56    163.14    1.001
      clockrate                0.854100    0.004611    0.726460    0.991873    0.850803     85.88    400.10    1.015
      clockrate                0.734203    0.024443    0.465537    1.044130    0.713581    510.14    521.32    1.001
      clockrate                0.860791    0.004697    0.727423    0.994086    0.858289    297.20   1175.29    1.002
      clockrate                0.916188    0.019476    0.674869    1.196005    0.896801     43.57     97.28    1.085
      clockrate                1.019294    0.013654    0.805607    1.252696    1.008959    234.34    337.50    1.004
      clockrate                0.729695    0.011203    0.535036    0.933793    0.717926    105.81    142.96    1.001
      clockrate                0.781279    0.013226    0.567124    1.006900    0.772175    832.20   1191.77    1.000
      clockrate                0.987113    0.014727    0.752829    1.226827    0.979438     97.11    127.15    1.003
      clockrate                1.058772    0.008694    0.875467    1.241788    1.056912    232.06    474.64    1.010
      clockrate                1.058376    0.026512    0.763370    1.386600    1.039582    233.56    310.73    1.002
      clockrate                0.997397    0.010136    0.810352    1.201848    0.989355     89.68    105.79    1.001
      clockrate                1.056494    0.012583    0.847530    1.296993    1.052782    142.00    180.66    1.001
      clockrate                0.920786    0.020648    0.665664    1.208277    0.901947     35.24     40.10    1.069
      clockrate                0.838205    0.017772    0.603530    1.107761    0.819422    189.67    285.84    1.004
      clockrate                1.018262    0.010382    0.824586    1.222826    1.013134    979.15   1122.55    1.000
      clockrate                0.714512    0.026872    0.436648    1.043279    0.689799    188.17    214.97    1.004
      clockrate                0.883730    0.012339    0.684552    1.110303    0.873000     78.60    128.93    1.000
      clockrate                0.771876    0.004551    0.642241    0.906088    0.768800    228.96    762.32    1.004
      clockrate                1.158684    0.089234    0.744692    1.800910    1.078965     29.97     39.18    1.026
      clockrate                1.045608    0.053187    0.702875    1.540966    0.992996     42.67     87.02    1.003
      clockrate                1.081995    0.074640    0.627315    1.622241    1.042481    209.65    274.69    1.004
      clockrate                0.959683    0.034612    0.642377    1.336847    0.931912     46.89     49.88    1.001
      clockrate                0.912328    0.018355    0.667448    1.186229    0.898113    101.04    181.71    1.000
      clockrate                0.752471    0.012621    0.557025    0.979419    0.736343    122.01    142.29    1.000
      clockrate                0.838978    0.015702    0.632061    1.102283    0.817152     60.26     61.61    1.002
      clockrate                0.871329    0.017531    0.639660    1.138501    0.854205    329.11    368.26    1.002
      clockrate                1.274304    0.113714    0.640482    1.933972    1.243704    281.39    289.16    1.000
      clockrate                0.859851    0.009526    0.675163    1.048765    0.853080    154.06    167.00    1.011
      clockrate                0.854785    0.015295    0.625230    1.104337    0.847429    746.66   1219.73    1.000
      clockrate                0.950950    0.009205    0.753918    1.137417    0.949942     89.97    236.72    1.002
      clockrate                0.732862    0.008416    0.560889    0.912309    0.724269    340.05    379.82    1.012
      clockrate                0.804844    0.008786    0.639087    0.996378    0.791021     45.72    746.55    1.208
      clockrate                1.103878    0.026671    0.814736    1.440452    1.081656    115.62    121.04    1.001
      clockrate                1.072323    0.031683    0.792515    1.368003    1.045212     34.29     38.63    1.005
      clockrate                1.107165    0.087519    0.635928    1.688855    1.048846    218.89    227.27    1.000
      clockrate                0.908118    0.031817    0.627825    1.263048    0.876519    119.82    132.34    1.003
      clockrate                0.875732    0.022337    0.624345    1.162017    0.854204     66.73    114.24    1.010
      clockrate                1.085046    0.071465    0.647793    1.647102    1.036250    196.01    219.57    1.005
      clockrate                1.027684    0.009154    0.850531    1.219699    1.020461     84.56    104.24    1.000
      clockrate                1.085399    0.061353    0.671969    1.578039    1.051704    156.69    230.15    1.002
      clockrate                1.002156    0.040627    0.660139    1.405054    0.974250     67.38    102.38    1.029
      clockrate                0.859631    0.015342    0.628808    1.106855    0.846708    105.03    145.74    1.000
      clockrate                0.816056    0.032242    0.550516    1.180827    0.776130    128.42    146.05    1.001
      clockrate                0.957927    0.038559    0.600175    1.321258    0.938545    122.27    935.62    1.003
      clockrate                0.820990    0.012667    0.609289    1.042080    0.812557    408.84    486.79    1.002
      clockrate                0.810999    0.019404    0.571736    1.097306    0.792040    407.61    543.45    1.002
      clockrate                0.899532    0.014093    0.680256    1.133922    0.888661     96.63    100.76    1.007
      clockrate                0.869153    0.016584    0.630263    1.123366    0.858010    643.31    776.11    1.000
      clockrate                1.408175    0.075671    0.920577    1.966279    1.372194     66.36     77.50    1.001
      clockrate                0.816470    0.005765    0.677817    0.968100    0.808143     49.27    186.14    1.036
      clockrate                0.849210    0.011034    0.652536    1.061458    0.841080    220.78    221.33    1.013
      clockrate                0.890829    0.012678    0.696835    1.122398    0.875778     76.30     85.19    1.038
      clockrate                0.842948    0.106582    0.504707    1.266411    0.776927     74.95     75.59    1.003
      clockrate                0.850654    0.008233    0.678387    1.031166    0.844750    351.58    406.73    1.012
      clockrate                1.098945    0.048559    0.769560    1.520637    1.056139     63.99     70.65    1.058
      clockrate                0.887869    0.021403    0.623290    1.174782    0.868843    145.64    217.61    1.000
      clockrate                1.049871    0.033917    0.744961    1.435123    1.018350    111.62    146.04    1.000
      clockrate                1.067641    0.036566    0.752258    1.454463    1.031142     69.92     70.64    1.012
      clockrate                0.703438    0.004776    0.571690    0.840225    0.699338    510.03    698.18    1.001
      clockrate                0.860343    0.009716    0.682441    1.064161    0.849213     61.95     66.39    1.001
      clockrate                1.090953    0.049191    0.788688    1.616585    1.039537     17.18     98.62    1.126
      clockrate                1.427023    0.249274    0.672023    2.369265    1.358557     83.45     87.68    1.011
      clockrate                0.735238    0.011406    0.547552    0.956369    0.724539    124.47    157.19    1.002
      clockrate                0.891628    0.010028    0.703167    1.087998    0.884151     65.16    160.48    1.001
      clockrate                1.101913    0.013018    0.885961    1.328108    1.093689     79.21    265.06    1.035
      clockrate                0.890118    0.017002    0.653058    1.153545    0.876324    311.24    317.90    1.000
      clockrate                1.240623    0.045529    0.852452    1.670346    1.224851    142.19    157.97    1.001
      clockrate                1.115115    0.015199    0.878342    1.355193    1.109375     98.19     98.63    1.004
