      clockrate                0.857411    0.004005    0.737535    0.983184    0.852758     75.23     94.90    1.004
      clockrate                0.982877    0.004005    0.861312    1.108591    0.981469    994.28   1078.91    1.000
      clockrate                0.886321    0.002432    0.792228    0.983672    0.884305    464.75    495.63    1.002
      clockrate                0.900581    0.003643    0.781914    1.018565    0.896773    152.50    169.98    1.003
      clockrate                0.888323    0.002543    0.792552    0.989878    0.887025    429.80    444.58    1.001
      clockrate                0.892572    0.012862    0.692063    1.117781    0.879211    165.40    224.11    1.001
      clockrate                0.871811    0.002764    0.771066    0.976218    0.868910    140.09    174.92    1.019
      clockrate                1.266499    0.041611    0.887505    1.657570    1.245189     35.06     45.52    1.021
      clockrate                0.962703    0.007020    0.809051    1.130590    0.956844    278.24    366.05    1.001
      clockrate                0.952210    0.004749    0.818039    1.086668    0.946325    248.98    254.68    1.001
      clockrate                0.786067    0.003108    0.678277    0.897077    0.783241     74.28    182.18    1.008
      clockrate                1.181383    0.076864    0.730416    1.760121    1.135954    145.77    210.76    1.002
      clockrate                0.811043    0.008148    0.637137    0.991011    0.805024    270.68    321.27    1.000
      clockrate                1.007123    0.027127    0.707575    1.338440    0.985764    237.87    242.06    1.000
      clockrate                0.888436    0.005433    0.746980    1.031821    0.882357     35.31     47.07    1.000
      clockrate                0.837465    0.002151    0.749504    0.930875    0.836409    517.19    631.90    1.001
      clockrate                0.898949    0.007544    0.739463    1.072715    0.891537    141.14    156.34    1.003
      clockrate                0.983011    0.026251    0.700658    1.312297    0.958483    144.67    193.40    1.001
      clockrate                1.345188    0.225671    0.599246    2.310843    1.243525     45.48     79.00    1.003
      clockrate                0.945857    0.007546    0.780189    1.117000    0.939249    125.50    290.89    1.002
      clockrate                0.899227    0.004696    0.773913    1.042505    0.893208    130.50    175.92    1.002
      clockrate                0.990088    0.009693    0.806100    1.185865    0.980868    181.48    240.81    1.000
      clockrate                1.021130    0.015620    0.789149    1.274868    1.009139     27.03     43.05    1.007
      clockrate                0.930566    0.007931    0.762429    1.106464    0.923171    190.89    238.14    1.000
      clockrate                0.925537    0.003240    0.817864    1.039029    0.924278    596.86    797.63    1.003
      clockrate                0.813693    0.007021    0.658921    0.985137    0.806331    276.72    309.43    1.006
      clockrate                0.947400    0.008161    0.782426    1.133641    0.938307    114.68    159.26    1.001
      clockrate                0.771542    0.004096    0.651417    0.900877    0.767135    122.98    138.61    1.010
      clockrate                0.948068    0.013552    0.731771    1.183651    0.936629    124.74    125.41    1.001
      clockrate                0.886357    0.004114    0.763961    1.008447    0.882146     68.54    176.25    1.021
      clockrate                0.952312    0.006486    0.796050    1.109962    0.947912     46.83    125.81    1.008
      clockrate                0.919520    0.005027    0.783220    1.060778    0.915947    231.32    341.06    1.000
      clockrate                0.865208    0.002927    0.762378    0.973977    0.863535    266.11    341.60    1.000
      clockrate                1.086847    0.025581    0.813851    1.415311    1.062016    123.88    192.60    1.000
      clockrate                0.895225    0.002605    0.796567    0.995726    0.893519    193.35    258.81    1.003
      clockrate                1.106566    0.026956    0.808895    1.424759    1.093672     58.51    125.02    1.029
      clockrate                1.111981    0.009700    0.929492    1.303279    1.103047    190.93    218.99    1.006
      clockrate                0.910427    0.008111    0.743098    1.094152    0.904500    693.92    973.49    1.012
      clockrate                1.015544    0.011672    0.814566    1.229563    1.003693    107.39    132.25    1.000
      clockrate                0.771430    0.007236    0.612829    0.943095    0.763385    107.16    125.87    1.001
      clockrate                0.943998    0.002981    0.840943    1.056016    0.942731    520.47    677.69    1.002
      clockrate                1.041062    0.010032    0.857782    1.216089    1.029640     55.93     57.50    1.002
      clockrate                0.947399    0.003395    0.834628    1.061567    0.945055     60.14    223.71    1.007
      clockrate                0.990693    0.004663    0.859093    1.125789    0.987863    196.61    275.21    1.000
      clockrate                0.995181    0.004361    0.869482    1.128082    0.993026    653.48    759.38    1.002
      clockrate                0.805953    0.005487    0.660764    0.948544    0.802174    455.90    716.34    1.004
      clockrate                0.915803    0.006477    0.764218    1.076461    0.910573     66.98    122.55    1.002
      clockrate                0.873406    0.008988    0.691278    1.059567    0.867761    508.67    595.52    1.001
      clockrate                0.986492    0.005030    0.852368    1.129195    0.982911    180.76    243.10    1.018
      clockrate                0.905580    0.003521    0.794631    1.026331    0.902422     76.76    148.28    1.005
      clockrate                0.886897    0.013122    0.690024    1.123567    0.870704    158.12    166.67    1.012
      clockrate                0.824718    0.029340    0.557766    1.138891    0.796915     65.63     82.16    1.005
      clockrate                1.214470    0.016390    0.980275    1.475555    1.207036    531.27    532.12    1.000
      clockrate                0.829292    0.005374    0.694455    0.980369    0.824380     37.65    211.01    1.001
      clockrate                0.813041    0.005452    0.676730    0.964234    0.807098    140.04    228.83    1.006
      clockrate                0.895730    0.005896    0.747854    1.047998    0.891993    387.94    455.51    1.006
      clockrate                0.861401    0.002906    0.759640    0.970608    0.859207    103.86    223.26    1.000
      clockrate                0.938106    0.011829    0.739797    1.154125    0.927036    188.11    213.65    1.006
      clockrate                0.994219    0.029420    0.705863    1.340997    0.969678    173.14    238.03    1.001
      clockrate                1.028973    0.006205    0.876491    1.189177    1.027958    105.71    148.31    1.007
      clockrate                0.935118    0.015173    0.702471    1.175082    0.925782     85.67    169.88    1.001
      clockrate                0.885335    0.004086    0.768097    1.016894    0.880635    119.01    209.75    1.067
      clockrate                1.033377    0.005465    0.889973    1.177758    1.030058    248.19    296.40    1.016
      clockrate                0.818701    0.003878    0.700863    0.943958    0.813861     24.42     64.02    1.001
      clockrate                0.838818    0.005066    0.713319    0.983844    0.830025     18.15     27.40    1.000
      clockrate                0.904325    0.008624    0.738324    1.092405    0.892931     35.48     47.33    1.010
      clockrate                1.065949    0.036960    0.739759    1.453497    1.030326    124.36    130.91    1.000
      clockrate                1.010101    0.012883    0.801933    1.240829    1.000487    101.16    174.82    1.000
      clockrate                1.018744    0.009973    0.836548    1.203580    1.010388    125.78    182.91    1.000
      clockrate                1.130910    0.018746    0.886904    1.414485    1.116936    180.46    186.62    1.001
      clockrate                0.923089    0.002924    0.818114    1.030035    0.921735    101.86    300.62    1.007
      clockrate                0.821557    0.009231    0.652577    1.025369    0.811563    251.15    272.87    1.006
      clockrate                0.895162    0.006800    0.735644    1.061013    0.889384    121.95    137.53    1.001
      clockrate                0.882980    0.007155    0.726484    1.053929    0.877763    186.47    214.79    1.001
      clockrate                0.984811    0.006141    0.842243    1.132007    0.978374     62.55    160.82    1.001
      clockrate                1.491395    0.135494    0.844413    2.248273    1.440581    171.90    340.95    1.006
      clockrate                0.951529    0.003582    0.839812    1.072963    0.949258    386.07    423.43    1.002
      clockrate                0.837642    0.010141    0.651178    1.035762    0.828511    665.03    707.23    1.000
      clockrate                0.870564    0.003130    0.766316    0.982543    0.867060     78.80    219.43    1.020
      clockrate                0.986012    0.019067    0.747100    1.262502    0.970009    148.66    213.93    1.001
      clockrate                0.983572    0.011084    0.788032    1.192414    0.973534     78.36     84.93    1.000
      clockrate                0.817649    0.002589    0.716664    0.916832    0.815707    279.20    398.75    1.002
      clockrate                0.912016    0.004501    0.779926    1.041937    0.909572    454.00    577.04    1.000
      clockrate                0.826702    0.005728    0.684035    0.976379    0.821032     78.18    136.41    1.017
      clockrate                0.994907    0.015426    0.770323    1.237711    0.979477    145.52    165.27    1.002
      clockrate                0.922102    0.004667    0.791340    1.057633    0.916764     63.19     94.82    1.000
      clockrate                1.149268    0.019084    0.902472    1.436382    1.132535     33.74     45.51    1.002
      clockrate                0.929292    0.027652    0.672436    1.274605    0.895962     24.41     53.28    1.000
      clockrate                0.953083    0.008985    0.778888    1.141291    0.945308    122.22    145.06    1.002
      clockrate                0.872730    0.008551    0.696766    1.052944    0.864291    261.75    279.68    1.000
      clockrate                0.886934    0.003102    0.778881    0.995472    0.885244    252.21    405.77    1.005
      clockrate                1.013165    0.007388    0.855054    1.189261    1.006764     32.95     58.09    1.002
      clockrate                0.741425    0.002950    0.636266    0.849181    0.739684     98.49    252.23    1.015
      clockrate                1.227549    0.101913    0.697697    1.859167    1.173091     97.83    144.89    1.017
      clockrate                0.824808    0.004615    0.698979    0.964016    0.818836    116.52    129.29    1.003
      clockrate                0.954148    0.002880    0.850446    1.059731    0.952496    353.65    516.78    1.000
      clockrate                1.007050    0.012238    0.800754    1.226464    0.997327     59.70    198.21    1.013
      clockrate                0.922849    0.017333    0.702541    1.185358    0.900708    100.16    115.09    1.000
      clockrate                0.854961    0.003421    0.741578    0.970904    0.853407    417.49    483.16    1.000
      clockrate                0.833845    0.004202    0.711703    0.962374    0.830862    385.32    402.28    1.000
