      clockrate                0.751890    0.002303    0.661366    0.847768    0.749415     65.95    269.64    1.011
      clockrate                0.773842    0.004150    0.652946    0.902732    0.770276    133.19    153.63    1.005
      clockrate                0.711881    0.001631    0.635847    0.792878    0.710824    394.91    419.44    1.001
      clockrate                0.707507    0.003062    0.605497    0.820894    0.703402     31.47     78.60    1.031
      clockrate                0.738675    0.002777    0.639438    0.843903    0.733895    116.65    145.14    1.002
      clockrate                0.606837    0.002558    0.511389    0.708284    0.603942    774.55    840.15    1.000
      clockrate                0.731877    0.001981    0.645442    0.819986    0.730199    520.73    619.25    1.005
      clockrate                1.014306    0.017906    0.765410    1.275712    0.998246    226.12    345.85    1.009
      clockrate                0.690851    0.003945    0.572362    0.817451    0.687115    145.18    243.78    1.003
      clockrate                0.677523    0.001884    0.594548    0.763230    0.675000    134.95    175.55    1.000
      clockrate                0.812101    0.007212    0.656939    0.975047    0.805720     15.32     76.70    1.142
      clockrate                0.722411    0.018500    0.475652    0.988494    0.708197    207.85    283.13    1.003
      clockrate                0.720584    0.011929    0.529762    0.935562    0.706781    158.53    158.75    1.001
      clockrate                0.812687    0.037054    0.511050    1.202022    0.777126    134.48    135.46    1.000
      clockrate                0.656218    0.002443    0.560173    0.754388    0.653015    174.36    228.94    1.003
      clockrate                0.740863    0.001550    0.665958    0.819358    0.740021    415.08    536.09    1.000
      clockrate                0.665609    0.002666    0.566616    0.766101    0.661858    147.95    274.59    1.004
      clockrate                0.711906    0.011273    0.531779    0.924327    0.696538     56.04    190.09    1.000
      clockrate                0.989339    0.051254    0.581551    1.425545    0.963923     94.80    163.35    1.001
      clockrate                0.662529    0.004474    0.537365    0.795513    0.656991    189.17    352.42    1.002
      clockrate                0.822375    0.002482    0.730224    0.925023    0.819933    108.97    400.47    1.006
      clockrate                0.708555    0.006237    0.566030    0.867541    0.699486    206.12    325.74    1.000
      clockrate                0.693277    0.009247    0.520224    0.887480    0.680731    110.42    113.64    1.000
      clockrate                0.787353    0.004919    0.654841    0.928843    0.783511    187.25    203.23    1.005
      clockrate                0.762168    0.002551    0.668485    0.866067    0.760930    128.20    245.75    1.001
      clockrate                0.687751    0.004592    0.568457    0.825198    0.679778    101.05    127.53    1.010
      clockrate                0.707990    0.003781    0.588452    0.828012    0.704963    316.40    322.31    1.000
      clockrate                0.758193    0.004045    0.636141    0.881155    0.753915    163.17    172.47    1.011
      clockrate                0.720577    0.006970    0.565708    0.888003    0.711793     99.66    107.36    1.001
      clockrate                0.785376    0.003482    0.675241    0.907548    0.780943     79.11     98.56    1.000
      clockrate                0.904698    0.010571    0.713282    1.110524    0.897105     68.35     92.22    1.018
      clockrate                0.776794    0.003775    0.653462    0.894835    0.775015    142.45    207.07    1.002
      clockrate                0.726748    0.003622    0.621613    0.853274    0.719388     27.96     28.28    1.064
      clockrate                0.695348    0.011602    0.496244    0.914370    0.683084    443.46    484.07    1.000
      clockrate                0.726736    0.001644    0.646251    0.804646    0.724876    115.54    245.45    1.000
      clockrate                0.745256    0.008000    0.581828    0.920151    0.733639     52.36     60.20    1.006
      clockrate                0.893755    0.009694    0.713544    1.092991    0.883268     37.42    107.30    1.010
      clockrate                0.772292    0.006432    0.626027    0.938065    0.764968    288.00    309.12    1.000
      clockrate                0.690079    0.005894    0.548294    0.846027    0.683906    272.24    361.67    1.001
      clockrate                0.707632    0.004764    0.576080    0.843121    0.702420    156.16    169.46    1.000
      clockrate                0.748474    0.002883    0.649595    0.858686    0.743546     65.71     66.40    1.095
      clockrate                0.772278    0.006077    0.630204    0.925450    0.765755    193.38    299.39    1.000
      clockrate                0.761270    0.003259    0.652426    0.876011    0.759004     44.58     70.42    1.005
      clockrate                0.723826    0.002938    0.624208    0.835247    0.719548     61.36     82.64    1.012
      clockrate                0.810326    0.003808    0.696189    0.935885    0.805761    275.03    312.75    1.005
      clockrate                0.767662    0.009447    0.594495    0.963615    0.757448    177.48    184.10    1.006
      clockrate                0.703031    0.003974    0.582240    0.825839    0.699429    194.46    216.04    1.003
      clockrate                0.705670    0.006342    0.561968    0.870080    0.700263    128.26    171.85    1.001
      clockrate                0.779800    0.005043    0.652182    0.927737    0.773342    123.37    202.64    1.001
      clockrate                0.711637    0.002704    0.614478    0.816842    0.706666     39.22     54.96    1.001
      clockrate                0.758198    0.008052    0.595297    0.936192    0.748027    105.27    112.29    1.004
      clockrate                0.794937    0.008476    0.624067    0.978288    0.786604    393.61    398.71    1.000
      clockrate                0.800682    0.013691    0.595395    1.036605    0.786040     26.52     55.09    1.010
      clockrate                0.709996    0.005977    0.576080    0.872786    0.699968     28.29     63.34    1.003
      clockrate                0.746954    0.005540    0.609576    0.895526    0.739448     48.80    133.62    1.000
      clockrate                0.705257    0.004964    0.577346    0.849753    0.698393     97.88    108.95    1.000
      clockrate                0.618188    0.001288    0.548811    0.689113    0.616794    395.90    407.31    1.003
      clockrate                0.736463    0.005076    0.601722    0.878514    0.731470    508.70    606.17    1.002
      clockrate                0.717678    0.004287    0.595161    0.850154    0.713436    489.89    651.20    1.000
      clockrate                0.740546    0.004027    0.624136    0.872229    0.736015    156.85    214.90    1.001
      clockrate                0.756338    0.016542    0.529801    1.016037    0.739499    210.13    217.65    1.003
      clockrate                0.683798    0.001838    0.601511    0.768888    0.681794    284.57    345.79    1.041
      clockrate                0.765728    0.009908    0.590847    0.961105    0.754387    281.82    284.77    1.002
      clockrate                0.645727    0.001235    0.580409    0.717999    0.645022    351.45    641.08    1.000
      clockrate                0.806658    0.003184    0.700233    0.920843    0.803156     38.68     86.64    1.000
      clockrate                0.657414    0.002346    0.562394    0.751082    0.654937    255.84    300.36    1.029
      clockrate                0.920584    0.021757    0.659337    1.212912    0.899900    163.51    174.90    1.000
      clockrate                0.690840    0.017121    0.486010    0.937525    0.668857    144.74    179.72    1.002
      clockrate                0.705324    0.004876    0.574842    0.843634    0.699768    283.89    325.34    1.008
      clockrate                0.748200    0.007697    0.582564    0.917075    0.740500    132.51    203.33    1.011
      clockrate                0.746706    0.002678    0.645687    0.847714    0.743693     83.51    223.12    1.001
      clockrate                0.676509    0.003861    0.558228    0.800619    0.671710    188.87    197.12    1.010
      clockrate                0.803824    0.005057    0.671206    0.946552    0.797869     47.91     73.72    1.002
      clockrate                0.796938    0.007626    0.638850    0.973797    0.788741    461.79    471.62    1.007
      clockrate                0.792811    0.004648    0.669996    0.933763    0.786917     74.56    144.52    1.000
      clockrate                0.795312    0.019276    0.553506    1.066872    0.776437    521.42    618.00    1.001
      clockrate                0.697100    0.002893    0.595155    0.804507    0.693749     56.71    111.77    1.001
      clockrate                0.774001    0.010568    0.596085    0.978702    0.758919     67.36    104.35    1.009
      clockrate                0.780508    0.002763    0.679463    0.885299    0.777437    197.88    247.82    1.001
      clockrate                0.618601    0.005308    0.486691    0.766411    0.612269    365.85    466.31    1.004
      clockrate                0.730880    0.003662    0.618924    0.855295    0.726162     71.66     85.46    1.002
      clockrate                0.701315    0.001958    0.618778    0.791426    0.698066     43.51     53.61    1.017
      clockrate                0.683424    0.002453    0.590972    0.784143    0.681302     87.79    242.61    1.002
      clockrate                0.800458    0.005904    0.659182    0.956941    0.792301    122.00    132.16    1.000
      clockrate                0.751724    0.007912    0.596414    0.936659    0.740036    130.91    166.14    1.001
      clockrate                0.734768    0.002842    0.635007    0.843158    0.731519    302.69    408.46    1.013
      clockrate                0.773171    0.009309    0.602016    0.972829    0.761379     42.70     82.42    1.014
      clockrate                0.616673    0.004189    0.493977    0.747352    0.611285    337.65    412.55    1.001
      clockrate                0.686164    0.006045    0.543361    0.841136    0.678013    172.70    194.14    1.001
      clockrate                0.757602    0.005358    0.621857    0.905427    0.751125    136.42    153.89    1.001
      clockrate                0.821293    0.004466    0.695473    0.956431    0.817000    152.63    367.77    1.008
      clockrate                0.768208    0.004795    0.644307    0.911618    0.760653     27.37     75.41    1.051
      clockrate                0.732965    0.004015    0.622387    0.865716    0.726302     65.02    201.38    1.187
      clockrate                0.940119    0.036060    0.626701    1.321622    0.908758    187.35    194.17    1.008
      clockrate                0.761681    0.002730    0.662231    0.866976    0.759014    136.12    187.60    1.002
      clockrate                0.686097    0.001782    0.604579    0.769514    0.684839    543.41    726.26    1.001
      clockrate                0.857526    0.004920    0.727868    0.999732    0.852277    188.15    263.34    1.001
      clockrate                0.902752    0.008035    0.734929    1.078675    0.893582    119.55    138.36    1.001
      clockrate                0.777283    0.006672    0.636306    0.947003    0.767161     14.59     17.55    1.046
      clockrate                0.783318    0.003817    0.663826    0.904635    0.781611    559.48    658.95    1.000
