RFdist
0.09302326
0.1594203
0.1818182
0.06818182
0.1590909
0.1
0.07692308
0.04545455
0.2068966
0.08888889
0.05263158
0.0625
0.2173913
0.0625
0.1395349
0.06521739
0.1395349
0.05263158
0
0.0625
0.1956522
0.1666667
0.09677419
0.1538462
0.1
0.2222222
0.1764706
0.1714286
0.1111111
0.1538462
0.1463415
0.2162162
0.08108108
0.05882353
0.1086957
0.2
0.1111111
0.04545455
0.1052632
0.16
0.2978723
0.1034483
0.1276596
0.212766
0.05405405
0.07407407
0.125
0.2083333
0.1515152
0.1333333
0.08695652
0.1666667
0.1052632
0.2
0.0625
0.08571429
0.2142857
0.1818182
0.1
0.1351351
0.2222222
0.2
0
0.1333333
0.255814
0.125
0
0.2727273
0.07692308
0.03846154
0.225
0.1111111
0.15
0.173913
0
0
0.2051282
0.06666667
0.09756098
0.1052632
0.05263158
0.04545455
0.2051282
0.1142857
0
0.02631579
0.1333333
0.3
0.07692308
0.08333333
0.1860465
0.1142857
0.1521739
0.125
0.2
0.08695652
0.06666667
0.1428571
0.2105263
0.09677419
