      TL          4.583143    0.052967    4.137940    5.037811    4.578267  17891.82  18320.04    1.000
      TL          5.324775    0.066127    4.817096    5.824995    5.319638  17523.65  17855.05    1.000
      TL          4.968987    0.061174    4.489251    5.456260    4.964773  16529.75  16750.14    1.000
      TL          5.077033    0.058714    4.599746    5.545324    5.072802  13325.07  13847.33    1.000
      TL          5.005402    0.066491    4.511070    5.519871    5.000877  11242.25  11306.37    1.000
      TL          3.095199    0.055615    2.631469    3.551154    3.089217  22010.50  22602.23    1.000
      TL          4.045379    0.048658    3.618989    4.480217    4.040372  21929.52  22522.40    1.000
      TL          3.125606    0.059302    2.656227    3.608824    3.118778  20329.21  21181.16    1.000
      TL          3.936319    0.056870    3.468808    4.401584    3.929962  21941.17  22243.99    1.000
      TL          5.362375    0.068831    4.846402    5.874578    5.355697   7722.14   8213.66    1.000
      TL          4.712412    0.063102    4.223129    5.202150    4.708513  18793.41  19297.96    1.000
      TL          1.775963    0.029578    1.446695    2.119154    1.770404  25564.71  27564.86    1.000
      TL          3.576476    0.067130    3.078021    4.090507    3.569134  20396.87  20519.88    1.000
      TL          2.328415    0.045092    1.916527    2.747635    2.320232  21262.59  22078.32    1.000
      TL          5.363521    0.065446    4.858656    5.859749    5.356859  13000.63  13565.52    1.000
      TL          5.438313    0.066641    4.930864    5.942051    5.433714  16402.78  17009.21    1.000
      TL          4.434766    0.050416    4.003508    4.883424    4.430846  18798.78  19471.82    1.000
      TL          2.966535    0.048992    2.543172    3.403419    2.959808  24717.95  25173.48    1.000
      TL          1.308084    0.077321    0.802656    1.864103    1.280994  21808.49  21894.99    1.000
      TL          2.564576    0.048626    2.142129    3.002934    2.557430  25998.43  26465.07    1.000
      TL          5.051802    0.056659    4.583555    5.515112    5.047582  15997.55  16883.51    1.000
      TL          3.279669    0.052980    2.837765    3.737229    3.273103  21288.88  21951.12    1.000
      TL          4.038569    0.050953    3.604287    4.489281    4.033480  21879.32  22613.73    1.000
      TL          3.404805    0.046941    2.985692    3.832930    3.399014  22495.20  22551.28    1.000
      TL          4.599799    0.056496    4.127821    5.059420    4.595288  19145.47  19250.02    1.000
      TL          3.652128    0.052719    3.206450    4.105962    3.645317  11554.91  13404.46    1.000
      TL          4.522655    0.067056    4.017870    5.030282    4.516294  15240.55  15533.79    1.000
      TL          4.316230    0.055748    3.860156    4.782779    4.311437  20161.77  20588.69    1.000
      TL          4.295251    0.066671    3.795731    4.803644    4.288909  21148.25  22239.42    1.000
      TL          3.657280    0.041373    3.267657    4.062931    3.652718  19319.31  20011.63    1.000
      TL          4.207202    0.046695    3.793735    4.638448    4.204337  18524.21  19129.64    1.000
      TL          4.517717    0.054559    4.060003    4.970408    4.513369  20728.97  21811.26    1.000
      TL          4.072536    0.051349    3.632852    4.520940    4.067841  20494.00  21164.68    1.000
      TL          2.153855    0.036761    1.794164    2.543887    2.146391  26617.39  26820.02    1.000
      TL          4.924264    0.058393    4.456242    5.401525    4.919469  19069.66  19936.83    1.000
      TL          2.146642    0.038308    1.773021    2.535129    2.139493  26002.99  26407.62    1.000
      TL          2.990653    0.044420    2.581093    3.404123    2.985074  21391.25  21826.26    1.000
      TL          2.254710    0.035600    1.891399    2.629162    2.249334  24252.50  24499.29    1.000
      TL          3.114940    0.062384    2.632011    3.610354    3.106858  19124.47  19613.84    1.000
      TL          3.321007    0.058195    2.859780    3.803209    3.314647  20049.68  21807.00    1.000
      TL          5.015769    0.058774    4.547231    5.495222    5.010518  17721.40  18636.28    1.000
      TL          3.768087    0.050623    3.337040    4.215659    3.764156  20073.14  21506.91    1.000
      TL          4.473298    0.048305    4.051537    4.913110    4.469566  15961.72  16341.34    1.000
      TL          5.229258    0.060223    4.747119    5.703001    5.224601  16790.09  17243.11    1.000
      TL          5.179844    0.073660    4.661192    5.721311    5.173452   7893.47   7931.61    1.000
      TL          3.203771    0.045674    2.789125    3.628535    3.198616  18256.56  18805.04    1.000
      TL          3.844704    0.045108    3.432670    4.264222    3.839595  16582.15  16865.49    1.000
      TL          2.670231    0.040702    2.281177    3.071349    2.664651  23150.85  23486.59    1.000
      TL          4.237164    0.052740    3.799957    4.700845    4.231359  17090.78  18102.17    1.000
      TL          4.296835    0.043883    3.897760    4.716979    4.292243  19241.31  19911.70    1.000
      TL          3.060831    0.048098    2.638223    3.492586    3.054570  23054.90  23742.26    1.000
      TL          2.863209    0.052737    2.417937    3.316005    2.854714  26135.73  26599.57    1.000
      TL          2.632203    0.043980    2.227257    3.048439    2.625006  24424.61  24602.25    1.000
      TL          3.827170    0.050772    3.401083    4.279999    3.822257  19820.14  20233.58    1.000
      TL          4.298467    0.060092    3.819984    4.780974    4.292613  18108.22  19731.44    1.000
      TL          4.003495    0.053447    3.558309    4.460323    3.998598  13867.83  14828.31    1.000
      TL          5.923849    0.075746    5.391875    6.468866    5.916677  15554.78  15555.82    1.000
      TL          2.632369    0.034643    2.270991    2.999830    2.627513  24240.26  24492.71    1.000
      TL          3.392437    0.062591    2.912939    3.892210    3.383625  25896.96  26357.83    1.000
      TL          4.130669    0.048599    3.699903    4.562067    4.126568  18991.65  19067.27    1.000
      TL          1.913279    0.033870    1.553783    2.272137    1.905397  23792.34  24456.75    1.000
      TL          4.745139    0.061690    4.262347    5.232720    4.740034  19060.47  19087.97    1.000
      TL          3.746238    0.064327    3.264584    4.254990    3.739374  17452.24  18479.15    1.000
      TL          5.703156    0.068135    5.196234    6.218959    5.698360  16939.68  17565.15    1.000
      TL          4.964300    0.059166    4.500698    5.453172    4.959592  18268.25  19049.90    1.000
      TL          4.861417    0.060660    4.390447    5.354745    4.855919  14226.90  15858.13    1.000
      TL          2.583604    0.055397    2.123616    3.045257    2.574606  24986.55  25019.41    1.000
      TL          2.444267    0.037765    2.071857    2.832560    2.438605  24509.25  24661.10    1.000
      TL          3.719220    0.055758    3.261905    4.181791    3.714477  19941.56  20462.70    1.000
      TL          3.643958    0.046143    3.234495    4.075325    3.638248  22582.45  22849.54    1.000
      TL          4.598314    0.061608    4.112742    5.084741    4.593352  16671.34  17528.57    1.000
      TL          4.269721    0.064485    3.766625    4.761632    4.262558  19500.83  20209.29    1.000
      TL          5.834893    0.077071    5.300620    6.388803    5.829409  16430.99  17423.77    1.000
      TL          3.596942    0.061056    3.112097    4.079189    3.590069  20454.51  21045.55    1.000
      TL          3.254197    0.056208    2.799056    3.730149    3.247879  18657.55  18740.83    1.000
      TL          1.640580    0.082107    1.112596    2.200712    1.612447  18414.35  18737.83    1.000
      TL          4.996520    0.069605    4.485206    5.523523    4.991282  19212.80  19914.35    1.000
      TL          2.524685    0.056509    2.063218    2.992331    2.516830  24573.25  25001.11    1.000
      TL          4.564989    0.057185    4.095422    5.033937    4.559630  17760.88  17916.54    1.000
      TL          3.610718    0.083940    3.054721    4.184374    3.601248  20520.05  21175.19    1.000
      TL          4.745774    0.056182    4.287027    5.212703    4.740932  19170.93  19527.06    1.000
      TL          5.949914    0.078664    5.405349    6.503405    5.944113  13291.54  14113.34    1.000
      TL          3.955374    0.043655    3.555505    4.371334    3.951554  16619.06  18158.87    1.000
      TL          3.773794    0.045887    3.367778    4.205458    3.769691  21230.57  21441.89    1.000
      TL          3.549220    0.072250    3.022752    4.073226    3.539916  17113.28  19090.12    1.000
      TL          4.236488    0.051207    3.801852    4.685230    4.231014  17878.89  18745.11    1.000
      TL          3.483611    0.051619    3.035623    3.923493    3.478126  23910.64  24330.73    1.000
      TL          2.822052    0.040493    2.438801    3.226372    2.816351  27875.95  28486.70    1.000
      TL          3.195995    0.049298    2.772598    3.640882    3.189682  20215.99  21262.26    1.000
      TL          3.931423    0.074758    3.399339    4.466737    3.924378  20367.71  21095.00    1.000
      TL          4.928626    0.063050    4.448709    5.428742    4.922343  11974.18  12778.61    1.000
      TL          4.316562    0.052436    3.861372    4.756081    4.313200  16221.29  17153.05    1.000
      TL          5.785408    0.069008    5.269594    6.296880    5.780281  14684.99  14983.62    1.000
      TL          2.864485    0.069800    2.355910    3.387619    2.854461  24062.11  24712.51    1.000
      TL          4.821414    0.055752    4.374376    5.296182    4.816251  19183.94  19424.41    1.000
      TL          5.063678    0.058174    4.603222    5.546623    5.058762  17019.91  17331.39    1.000
      TL          3.366924    0.047197    2.948376    3.797814    3.361740  15669.36  16456.36    1.000
      TL          3.266329    0.048177    2.840129    3.700173    3.261545  18984.30  19314.36    1.000
      TL          4.309124    0.052641    3.871531    4.769557    4.303033  17742.61  18032.95    1.000
      TL          3.441800    0.045734    3.020501    3.859615    3.436409  15899.96  16617.81    1.000
