0.2093023
0.2777778
0.2045455
0.4318182
0.2727273
0.4
0.1538462
0.1818182
0.2758621
0.2444444
0.2368421
0.125
0.1304348
0.125
0.372093
0.173913
0.3255814
0.1578947
0.2857143
0.125
0.2826087
0.125
0.1935484
0.3076923
0.35
0.2592593
0.4411765
0.2
0.2962963
0.3589744
0.3170732
0.4324324
0.2702703
0.2352941
0.2173913
0.3
0.1111111
0.4090909
0.5789474
0.28
0.3829787
0.3448276
0.3191489
0.3191489
0.2432432
0.2222222
0.275
0.2083333
0.3636364
0.1333333
0.3043478
0.1111111
0.1052632
0.3666667
0.125
0.2857143
0.3095238
0.1818182
0.35
0.1351351
0.2777778
0.275
0.24
0.3777778
0.255814
0.25
0.2941176
0.4090909
0.3461538
0.3846154
0.35
0.2222222
0.225
0.3478261
0.5
0.3333333
0.2051282
0.3333333
0.2682927
0.3157895
0.3684211
0.1818182
0.3076923
0.2571429
0.2631579
0.3421053
0.4333333
0.2
0.1923077
0.25
0.1627907
0.2
0.2826087
0.125
0.225
0.2608696
0.3
0.3214286
0.3157895
0.2903226
