      ilnvar                   0.104243    0.005862    0.001643    0.249244    0.089876     56.10     60.70    1.001
      ilnvar                   0.005885    0.000133    0.000001    0.024831    0.001476     49.90     73.23    1.001
      ilnvar                   0.003781    0.000064    0.000001    0.020168    0.000410     35.53     35.64    1.199
      ilnvar                   0.016559    0.000375    0.000051    0.051627    0.010557     34.04     49.79    1.036
      ilnvar                   0.010522    0.000216    0.000012    0.040437    0.004398     30.56     36.67    1.001
      ilnvar                   0.034943    0.002161    0.000021    0.123561    0.018564     92.86    171.78    1.000
      ilnvar                   0.003874    0.000067    0.000001    0.019461    0.000446     28.83     41.22    1.056
      ilnvar                   0.113430    0.014141    0.000250    0.337983    0.079526    145.21    177.79    1.009
      ilnvar                   0.022664    0.000938    0.000031    0.085020    0.010571     51.82     66.04    1.016
      ilnvar                   0.003287    0.000042    0.000002    0.014652    0.000975     35.18     40.59    1.006
      ilnvar                   0.033448    0.001578    0.000006    0.112034    0.018461     27.22     35.41    1.035
      ilnvar                   0.057763    0.008802    0.000107    0.229297    0.022868    138.70    209.79    1.000
      ilnvar                   0.022846    0.001019    0.000009    0.087073    0.010395     88.50     88.74    1.002
      ilnvar                   0.187939    0.040590    0.000314    0.555966    0.132261    196.94    212.15    1.001
      ilnvar                   0.129894    0.005899    0.004581    0.270918    0.118078    136.43    137.91    1.000
      ilnvar                   0.000083    0.000000    0.000001    0.000384    0.000007     26.65     27.68    1.000
      ilnvar                   0.012143    0.000215    0.000089    0.039791    0.007243     59.71     67.29    1.006
      ilnvar                   0.109797    0.017438    0.000049    0.358488    0.067373    206.06    218.48    1.002
      ilnvar                   0.366793    0.199191    0.000017    1.206241    0.223149    989.47    991.17    1.000
      ilnvar                   0.051275    0.005335    0.000006    0.186447    0.024745    131.97    137.42    1.003
      ilnvar                   0.045494    0.001524    0.000097    0.122087    0.035504     70.30     84.92    1.001
      ilnvar                   0.026683    0.001253    0.000021    0.092883    0.014597     91.11    135.25    1.006
      ilnvar                   0.016635    0.000626    0.000007    0.062742    0.007420     49.02     54.63    1.012
      ilnvar                   0.047254    0.002428    0.000148    0.145393    0.031739    145.68    148.22    1.000
      ilnvar                   0.006482    0.000164    0.000001    0.033562    0.000643     34.57     35.68    1.074
      ilnvar                   0.023539    0.000781    0.000107    0.080008    0.013553    134.58    140.08    1.000
      ilnvar                   0.030505    0.001309    0.000125    0.097359    0.019110     67.61     74.14    1.035
      ilnvar                   0.033605    0.001509    0.000006    0.111201    0.020178     36.46     49.63    1.004
      ilnvar                   0.030577    0.002347    0.000006    0.117945    0.012549     71.25     91.84    1.003
      ilnvar                   0.020164    0.000627    0.000026    0.070855    0.011365     46.35     52.19    1.025
      ilnvar                   0.068369    0.004098    0.000132    0.192818    0.051615     35.74     45.56    1.005
      ilnvar                   0.030821    0.001519    0.000058    0.111860    0.016098     42.16     46.55    1.015
      ilnvar                   0.015748    0.000833    0.000001    0.077801    0.001782     27.34     35.90    1.008
      ilnvar                   0.199380    0.033628    0.000792    0.537290    0.150722    246.48    332.90    1.000
      ilnvar                   0.009487    0.000159    0.000011    0.035684    0.004793     37.87     46.42    1.000
      ilnvar                   0.044417    0.004318    0.000001    0.175112    0.017252     68.15     84.12    1.038
      ilnvar                   0.017671    0.000591    0.000020    0.067547    0.008321    121.81    128.95    1.023
      ilnvar                   0.015489    0.000454    0.000004    0.056360    0.008105     79.21    126.44    1.001
      ilnvar                   0.034440    0.004075    0.000003    0.146778    0.010114     78.20    104.88    1.004
      ilnvar                   0.037843    0.002726    0.000014    0.139698    0.018747     59.82     67.58    1.007
      ilnvar                   0.004968    0.000159    0.000001    0.027786    0.000254     28.35     36.01    1.055
      ilnvar                   0.016863    0.000613    0.000007    0.065816    0.007756     82.99     89.61    1.004
      ilnvar                   0.030570    0.001451    0.000070    0.107879    0.015478     35.94     42.74    1.057
      ilnvar                   0.021272    0.000731    0.000197    0.070055    0.011775     61.99     65.15    1.001
      ilnvar                   0.011777    0.000242    0.000007    0.043730    0.005165     29.42     56.80    1.007
      ilnvar                   0.046076    0.002561    0.000226    0.146918    0.029278    115.71    129.69    1.001
      ilnvar                   0.011610    0.000245    0.000002    0.042276    0.005806     32.00     48.48    1.081
      ilnvar                   0.124467    0.016472    0.000695    0.361015    0.089428    148.72    165.06    1.005
      ilnvar                   0.025588    0.000676    0.000023    0.077047    0.018117     47.69     90.57    1.010
      ilnvar                   0.003690    0.000141    0.000001    0.020572    0.000169     22.41     27.08    1.001
      ilnvar                   0.043468    0.003815    0.000007    0.164463    0.020348     71.39    105.91    1.000
      ilnvar                   0.070921    0.005864    0.000083    0.212688    0.047921    186.17    290.27    1.000
      ilnvar                   0.059247    0.006182    0.000014    0.202622    0.033832    108.02    148.79    1.014
      ilnvar                   0.004372    0.000101    0.000001    0.021180    0.000606     57.52     64.22    1.090
      ilnvar                   0.026670    0.000829    0.000075    0.083471    0.017211     88.84     97.99    1.009
      ilnvar                   0.080131    0.004798    0.000166    0.205613    0.064972     47.92     68.67    1.004
      ilnvar                   0.016001    0.000523    0.000016    0.060871    0.006953     24.07     40.57    1.000
      ilnvar                   0.026743    0.001810    0.000065    0.100519    0.011637    143.88    172.63    1.000
      ilnvar                   0.014900    0.000611    0.000001    0.060580    0.005380     93.20    143.84    1.000
      ilnvar                   0.027322    0.000877    0.000029    0.087907    0.018134     57.60     76.30    1.007
      ilnvar                   0.114976    0.037336    0.000008    0.462724    0.043361    132.71    141.15    1.000
      ilnvar                   0.002567    0.000052    0.000001    0.013660    0.000229     27.19     31.26    1.004
      ilnvar                   0.008815    0.000234    0.000001    0.038004    0.002714     60.92     78.66    1.000
      ilnvar                   0.006264    0.000306    0.000001    0.034454    0.000422     37.64     39.97    1.174
      ilnvar                   0.025347    0.000663    0.000150    0.076905    0.017559     60.15     68.38    1.010
      ilnvar                   0.073341    0.004500    0.000245    0.200099    0.057793     52.03     60.09    1.001
      ilnvar                   0.558659    0.186560    0.022803    1.391932    0.442154    202.57    234.82    1.001
      ilnvar                   0.017986    0.000801    0.000004    0.068249    0.007801     86.15     95.90    1.000
      ilnvar                   0.097158    0.006052    0.000179    0.242292    0.080327    131.49    153.75    1.002
      ilnvar                   0.029897    0.002104    0.000009    0.111412    0.013834     94.97    122.97    1.002
      ilnvar                   0.005716    0.000139    0.000001    0.028203    0.000788     28.81     34.68    1.043
      ilnvar                   0.012341    0.000307    0.000002    0.046512    0.006148     79.92    127.37    1.011
      ilnvar                   0.022557    0.000660    0.000005    0.072429    0.014162     57.17     65.97    1.006
      ilnvar                   0.035412    0.003285    0.000009    0.153105    0.010301     63.62     65.21    1.016
      ilnvar                   0.020679    0.001193    0.000001    0.084874    0.006479     64.49     89.44    1.026
      ilnvar                   0.156952    0.063549    0.000088    0.587122    0.072867    849.06    996.70    1.000
      ilnvar                   0.003442    0.000056    0.000001    0.017368    0.000513     42.19     42.66    1.029
      ilnvar                   0.052184    0.005006    0.000008    0.182831    0.028144     81.15    186.74    1.008
      ilnvar                   0.021442    0.000678    0.000087    0.070557    0.012935     38.58     44.59    1.009
      ilnvar                   0.076058    0.007006    0.000259    0.222026    0.052466    252.63    268.99    1.001
      ilnvar                   0.003382    0.000102    0.000001    0.015977    0.000256     39.46     51.04    1.040
      ilnvar                   0.001269    0.000034    0.000001    0.004815    0.000112     41.52     41.56    1.040
      ilnvar                   0.024743    0.000823    0.000289    0.079223    0.015165     65.03     69.13    1.001
      ilnvar                   0.027355    0.001306    0.000006    0.100479    0.013492     40.86     43.43    1.003
      ilnvar                   0.012861    0.000667    0.000001    0.056465    0.002939    125.55    132.07    1.010
      ilnvar                   0.041858    0.001730    0.000180    0.118318    0.030928     72.12     78.30    1.014
      ilnvar                   0.053622    0.004818    0.000003    0.189212    0.029936     42.99     45.98    1.001
      ilnvar                   0.018042    0.001006    0.000001    0.078025    0.005035    127.26    130.30    1.000
      ilnvar                   0.016029    0.000559    0.000002    0.062553    0.007444     58.93     94.16    1.000
      ilnvar                   0.052464    0.003691    0.000102    0.166554    0.033171     69.68     84.63    1.003
      ilnvar                   0.007243    0.000140    0.000001    0.032643    0.002337     35.98     40.38    1.022
      ilnvar                   0.016699    0.000721    0.000001    0.070384    0.005562     29.26     50.75    1.001
      ilnvar                   0.007764    0.000248    0.000001    0.038629    0.001323     32.96     34.54    1.016
      ilnvar                   0.937039    0.373206    0.060041    2.116890    0.788996    410.61    539.23    1.004
      ilnvar                   0.014170    0.000445    0.000019    0.055945    0.004946     36.37     45.81    1.019
      ilnvar                   0.002053    0.000018    0.000001    0.008991    0.000634     56.10     61.79    1.018
      ilnvar                   0.013971    0.000644    0.000001    0.065199    0.003034     37.43     49.99    1.076
      ilnvar                   0.062668    0.005870    0.000123    0.214992    0.036220     62.72     97.55    1.024
      ilnvar                   0.009785    0.000336    0.000002    0.045914    0.001820     35.06     44.05    1.001
      ilnvar                   0.010581    0.000270    0.000003    0.041415    0.004780     61.27     78.64    1.007
