      age[0]                   0.915350    0.002795    0.834317    1.024827    0.902959    1.000    2
      age[0]                   0.990558    0.000392    0.955181    1.027722    0.987862    1.001    2
      age[0]                   1.003374    0.000792    0.951737    1.060491    1.000732    1.000    2
      age[0]                   1.011385    0.000921    0.955345    1.074840    1.008897    1.003    2
      age[0]                   0.987254    0.000485    0.946672    1.032614    0.985028    1.015    2
      age[0]                  0.972881    0.001005    0.911913    1.036508    0.970794    1.000    2
      age[0]                  0.983932    0.000226    0.955777    1.013214    0.982730    1.000    2
      age[0]                  0.788682    0.002662    0.723542    0.894020    0.772081    1.004    2
      age[0]                  0.990798    0.000543    0.948962    1.039049    0.988921    1.000    2
      age[0]                   0.946984    0.000660    0.901059    0.995951    0.944074    1.008    2
      age[0]                   0.932839    0.001156    0.877468    1.003425    0.926989    1.001    2
      age[0]                  0.877049    0.002486    0.831192    0.977409    0.860466    1.000    2
      age[0]                  0.917538    0.001605    0.857041    0.990056    0.911861    1.000    2
      age[0]                  0.925045    0.003050    0.825694    1.033033    0.918031    1.000    2
      age[0]                   0.982534    0.001394    0.912621    1.057097    0.979230    1.016    2
      age[0]                   0.961862    0.000456    0.921417    1.003327    0.959837    1.001    2
      age[0]                   1.001483    0.000624    0.966086    1.043128    0.996903    1.002    2
      age[0]                  0.964052    0.001902    0.882888    1.051951    0.960487    1.000    2
      age[0]                  0.818493    0.013364    0.622600    1.029485    0.805196    1.000    2
      age[0]                  1.016193    0.001950    0.951796    1.095848    1.010309    1.001    2
      age[0]                   0.982770    0.000929    0.925687    1.044855    0.980122    1.001    2
      age[0]                  1.028332    0.000987    0.979089    1.085708    1.023307    1.000    2
      age[0]                  0.969789    0.002669    0.874020    1.073386    0.965815    1.000    2
      age[0]                  0.962283    0.001676    0.888780    1.048662    0.958838    1.000    2
      age[0]                   0.959018    0.000789    0.908989    1.014665    0.955469    1.001    2
      age[0]                  0.960427    0.003022    0.857103    1.069762    0.955488    1.001    2
      age[0]                  0.935331    0.001287    0.867288    1.006549    0.933224    1.000    2
      age[0]                  1.003662    0.002120    0.917487    1.094136    0.999927    1.000    2
      age[0]                  0.984876    0.004230    0.856872    1.120668    0.980321    1.002    2
      age[0]                   1.075094    0.005158    0.935942    1.219315    1.070936    1.014    2
      age[0]                   1.004236    0.003460    0.905914    1.120926    0.995901    1.014    2
      age[0]                  1.011859    0.003117    0.914804    1.107813    1.010653    1.022    2
      age[0]                  1.016352    0.000825    0.965383    1.072974    1.013966    1.004    2
      age[0]                  1.018728    0.001797    0.970764    1.102095    1.007607    1.003    2
      age[0]                   0.989080    0.000662    0.942309    1.039863    0.986913    1.001    2
      age[0]                  1.003564    0.000764    0.950330    1.058255    1.001872    1.012    2
      age[0]                  1.001836    0.002397    0.908640    1.102542    0.997408    1.001    2
      age[0]                  0.913622    0.001178    0.881709    0.951394    0.907529    1.011    2
      age[0]                  0.995189    0.000281    0.966939    1.026321    0.992425    1.000    2
      age[0]                  1.017594    0.000833    0.960897    1.074043    1.015880    1.001    2
      age[0]                   0.963007    0.001382    0.893740    1.039502    0.959549    1.006    2
      age[0]                  0.981802    0.001470    0.910683    1.059677    0.979051    1.001    2
      age[0]                   0.939334    0.004273    0.812788    1.072151    0.935378    1.002    2
      age[0]                   0.996361    0.000951    0.939748    1.058192    0.994355    1.006    2
      age[0]                   0.991649    0.000770    0.950791    1.052986    0.984936    1.002    2
      age[0]                  1.040885    0.001213    0.977658    1.112433    1.038254    1.000    2
      age[0]                   0.971530    0.000630    0.925324    1.022004    0.969650    1.003    2
      age[0]                  0.987552    0.001992    0.915295    1.069531    0.981417    1.002    2
      age[0]                  1.015778    0.000524    0.973366    1.060866    1.013522    1.000    2
      age[0]                   0.972038    0.000288    0.943414    1.003210    0.969918    1.000    2
      age[0]                  0.962942    0.000473    0.924675    1.004596    0.960275    1.000    2
      age[0]                  0.960919    0.002664    0.867251    1.063005    0.955643    1.002    2
      age[0]                  0.931926    0.002103    0.841575    1.018339    0.929351    1.004    2
      age[0]                  0.979629    0.003180    0.877457    1.095978    0.973228    1.000    2
      age[0]                  0.978682    0.000668    0.931190    1.031690    0.976292    1.000    2
      age[0]                  1.005978    0.000836    0.966035    1.060622    1.000245    1.007    2
      age[0]                   1.008467    0.002276    0.938600    1.105733    0.996560    1.000    2
      age[0]                  1.020591    0.002925    0.920468    1.131024    1.016245    1.002    2
      age[0]                  0.955102    0.000845    0.900209    1.012855    0.952946    1.001    2
      age[0]                   0.952978    0.000362    0.927818    0.990412    0.947878    1.000    2
      age[0]                  0.989889    0.000735    0.956538    1.041559    0.983595    1.000    2
      age[0]                   1.022481    0.003473    0.930303    1.137446    1.011236    1.015    2
      age[0]                  1.038838    0.000849    0.983205    1.096288    1.037049    1.000    2
      age[0]                   1.022228    0.001778    0.942128    1.107945    1.021956    1.005    2
      age[0]                   0.958088    0.000933    0.905203    1.019852    0.953705    1.001    2
      age[0]                   0.967284    0.001269    0.899543    1.037771    0.965033    1.005    2
      age[0]                  0.880477    0.010154    0.711570    1.083421    0.865143    1.001    2
      age[0]                  0.975666    0.000961    0.923721    1.033640    0.970780    1.000    2
      age[0]                  0.943595    0.001775    0.865452    1.028873    0.940686    1.002    2
      age[0]                  1.013287    0.001088    0.951817    1.078191    1.010510    1.000    2
      age[0]                   0.983735    0.000767    0.931531    1.041198    0.981721    1.001    2
      age[0]                  1.007016    0.000916    0.951399    1.068329    1.004440    1.000    2
      age[0]                   0.956644    0.000895    0.903263    1.019511    0.952330    1.001    2
      age[0]                  0.948045    0.002518    0.845878    1.038602    0.945988    1.008    2
      age[0]                  1.011971    0.000995    0.951987    1.074618    1.009372    1.005    2
      age[0]                  0.911688    0.008899    0.792186    1.085589    0.894132    1.001    2
      age[0]                   1.029355    0.001705    0.956142    1.116522    1.024647    1.001    2
      age[0]                  0.962098    0.000844    0.907340    1.020055    0.960212    1.001    2
      age[0]                   1.002038    0.000746    0.953835    1.058658    0.999293    1.001    2
      age[0]                  0.961749    0.001130    0.897165    1.027582    0.959597    1.002    2
      age[0]                  0.983689    0.003783    0.873054    1.108396    0.978857    1.002    2
      age[0]                   1.038702    0.002842    0.944428    1.150665    1.033698    1.001    2
      age[0]                   1.030853    0.002285    0.937975    1.121756    1.027270    1.000    2
      age[0]                  0.944312    0.006781    0.785550    1.099967    0.941902    1.000    2
      age[0]                  0.996124    0.001798    0.918269    1.085606    0.992974    1.002    2
      age[0]                  1.010389    0.001539    0.937432    1.087602    1.007047    1.000    2
      age[0]                  0.824934    0.006380    0.671019    0.987746    0.820790    1.007    2
      age[0]                  0.986628    0.001533    0.909825    1.058464    0.983740    1.000    2
      age[0]                  0.979065    0.001100    0.918802    1.047190    0.976443    1.000    2
      age[0]                  0.986246    0.004210    0.870796    1.119443    0.979423    1.003    2
      age[0]                   0.967904    0.000520    0.934834    1.010988    0.963725    1.001    2
      age[0]                  1.029724    0.001672    0.956660    1.113664    1.025349    1.004    2
      age[0]                   0.931853    0.000387    0.902414    0.967647    0.928840    1.003    2
      age[0]                  0.876047    0.001501    0.828459    0.952614    0.865874    1.000    2
      age[0]                   0.950881    0.000699    0.900934    1.005321    0.949094    1.000    2
      age[0]                   0.984416    0.000285    0.953246    1.018637    0.982632    1.000    2
      age[0]                  1.009083    0.000697    0.959060    1.060829    1.006452    1.006    2
      age[0]                  1.001132    0.000367    0.965298    1.036703    0.998968    1.000    2
      age[0]                  0.961962    0.002710    0.864062    1.063622    0.957877    1.003    2
      age[0]                  0.949335    0.002878    0.849453    1.054643    0.944129    1.002    2
