      alpha_symdir   4.301315    0.883237    2.648642    6.152940    4.162693   7598.07   7793.17    1.000
      alpha_symdir   3.645089    0.761631    2.129846    5.371772    3.509499   3441.61   3941.43    1.000
      alpha_symdir   3.674819    0.661748    2.260592    5.279141    3.555970   7324.80   7423.57    1.000
      alpha_symdir   3.472541    0.691224    2.116291    5.172380    3.344764   4473.11   4802.77    1.000
      alpha_symdir   3.645973    0.647051    2.278636    5.264087    3.527512   6600.76   6901.64    1.000
      alpha_symdir   2.635108    0.378868    1.620140    3.888053    2.530670   8257.48   9327.91    1.000
      alpha_symdir   3.578673    0.651979    2.224900    5.200363    3.458794   6421.08   7625.84    1.000
      alpha_symdir   3.270425    1.101788    1.657477    5.381732    3.057176   5114.00   5639.01    1.000
      alpha_symdir   2.632070    0.327422    1.632891    3.776134    2.542311   6697.14   6812.35    1.000
      alpha_symdir   3.142559    0.350583    2.077766    4.316382    3.068849   7318.66   7328.64    1.000
      alpha_symdir   3.125637    0.356372    2.076146    4.315552    3.035754   8146.39   8678.82    1.000
      alpha_symdir   4.156510    1.880721    1.942353    6.887624    3.901841  10597.28  10762.76    1.000
      alpha_symdir   3.970252    1.112996    2.213953    6.064306    3.796414   9020.77   9344.08    1.000
      alpha_symdir   3.124300    1.104658    1.536583    5.242347    2.901217   5276.13   6048.83    1.000
      alpha_symdir   3.238461    0.383420    2.166584    4.493390    3.153845    640.48    755.84    1.000
      alpha_symdir   3.106644    0.290439    2.138779    4.172810    3.041000   7594.33   8110.85    1.000
      alpha_symdir   3.820271    0.853262    2.259337    5.702135    3.675932   5214.32   5756.58    1.000
      alpha_symdir   3.592661    1.346826    1.783651    5.947290    3.374921   6704.39   6714.33    1.000
      alpha_symdir   3.112653    1.145533    1.431521    5.229152    2.898438  10087.59  10170.61    1.000
      alpha_symdir   3.864877    1.421149    1.949745    6.259358    3.650014  10980.35  11189.97    1.000
      alpha_symdir   4.504612    0.990643    2.838390    6.522743    4.353680   8642.21   9265.47    1.000
      alpha_symdir   2.986766    0.421474    1.891879    4.275237    2.879954   9699.60   9743.05    1.000
      alpha_symdir   3.824756    0.816589    2.295221    5.580851    3.681621   7079.08   7160.96    1.000
      alpha_symdir   4.299825    1.458812    2.269613    6.659426    4.093757   8998.03   9559.23    1.000
      alpha_symdir   4.181540    0.876841    2.570169    6.033979    4.042663  10740.77  10918.49    1.000
      alpha_symdir   5.075624    1.756524    2.809946    7.727109    4.874248   7947.48   8460.73    1.000
      alpha_symdir   3.592788    0.739519    2.139212    5.339701    3.466987   5228.80   5469.57    1.000
      alpha_symdir   5.552672    1.862759    3.259692    8.314776    5.356845   8806.75  10073.28    1.000
      alpha_symdir   5.484647    2.199153    2.954784    8.461179    5.259069   8608.51   8957.83    1.000
      alpha_symdir   2.794584    0.353923    1.766772    3.950696    2.706095   8788.49   8820.43    1.000
      alpha_symdir   3.101523    0.392496    2.016026    4.368521    3.016268   6434.33   6444.42    1.000
      alpha_symdir   3.157495    0.371312    2.106400    4.387615    3.070851   5092.32   5499.45    1.000
      alpha_symdir   3.313823    0.518200    2.065646    4.735911    3.203437   7719.85   8367.77    1.000
      alpha_symdir   4.212186    1.600442    2.195301    6.802743    3.993763  11475.92  11535.63    1.000
      alpha_symdir   3.663452    0.574718    2.360816    5.167151    3.557890   8912.82   9872.23    1.000
      alpha_symdir   3.839564    1.367118    1.983293    6.222547    3.629246  10324.78  10532.23    1.000
      alpha_symdir   2.209658    0.303687    1.303857    3.331483    2.123434   7160.29   7573.36    1.000
      alpha_symdir   3.592065    1.205787    1.880196    5.839533    3.392533  11003.17  11451.09    1.000
      alpha_symdir   4.724287    1.973964    2.450019    7.565677    4.493500  10599.94  10735.34    1.000
      alpha_symdir   2.944878    0.467716    1.805024    4.322570    2.829713   9602.87   9709.07    1.000
      alpha_symdir   3.921381    0.699069    2.517725    5.630359    3.792726   7532.06   8008.37    1.000
      alpha_symdir   5.405258    2.307484    2.877399    8.498127    5.176465  10071.39  10277.11    1.000
      alpha_symdir   3.789941    0.587031    2.481393    5.311863    3.682875   8218.95   8249.10    1.000
      alpha_symdir   2.928724    0.318176    1.967313    4.056670    2.852576   5829.97   6514.94    1.000
      alpha_symdir   3.053485    0.393589    1.965629    4.300121    2.969421   6299.40   6526.43    1.000
      alpha_symdir   4.166158    1.287107    2.304813    6.438273    3.966648   8925.18   9078.85    1.000
      alpha_symdir   3.445858    0.889084    1.874665    5.307786    3.295381   7605.65   7693.79    1.000
      alpha_symdir   4.396841    2.256646    1.935903    7.388678    4.145609   4801.51   5041.21    1.000
      alpha_symdir   3.932087    0.952472    2.241038    5.830627    3.773281   8025.47   8044.22    1.000
      alpha_symdir   3.058751    0.413650    1.952703    4.343264    2.965615   9508.36   9609.91    1.000
      alpha_symdir   3.962866    1.316686    2.088744    6.240088    3.755608   8002.03   8292.13    1.000
      alpha_symdir   3.860562    1.283797    2.036755    6.120092    3.659196   7601.76   7669.34    1.000
      alpha_symdir   2.138634    0.268436    1.285237    3.162366    2.049156   7546.83   7648.53    1.000
      alpha_symdir   4.180916    1.030279    2.446239    6.171145    4.025729   9407.98   9756.78    1.000
      alpha_symdir   4.661080    1.481952    2.638646    7.111656    4.477078   9939.30  10515.82    1.000
      alpha_symdir   3.471472    0.629667    2.153674    5.096184    3.344734   9655.72   9931.46    1.000
      alpha_symdir   3.750673    0.593024    2.446265    5.312527    3.639933   8346.61   8721.24    1.000
      alpha_symdir   3.407276    0.929713    1.896283    5.361614    3.236378   9968.47  10114.71    1.000
      alpha_symdir   3.919170    1.319344    2.023864    6.181641    3.718257   8890.39   9044.49    1.000
      alpha_symdir   3.259234    0.621439    1.962915    4.828042    3.124409   5610.19   5755.76    1.000
      alpha_symdir   2.525759    0.689224    1.244758    4.161975    2.347869   7532.36   7855.56    1.000
      alpha_symdir   3.980695    0.853705    2.375500    5.766926    3.838448   9202.23   9235.55    1.000
      alpha_symdir   3.345136    0.853618    1.864502    5.202289    3.183649   9405.64   9891.98    1.000
      alpha_symdir   3.945028    0.576030    2.562372    5.418248    3.846806   9029.70   9172.97    1.000
      alpha_symdir   4.634048    1.007187    2.852758    6.573549    4.493284   8678.75   9109.75    1.000
      alpha_symdir   4.222640    0.851027    2.635492    6.071242    4.080442   7083.36   7120.72    1.000
      alpha_symdir   3.634860    1.281441    1.808416    5.918423    3.426464   7347.41   7388.15    1.000
      alpha_symdir   3.052495    0.939404    1.513813    4.984051    2.871041   2785.24   3055.32    1.000
      alpha_symdir   3.312676    0.639775    1.974868    4.924080    3.180973   7432.25   7687.94    1.000
      alpha_symdir   3.405370    0.694383    2.026370    5.039590    3.269393   6356.76   6459.40    1.000
      alpha_symdir   4.520918    1.150540    2.719208    6.682908    4.361723  10981.76  11225.27    1.000
      alpha_symdir   3.557358    0.694441    2.133371    5.209061    3.427025   9254.97   9459.16    1.000
      alpha_symdir   4.065330    0.716218    2.588641    5.748607    3.949354   8239.35   8778.40    1.000
      alpha_symdir   4.368180    1.417041    2.441564    6.818091    4.171884   9858.95  10469.57    1.000
      alpha_symdir   3.863374    0.941034    2.250454    5.795865    3.704530  11161.64  11525.93    1.000
      alpha_symdir   2.800472    1.186411    1.178059    5.030535    2.568001   9942.10  10121.44    1.000
      alpha_symdir   4.134759    0.829824    2.573709    5.921051    4.005164   8893.37   9601.14    1.000
      alpha_symdir   3.280436    1.018418    1.676180    5.301918    3.091901   9066.72   9442.41    1.000
      alpha_symdir   4.556276    1.256080    2.665111    6.816349    4.391201   8740.87   9326.04    1.000
      alpha_symdir   2.773795    0.632621    1.523046    4.393673    2.626514   8154.23   8224.27    1.000
      alpha_symdir   3.358916    0.513893    2.166832    4.823323    3.247041   6659.18   6818.89    1.000
      alpha_symdir   3.034828    0.285866    2.083376    4.085401    2.969239   6626.74   7301.89    1.000
      alpha_symdir   3.415592    0.529597    2.171650    4.866971    3.305734   8124.39   8556.56    1.000
      alpha_symdir   2.881190    0.316313    1.900860    4.002184    2.800007   6163.08   6874.21    1.000
      alpha_symdir   3.897927    1.050866    2.157403    5.907551    3.727641   9286.48   9335.35    1.000
      alpha_symdir   3.223666    0.442276    2.079110    4.552291    3.129805   5435.50   5533.26    1.000
      alpha_symdir   3.694627    0.979922    2.073682    5.705960    3.523831   5385.62   6182.28    1.000
      alpha_symdir   3.266141    0.732090    1.896437    4.998750    3.115489   9778.12  10260.01    1.000
      alpha_symdir   3.787942    1.065703    2.138345    5.894547    3.609976  10517.16  10603.44    1.000
      alpha_symdir   3.799911    0.961328    2.150530    5.756435    3.636625   9262.20   9438.14    1.000
      alpha_symdir   4.140849    0.725071    2.686558    5.851819    4.023827   8725.48   8795.42    1.000
      alpha_symdir   3.469536    0.596711    2.179288    5.005912    3.360154   6931.45   7075.28    1.000
      alpha_symdir   3.796931    0.590574    2.456687    5.317730    3.684984   4823.82   4853.36    1.000
      alpha_symdir   2.882918    0.627840    1.665269    4.467496    2.738631   7541.85   7692.55    1.000
      alpha_symdir   3.700792    0.575693    2.371056    5.203925    3.594137   7710.35   8066.47    1.000
      alpha_symdir   2.519198    0.155102    1.808989    3.305151    2.475892   6201.31   6442.01    1.000
      alpha_symdir   3.117022    0.585897    1.847427    4.668718    2.995414   9564.75   9646.12    1.000
      alpha_symdir   3.104567    0.687466    1.776512    4.763776    2.948712   6126.76   6352.30    1.000
      alpha_symdir   3.277079    0.536235    2.010268    4.704157    3.163183   3682.78   4414.46    1.000
      alpha_symdir   4.324809    1.289226    2.448069    6.602950    4.148125   5034.94   5191.65    1.000
