RFdist
0.175
0.3968254
0.1392405
0.1851852
0.2051282
0.1351351
0.1830986
0.1162791
0.2830189
0.1190476
0.1470588
0.09677419
0.04545455
0.09677419
0.1891892
0.1264368
0.2631579
0.08571429
0.4285714
0
0.2380952
0.2195122
0.1929825
0.2653061
0.09090909
0.173913
0.2063492
0.1384615
0.1111111
0.1232877
0.1621622
0.2121212
0.1142857
0.09090909
0.1777778
0.05263158
0.1372549
0.0952381
0.2258065
0.1914894
0.2142857
0.05454545
0.2289157
0.1860465
0.1142857
0.1372549
0.1830986
0.1555556
0.1290323
0.1724138
0.06666667
0.1176471
0.1351351
0.1785714
0.137931
0.1014493
0.175
0.1707317
0.1666667
0.1515152
0.02857143
0.2432432
0.1555556
0.1807229
0.2207792
0.2
0.2903226
0.2682927
0.12
0.125
0.1621622
0.2156863
0.1232877
0.1363636
0.16
0.1666667
0.2394366
0.1851852
0.1025641
0.2571429
0.3043478
0.1807229
0.2676056
0.1935484
0.08571429
0.1267606
0.2592593
0.2941176
0.1304348
0.106383
0.2
0.1212121
0.1529412
0.1034483
0.1578947
0.1190476
0.1525424
0.1320755
0.3333333
0.36
