      TL             7.195710    0.122160    6.519594    7.892379    7.188809   1166.89   1181.48    1.003
      TL             8.156628    0.204684    7.303141    9.056308    8.144348    607.20    750.29    1.001
      TL             7.181168    0.086580    6.597942    7.755810    7.174822   1638.73   1938.88    1.000
      TL             7.601718    0.124901    6.913509    8.289815    7.589432    673.29   1011.52    1.001
      TL             7.391920    0.120121    6.739629    8.096665    7.384772    724.28    886.44    1.001
      TL             4.616562    0.106163    3.984230    5.259332    4.602463   1078.59   1086.67    1.003
      TL             6.976947    0.120354    6.323275    7.683500    6.968867     89.99    337.77    1.002
      TL             4.901698    0.153084    4.134208    5.664124    4.877826    768.68   1064.66    1.000
      TL             6.643007    0.128974    5.958526    7.362953    6.628933    853.11    862.67    1.000
      TL             8.279005    0.144721    7.540962    9.026442    8.269557   1199.96   1251.41    1.000
      TL             7.170090    0.122190    6.476072    7.851167    7.164611   1008.50   1101.60    1.000
      TL             3.504353    0.119230    2.841463    4.186691    3.485459   1164.00   1241.03    1.002
      TL             5.147289    0.155473    4.392110    5.922059    5.127486    571.47    588.04    1.000
      TL             3.335244    0.079040    2.814681    3.905736    3.317273    691.58    737.54    1.002
      TL             8.649668    0.141932    7.910622    9.385315    8.640387   1184.35   1263.42    1.003
      TL             7.693678    0.119630    7.030516    8.389925    7.686817   1102.12   1125.78    1.000
      TL             6.635034    0.105760    6.000210    7.269955    6.626668    807.71    927.52    1.001
      TL             4.654968    0.131204    3.968394    5.380539    4.634741   1036.84   1157.24    1.002
      TL             2.372397    0.100173    1.816468    3.015414    2.337710     75.23    654.02    1.000
      TL             3.185892    0.072261    2.670522    3.715257    3.173372   1229.95   1304.38    1.001
      TL             7.717621    0.110320    7.074798    8.378283    7.708644   1670.48   1843.98    1.000
      TL             5.882551    0.161289    5.104725    6.677828    5.865454    836.30   1035.54    1.000
      TL             7.086644    0.155585    6.331746    7.866663    7.071027    991.16   1072.29    1.000
      TL             4.935145    0.099180    4.321620    5.545368    4.927691    842.49    896.05    1.000
      TL             6.695250    0.107338    6.055093    7.341305    6.687119    837.21    985.12    1.002
      TL             6.803713    0.243143    5.888024    7.806619    6.774362    513.72    514.88    1.003
      TL             9.044831    0.241711    8.117297   10.029980    9.025407    645.11    751.78    1.000
      TL             6.420314    0.110501    5.774286    7.074850    6.413452    857.00    980.44    1.000
      TL             6.456791    0.173090    5.653737    7.287106    6.439346    613.11    657.95    1.003
      TL             5.949685    0.100719    5.334790    6.570733    5.941629    932.38   1106.30    1.001
      TL             6.832216    0.132201    6.156795    7.571198    6.819972    833.85    842.17    1.002
      TL             7.695301    0.172909    6.913680    8.534688    7.679187     30.20    382.11    1.075
      TL             6.755757    0.114289    6.106661    7.428656    6.746764    835.44    878.79    1.001
      TL             3.330509    0.073172    2.819417    3.872949    3.319957    948.00   1196.97    1.000
      TL             6.803096    0.088248    6.231197    7.389917    6.800758   1479.99   1542.91    1.000
      TL             4.133189    0.106808    3.501041    4.770047    4.115582    935.56    998.42    1.000
      TL             4.861867    0.081280    4.320251    5.432932    4.853879   1088.45   1215.51    1.000
      TL             2.958843    0.062845    2.474181    3.451809    2.946566    380.56    592.24    1.000
      TL             4.322869    0.142449    3.579908    5.058633    4.302147    372.08    432.72    1.000
      TL             4.911261    0.098360    4.297480    5.520954    4.898160    859.91    982.24    1.000
      TL             7.809661    0.117848    7.140665    8.480903    7.798798   1333.97   1426.43    1.002
      TL             5.401303    0.103915    4.783590    6.042013    5.393767    885.95    913.10    1.000
      TL             8.108556    0.160769    7.311185    8.872307    8.095237    645.94    696.79    1.000
      TL             8.072279    0.119318    7.401794    8.753426    8.066144    973.78   1113.34    1.002
      TL             7.409303    0.150067    6.673290    8.195350    7.399377    602.52    728.06    1.000
      TL             5.725194    0.131417    5.031149    6.445795    5.714629    885.01    947.61    1.000
      TL             5.478572    0.089741    4.878460    6.053930    5.470525    853.28   1028.21    1.000
      TL             4.485911    0.117044    3.819902    5.154113    4.469887    638.27    700.42    1.000
      TL             5.838069    0.101219    5.226451    6.473425    5.828873   1294.46   1360.98    1.002
      TL             6.259134    0.081448    5.696019    6.810927    6.252326   1671.71   1844.28    1.001
      TL             4.727746    0.142694    4.003732    5.474796    4.704405    565.78    735.21    1.001
      TL             4.555659    0.148166    3.837341    5.343159    4.530799    423.53    438.97    1.000
      TL             3.713504    0.104016    3.103118    4.359637    3.701141    634.25    732.45    1.000
      TL             5.782835    0.109253    5.147959    6.440792    5.772793    535.59    849.39    1.000
      TL             6.681860    0.154731    5.915521    7.447062    6.668826    540.66    621.84    1.002
      TL             6.116755    0.119830    5.435246    6.790533    6.105949    802.60    934.05    1.000
      TL             7.688520    0.115833    7.016582    8.350271    7.682004   1102.07   1183.60    1.000
      TL             4.764821    0.110045    4.121473    5.421363    4.754134    966.90    975.79    1.000
      TL             4.648306    0.093497    4.065407    5.258034    4.638117   1036.43   1118.19    1.000
      TL             6.084391    0.121211    5.427003    6.787097    6.072776    773.74    884.74    1.001
      TL             3.336532    0.110553    2.702382    3.991180    3.314231    649.65    844.56    1.002
      TL             6.949776    0.126207    6.272416    7.661209    6.937986    864.90   1066.37    1.001
      TL             4.544742    0.082222    3.977297    5.096983    4.534929    867.30    900.29    1.000
      TL             8.686048    0.149142    7.919631    9.429733    8.679016   1173.55   1248.70    1.002
      TL             8.148958    0.131448    7.474469    8.886946    8.140183   1080.01   1162.66    1.000
      TL             9.090915    0.259904    8.100775   10.097840    9.075211    377.80    438.54    1.002
      TL             4.573332    0.165177    3.807266    5.377395    4.548035    662.66    852.76    1.000
      TL             5.311259    0.146736    4.580194    6.072281    5.289570    864.37    966.91    1.001
      TL             6.414847    0.202449    5.523647    7.281168    6.392381    838.00    878.19    1.001
      TL             6.302205    0.165075    5.549362    7.133010    6.281848    496.74    622.97    1.001
      TL             6.370798    0.093693    5.771489    6.968672    6.364087    875.36    978.65    1.000
      TL             6.597626    0.170587    5.798942    7.421642    6.581342    600.07    621.43    1.005
      TL             8.652619    0.153659    7.911871    9.440422    8.642300   1306.37   1352.01    1.001
      TL             5.416861    0.152979    4.681789    6.214365    5.394644    769.76    860.41    1.000
      TL             4.780233    0.088655    4.190971    5.349650    4.772404   1226.54   1494.57    1.000
      TL             2.611139    0.232273    1.839872    3.583517    2.524278    126.18    263.68    1.023
      TL             8.016417    0.145548    7.275391    8.767337    8.010285   1038.35   1158.85    1.002
      TL             3.737909    0.094069    3.134952    4.332781    3.722994    916.75    946.10    1.001
      TL             7.501725    0.129528    6.807162    8.212844    7.493979    673.32    950.56    1.002
      TL             5.123733    0.117164    4.472061    5.799728    5.106007    848.20    960.33    1.001
      TL             7.555512    0.190340    6.730382    8.429835    7.537748    460.99    567.80    1.001
      TL             8.791723    0.137208    8.069147    9.514052    8.781709   1095.63   1177.09    1.000
      TL             6.560340    0.101114    5.943724    7.191189    6.551256   1398.26   1465.59    1.001
      TL             6.290625    0.134719    5.590309    7.017798    6.277386    667.90    683.26    1.002
      TL             5.545452    0.179176    4.733567    6.383081    5.519681    682.21    726.62    1.000
      TL             7.539173    0.134964    6.822359    8.259920    7.530171   1035.31   1297.96    1.001
      TL             6.050189    0.149698    5.330814    6.840226    6.030913    674.91    703.83    1.000
      TL             4.657307    0.128890    3.966800    5.363757    4.641020    458.48    589.93    1.004
      TL             4.662914    0.082181    4.108973    5.232589    4.654387   1022.74   1099.96    1.000
      TL             5.439136    0.126859    4.742463    6.132440    5.423536    588.90    765.52    1.000
      TL             8.071381    0.157547    7.287870    8.846007    8.058055    731.43    885.42    1.000
      TL             7.095090    0.122560    6.426419    7.796946    7.086502    988.32   1008.73    1.000
      TL            10.070592    0.231939    9.140409   11.031230   10.054090    601.12    645.98    1.009
      TL             4.680039    0.209326    3.836060    5.602438    4.643233    547.89    594.35    1.001
      TL             8.070792    0.139824    7.361305    8.824817    8.060963   1055.36   1122.67    1.000
      TL             8.468294    0.144432    7.729293    9.225745    8.457892    834.97    911.29    1.000
      TL             4.131450    0.061819    3.665917    4.641108    4.124821   1077.62   1118.45    1.003
      TL             5.840813    0.151715    5.082493    6.600622    5.824679    564.91    682.72    1.000
      TL             7.417874    0.147310    6.695273    8.193924    7.408604    820.53   1057.66    1.000
      TL             6.084572    0.129320    5.381417    6.793191    6.076595     50.18    269.66    1.003
