      TL             5.192409    0.150254    4.434827    5.957967    5.182683  20685.70  20805.39    1.000
      TL             5.025372    0.328908    3.915821    6.184887    5.017262   8144.12   8387.23    1.000
      TL             5.167609    0.154546    4.423177    5.967381    5.159944  19830.62  19943.47    1.000
      TL             4.288545    0.173190    3.487533    5.122868    4.273480  10478.46  10621.65    1.000
      TL             5.199879    0.199569    4.323533    6.075207    5.187723  12166.44  12474.81    1.000
      TL             2.426076    0.326296    1.158496    3.405304    2.473573   2220.18   2491.19    1.000
      TL             4.618740    0.179662    3.796097    5.467669    4.617446  13934.95  14680.62    1.000
      TL             3.058051    0.119333    2.387981    3.756008    3.049503  13185.16  13244.95    1.000
      TL             3.459868    0.434483    1.005080    4.211295    3.565722     14.69   6628.53    1.061
      TL             5.185660    0.268668    4.160459    6.202169    5.184239   7613.85   8924.45    1.000
      TL             4.505195    0.114661    3.848518    5.181811    4.496267  14712.59  14992.22    1.000
      TL             1.721331    0.152772    0.884501    2.466515    1.748869   3292.58   3354.85    1.000
      TL             2.520083    0.370923    0.702505    3.224939    2.649721     25.50     57.83    1.005
      TL             1.190592    0.394233    0.413995    2.078648    1.331180    131.21    135.78    1.001
      TL             4.741090    0.246607    3.744347    5.688853    4.743610  13256.98  14323.19    1.000
      TL             5.048352    0.177649    4.211065    5.877020    5.049212  16770.70  17438.57    1.000
      TL             4.841493    0.234321    3.901180    5.807324    4.832420  13964.28  14165.01    1.000
      TL             2.744698    0.225959    1.827396    3.712757    2.779437    892.59    978.14    1.000
      TL             0.881085    0.096530    0.268873    1.366794    0.920053   1512.71   1639.04    1.002
      TL             1.762779    0.200398    0.530282    2.368943    1.853020    507.08    576.67    1.000
      TL             4.202582    0.208515    3.387369    5.052192    4.216176    314.67   6923.43    1.001
      TL             2.917236    0.102418    2.298321    3.565181    2.919098  15437.07  16276.63    1.000
      TL             3.954066    0.184758    3.146082    4.841561    3.941057   8456.59   8986.76    1.000
      TL             2.957050    0.117861    2.335675    3.616923    2.967962   1257.61   2644.74    1.000
      TL             3.964313    0.119712    3.304407    4.664263    3.955733  14207.27  14724.85    1.000
      TL             2.726808    0.866871    1.272936    4.180118    2.846023    602.41    659.93    1.000
      TL             4.667157    0.397857    3.411137    5.917826    4.660574   5114.55   6036.04    1.000
      TL             4.265445    0.174121    3.468460    5.112417    4.253460   9981.75  10080.65    1.000
      TL             3.539601    0.118652    2.873821    4.230167    3.524322   7240.55   8548.76    1.000
      TL             3.732401    0.093564    3.136325    4.333392    3.727330  18424.52  18754.94    1.000
      TL             4.261297    0.148881    3.522307    5.044763    4.252607  11271.08  11375.60    1.000
      TL             4.196116    0.136211    3.461786    4.918210    4.193746  14816.18  15185.99    1.000
      TL             3.853982    0.105109    3.211392    4.487502    3.850854  18160.79  18165.71    1.000
      TL             2.230093    0.206442    1.252663    3.170231    2.274681    723.88    768.11    1.000
      TL             4.495941    0.160882    3.713318    5.288952    4.501951  15338.85  15604.81    1.000
      TL             1.599389    0.295720    0.552220    2.326926    1.765455    421.36    459.39    1.001
      TL             2.029309    0.154984    1.198188    2.731120    2.069334   3258.37   3386.21    1.000
      TL             1.745466    0.123542    0.941324    2.380099    1.795511    817.28   1668.38    1.000
      TL             1.773473    0.229735    0.962522    2.666805    1.729547   2942.11   2952.81    1.000
      TL             2.627570    0.134295    1.918664    3.359860    2.644914   5760.75   6972.10    1.000
      TL             4.740051    0.132000    4.027941    5.455820    4.731259  14373.25  15128.48    1.000
      TL             3.316146    0.110204    2.664788    3.976009    3.317393  15312.01  15322.06    1.000
      TL             4.496974    0.113152    3.847965    5.162864    4.488346  14884.88  15135.44    1.000
      TL             6.538227    0.297357    5.501676    7.644139    6.515139   6823.52   7034.09    1.000
      TL             4.282436    0.120285    3.611745    4.974499    4.280637  19835.33  20010.50    1.000
      TL             3.266632    0.286357    2.527389    4.268916    3.310893     28.36    436.08    1.008
      TL             3.554375    0.165067    2.772788    4.387085    3.552705   6076.89   6362.22    1.000
      TL             2.014557    0.181635    1.095498    2.805388    2.047911   3014.34   3182.51    1.000
      TL             3.510695    0.259992    2.451030    4.461967    3.558125   2681.59   2760.76    1.000
      TL             4.278569    0.141655    3.549567    5.030865    4.274123  14289.92  14344.52    1.000
      TL             2.312905    0.240881    0.869699    3.020096    2.406326    486.84    675.79    1.005
      TL             2.112748    0.241037    0.809922    2.844542    2.201321   1031.69   1059.70    1.001
      TL             1.558624    0.246518    0.669897    2.335639    1.629645   1102.15   1172.82    1.000
      TL             2.988284    0.084383    2.415759    3.563433    2.991200  17254.83  18253.54    1.000
      TL             4.092743    0.106459    3.463423    4.744373    4.082613  14244.36  14295.70    1.000
      TL             3.354490    0.194310    2.599819    4.115469    3.395255    247.12    528.80    1.002
      TL             6.131067    0.255409    5.176348    7.150655    6.108446  11330.44  11350.52    1.000
      TL             1.815351    0.176708    0.900538    2.509753    1.879428   2136.09   2165.02    1.001
      TL             2.534361    0.144866    1.775274    3.283856    2.551150   7579.66   7597.82    1.000
      TL             4.212452    0.092321    3.620212    4.811150    4.202780  16847.97  17372.74    1.000
      TL             1.572164    0.186727    0.660713    2.272796    1.642732   1315.11   1489.83    1.000
      TL             4.531467    0.160261    3.751277    5.322137    4.524810  13035.93  14108.34    1.000
      TL             2.614275    0.193369    1.690763    3.475369    2.651636   2665.40   3213.79    1.000
      TL             5.429372    0.185042    4.589767    6.280002    5.423236  18482.15  19888.11    1.000
      TL             5.524757    0.230695    4.593143    6.486384    5.515559  13273.31  14617.43    1.000
      TL             4.973445    0.115360    4.314097    5.647296    4.964737  17153.13  17744.98    1.000
      TL             2.074262    0.221043    0.854312    2.847534    2.140525   1552.89   1668.40    1.000
      TL             2.565608    0.341057    1.409195    3.637083    2.580491   4112.30   4345.70    1.000
      TL             3.308361    0.189855    2.411515    4.140983    3.322586   8495.86   9417.61    1.000
      TL             3.148094    0.297235    2.098873    4.231662    3.132532   6175.19   6234.35    1.000
      TL             3.739895    0.144508    3.039420    4.430930    3.760211    493.29   7736.46    1.001
      TL             3.346251    0.221755    2.417014    4.281241    3.361254   4669.82   5304.14    1.000
      TL             5.294963    0.156755    4.526938    6.079653    5.284298  13020.99  13439.33    1.000
      TL             2.881725    0.402891    1.344231    3.897024    2.988856   1315.33   1490.73    1.001
      TL             3.105585    0.320027    0.996761    3.803668    3.195564     15.43   5899.32    1.032
      TL             0.792520    0.099665    0.211896    1.273366    0.843166    988.89   1003.26    1.000
      TL             3.969510    0.369272    2.719379    5.123253    4.052429    413.83    673.63    1.000
      TL             2.267259    0.165989    1.359020    3.040596    2.315638   1859.52   2160.43    1.000
      TL             4.398657    0.182364    3.563303    5.240692    4.395988  17990.09  18220.27    1.000
      TL             2.043387    0.159488    1.239041    2.798576    2.054626   5392.00   5843.12    1.000
      TL             5.068027    0.170235    4.289746    5.909413    5.049880  10240.02  10993.86    1.000
      TL             5.534733    0.218141    4.631246    6.464265    5.525032   9928.57  10009.49    1.000
      TL             4.055086    0.136024    3.308464    4.765822    4.059932  14666.47  14741.04    1.000
      TL             4.138065    0.183189    3.298015    4.996332    4.144824  11097.45  11354.12    1.000
      TL             2.695671    0.158889    1.985465    3.477016    2.711459    686.69   2295.55    1.001
      TL             4.343154    0.114974    3.687522    5.015974    4.337286  17556.73  17719.84    1.000
      TL             3.218798    0.321641    1.875596    4.317794    3.299140    744.40    900.92    1.000
      TL             1.925815    0.312364    0.884770    2.798891    2.009849   1600.89   1613.11    1.000
      TL             1.972828    0.319158    0.846707    2.773861    2.119207    682.61    719.31    1.001
      TL             3.329956    0.289179    2.218827    4.387133    3.361953   4028.77   4658.98    1.000
      TL             5.342807    0.213515    4.440270    6.250340    5.319917   9222.77   9449.45    1.000
      TL             5.062813    0.253140    4.078473    6.064202    5.053609  11699.23  11913.64    1.000
      TL             4.556763    0.210752    3.656745    5.466002    4.559546  11524.90  12825.77    1.000
      TL             1.761889    0.472857    0.703476    2.811394    1.880687    422.17    499.20    1.000
      TL             5.493027    0.218844    4.582695    6.414156    5.477551  10436.77  11271.45    1.000
      TL             6.678774    0.270313    5.685390    7.717687    6.658706   8559.92   9445.36    1.000
      TL             2.332373    0.237824    0.857094    2.985857    2.428768    407.39    409.63    1.002
      TL             2.678821    0.307410    1.034581    3.459538    2.777855    319.06    423.74    1.000
      TL             4.538520    0.183819    3.707463    5.393868    4.531352   9005.28   9483.26    1.000
      TL             3.063341    0.158211    2.309415    3.821813    3.084820   2321.16   2755.55    1.000
