      alpha_symdir             1.842636    0.074291    1.346305    2.396771    1.824447     28.69     33.57    1.012
      alpha_symdir             2.407621    0.124407    1.766337    3.125030    2.375559     81.75    103.07    1.004
      alpha_symdir             1.811412    0.054504    1.376754    2.266742    1.785930     34.22     47.74    1.003
      alpha_symdir             2.396111    0.121535    1.772828    3.108199    2.366498     85.50     85.62    1.006
      alpha_symdir             2.220959    0.111796    1.626150    2.898629    2.188525     39.43     85.26    1.004
      alpha_symdir             0.324057    0.000386    0.286666    0.363937    0.323650     66.10     88.58    1.001
      alpha_symdir             2.282190    0.114782    1.660533    2.934279    2.245627     51.62     81.30    1.002
      alpha_symdir             1.790283    0.111661    1.188892    2.449035    1.758280     50.51     51.19    1.028
      alpha_symdir             1.893616    0.092303    1.330629    2.497503    1.868672     27.98     42.96    1.025
      alpha_symdir             1.764217    0.048538    1.341886    2.190253    1.748701     83.04     99.10    1.000
      alpha_symdir             1.556842    0.040482    1.196867    1.955520    1.538724     46.12     62.31    1.003
      alpha_symdir             0.268582    0.000953    0.206425    0.324792    0.266878     16.67    141.43    1.000
      alpha_symdir             0.823761    0.268965    0.296074    1.674692    0.416712     14.45     78.50    3.652
      alpha_symdir             0.254307    0.001283    0.182682    0.322415    0.256898     20.27     28.37    1.164
      alpha_symdir             1.813379    0.050151    1.395275    2.254327    1.791853    106.21    148.04    1.018
      alpha_symdir             1.990882    0.077735    1.487634    2.563350    1.968018     38.39     65.21    1.002
      alpha_symdir             2.084959    0.116134    1.485855    2.789509    2.047592     38.48     76.08    1.033
      alpha_symdir             2.335846    0.316786    1.417251    3.373465    2.257742     19.42     37.79    1.015
      alpha_symdir             0.172580    0.001262    0.118064    0.243450    0.167283     19.59     51.51    1.112
      alpha_symdir             0.303821    0.000629    0.255092    0.352875    0.303243     68.34    112.37    1.012
      alpha_symdir             1.512301    0.040355    1.122418    1.901076    1.508813     26.52     35.80    1.009
      alpha_symdir             1.216174    0.037362    0.873562    1.602629    1.194228     22.56     26.99    1.001
      alpha_symdir             1.651895    0.054201    1.208155    2.121284    1.634991     33.26     63.80    1.008
      alpha_symdir             1.743498    0.123225    1.103820    2.436352    1.714843     14.40     16.61    1.028
      alpha_symdir             1.475312    0.059241    1.000145    1.936754    1.470908     17.70     80.99    1.152
      alpha_symdir             1.312836    0.032666    0.946173    1.654155    1.301413     27.18     28.98    1.001
      alpha_symdir             1.549522    0.053075    1.109419    1.993090    1.533947     30.86     53.84    1.012
      alpha_symdir             1.966598    0.094774    1.420626    2.590597    1.934863     87.88    107.76    1.012
      alpha_symdir             1.253538    0.046543    0.873415    1.675140    1.236329     13.11     14.68    1.094
      alpha_symdir             1.896566    0.075211    1.402976    2.435193    1.872439     95.22    118.00    1.001
      alpha_symdir             1.266685    0.043240    0.912673    1.702128    1.236089     14.75     21.21    1.083
      alpha_symdir             1.485806    0.041944    1.099195    1.894759    1.473307     34.36     43.11    1.005
      alpha_symdir             1.615627    0.051362    1.206267    2.071162    1.593440     80.61     81.18    1.000
      alpha_symdir             1.444520    0.252900    0.298984    2.145439    1.515027      6.25     17.10    1.052
      alpha_symdir             1.809618    0.062104    1.352678    2.308238    1.786024     87.13    103.47    1.007
      alpha_symdir             0.360192    0.002043    0.292156    0.420482    0.355049     19.88     22.23    1.034
      alpha_symdir             1.001110    0.333987    0.276803    1.900098    1.094505      6.02     12.49    2.564
      alpha_symdir             0.289167    0.000482    0.245764    0.332105    0.288634     70.54    115.93    1.001
      alpha_symdir             1.528249    0.166483    0.835950    2.302718    1.497359     14.23     31.48    1.515
      alpha_symdir             0.393047    0.002960    0.306125    0.482830    0.384406     29.42     59.39    1.015
      alpha_symdir             2.494941    0.123449    1.852785    3.201045    2.460777    122.17    161.76    1.000
      alpha_symdir             2.306329    0.170359    1.574554    3.134842    2.260753     72.96     94.18    1.002
      alpha_symdir             1.809851    0.068360    1.331720    2.343120    1.783318     48.74     83.50    1.003
      alpha_symdir             1.630523    0.048435    1.218193    2.053470    1.611386     47.05     80.02    1.048
      alpha_symdir             1.727752    0.082123    1.215517    2.317411    1.701136     23.82     60.24    1.032
      alpha_symdir             1.614307    0.069313    1.115421    2.118646    1.581194     54.66     55.03    1.006
      alpha_symdir             1.791872    0.100133    1.211286    2.421509    1.764070     23.68     38.57    1.010
      alpha_symdir             0.976999    0.445478    0.287116    2.016998    0.773026     25.07     63.18    4.990
      alpha_symdir             1.974467    0.075074    1.476036    2.516449    1.952231    119.06    121.36    1.007
      alpha_symdir             1.571716    0.037499    1.220724    1.975022    1.559653    108.77    119.78    1.009
      alpha_symdir             0.307032    0.000517    0.263025    0.351303    0.306368    129.22    133.66    1.014
      alpha_symdir             0.305704    0.000402    0.267573    0.344916    0.304527     84.91    178.14    1.007
      alpha_symdir             0.321275    0.000557    0.273560    0.366721    0.320746     77.99    134.89    1.000
      alpha_symdir             1.684886    0.068024    1.190990    2.211317    1.659049     20.80     60.37    1.000
      alpha_symdir             1.117597    0.024490    0.834993    1.421597    1.094769     20.65     21.31    1.000
      alpha_symdir             1.719132    0.087544    1.212985    2.317067    1.681960     31.31     35.20    1.019
      alpha_symdir             2.172243    0.091596    1.634046    2.788785    2.142045     79.31    100.93    1.000
      alpha_symdir             0.467198    0.090645    0.284541    1.267982    0.356501      5.94    108.25    1.129
      alpha_symdir             1.331511    0.072162    0.838993    1.829999    1.316046     12.84     16.14    1.080
      alpha_symdir             2.071156    0.096043    1.491972    2.681331    2.048935     19.14     84.34    1.054
      alpha_symdir             0.261809    0.000644    0.215395    0.307656    0.262453     37.53     71.92    1.006
      alpha_symdir             2.057681    0.118163    1.439202    2.744109    2.018574     38.31     52.12    1.010
      alpha_symdir             1.785343    0.135128    1.074181    2.504352    1.764772     14.24     20.29    1.019
      alpha_symdir             1.517312    0.027267    1.214459    1.851093    1.504660     37.47     64.68    1.002
      alpha_symdir             1.588624    0.037850    1.229927    1.979462    1.571826     44.63     65.77    1.002
      alpha_symdir             1.832701    0.065027    1.380866    2.359836    1.808978    104.55    107.45    1.004
      alpha_symdir             0.348821    0.005468    0.270649    0.411158    0.337875     18.02     21.08    1.030
      alpha_symdir             2.035482    0.124034    1.410348    2.722738    1.980766     47.49     60.44    1.001
      alpha_symdir             1.643481    0.074758    1.150125    2.206618    1.616965     25.01     36.67    1.000
      alpha_symdir             1.959255    0.108904    1.382685    2.594457    1.915568     42.33     51.09    1.004
      alpha_symdir             2.211360    0.129513    1.558908    2.956462    2.174892     72.69     79.49    1.054
      alpha_symdir             1.140208    0.040260    0.749950    1.538580    1.133364     14.87     17.05    1.070
      alpha_symdir             1.696805    0.047346    1.305098    2.142287    1.680716     53.03     77.38    1.003
      alpha_symdir             2.000085    0.147629    1.307607    2.781744    1.970976     22.85     45.91    1.004
      alpha_symdir             1.892489    0.159586    1.172614    2.676826    1.845915     35.30     42.14    1.003
      alpha_symdir             0.153581    0.000267    0.124927    0.184826    0.151029    147.68    257.71    1.000
      alpha_symdir             1.827324    0.049734    1.426950    2.292992    1.804665     86.72    179.57    1.014
      alpha_symdir             0.310627    0.000734    0.258110    0.364249    0.310023     65.14     68.17    1.071
      alpha_symdir             1.826741    0.078437    1.298153    2.371745    1.802622     27.78     33.96    1.006
      alpha_symdir             0.362284    0.000796    0.309300    0.419935    0.360776     55.61     67.86    1.008
      alpha_symdir             1.818174    0.062671    1.385887    2.327985    1.791830     88.13    111.51    1.001
      alpha_symdir             2.091465    0.108140    1.504079    2.756923    2.055815     28.34     46.79    1.002
      alpha_symdir             1.430530    0.044470    1.023309    1.836276    1.414701     13.47     25.88    1.061
      alpha_symdir             1.401165    0.037384    1.060357    1.802000    1.380233     36.53     56.37    1.006
      alpha_symdir             0.379567    0.013102    0.272022    0.672419    0.352234      8.11     93.61    1.043
      alpha_symdir             1.763174    0.088697    1.234706    2.354057    1.723668     29.53     45.79    1.000
      alpha_symdir             1.722121    0.109537    1.135097    2.369188    1.684776     30.39     39.80    1.013
      alpha_symdir             1.633172    0.172713    0.946308    2.463683    1.581666     14.59     15.77    1.007
      alpha_symdir             1.395897    0.070867    0.954417    1.962942    1.346044     17.92     20.15    1.089
      alpha_symdir             1.877513    0.137981    1.144746    2.599303    1.843941     18.09     32.40    1.112
      alpha_symdir             1.908964    0.061935    1.453469    2.413463    1.887574    144.56    156.41    1.014
      alpha_symdir             1.704121    0.044641    1.301806    2.116524    1.687654     89.68    104.99    1.042
      alpha_symdir             1.730519    0.052173    1.315303    2.186097    1.703401     71.15     71.74    1.003
      alpha_symdir             0.357664    0.001066    0.295905    0.424632    0.356141     61.40     97.54    1.001
      alpha_symdir             1.558459    0.043228    1.183827    1.980872    1.538916     37.19     90.10    1.022
      alpha_symdir             2.240225    0.088441    1.680399    2.831212    2.219254     78.98    117.00    1.005
      alpha_symdir             1.481889    0.062585    1.030016    1.979694    1.461714     20.53     29.28    1.010
      alpha_symdir             1.235511    0.043663    0.868220    1.655377    1.212717     19.44     28.52    1.271
      alpha_symdir             1.628397    0.071553    1.094240    2.137178    1.607512     17.42     37.07    1.000
      alpha_symdir             1.729599    0.110220    1.121645    2.392679    1.698180     19.52     34.41    1.027
