      clockrate                1.139878    0.030340    0.872405    1.513113    1.095976     54.54    238.77    1.744
      clockrate                1.080278    0.012512    0.876096    1.309494    1.070540     28.79     37.83    1.002
      clockrate                1.049680    0.009638    0.881640    1.251213    1.035493     22.91     23.72    1.000
      clockrate                1.020418    0.005744    0.874531    1.173659    1.015748     60.94    121.98    1.050
      clockrate                0.969243    0.003732    0.849539    1.087474    0.968060    494.35    497.35    1.000
      clockrate                1.228482    0.013761    0.997924    1.454336    1.221929    133.99    371.94    1.003
      clockrate                1.006543    0.003241    0.898695    1.120832    1.005126    809.91    991.35    1.001
      clockrate                1.868356    0.138635    1.236830    2.595826    1.815796     66.46    145.95    1.000
      clockrate                1.127368    0.009185    0.947794    1.321919    1.122815   1163.67   1207.55    1.000
      clockrate                1.071403    0.005246    0.929023    1.212213    1.069026    342.08    413.30    1.000
      clockrate                0.979104    0.004676    0.846460    1.112583    0.977298    101.22    135.43    1.000
      clockrate                1.287687    0.046363    0.880092    1.710445    1.266879    499.57    632.42    1.001
      clockrate                1.148826    0.011788    0.946863    1.366980    1.143040    203.57    344.27    1.004
      clockrate                1.361714    0.081667    0.869948    1.926302    1.324506     77.79    120.22    1.003
      clockrate                0.943175    0.003365    0.831307    1.057529    0.941628    481.80    563.59    1.000
      clockrate                1.175701    0.004411    1.047249    1.307090    1.174845    683.09    702.33    1.008
      clockrate                0.999483    0.004013    0.879642    1.127104    0.998944    456.68    734.56    1.000
      clockrate                1.214668    0.025333    0.925439    1.514751    1.197196    481.01    531.66    1.000
      clockrate                1.768547    0.293366    0.939540    2.876113    1.668051    327.39    475.11    1.000
      clockrate                1.220491    0.016497    0.984810    1.482958    1.212787     53.37     65.21    1.000
      clockrate                1.146407    0.005383    1.003508    1.289774    1.144914    736.47    985.88    1.000
      clockrate                1.048742    0.021935    0.799994    1.360210    1.022048     97.03    104.61    1.000
      clockrate                1.197297    0.023080    0.912865    1.503394    1.179692     32.77     62.81    1.000
      clockrate                1.069107    0.011697    0.865378    1.283704    1.061466    155.90    375.33    1.017
      clockrate                1.145169    0.005047    1.006217    1.284959    1.143593   1505.96   1579.97    1.000
      clockrate                1.159867    0.023594    0.881436    1.473825    1.141517     47.91     63.60    1.006
      clockrate                1.180341    0.010698    0.982013    1.387583    1.176248    128.16    582.20    1.010
      clockrate                1.003434    0.007616    0.840890    1.180658    0.999029    111.81    256.45    1.001
      clockrate                1.301303    0.062770    0.934542    1.885007    1.240547     14.56     24.09    1.028
      clockrate                1.023693    0.004838    0.888714    1.160130    1.021309     91.49    276.36    1.000
      clockrate                1.115990    0.013535    0.893365    1.344712    1.106976    122.64    252.18    1.065
      clockrate                1.213962    0.011352    1.014601    1.429132    1.207909     67.86    145.99    1.003
      clockrate                1.003305    0.004095    0.877850    1.127769    1.001329    243.95    284.91    1.001
      clockrate                1.322848    0.069456    0.891485    1.863982    1.275150     59.68    110.87    1.011
      clockrate                1.020499    0.003905    0.901705    1.144267    1.019680    862.09    930.07    1.000
      clockrate                1.029913    0.016298    0.804269    1.277983    1.015009     35.55     35.95    1.000
      clockrate                1.261217    0.032477    0.985408    1.562617    1.235724     74.34    101.98    1.000
      clockrate                1.115463    0.028149    0.815394    1.454099    1.089984     52.61    127.16    1.002
      clockrate                1.685325    0.200119    0.996154    2.594639    1.591223    123.19    132.01    1.002
      clockrate                1.111495    0.008456    0.931629    1.289675    1.107362    245.56    556.81    1.001
      clockrate                1.005486    0.004560    0.877103    1.140320    1.003207    299.68    483.31    1.000
      clockrate                1.121604    0.008666    0.942785    1.306784    1.118700    382.99    479.75    1.001
      clockrate                1.065589    0.005541    0.917939    1.210178    1.063297     85.24     85.82    1.006
      clockrate                1.079071    0.010185    0.890827    1.280021    1.067182     33.75     77.43    1.000
      clockrate                1.027085    0.005608    0.884261    1.174815    1.025113     90.17    201.10    1.009
      clockrate                1.023086    0.010455    0.829104    1.226647    1.014766    189.83    223.83    1.001
      clockrate                1.191888    0.010252    1.003649    1.392510    1.184145     53.87     75.71    1.009
      clockrate                1.258002    0.049113    0.864411    1.690834    1.226436     43.72    122.62    1.000
      clockrate                1.055447    0.014247    0.837777    1.297423    1.039703     72.71     82.19    1.075
      clockrate                0.979193    0.003473    0.862466    1.093277    0.977699    261.81   1069.37    1.001
      clockrate                1.129614    0.015088    0.903025    1.363798    1.118465     71.03    168.64    1.022
      clockrate                1.139859    0.071368    0.746230    1.719351    1.071866     32.06     34.21    1.007
      clockrate                1.495282    0.120675    0.914014    2.193044    1.439892    168.76    170.13    1.012
      clockrate                1.217109    0.007045    1.060078    1.387002    1.214281    426.25    509.79    1.000
      clockrate                1.181828    0.012580    0.971305    1.402827    1.174093     50.48     72.21    1.012
      clockrate                1.019729    0.006670    0.855030    1.175533    1.017032    783.56    790.57    1.005
      clockrate                0.949359    0.003405    0.838117    1.064750    0.947302    156.20    392.96    1.001
      clockrate                1.173004    0.018639    0.927743    1.454304    1.157487    110.25    184.85    1.002
      clockrate                1.372494    0.044385    1.016493    1.792887    1.335850     33.11     56.58    1.006
      clockrate                1.173561    0.009669    0.979285    1.364101    1.168890     48.89    499.64    1.013
      clockrate                1.245210    0.091690    0.755207    1.832663    1.190036    322.56    378.87    1.000
      clockrate                0.979002    0.004197    0.853101    1.105888    0.977286    123.08    199.45    1.003
      clockrate                1.020492    0.016051    0.811259    1.282133    0.999575     52.11    341.13    1.139
      clockrate                0.982653    0.003878    0.863450    1.106468    0.980985     83.62    101.57    1.000
      clockrate                1.038413    0.007127    0.879175    1.203938    1.032442    164.83    174.23    1.012
      clockrate                0.984699    0.005213    0.845352    1.126126    0.981289    580.29    601.68    1.000
      clockrate                1.465173    0.208971    0.822352    2.373993    1.351316     13.25     48.52    1.054
      clockrate                1.336398    0.025338    1.051726    1.662489    1.316729    166.32    214.33    1.004
      clockrate                1.657792    0.079100    1.185354    2.231120    1.613949    222.93    232.51    1.009
      clockrate                1.275040    0.039317    0.946827    1.672015    1.240608     62.48     70.11    1.001
      clockrate                1.128658    0.005267    0.989342    1.273264    1.126249    245.86    288.93    1.005
      clockrate                0.991809    0.014439    0.771481    1.233998    0.976626     96.68    107.52    1.003
      clockrate                1.038253    0.005794    0.884072    1.180617    1.036173    123.96    564.13    1.012
      clockrate                1.115522    0.012567    0.898999    1.335591    1.109435    113.75    287.92    1.014
      clockrate                1.044307    0.008156    0.873054    1.222400    1.038429     64.22    171.34    1.004
      clockrate                1.885757    0.290341    1.008450    2.983013    1.787871    876.28    984.05    1.001
      clockrate                1.015844    0.005657    0.871305    1.162403    1.013612     96.62    125.17    1.000
      clockrate                1.342104    0.039265    1.005698    1.742793    1.310183     23.13     25.80    1.001
      clockrate                0.966925    0.004495    0.839963    1.098700    0.963386    471.55    709.62    1.021
      clockrate                1.257049    0.034539    0.938512    1.629907    1.231499    124.63    130.87    1.000
      clockrate                1.145354    0.010010    0.954341    1.343506    1.139414     32.39     79.45    1.003
      clockrate                0.949057    0.003021    0.845352    1.059787    0.947546    213.48    353.86    1.001
      clockrate                1.009431    0.007897    0.839726    1.188005    1.006161    313.28    457.98    1.035
      clockrate                1.272802    0.026744    1.002203    1.598963    1.241731     16.33     16.43    1.094
      clockrate                1.196581    0.031715    0.899383    1.537963    1.169973     36.54     75.99    1.039
      clockrate                1.036514    0.004677    0.903034    1.169862    1.034413    446.35    751.35    1.000
      clockrate                1.292332    0.020604    1.028766    1.559234    1.277752     45.72     68.43    1.035
      clockrate                1.434320    0.101024    0.882247    2.042447    1.407885     21.87     54.58    1.006
      clockrate                1.105529    0.017190    0.867322    1.366886    1.090714     62.93    148.28    1.055
      clockrate                1.102255    0.030226    0.808149    1.454567    1.070488     32.46     38.59    1.002
      clockrate                1.038750    0.005924    0.890269    1.190439    1.037826    298.79    304.11    1.005
      clockrate                1.178289    0.015647    0.950036    1.430014    1.164027     47.98     52.25    1.028
      clockrate                1.095494    0.006381    0.944136    1.254007    1.093446    223.20    245.69    1.014
      clockrate                2.312357    0.476658    1.220433    3.697071    2.185289    105.77    111.82    1.000
      clockrate                1.141842    0.005784    0.992299    1.292046    1.139557    355.86    361.86    1.004
      clockrate                1.089646    0.004215    0.966563    1.221378    1.088263   1324.22   1596.52    1.001
      clockrate                1.098892    0.009879    0.913446    1.293463    1.090063    141.23    145.78    1.009
      clockrate                1.194082    0.031041    0.903564    1.555730    1.162943     27.71     70.85    1.014
      clockrate                1.070910    0.005274    0.924914    1.209227    1.069596    487.87    516.74    1.001
      clockrate                1.139743    0.009142    0.952416    1.327519    1.134048     86.28    100.09    1.002
