      age[0]                   0.958158    0.004700    0.827665    1.082391    0.958275    1.465    2
      age[0]                   1.011346    0.001079    0.954816    1.072085    1.007004    1.000    2
      age[0]                   0.988752    0.001167    0.928334    1.059228    0.985122    1.001    2
      age[0]                   1.002213    0.001256    0.935403    1.071830    0.999028    1.007    2
      age[0]                   0.973344    0.000747    0.924038    1.023021    0.970086    1.000    2
      age[0]                  0.940579    0.000808    0.889048    0.997570    0.938064    1.000    2
      age[0]                   0.985080    0.000447    0.945093    1.026536    0.982968    1.022    2
      age[0]                  0.763436    0.001508    0.723510    0.839401    0.752276    1.008    2
      age[0]                  0.976175    0.000752    0.925745    1.031549    0.973280    1.001    2
      age[0]                   0.958758    0.001390    0.893659    1.038446    0.953746    1.002    2
      age[0]                   0.935374    0.001379    0.873536    1.016165    0.927675    1.000    2
      age[0]                  0.884254    0.003401    0.831187    1.003962    0.864732    1.001    2
      age[0]                  0.913451    0.002005    0.857038    0.998203    0.902848    1.003    2
      age[0]                  0.940213    0.004014    0.833511    1.067368    0.930975    1.001    2
      age[0]                   1.047086    0.001594    0.970422    1.121754    1.043655    1.001    2
      age[0]                   0.948063    0.000547    0.904340    0.995294    0.945759    1.047    2
      age[0]                   1.013075    0.001047    0.961146    1.076361    1.006608    1.002    2
      age[0]                  0.927445    0.001420    0.859564    1.003599    0.923546    1.000    2
      age[0]                  0.968743    0.038246    0.640109    1.340858    0.940478    1.000    2
      age[0]                  0.996621    0.001343    0.951794    1.068492    0.988027    1.000    2
      age[0]                   0.986593    0.001293    0.920782    1.058219    0.982716    1.003    2
      age[0]                  1.019532    0.001062    0.979087    1.081669    1.012311    1.000    2
      age[0]                  0.880373    0.002266    0.794859    0.978833    0.875854    1.001    2
      age[0]                  0.988295    0.002273    0.898977    1.085172    0.984077    1.003    2
      age[0]                   0.931419    0.000721    0.898853    0.984332    0.924599    1.004    2
      age[0]                  0.929495    0.003880    0.818075    1.056515    0.923777    1.007    2
      age[0]                  0.927475    0.001264    0.860957    0.998614    0.925090    1.001    2
      age[0]                  0.998758    0.002425    0.909097    1.098778    0.996588    1.008    2
      age[0]                  0.918135    0.004272    0.793440    1.049945    0.913932    1.006    2
      age[0]                   1.035510    0.003312    0.932417    1.163648    1.029835    1.009    2
      age[0]                   1.020878    0.002905    0.925470    1.125527    1.015479    1.022    2
      age[0]                   0.962579    0.000718    0.916343    1.011242    0.958901    1.002    2
      age[0]                   1.020132    0.000746    0.968490    1.072478    1.019221    1.016    2
      age[0]                  1.028202    0.002471    0.970764    1.125550    1.015020    1.003    2
      age[0]                   0.982191    0.000738    0.930189    1.033326    0.980359    1.003    2
      age[0]                  0.993349    0.001402    0.927400    1.067412    0.988213    1.000    2
      age[0]                  0.912384    0.001784    0.832709    0.998245    0.911207    1.009    2
      age[0]                  0.935431    0.002785    0.874883    1.056751    0.917119    1.005    2
      age[0]                  0.985038    0.000598    0.965593    1.031161    0.977520    1.035    2
      age[0]                  1.021431    0.000985    0.964289    1.085373    1.018116    1.002    2
      age[0]                   0.961715    0.001744    0.888037    1.046615    0.959112    1.003    2
      age[0]                  0.962412    0.001308    0.898345    1.037193    0.958320    1.001    2
      age[0]                   0.919126    0.003084    0.812418    1.024561    0.914881    1.006    2
      age[0]                   0.934997    0.000948    0.877869    0.995546    0.933259    1.000    2
      age[0]                   1.009494    0.001558    0.946172    1.093518    1.001123    1.010    2
      age[0]                  1.013873    0.001273    0.950405    1.085112    1.010699    1.000    2
      age[0]                   0.997816    0.001824    0.923812    1.087721    0.993912    1.014    2
      age[0]                  0.978178    0.002487    0.915297    1.075848    0.966767    1.001    2
      age[0]                   1.047932    0.001419    0.977734    1.122467    1.044588    1.005    2
      age[0]                   0.973482    0.000374    0.943457    1.009587    0.970429    1.006    2
      age[0]                  0.948630    0.000754    0.906743    0.995488    0.944580    1.008    2
      age[0]                  0.986395    0.004331    0.859366    1.117980    0.981205    1.003    2
      age[0]                  0.885155    0.002420    0.827727    0.981335    0.872714    1.004    2
      age[0]                  0.934048    0.002411    0.843177    1.035601    0.929434    1.005    2
      age[0]                  0.945693    0.000732    0.896785    1.001049    0.942593    1.003    2
      age[0]                   1.020896    0.001122    0.966054    1.084728    1.015420    1.000    2
      age[0]                   1.024034    0.002477    0.943274    1.129820    1.013002    1.001    2
      age[0]                  0.977450    0.002997    0.874842    1.084492    0.972578    1.005    2
      age[0]                  0.933309    0.001109    0.868161    0.992857    0.931144    1.000    2
      age[0]                   0.960312    0.000393    0.928022    0.998474    0.956893    1.003    2
      age[0]                  1.004645    0.002405    0.956540    1.093566    0.990851    1.000    2
      age[0]                   1.026273    0.003376    0.922130    1.134010    1.024332    1.014    2
      age[0]                  1.053745    0.001832    0.969326    1.137070    1.051982    1.026    2
      age[0]                   1.006162    0.001925    0.924282    1.095229    1.003415    1.000    2
      age[0]                   0.958169    0.000885    0.903542    1.017466    0.955183    1.001    2
      age[0]                   1.017056    0.001610    0.938920    1.098133    1.013836    1.000    2
      age[0]                  0.895785    0.016967    0.685417    1.147273    0.875917    1.103    2
      age[0]                  0.936880    0.000972    0.889154    0.994260    0.931508    1.000    2
      age[0]                  0.919202    0.003048    0.822973    1.027286    0.913351    1.006    2
      age[0]                  0.993912    0.001618    0.916768    1.071637    0.990456    1.000    2
      age[0]                   0.986479    0.001069    0.926786    1.051764    0.984037    1.010    2
      age[0]                  1.036877    0.002653    0.943047    1.139616    1.031289    1.000    2
      age[0]                   0.989176    0.001510    0.920485    1.067046    0.984305    1.010    2
      age[0]                  1.001666    0.003193    0.899465    1.121319    0.996583    1.002    2
      age[0]                  1.025633    0.001204    0.961698    1.096569    1.022796    1.000    2
      age[0]                  0.896058    0.013530    0.792186    1.112517    0.861680    1.000    2
      age[0]                   1.027356    0.002339    0.936216    1.120576    1.025158    1.014    2
      age[0]                  0.980842    0.001780    0.902817    1.064744    0.977296    1.001    2
      age[0]                   1.019499    0.001127    0.956414    1.086053    1.016457    1.001    2
      age[0]                  0.948481    0.001299    0.883780    1.022866    0.945148    1.000    2
      age[0]                   0.945608    0.003689    0.823719    1.063842    0.942848    1.001    2
      age[0]                   1.029660    0.003149    0.930930    1.153084    1.023434    1.019    2
      age[0]                   1.061518    0.003627    0.951650    1.184209    1.054373    1.009    2
      age[0]                   0.873244    0.008250    0.701332    1.032769    0.871834    1.092    2
      age[0]                  1.011274    0.004009    0.895826    1.143848    1.006492    1.002    2
      age[0]                   0.974180    0.001038    0.913528    1.037478    0.971630    1.002    2
      age[0]                  0.805550    0.003656    0.682470    0.922045    0.808385    1.018    2
      age[0]                  0.961661    0.002244    0.905135    1.055027    0.949320    1.012    2
      age[0]                  1.010897    0.002524    0.910040    1.111261    1.007122    1.020    2
      age[0]                  1.026570    0.007644    0.853574    1.192849    1.027708    1.001    2
      age[0]                   0.983809    0.001801    0.934836    1.075904    0.971773    1.016    2
      age[0]                  1.024952    0.003521    0.912912    1.136875    1.019507    1.003    2
      age[0]                   0.963728    0.001263    0.905828    1.032566    0.958200    1.013    2
      age[0]                  0.881735    0.002137    0.828479    0.972704    0.869778    1.001    2
      age[0]                   0.960749    0.001012    0.899782    1.024310    0.958332    1.013    2
      age[0]                   0.978724    0.000598    0.941559    1.026379    0.973999    1.028    2
      age[0]                  0.993751    0.000652    0.944474    1.044001    0.992344    1.007    2
      age[0]                  1.005177    0.000856    0.962750    1.059030    1.000001    1.005    2
      age[0]                   0.984336    0.003398    0.881840    1.105704    0.977269    1.004    2
      age[0]                  0.899234    0.002451    0.804993    0.994210    0.894127    1.000    2
