      clockrate                0.552936    0.004028    0.435533    0.682494    0.549618   1228.42   1287.25    1.000
      clockrate                0.654256    0.009072    0.476739    0.846584    0.647560    134.05    497.26    1.037
      clockrate                0.636865    0.004787    0.506336    0.774596    0.633263    643.40    889.89    1.002
      clockrate                0.547258    0.016337    0.344965    0.804908    0.521425     29.78     51.33    1.019
      clockrate                0.540089    0.003959    0.420504    0.664818    0.536874    766.60    804.42    1.002
      clockrate                0.568227    0.021137    0.336477    0.869292    0.540551     43.69     55.71    1.009
      clockrate                0.583954    0.004876    0.452514    0.723894    0.580678   1380.89   1619.84    1.001
      clockrate                1.357586    0.148719    0.667944    2.104375    1.317737     78.86     82.92    1.000
      clockrate                0.649894    0.025396    0.403106    0.972829    0.617374     40.63     42.17    1.000
      clockrate                0.700862    0.032639    0.431624    1.068889    0.656326     25.89     63.68    1.386
      clockrate                0.559374    0.004418    0.434461    0.693523    0.556409    662.90    664.11    1.001
      clockrate                0.669580    0.033914    0.365152    1.041905    0.641568    552.36    640.90    1.000
      clockrate                0.774322    0.044512    0.433790    1.205503    0.738413    262.90    313.80    1.000
      clockrate                0.897351    0.083202    0.418010    1.469916    0.848934    434.39    495.88    1.002
      clockrate                0.537642    0.005022    0.408884    0.682148    0.532245    253.20    426.99    1.001
      clockrate                0.545883    0.004467    0.417482    0.677237    0.541791    647.13    753.92    1.001
      clockrate                0.471803    0.004353    0.359168    0.597604    0.465785     62.63    675.25    1.005
      clockrate                0.738887    0.079850    0.332666    1.315740    0.668709    105.56    140.60    1.029
      clockrate                0.946537    0.151153    0.315832    1.710854    0.882600    191.30    535.25    1.007
      clockrate                0.674064    0.073486    0.307194    1.218996    0.594639     50.15     67.30    1.029
      clockrate                0.771404    0.038830    0.486294    1.170836    0.718392    246.97    870.44    1.676
      clockrate                0.768012    0.024158    0.494329    1.079945    0.746819     64.75     74.85    1.030
      clockrate                1.114419    0.114666    0.533685    1.788687    1.062385     89.71    135.20    1.000
      clockrate                0.698915    0.020699    0.457710    0.984067    0.677730     53.94     63.22    1.006
      clockrate                0.598457    0.004599    0.470953    0.734810    0.595532   2734.71   3119.25    1.000
      clockrate                0.534132    0.017767    0.331044    0.824612    0.504750     37.23     44.57    1.010
      clockrate                0.776023    0.031030    0.503380    1.135824    0.739410     44.72     54.82    1.085
      clockrate                0.765602    0.009003    0.586033    0.954958    0.760840   1371.23   1480.69    1.002
      clockrate                0.661170    0.026744    0.420555    0.979387    0.625953     47.79     54.74    1.001
      clockrate                0.668739    0.045136    0.380290    1.123202    0.608983     61.49    119.45    1.504
      clockrate                0.671260    0.027858    0.424717    1.019433    0.637114     21.49    276.30    1.066
      clockrate                0.647079    0.008137    0.480609    0.822393    0.639174     81.38    602.55    1.013
      clockrate                0.477063    0.004418    0.352193    0.610155    0.473620    164.69    239.08    1.037
      clockrate                0.535779    0.020789    0.309035    0.821894    0.507388    113.74    200.06    1.004
      clockrate                0.520680    0.003649    0.405234    0.639903    0.517574    673.06    800.09    1.001
      clockrate                0.580803    0.013869    0.372650    0.816094    0.566468    169.33    266.83    1.094
      clockrate                0.760053    0.020793    0.509355    1.052273    0.739630    203.46    226.62    1.033
      clockrate                0.578514    0.011749    0.386522    0.794336    0.566520     93.58    112.32    1.004
      clockrate                0.674612    0.049997    0.333375    1.118630    0.626008    116.74    172.93    1.001
      clockrate                0.601269    0.012511    0.401226    0.823693    0.586827    105.68    119.44    1.000
      clockrate                0.654758    0.006345    0.502621    0.812509    0.650613    440.99    529.43    1.000
      clockrate                0.568835    0.011552    0.375827    0.788302    0.559461    373.01    526.29    1.001
      clockrate                0.600305    0.004984    0.468506    0.743648    0.597263   1092.33   1394.53    1.001
      clockrate                0.875471    0.010584    0.675459    1.075761    0.871180    973.02   1063.10    1.003
      clockrate                0.513126    0.004219    0.391920    0.642934    0.508903    981.96   1060.13    1.000
      clockrate                0.455911    0.013195    0.269696    0.684887    0.435733     54.26     55.63    1.000
      clockrate                0.910790    0.046943    0.537768    1.339332    0.881369    286.89    337.82    1.000
      clockrate                0.975810    0.083839    0.531516    1.557762    0.915234     97.26    143.85    1.010
      clockrate                0.559605    0.021227    0.335978    0.863159    0.529253     24.73     41.91    1.000
      clockrate                0.605808    0.006426    0.454369    0.764579    0.600468    883.23    904.37    1.002
      clockrate                0.714448    0.034471    0.430159    1.112108    0.677601     30.90     35.17    1.005
      clockrate                0.588081    0.020397    0.368816    0.822560    0.568637     93.49    473.68    1.027
      clockrate                0.586089    0.028833    0.317861    0.919366    0.554105    187.23    227.87    1.000
      clockrate                0.661304    0.007418    0.496795    0.830193    0.656310    594.22   1121.13    1.001
      clockrate                0.621851    0.010073    0.443474    0.808836    0.610742     52.89   1208.87    1.020
      clockrate                0.614051    0.007278    0.456022    0.783352    0.607185    110.94    172.15    1.001
      clockrate                0.441814    0.002983    0.339456    0.552584    0.439700    311.84    473.39    1.002
      clockrate                0.909590    0.076280    0.488948    1.469897    0.854549    134.87    148.98    1.002
      clockrate                0.670084    0.018585    0.438627    0.944468    0.650167     87.20     89.76    1.004
      clockrate                0.601175    0.007965    0.435678    0.782057    0.595110    962.39    965.81    1.001
      clockrate                0.472698    0.019029    0.249663    0.751742    0.450984    224.31    332.37    1.008
      clockrate                0.516461    0.006326    0.372585    0.666736    0.507429     38.48    634.86    1.035
      clockrate                0.739052    0.067809    0.410160    1.284496    0.648959     20.76     22.46    1.007
      clockrate                0.602362    0.005508    0.463341    0.753559    0.599410    540.32    671.26    1.001
      clockrate                0.638473    0.005193    0.502893    0.783336    0.634384    597.81    756.37    1.000
      clockrate                0.465373    0.003902    0.346749    0.590095    0.461771   1138.00   1293.48    1.001
      clockrate                0.791247    0.099849    0.396344    1.418166    0.708273     63.13     63.78    1.000
      clockrate                0.624573    0.032074    0.350315    0.977351    0.590496    216.66    230.05    1.000
      clockrate                0.790924    0.039154    0.478042    1.176989    0.754529     72.71     76.66    1.003
      clockrate                0.899078    0.044431    0.517345    1.309398    0.872470    180.90    250.76    1.001
      clockrate                0.520005    0.006096    0.382363    0.669775    0.511260     50.05    523.12    1.041
      clockrate                0.663836    0.015595    0.447864    0.904643    0.647532     77.88    128.79    1.001
      clockrate                0.589326    0.005054    0.455279    0.731273    0.586330   1843.56   1937.32    1.000
      clockrate                0.679157    0.009991    0.493639    0.879169    0.671781   1165.00   1330.34    1.004
      clockrate                0.597525    0.012524    0.404001    0.818897    0.580971     50.36     63.51    1.014
      clockrate                1.092638    0.143541    0.400979    1.811614    1.051790    114.61    325.23    1.002
      clockrate                0.522525    0.004732    0.391018    0.658438    0.519152    218.52    293.83    1.000
      clockrate                0.748198    0.077897    0.353590    1.295001    0.681236     95.34     96.84    1.001
      clockrate                0.524029    0.005941    0.384330    0.672862    0.516811     53.03    266.12    1.041
      clockrate                0.611028    0.031911    0.332167    0.967101    0.575126     90.37    134.16    1.008
      clockrate                0.652308    0.014232    0.461379    0.862956    0.637869     33.49    197.26    1.038
      clockrate                0.581865    0.003867    0.464906    0.706968    0.579031   1059.90   1231.57    1.000
      clockrate                0.555590    0.005333    0.416861    0.698984    0.550611    226.19    285.00    1.000
      clockrate                0.714765    0.010226    0.519010    0.912379    0.709767   1012.11   1460.35    1.000
      clockrate                0.687438    0.069632    0.340883    1.229382    0.611269     82.92     92.78    1.045
      clockrate                0.646487    0.006689    0.492181    0.811791    0.641994    483.50    724.45    1.001
      clockrate                0.992740    0.085452    0.522347    1.566048    0.952125     23.55    113.54    1.077
      clockrate                0.620633    0.015907    0.403664    0.866204    0.603544     76.22    100.92    1.000
      clockrate                0.586006    0.013796    0.378727    0.822305    0.570546    129.02    168.67    1.000
      clockrate                0.761754    0.053557    0.394794    1.221392    0.721133    156.25    234.62    1.002
      clockrate                0.623563    0.006614    0.467916    0.783705    0.619791    511.79    660.76    1.004
      clockrate                0.575359    0.009779    0.410195    0.762965    0.562005     41.09    872.63    1.046
      clockrate                0.541659    0.004665    0.414203    0.679246    0.537382    434.05    452.28    1.005
      clockrate                0.879493    0.147989    0.411429    1.650601    0.763910     36.14     41.07    1.009
      clockrate                0.519356    0.004895    0.384750    0.656564    0.514802    256.79    405.18    1.000
      clockrate                0.521802    0.003337    0.414789    0.641341    0.519483    550.46    604.49    1.000
      clockrate                0.558098    0.007082    0.400282    0.726677    0.552506    369.56    469.26    1.000
      clockrate                0.971564    0.091534    0.499114    1.569386    0.908130     50.78     91.55    1.008
      clockrate                0.450433    0.003720    0.336598    0.573056    0.446868    376.95    421.82    1.001
      clockrate                0.526199    0.005463    0.384488    0.671198    0.520979    292.82    385.44    1.001
