      ilnvar                   0.000043    0.000000    0.000001    0.000195    0.000009     43.40     43.43    1.000
      ilnvar                   0.018870    0.003444    0.000001    0.118630    0.000357     35.08     40.33    1.152
      ilnvar                   0.000086    0.000000    0.000001    0.000186    0.000003     33.74     35.21    1.015
      ilnvar                   0.230963    0.113112    0.000006    0.877594    0.076786     22.48     39.70    1.014
      ilnvar                   0.000261    0.000002    0.000001    0.000722    0.000010     35.33     38.83    1.012
      ilnvar                   0.133586    0.077954    0.000001    0.663304    0.010072     39.34     49.40    1.010
      ilnvar                   0.000018    0.000000    0.000001    0.000067    0.000004     51.45     59.16    1.038
      ilnvar                   0.604937    0.370587    0.000057    1.793858    0.444927     95.30    105.10    1.000
      ilnvar                   0.126585    0.098869    0.000001    0.768928    0.000626     29.96     30.49    1.001
      ilnvar                   0.274634    0.151788    0.000001    1.041946    0.094741     17.28     51.37    1.372
      ilnvar                   0.000076    0.000000    0.000001    0.000416    0.000011     38.37     42.97    1.000
      ilnvar                   0.433895    0.252390    0.000207    1.406453    0.278017    236.53    281.02    1.000
      ilnvar                   0.641791    0.333262    0.002822    1.736544    0.491910    197.66    238.73    1.000
      ilnvar                   0.581435    0.283834    0.000558    1.595678    0.441036    367.46    378.77    1.003
      ilnvar                   0.000060    0.000000    0.000001    0.000337    0.000006     35.04     35.98    1.000
      ilnvar                   0.000100    0.000000    0.000001    0.000360    0.000010     36.90     43.72    1.000
      ilnvar                   0.014304    0.012608    0.000001    0.005248    0.000012     30.08     32.09    1.024
      ilnvar                   0.379761    0.283795    0.000074    1.436349    0.173753     97.41    128.81    1.021
      ilnvar                   0.259721    0.153962    0.000008    0.994033    0.122869    425.72    753.84    1.002
      ilnvar                   0.348230    0.278813    0.000001    1.388816    0.115510     70.33     96.80    1.026
      ilnvar                   0.335857    0.235987    0.000001    1.298862    0.018020     29.12     92.85    1.540
      ilnvar                   0.109605    0.037407    0.000001    0.496798    0.014672     44.39     45.41    1.040
      ilnvar                   1.013702    0.727446    0.000359    2.624257    0.815816     95.40    120.62    1.001
      ilnvar                   0.054131    0.036183    0.000001    0.294171    0.001088     47.80     48.85    1.014
      ilnvar                   0.000039    0.000000    0.000001    0.000149    0.000005     57.00     75.38    1.002
      ilnvar                   0.102448    0.064228    0.000001    0.602294    0.001320     31.56     38.87    1.009
      ilnvar                   0.099287    0.060700    0.000001    0.579298    0.002028     30.74     34.58    1.076
      ilnvar                   0.000124    0.000000    0.000001    0.000685    0.000006     46.59     47.83    1.030
      ilnvar                   0.102701    0.059050    0.000001    0.563742    0.004500     35.97     47.04    1.001
      ilnvar                   0.299826    0.318281    0.000001    1.484247    0.015621     33.20     43.51    1.451
      ilnvar                   0.094104    0.112523    0.000001    0.849097    0.000021     18.48     26.98    1.121
      ilnvar                   0.013140    0.003519    0.000001    0.055900    0.000360     25.96     37.48    1.034
      ilnvar                   0.000225    0.000003    0.000001    0.000521    0.000005     59.32     65.11    1.012
      ilnvar                   0.225260    0.148445    0.000002    0.932403    0.076295     86.45    164.78    1.003
      ilnvar                   0.000298    0.000002    0.000001    0.001301    0.000005     26.48     35.67    1.051
      ilnvar                   0.042341    0.015182    0.000001    0.227255    0.001709     48.73     74.56    1.156
      ilnvar                   0.046328    0.011945    0.000001    0.225133    0.006093     43.82     84.69    1.067
      ilnvar                   0.031945    0.012127    0.000001    0.188177    0.000488     33.36     55.11    1.010
      ilnvar                   0.547321    0.395768    0.000129    1.774075    0.353083    112.26    146.77    1.002
      ilnvar                   0.044121    0.009917    0.000001    0.218806    0.004440     47.03     55.66    1.000
      ilnvar                   0.001325    0.000101    0.000001    0.002754    0.000006     27.62     45.11    1.013
      ilnvar                   0.004700    0.000293    0.000001    0.025279    0.000138     45.84     58.31    1.052
      ilnvar                   0.000030    0.000000    0.000001    0.000139    0.000004     26.25     42.02    1.012
      ilnvar                   0.000416    0.000003    0.000001    0.001742    0.000016     22.86     46.44    1.032
      ilnvar                   0.000749    0.000006    0.000001    0.003154    0.000084     39.79     45.27    1.018
      ilnvar                   0.323346    0.150401    0.000003    1.088555    0.210472     42.54     42.84    1.000
      ilnvar                   0.957451    0.385707    0.026990    2.137257    0.824139    237.14    264.69    1.001
      ilnvar                   0.392681    0.251384    0.000118    1.340399    0.230088     88.00    123.01    1.016
      ilnvar                   0.090931    0.063015    0.000001    0.536470    0.001235     20.44     30.36    1.001
      ilnvar                   0.000068    0.000000    0.000001    0.000235    0.000012     58.86     60.36    1.006
      ilnvar                   0.034841    0.015917    0.000001    0.232096    0.000082     38.04     40.76    1.005
      ilnvar                   0.020084    0.012355    0.000001    0.072116    0.000300     96.97    142.59    1.035
      ilnvar                   0.137345    0.072138    0.000008    0.617101    0.035225    111.58    153.45    1.000
      ilnvar                   0.001453    0.000095    0.000001    0.003695    0.000041     58.89     60.54    1.006
      ilnvar                   0.021116    0.009760    0.000001    0.095993    0.000131     31.40     34.40    1.033
      ilnvar                   0.017744    0.003961    0.000001    0.103022    0.000126     26.02     39.76    1.017
      ilnvar                   0.001621    0.000091    0.000001    0.005441    0.000009     29.67     38.89    1.018
      ilnvar                   0.538048    0.296126    0.000095    1.588283    0.385999    126.67    134.15    1.001
      ilnvar                   0.055520    0.019220    0.000001    0.277336    0.003747     55.98     62.16    1.009
      ilnvar                   0.000650    0.000005    0.000001    0.003242    0.000043     31.30     40.05    1.021
      ilnvar                   0.196386    0.101071    0.000027    0.786655    0.078508    129.11    171.55    1.013
      ilnvar                   0.025134    0.013652    0.000001    0.146913    0.000042     25.74     28.02    1.069
      ilnvar                   0.251435    0.221744    0.000001    1.178723    0.000894     24.03     27.70    1.003
      ilnvar                   0.000061    0.000000    0.000001    0.000318    0.000004     31.63     52.78    1.073
      ilnvar                   0.000035    0.000000    0.000001    0.000132    0.000005     37.44     39.11    1.005
      ilnvar                   0.000124    0.000000    0.000001    0.000464    0.000008     43.66     64.51    1.020
      ilnvar                   0.189979    0.179172    0.000001    0.997457    0.010327     62.76     67.52    1.000
      ilnvar                   0.156807    0.075014    0.000056    0.642972    0.057244    131.26    150.62    1.001
      ilnvar                   0.225262    0.107805    0.000046    0.846869    0.108884     71.11     74.11    1.004
      ilnvar                   0.491524    0.176151    0.000213    1.287732    0.386851    149.42    195.53    1.000
      ilnvar                   0.026524    0.013004    0.000001    0.157147    0.000017     34.65     48.54    1.082
      ilnvar                   0.063590    0.024248    0.000001    0.347176    0.005156     48.64     53.64    1.012
      ilnvar                   0.000125    0.000000    0.000001    0.000558    0.000010     30.68     38.93    1.009
      ilnvar                   0.000441    0.000004    0.000001    0.001996    0.000013     62.84     79.71    1.057
      ilnvar                   0.065840    0.030001    0.000001    0.391262    0.001473     32.24     32.31    1.022
      ilnvar                   0.276360    0.179643    0.000001    1.077365    0.123619    227.81    541.67    1.000
      ilnvar                   0.000064    0.000000    0.000001    0.000316    0.000007     32.70     47.02    1.008
      ilnvar                   0.353003    0.243945    0.000064    1.289576    0.179018    125.56    130.01    1.000
      ilnvar                   0.015676    0.005634    0.000001    0.073017    0.000012     26.98     31.84    1.065
      ilnvar                   0.134188    0.059466    0.000007    0.587776    0.030985     67.08    112.20    1.008
      ilnvar                   0.020444    0.008850    0.000001    0.132143    0.000018     24.85     27.73    1.071
      ilnvar                   0.000030    0.000000    0.000001    0.000129    0.000004     37.56     42.90    1.007
      ilnvar                   0.003147    0.000160    0.000001    0.018061    0.000151     30.30     33.94    1.001
      ilnvar                   0.000999    0.000014    0.000001    0.004842    0.000050     26.88     39.55    1.028
      ilnvar                   0.492675    0.448141    0.000032    1.835490    0.233795     79.27     91.56    1.038
      ilnvar                   0.000087    0.000000    0.000001    0.000308    0.000006     33.09     44.71    1.004
      ilnvar                   0.445064    0.276317    0.000001    1.468853    0.299691     27.70    105.37    1.058
      ilnvar                   0.028296    0.007330    0.000001    0.159597    0.001635     39.44     68.93    1.000
      ilnvar                   0.066353    0.017837    0.000004    0.329058    0.011510     64.77     76.94    1.003
      ilnvar                   0.695908    0.417636    0.000276    1.946577    0.529551    123.46    195.83    1.001
      ilnvar                   0.000153    0.000000    0.000001    0.000793    0.000012     37.82     40.22    1.023
      ilnvar                   0.030599    0.014175    0.000001    0.205245    0.000077     29.86     31.91    1.093
      ilnvar                   0.000152    0.000000    0.000001    0.000871    0.000009     40.69     42.04    1.092
      ilnvar                   0.285684    0.312710    0.000001    1.404641    0.008075     43.31     51.98    1.010
      ilnvar                   0.000256    0.000001    0.000001    0.001564    0.000009     20.67     21.68    1.002
      ilnvar                   0.000346    0.000001    0.000001    0.001712    0.000035     31.92     33.67    1.004
      ilnvar                   0.002716    0.000108    0.000001    0.013043    0.000153     38.13     57.15    1.005
      ilnvar                   0.372562    0.242031    0.000009    1.348505    0.178812     46.99     76.64    1.008
      ilnvar                   0.001783    0.000199    0.000001    0.003388    0.000023     48.95     49.28    1.009
      ilnvar                   0.005551    0.000571    0.000001    0.025295    0.000131     37.62     43.93    1.002
