0.2682927
0.1304348
0.0952381
0.15
0.1294118
0.02564103
0.06666667
0.0952381
0.122807
0.09302326
0.1081081
0.03225806
0.1707317
0.03225806
0.1666667
0.05617978
0.1325301
0.1176471
0.2857143
0.09677419
0.2142857
0.1363636
0.06666667
0.05882353
0.05
0.1914894
0.1515152
0.1076923
0.05882353
0.1351351
0.1358025
0.1641791
0.08571429
0.1724138
0.06666667
0.05263158
0.1153846
0.1
0.2222222
0.1304348
0.2272727
0.1071429
0.1460674
0.1235955
0.02777778
0.1698113
0.07692308
0.1555556
0.07936508
0.09090909
0.1111111
0.09090909
0.2
0.137931
0.04761905
0.02857143
0.1428571
0.1428571
0.05
0.1014493
0.08571429
0.1081081
0.04166667
0.1136364
0.1111111
0.1081081
0.0625
0.2307692
0.08333333
0.1020408
0.1025641
0.16
0.1081081
0.1707317
0.1020408
0.09090909
0.1428571
0.06666667
0.07894737
0.02702703
0.05405405
0.04545455
0.2
0.1612903
0
0.09589041
0.2962963
0.1666667
0.08
0.06382979
0.0952381
0.01449275
0.08045977
0.0625
0.1466667
0.1235955
0.1186441
0.09433962
0.25
0.1
