      TL          7.235645    0.055816    6.784347    7.704915    7.232912   8467.38   8562.33    1.000
      TL          7.366216    0.064772    6.865624    7.861982    7.359504   6335.94   6922.60    1.000
      TL          7.359605    0.053794    6.917901    7.824117    7.356907  10484.48  11457.00    1.000
      TL          7.499264    0.060793    7.019292    7.977277    7.495577   8872.75   9251.06    1.000
      TL          7.664373    0.057962    7.197449    8.134435    7.663269  10264.81  10421.31    1.000
      TL          4.760047    0.042706    4.358307    5.165896    4.756241  11348.81  11633.79    1.000
      TL          6.808440    0.050276    6.373362    7.254358    6.805524  10774.42  11004.59    1.000
      TL          4.163510    0.035621    3.804341    4.543138    4.159851  10353.44  10727.74    1.000
      TL          5.777252    0.045018    5.371566    6.196589    5.773695  11793.16  12087.86    1.000
      TL          8.645446    0.069889    8.133116    9.170751    8.641484   7563.51   8224.21    1.000
      TL          6.649894    0.050424    6.209073    7.089322    6.647813  10376.38  11167.55    1.000
      TL          3.401333    0.048509    2.967472    3.831826    3.392483   6953.84   7078.44    1.000
      TL          5.103855    0.050730    4.658143    5.535037    5.100674   8158.60   8363.30    1.000
      TL          3.170186    0.033618    2.819007    3.536399    3.166247   9259.94  10415.01    1.000
      TL          8.546844    0.066190    8.053495    9.055710    8.541276   9946.06  10842.07    1.000
      TL          8.476436    0.065440    7.979199    8.973183    8.472229  10100.33  10442.17    1.000
      TL          7.342901    0.058356    6.862526    7.811783    7.338537   9880.85  10020.09    1.000
      TL          4.198463    0.039684    3.814261    4.593972    4.195295  10774.80  11474.28    1.000
      TL          2.525986    0.041031    2.149035    2.939030    2.517453  11825.67  11916.77    1.000
      TL          3.323340    0.032103    2.969327    3.674035    3.319958  11064.66  11740.20    1.000
      TL          7.728303    0.057641    7.254597    8.197008    7.727238  10493.07  10947.33    1.000
      TL          4.751725    0.042812    4.341036    5.148629    4.746746  11008.23  11049.04    1.000
      TL          6.622920    0.061178    6.144156    7.112023    6.619595   8818.00   9074.88    1.000
      TL          4.404014    0.037234    4.042453    4.795946    4.399839  10580.88  10921.15    1.000
      TL          6.741237    0.051424    6.296155    7.175332    6.736842  10043.83  10270.86    1.000
      TL          6.383144    0.062145    5.899829    6.870512    6.375944   7149.22   7533.90    1.000
      TL          7.525196    0.060598    7.059793    8.025462    7.521407  11900.77  12039.84    1.000
      TL          6.702490    0.055638    6.246931    7.172360    6.699112   8490.57   9269.70    1.000
      TL          5.728494    0.048722    5.293568    6.158146    5.723033  11588.24  12069.56    1.000
      TL          6.205959    0.048002    5.781050    6.636262    6.202577   9430.41   9914.70    1.000
      TL          7.042529    0.059517    6.586974    7.548381    7.037639   5605.61   5730.05    1.000
      TL          7.120659    0.057317    6.657885    7.596800    7.116512   9902.77   9959.84    1.000
      TL          5.836608    0.044054    5.423284    6.246676    5.834111  10822.25  11043.97    1.000
      TL          3.555608    0.035507    3.190843    3.929315    3.553158  10393.49  10563.24    1.000
      TL          7.029964    0.050209    6.604349    7.482665    7.026378   9203.76  10191.39    1.000
      TL          3.282725    0.028767    2.955900    3.620788    3.279457  11199.04  11836.43    1.000
      TL          4.278347    0.034734    3.916068    4.644436    4.275915   8600.80   9139.80    1.000
      TL          3.101307    0.027294    2.781815    3.426842    3.097591   9307.51  10244.70    1.000
      TL          4.120238    0.037299    3.735758    4.489851    4.116167  11912.03  12087.53    1.000
      TL          4.560131    0.037340    4.187760    4.942444    4.556272  11187.67  11437.88    1.000
      TL          8.092754    0.064142    7.611226    8.597422    8.087757   8799.91   9209.21    1.000
      TL          5.281450    0.044790    4.880600    5.707812    5.277564  10756.96  11299.54    1.001
      TL          7.864443    0.065304    7.365672    8.368082    7.861561   6381.93   6732.35    1.000
      TL          8.758382    0.067095    8.249493    9.264974    8.753419  10658.76  10971.41    1.000
      TL          7.503077    0.059874    7.020813    7.979383    7.498973   9662.20   9964.00    1.000
      TL          4.882073    0.039747    4.487354    5.264776    4.879154  10849.13  11011.57    1.000
      TL          5.828736    0.041805    5.442372    6.239120    5.827763  10019.55  11079.39    1.000
      TL          4.178280    0.038457    3.796147    4.563546    4.174068   9545.21  10269.24    1.000
      TL          6.319131    0.052262    5.889369    6.783115    6.314348   8323.12   8876.45    1.000
      TL          6.672776    0.049489    6.251908    7.123680    6.669997  10515.51  10917.32    1.000
      TL          4.253874    0.043540    3.862110    4.681018    4.246462   7815.32   8101.60    1.000
      TL          4.188937    0.040334    3.788456    4.573427    4.185302   9684.13  10196.23    1.000
      TL          3.823623    0.038506    3.444191    4.213981    3.819876  10218.46  10386.50    1.000
      TL          5.461330    0.043212    5.051133    5.864806    5.457496  10847.16  11009.45    1.000
      TL          6.227312    0.050350    5.786685    6.657145    6.223357  10914.50  11437.98    1.000
      TL          5.666035    0.044368    5.257750    6.084999    5.661891  10131.05  10389.14    1.000
      TL          8.895783    0.072505    8.370215    9.422102    8.891504   8013.58   9260.74    1.000
      TL          4.339940    0.038647    3.952222    4.717934    4.337514  11659.45  11757.58    1.000
      TL          4.636555    0.042914    4.234503    5.043363    4.631275  10578.84  10967.95    1.000
      TL          6.432197    0.052707    5.978370    6.882031    6.428148   9502.82   9863.51    1.000
      TL          2.645200    0.027426    2.322644    2.968468    2.640088  10930.56  11251.27    1.000
      TL          6.593444    0.049316    6.158951    7.026737    6.589405  10327.61  10580.54    1.000
      TL          4.467567    0.037248    4.092614    4.847949    4.463964  11757.21  11792.16    1.000
      TL          8.836140    0.072503    8.304010    9.359509    8.833562   9435.24   9435.33    1.000
      TL          7.661902    0.057150    7.195029    8.136431    7.657811  10259.19  10764.73    1.000
      TL          8.456030    0.072484    7.925442    8.977863    8.452570   9255.58   9880.68    1.000
      TL          3.691170    0.035597    3.315277    4.053158    3.686142  11736.74  12354.65    1.000
      TL          4.797217    0.046146    4.390517    5.228692    4.793113   9621.37  10080.74    1.000
      TL          5.912911    0.051428    5.456590    6.348696    5.909898  11460.59  11533.79    1.000
      TL          5.630719    0.046743    5.219825    6.066105    5.627226  10865.88  11969.50    1.000
      TL          6.556466    0.049286    6.127434    6.995674    6.554337  10178.14  10194.98    1.000
      TL          6.042754    0.050649    5.605048    6.479111    6.038702   9678.23   9724.24    1.000
      TL          8.266025    0.066222    7.774068    8.779448    8.263104  10845.95  11044.62    1.000
      TL          4.417334    0.037048    4.044449    4.800452    4.414648  11185.72  11568.51    1.000
      TL          4.460644    0.036018    4.090493    4.834418    4.457537  11155.45  11534.36    1.000
      TL          2.309311    0.042207    1.909858    2.707941    2.298668  10567.44  11129.70    1.000
      TL          7.507936    0.059150    7.041226    7.995854    7.505670  11113.54  11302.26    1.000
      TL          3.380256    0.032671    3.035551    3.740822    3.377456  12891.92  13213.80    1.000
      TL          7.070600    0.053696    6.633006    7.538638    7.065411   9506.14   9737.69    1.000
      TL          4.502040    0.040959    4.104013    4.898265    4.496631  12282.65  12508.17    1.000
      TL          7.615083    0.067083    7.110027    8.127314    7.609170   7382.51   7509.73    1.000
      TL          8.488717    0.068988    7.969600    8.991690    8.486388   7166.21   7776.17    1.000
      TL          6.603786    0.050734    6.174301    7.050750    6.599705   8926.84   9863.04    1.000
      TL          6.405718    0.052260    5.976504    6.874517    6.402680   9959.46  10331.38    1.000
      TL          4.621037    0.043706    4.218573    5.039064    4.617463  11764.20  12053.66    1.000
      TL          6.803853    0.052279    6.364604    7.259594    6.801144  11312.60  11316.76    1.000
      TL          5.464470    0.048367    5.040585    5.898316    5.460117   7054.53   7770.23    1.000
      TL          4.621767    0.043809    4.219210    5.036382    4.618128  10006.02  10366.67    1.000
      TL          4.378935    0.036046    4.008723    4.747804    4.375873   9527.40  10736.89    1.000
      TL          5.080564    0.041273    4.693397    5.484177    5.078057  12389.01  12656.36    1.000
      TL          7.915006    0.065165    7.411154    8.412284    7.910745   8298.99   9202.93    1.000
      TL          7.234753    0.056249    6.757814    7.685665    7.232430  11887.96  12115.01    1.000
      TL          8.968968    0.076694    8.440536    9.523509    8.964431   8537.22   8647.87    1.000
      TL          4.174626    0.046968    3.759831    4.609637    4.167742   8636.76   9290.48    1.000
      TL          8.153128    0.066219    7.638970    8.643154    8.150033  11199.51  11321.57    1.000
      TL          8.508282    0.064310    8.015097    9.007250    8.502043  10687.11  11157.45    1.000
      TL          3.819136    0.029746    3.482588    4.158402    3.816123  10254.48  11088.58    1.000
      TL          4.859791    0.039220    4.478256    5.251115    4.857928  10953.17  11165.87    1.000
      TL          7.896594    0.071963    7.382633    8.441710    7.893645   7421.59   7543.54    1.000
      TL          6.033229    0.051250    5.578485    6.469598    6.030288   9677.05  10020.87    1.000
