      clockrate                0.823073    0.012044    0.612064    1.036929    0.816040   1276.55   1395.11    1.000
      clockrate                0.776069    0.016554    0.544870    1.038117    0.764069    115.97    185.95    1.003
      clockrate                0.855931    0.010701    0.663072    1.062826    0.849642   1336.71   1423.09    1.000
      clockrate                0.759917    0.008080    0.589317    0.937888    0.755480   1249.88   1293.13    1.000
      clockrate                0.849221    0.009814    0.661529    1.045538    0.843005    932.10   1221.30    1.000
      clockrate                0.618771    0.096057    0.110628    1.144334    0.639161     30.35     33.11    1.000
      clockrate                0.804736    0.013785    0.586128    1.040877    0.795361   1836.65   1875.23    1.000
      clockrate                0.926577    0.285992    0.155235    1.897813    0.937558     56.82     59.05    1.001
      clockrate                1.306000    0.073971    0.829684    1.864731    1.275927    917.60   1056.04    1.000
      clockrate                0.785767    0.010482    0.594156    0.990880    0.779730   1881.51   1957.42    1.000
      clockrate                0.755556    0.008910    0.575294    0.942708    0.749712   1088.77   1110.21    1.000
      clockrate                0.977339    0.193876    0.194259    1.707919    0.988279    258.15    329.59    1.010
      clockrate                1.452420    0.312056    0.571999    2.524974    1.352277     71.68    106.96    1.011
      clockrate                1.337158    0.375211    0.396897    2.563550    1.210260    410.66    418.27    1.001
      clockrate                0.846476    0.010906    0.650466    1.057721    0.840132    569.97    954.50    1.000
      clockrate                0.727566    0.008965    0.551895    0.917566    0.719765   1165.30   1184.61    1.000
      clockrate                0.817046    0.010371    0.625641    1.024579    0.811612    750.95    966.50    1.000
      clockrate                1.390389    0.191248    0.665376    2.240592    1.323834     52.59     81.27    1.033
      clockrate                1.454529    0.502253    0.270627    2.737787    1.399327   1071.51   1392.39    1.000
      clockrate                0.667379    0.076817    0.136917    1.088419    0.693525     54.93     57.46    1.000
      clockrate                0.929777    0.011936    0.725517    1.150829    0.923644   1661.87   1825.67    1.000
      clockrate                0.479721    0.089546    0.121276    0.937073    0.550424     17.01     30.03    2.564
      clockrate                0.884774    0.024122    0.610306    1.192819    0.866533    172.51    186.27    1.000
      clockrate                0.851656    0.025339    0.585214    1.142596    0.831886    119.83    835.32    1.006
      clockrate                0.714939    0.007695    0.554993    0.895288    0.709215   2624.88   3002.34    1.000
      clockrate                2.725272    0.534181    1.474089    4.236652    2.621468    568.65    571.72    1.001
      clockrate                1.255936    0.306477    0.603560    2.452372    1.062727     28.33    462.56    1.431
      clockrate                1.057790    0.022804    0.773968    1.359078    1.047907   1980.63   2079.01    1.000
      clockrate                1.116208    0.163616    0.648919    1.943467    1.015085     24.02     32.16    1.028
      clockrate                0.815025    0.014795    0.586498    1.059057    0.807972    984.49   1383.23    1.001
      clockrate                0.879739    0.015009    0.649348    1.124957    0.871187    824.79    963.64    1.002
      clockrate                1.016392    0.041885    0.698330    1.348676    0.985699     27.08   1049.48    1.027
      clockrate                0.677711    0.006418    0.526782    0.836652    0.673232   1054.54   1110.07    1.000
      clockrate                0.698713    0.164222    0.142157    1.347024    0.758399     28.67     29.27    1.002
      clockrate                0.863289    0.008022    0.693654    1.043431    0.858731    782.48   1548.99    1.000
      clockrate                0.954018    0.271177    0.165224    1.801181    0.999760     19.44     27.84    1.050
      clockrate                0.984944    0.060473    0.319878    1.416611    0.993211    426.46    543.63    1.000
      clockrate                0.703586    0.253977    0.126872    1.631706    0.667050     19.45     25.41    1.312
      clockrate                0.625054    0.126474    0.106595    1.241966    0.602180     80.50     82.68    1.017
      clockrate                0.857736    0.015083    0.627966    1.103027    0.849924   2252.60   2421.25    1.000
      clockrate                0.638229    0.006197    0.491775    0.797249    0.633167   2269.42   2319.97    1.000
      clockrate                0.906544    0.022846    0.625421    1.203854    0.893774    345.03    661.47    1.002
      clockrate                0.902152    0.011898    0.690905    1.117303    0.896077    966.76   1060.62    1.000
      clockrate                0.894398    0.016915    0.644929    1.148997    0.887241   1259.88   1264.60    1.000
      clockrate                0.870932    0.019566    0.624402    1.147445    0.854166     37.95    190.54    1.025
      clockrate                1.005655    0.191578    0.463387    1.928391    0.853502     28.21     33.71    1.001
      clockrate                0.996474    0.021028    0.716234    1.280208    0.988069    161.67    519.84    1.005
      clockrate                0.644614    0.154341    0.181358    1.318936    0.434203     57.13     59.61    1.039
      clockrate                0.630443    0.013574    0.427418    0.856478    0.626594     81.70   1027.32    1.000
      clockrate                0.757250    0.008632    0.585107    0.946632    0.751973   1554.34   1594.69    1.000
      clockrate                0.651575    0.223843    0.143011    1.642362    0.494345     34.36     57.74    1.201
      clockrate                0.646850    0.224240    0.133674    1.382785    0.692257     13.36     13.98    1.003
      clockrate                1.127044    0.341287    0.142448    2.161948    1.092346     61.55     96.26    1.003
      clockrate                0.712837    0.012932    0.499303    0.937033    0.702950    126.67   1094.42    1.014
      clockrate                0.709662    0.133158    0.164519    1.208704    0.817267     13.79     16.42    1.147
      clockrate                0.914603    0.021424    0.631762    1.196451    0.904949    257.37    432.94    1.000
      clockrate                0.799041    0.010659    0.606482    1.006163    0.792555   1631.58   1856.81    1.001
      clockrate                0.570588    0.075132    0.119784    0.991819    0.615903     29.12     48.51    1.073
      clockrate                0.929925    0.471423    0.139660    2.106885    0.862884     27.23     28.32    1.000
      clockrate                0.940351    0.127375    0.491471    1.718925    0.819593     25.42     25.95    1.216
      clockrate                0.551011    0.058625    0.098338    0.984213    0.534701    200.06    294.77    1.005
      clockrate                0.796890    0.009231    0.612866    0.985582    0.791406   1555.47   1645.40    1.001
      clockrate                0.534449    0.105656    0.132469    1.036892    0.603861     17.07     23.84    1.797
      clockrate                0.706602    0.008237    0.534233    0.887843    0.702264    897.51   1068.87    1.001
      clockrate                0.946436    0.016380    0.707394    1.201234    0.937279   1469.46   1502.02    1.000
      clockrate                0.952998    0.014790    0.728128    1.201608    0.945425    703.05    944.49    1.000
      clockrate                1.054851    0.505431    0.144798    2.493152    0.845251     50.48     54.74    1.020
      clockrate                0.365520    0.085817    0.118880    0.964408    0.246381     17.57     20.28    1.008
      clockrate                1.267985    0.264369    0.513871    2.281878    1.164409     27.96     33.09    1.001
      clockrate                1.483958    0.136792    0.877585    2.230383    1.421423     68.67     93.69    1.000
      clockrate                0.954647    0.016567    0.715992    1.213338    0.945344   1425.19   1476.25    1.002
      clockrate                1.249990    0.224533    0.647458    2.272927    1.116223     37.14     38.08    1.016
      clockrate                0.966533    0.016022    0.727113    1.218861    0.959093   2172.57   2247.56    1.000
      clockrate                0.854468    0.016307    0.616010    1.109862    0.843694    294.55    354.35    1.002
      clockrate                0.545152    0.093240    0.156737    0.970256    0.664766     14.53     15.18    1.000
      clockrate                1.455860    0.430485    0.413263    2.774002    1.336948   1008.29   1906.14    1.000
      clockrate                0.674247    0.008051    0.506805    0.853920    0.667700   1292.70   1359.90    1.000
      clockrate                0.997510    0.090330    0.529396    1.601972    0.932029     38.17     61.43    1.002
      clockrate                0.994389    0.016625    0.753265    1.249676    0.984103   2019.81   2117.62    1.000
      clockrate                1.549566    0.956236    0.106374    3.289483    1.453519     42.07    120.76    1.045
      clockrate                0.868685    0.018217    0.616319    1.136324    0.859278   2110.61   2239.03    1.001
      clockrate                0.835396    0.008616    0.657433    1.016125    0.829200   1747.21   1785.90    1.000
      clockrate                0.830479    0.013274    0.610768    1.060649    0.824853    998.99   1091.05    1.005
      clockrate                0.851420    0.011956    0.647061    1.072368    0.846700    521.45   1349.09    1.000
      clockrate                1.858058    1.270769    0.277071    3.875095    1.834106     15.72     31.14    1.257
      clockrate                0.826594    0.011144    0.626325    1.037382    0.820946   1874.25   2230.15    1.001
      clockrate                0.650309    0.195076    0.180963    1.463738    0.425157     15.94     20.79    1.108
      clockrate                1.220457    0.396413    0.167836    2.385188    1.144799     91.46    115.26    1.038
      clockrate                0.518695    0.105449    0.140883    1.041470    0.313204     15.05     15.38    1.011
      clockrate                0.998903    0.047045    0.626290    1.422606    0.968858     69.17     70.08    1.004
      clockrate                0.994323    0.018622    0.740836    1.268569    0.984296   1873.19   2026.08    1.000
      clockrate                0.851023    0.016561    0.610210    1.109472    0.842398   1549.18   1684.94    1.000
      clockrate                0.918817    0.014297    0.689042    1.154654    0.912097    475.09    495.09    1.001
      clockrate                1.303641    1.020964    0.169631    3.364761    1.129349     26.41     27.48    1.013
      clockrate                0.956183    0.014969    0.721993    1.201118    0.949373    904.93   1073.96    1.002
      clockrate                0.915692    0.013069    0.701774    1.147399    0.908940   1297.14   1315.73    1.000
      clockrate                0.669669    0.042680    0.159921    0.949319    0.705222     39.44     46.68    1.001
      clockrate                1.040897    0.031445    0.723018    1.396734    1.021674    122.41    220.84    1.002
      clockrate                0.740718    0.010080    0.550300    0.939126    0.733751    147.11    279.24    1.001
      clockrate                1.038536    0.031621    0.699987    1.385248    1.024852    186.61    895.42    1.003
