      ilnvar                   0.000020    0.000000    0.000001    0.000086    0.000004     41.86     46.00    1.009
      ilnvar                   0.004057    0.000297    0.000001    0.019295    0.000035     32.19     39.39    1.006
      ilnvar                   0.000021    0.000000    0.000001    0.000089    0.000004     40.06     41.48    1.020
      ilnvar                   0.000029    0.000000    0.000001    0.000120    0.000007     56.52     67.36    1.008
      ilnvar                   0.000048    0.000000    0.000001    0.000196    0.000006     40.52     45.78    1.043
      ilnvar                   0.026446    0.007950    0.000001    0.172477    0.000156     35.74     47.85    1.004
      ilnvar                   0.000087    0.000000    0.000001    0.000402    0.000006     25.25     57.28    1.020
      ilnvar                   0.041399    0.019902    0.000001    0.276154    0.000387     38.06     40.63    1.004
      ilnvar                   0.000221    0.000001    0.000001    0.001092    0.000010     32.06     36.32    1.005
      ilnvar                   0.000022    0.000000    0.000001    0.000102    0.000004     27.51     33.01    1.018
      ilnvar                   0.000023    0.000000    0.000001    0.000092    0.000004     45.84     48.42    1.000
      ilnvar                   0.615087    0.377717    0.001803    1.796048    0.437268    385.02    415.94    1.003
      ilnvar                   0.718080    0.486443    0.000111    2.070370    0.532932     71.70    114.79    1.003
      ilnvar                   0.763407    0.439043    0.005119    2.045856    0.581731    424.91    500.00    1.001
      ilnvar                   0.000007    0.000000    0.000001    0.000032    0.000002     26.91     67.36    1.005
      ilnvar                   0.000023    0.000000    0.000001    0.000070    0.000003     44.89     50.49    1.016
      ilnvar                   0.000248    0.000002    0.000001    0.000703    0.000007     36.09     42.65    1.013
      ilnvar                   0.089722    0.028336    0.000001    0.409017    0.018482     76.43    119.38    1.014
      ilnvar                   0.398541    0.245933    0.000133    1.340040    0.235863   1261.80   1660.67    1.000
      ilnvar                   0.068313    0.030466    0.000001    0.300341    0.009057     90.41     93.04    1.001
      ilnvar                   0.000026    0.000000    0.000001    0.000133    0.000003     21.38     28.20    1.007
      ilnvar                   0.032119    0.020821    0.000001    0.172697    0.000090     44.86     46.51    1.005
      ilnvar                   0.020112    0.003004    0.000001    0.115027    0.001563     49.83     54.69    1.003
      ilnvar                   0.005711    0.001679    0.000001    0.010436    0.000048     36.93     51.21    1.012
      ilnvar                   0.000030    0.000000    0.000001    0.000109    0.000005     70.21     76.26    1.013
      ilnvar                   1.575841    0.747524    0.282622    3.304789    1.393092    699.69    734.26    1.001
      ilnvar                   0.204218    0.202884    0.000001    1.049297    0.000464     36.93     52.44    1.332
      ilnvar                   0.000068    0.000000    0.000001    0.000273    0.000006     43.91     52.35    1.001
      ilnvar                   0.094593    0.118673    0.000001    0.638367    0.000176     29.87     34.72    1.034
      ilnvar                   0.000630    0.000006    0.000001    0.002834    0.000049     46.12     61.42    1.007
      ilnvar                   0.000171    0.000001    0.000001    0.000381    0.000008     29.53     51.20    1.011
      ilnvar                   0.016777    0.008575    0.000001    0.027018    0.000077     19.57     26.38    1.049
      ilnvar                   0.000027    0.000000    0.000001    0.000109    0.000005     53.69     53.93    1.001
      ilnvar                   0.081656    0.020696    0.000001    0.336432    0.023598     69.44     70.67    1.001
      ilnvar                   0.000318    0.000005    0.000001    0.000078    0.000003     30.48     44.52    1.014
      ilnvar                   0.143406    0.088180    0.000001    0.664234    0.014737     43.55     86.63    1.004
      ilnvar                   0.000867    0.000012    0.000001    0.004274    0.000020     30.76     36.53    1.001
      ilnvar                   0.296464    0.191781    0.000001    1.180837    0.131976     57.18     90.73    1.001
      ilnvar                   0.130271    0.104640    0.000001    0.717714    0.009883     61.25     72.43    1.004
      ilnvar                   0.000197    0.000000    0.000001    0.001017    0.000011     50.82     65.51    1.002
      ilnvar                   0.000030    0.000000    0.000001    0.000111    0.000003     29.90     37.23    1.000
      ilnvar                   0.001326    0.000041    0.000001    0.006003    0.000034     43.92     45.15    1.039
      ilnvar                   0.000071    0.000000    0.000001    0.000294    0.000007     36.40     46.84    1.010
      ilnvar                   0.000026    0.000000    0.000001    0.000122    0.000004     40.88     59.77    1.000
      ilnvar                   0.012218    0.003023    0.000001    0.055364    0.000014     22.18     24.67    1.060
      ilnvar                   0.161785    0.087589    0.000002    0.765744    0.018383     41.07     44.00    1.001
      ilnvar                   0.001702    0.000051    0.000001    0.008138    0.000096     40.52     45.93    1.030
      ilnvar                   0.010306    0.000766    0.000001    0.058239    0.000461     41.58     86.45    1.029
      ilnvar                   0.001046    0.000109    0.000001    0.001665    0.000009     68.69     78.93    1.014
      ilnvar                   0.000013    0.000000    0.000001    0.000056    0.000003     42.40     58.08    1.000
      ilnvar                   0.456775    0.255927    0.000001    1.398198    0.362064     19.97    297.56    1.234
      ilnvar                   0.007107    0.001474    0.000001    0.016351    0.000032     21.54     46.34    1.040
      ilnvar                   0.540336    0.311990    0.000255    1.593237    0.395421    152.32    211.98    1.001
      ilnvar                   0.001820    0.000077    0.000001    0.007331    0.000028     48.39     53.48    1.029
      ilnvar                   0.004110    0.000971    0.000001    0.007436    0.000017     41.62     42.02    1.010
      ilnvar                   0.003397    0.000133    0.000001    0.019285    0.000135     27.67     41.37    1.001
      ilnvar                   0.000010    0.000000    0.000001    0.000034    0.000003     69.63     74.75    1.006
      ilnvar                   0.073502    0.018352    0.000001    0.328055    0.018395     37.20    143.60    1.077
      ilnvar                   0.104123    0.197818    0.000001    0.612655    0.000093     28.31     33.06    1.004
      ilnvar                   0.149351    0.101360    0.000001    0.808344    0.000485     24.31     30.13    1.158
      ilnvar                   0.201229    0.083917    0.000182    0.761481    0.089037    111.42    198.69    1.003
      ilnvar                   0.000016    0.000000    0.000001    0.000075    0.000004     49.31     49.91    1.058
      ilnvar                   0.011794    0.003600    0.000001    0.044644    0.000023     35.56     42.64    1.053
      ilnvar                   0.000319    0.000003    0.000001    0.001359    0.000006     34.24     37.37    1.021
      ilnvar                   0.000061    0.000000    0.000001    0.000343    0.000004     39.10     41.63    1.020
      ilnvar                   0.000281    0.000003    0.000001    0.000566    0.000011     38.49     43.67    1.038
      ilnvar                   0.423644    0.396191    0.000001    1.697566    0.125610     39.04     46.54    1.020
      ilnvar                   0.150044    0.078368    0.000097    0.660319    0.046913     92.26     99.40    1.003
      ilnvar                   0.382476    0.278854    0.000001    1.446921    0.167310     37.89     47.41    1.004
      ilnvar                   0.044356    0.014338    0.000001    0.241322    0.002331     55.50     57.46    1.000
      ilnvar                   0.000014    0.000000    0.000001    0.000067    0.000003     67.53     70.70    1.006
      ilnvar                   0.103482    0.075454    0.000001    0.644605    0.002087     37.26     45.31    1.013
      ilnvar                   0.000033    0.000000    0.000001    0.000167    0.000003     31.64     56.37    1.012
      ilnvar                   0.001605    0.000053    0.000001    0.006544    0.000055     75.02     84.78    1.010
      ilnvar                   0.000164    0.000000    0.000001    0.000779    0.000007     36.93     41.04    1.042
      ilnvar                   0.489057    0.286623    0.000060    1.530089    0.324054   1154.90   1458.53    1.000
      ilnvar                   0.000038    0.000000    0.000001    0.000108    0.000003     38.77     51.28    1.005
      ilnvar                   0.057384    0.019351    0.000001    0.297000    0.002052     51.82     78.30    1.001
      ilnvar                   0.000047    0.000000    0.000001    0.000176    0.000005     29.76     49.49    1.024
      ilnvar                   0.897418    0.716048    0.000007    2.521731    0.729396     46.55    206.83    1.049
      ilnvar                   0.000384    0.000002    0.000001    0.001644    0.000069     44.09     53.90    1.011
      ilnvar                   0.000039    0.000000    0.000001    0.000192    0.000005     35.77     37.54    1.008
      ilnvar                   0.000344    0.000003    0.000001    0.001409    0.000008     35.45     43.88    1.019
      ilnvar                   0.000201    0.000001    0.000001    0.000439    0.000006     25.04     36.85    1.010
      ilnvar                   1.094687    0.560713    0.020647    2.545387    0.919108    186.78    266.98    1.019
      ilnvar                   0.000029    0.000000    0.000001    0.000161    0.000005     40.11     47.08    1.000
      ilnvar                   0.098092    0.032815    0.000001    0.461017    0.014431     31.03     53.04    1.116
      ilnvar                   0.329266    0.250835    0.000131    1.325492    0.126625    102.98    110.98    1.020
      ilnvar                   0.010747    0.000749    0.000001    0.058141    0.000835     54.87     58.24    1.002
      ilnvar                   0.006701    0.000774    0.000001    0.035060    0.000035     25.29     32.30    1.007
      ilnvar                   0.000176    0.000000    0.000001    0.001215    0.000006     21.46     29.95    1.001
      ilnvar                   0.000085    0.000000    0.000001    0.000423    0.000006     44.30     59.72    1.001
      ilnvar                   0.000012    0.000000    0.000001    0.000038    0.000003     45.72     60.83    1.011
      ilnvar                   0.304703    0.427986    0.000001    1.770490    0.001191     28.00     31.74    1.005
      ilnvar                   0.000107    0.000000    0.000001    0.000539    0.000009     28.98     31.34    1.033
      ilnvar                   0.000007    0.000000    0.000001    0.000029    0.000002     60.76     82.39    1.036
      ilnvar                   0.000527    0.000002    0.000001    0.003054    0.000029     30.30     36.69    1.004
      ilnvar                   0.006001    0.000756    0.000001    0.028829    0.000090     27.08     27.90    1.008
      ilnvar                   0.000848    0.000020    0.000001    0.003797    0.000009     31.03     67.02    1.025
      ilnvar                   0.001502    0.000062    0.000001    0.003634    0.000008     22.54     48.53    1.050
