      clockrate                0.923880    0.005165    0.789232    1.071063    0.920106    143.08    179.84    1.023
      clockrate                1.160386    0.018413    0.906570    1.429339    1.146334     28.92     57.81    1.007
      clockrate                0.872103    0.002808    0.767137    0.975273    0.870447     39.78    116.87    1.003
      clockrate                1.078758    0.004623    0.945594    1.208688    1.074881     32.99    174.67    1.012
      clockrate                0.893398    0.005350    0.758006    1.040950    0.887950     70.84     92.81    1.017
      clockrate                0.978110    0.019273    0.726707    1.252822    0.959129    114.10    143.62    1.000
      clockrate                0.939319    0.003898    0.818053    1.059912    0.937526     82.20    202.37    1.003
      clockrate                1.762340    0.141113    1.129665    2.504228    1.709854     86.00     87.63    1.012
      clockrate                1.219686    0.018681    0.960915    1.491992    1.213027     26.90    115.35    1.011
      clockrate                1.092061    0.016456    0.873508    1.350431    1.076022     10.92     33.24    1.065
      clockrate                1.055331    0.007435    0.893791    1.226984    1.049028     33.61     46.60    1.004
      clockrate                1.665887    0.199602    0.902823    2.526398    1.596601    167.15    185.03    1.004
      clockrate                0.998948    0.015340    0.776367    1.239099    0.986764     44.87     76.02    1.000
      clockrate                1.199167    0.060511    0.776988    1.687173    1.164599     24.29     36.73    1.005
      clockrate                1.015693    0.005684    0.877327    1.165996    1.008999     33.82     63.44    1.000
      clockrate                0.892907    0.002846    0.788844    0.997640    0.892492    379.33    393.57    1.001
      clockrate                0.859560    0.004953    0.728236    1.001570    0.855398    218.10    288.53    1.000
      clockrate                1.399603    0.194829    0.766445    2.172328    1.308611     66.48     83.89    1.061
      clockrate                1.186390    0.091972    0.723605    1.803339    1.129645    284.87    351.29    1.004
      clockrate                1.181535    0.081810    0.763011    1.765298    1.112492     56.03     56.91    1.002
      clockrate                1.140674    0.009112    0.963201    1.335429    1.134088    142.59    159.17    1.000
      clockrate                1.197990    0.025192    0.915658    1.518399    1.179665    207.78    253.19    1.004
      clockrate                1.395719    0.035690    1.085527    1.805721    1.367893     32.41     33.73    1.000
      clockrate                1.102613    0.014888    0.879137    1.346094    1.092555     88.65     90.14    1.002
      clockrate                0.960687    0.003654    0.843906    1.080172    0.959378    419.42    593.72    1.000
      clockrate                0.955074    0.019111    0.739640    1.254463    0.927835     26.51     42.59    1.018
      clockrate                1.540281    0.059316    1.113974    2.029966    1.512825     26.31     28.12    1.042
      clockrate                0.962878    0.006073    0.815462    1.121296    0.961021     82.30    201.02    1.006
      clockrate                1.116478    0.025660    0.863752    1.437313    1.086605     30.68     46.02    1.024
      clockrate                0.942380    0.005246    0.805272    1.085185    0.939475     66.62    136.26    1.001
      clockrate                1.171602    0.020764    0.895722    1.451242    1.159701     52.32     59.28    1.083
      clockrate                1.043589    0.013384    0.839706    1.269418    1.026997     34.80     52.36    1.114
      clockrate                0.978943    0.004351    0.849967    1.108020    0.976013     39.03     60.59    1.000
      clockrate                1.063276    0.072888    0.663964    1.564097    1.014170    126.80    158.42    1.005
      clockrate                0.919971    0.003349    0.809559    1.036878    0.918689    270.84    333.79    1.022
      clockrate                0.992562    0.015876    0.760636    1.240270    0.977267     48.44     48.56    1.000
      clockrate                1.418706    0.043129    1.033602    1.833696    1.394178    139.17    157.68    1.021
      clockrate                1.059053    0.030188    0.756214    1.401633    1.037436    185.44    237.10    1.000
      clockrate                1.049668    0.041373    0.725597    1.475219    1.012679     70.27     88.94    1.002
      clockrate                1.020291    0.013502    0.817900    1.264217    1.005703     40.20     47.51    1.001
      clockrate                0.962516    0.005765    0.821539    1.114855    0.956095     26.31     36.29    1.005
      clockrate                1.232285    0.065379    0.829596    1.746429    1.178566     32.05     53.37    1.032
      clockrate                1.094354    0.008568    0.920726    1.275352    1.085485     41.69     62.41    1.015
      clockrate                0.982180    0.004740    0.849867    1.116547    0.979441    135.85    220.72    1.002
      clockrate                1.062277    0.009189    0.882572    1.251611    1.054999    101.27    107.55    1.005
      clockrate                1.025985    0.009673    0.841704    1.224199    1.020609    253.74    275.68    1.005
      clockrate                0.990129    0.007413    0.829914    1.163959    0.987837     87.84    117.18    1.016
      clockrate                1.127268    0.027856    0.836378    1.471922    1.112241     92.25    138.89    1.000
      clockrate                0.900104    0.005241    0.761847    1.045256    0.895718     52.66     72.76    1.035
      clockrate                0.896731    0.004758    0.766200    1.034217    0.891449    139.84    179.67    1.002
      clockrate                1.068091    0.069435    0.704099    1.589860    0.999521     24.98     28.53    1.002
      clockrate                1.113063    0.083744    0.758270    1.583625    1.048644     26.96     33.34    1.012
      clockrate                1.478747    0.060322    1.043814    1.978066    1.455180    180.31    211.76    1.002
      clockrate                0.996020    0.008076    0.826589    1.171604    0.990389     74.39    124.55    1.006
      clockrate                1.126593    0.024265    0.873793    1.454136    1.099074     22.57     44.88    1.014
      clockrate                1.101451    0.010295    0.914269    1.307308    1.094626     72.21    132.90    1.001
      clockrate                0.863070    0.003070    0.757320    0.972400    0.861013    149.16    154.25    1.000
      clockrate                1.206785    0.037767    0.862352    1.600416    1.182427     46.30     78.86    1.005
      clockrate                1.202351    0.039921    0.856235    1.607506    1.174595     29.01     55.29    1.001
      clockrate                0.884814    0.006311    0.730994    1.037816    0.880554     33.10     62.27    1.000
      clockrate                1.286784    0.084484    0.873653    1.796623    1.231220     53.79     63.40    1.001
      clockrate                0.949257    0.003898    0.826935    1.069929    0.947868     60.66    208.53    1.002
      clockrate                0.945473    0.007719    0.785146    1.121954    0.937988     58.74     99.32    1.002
      clockrate                0.959001    0.004584    0.832802    1.096888    0.955599     59.00     63.81    1.001
      clockrate                1.042169    0.006771    0.881463    1.202046    1.037996     68.62     75.75    1.000
      clockrate                1.112358    0.010896    0.919497    1.319639    1.103191     73.17     81.29    1.000
      clockrate                1.229698    0.071504    0.821326    1.781444    1.171883     29.87     32.06    1.000
      clockrate                1.620859    0.235821    0.981063    2.710271    1.483636     22.55     48.77    1.122
      clockrate                1.250096    0.034114    0.909955    1.607903    1.233086     21.89     60.50    1.006
      clockrate                1.076082    0.020125    0.818833    1.367835    1.059958     32.29     47.73    1.013
      clockrate                0.887659    0.005077    0.753287    1.030817    0.883632     34.80     56.97    1.008
      clockrate                1.001995    0.010459    0.801954    1.197216    0.995751    102.85    128.37    1.010
      clockrate                1.209428    0.024080    0.944898    1.530148    1.188052     20.67     43.13    1.008
      clockrate                1.007660    0.017686    0.772439    1.272614    0.988441     22.14     30.78    1.034
      clockrate                1.094242    0.024590    0.829492    1.416641    1.068036     78.46     83.84    1.010
      clockrate                1.494367    0.204798    0.810138    2.405847    1.389231    169.26    193.42    1.001
      clockrate                1.059749    0.004950    0.925831    1.201383    1.058384    209.10    227.53    1.007
      clockrate                1.130460    0.023706    0.851797    1.431488    1.114294     60.74     69.50    1.000
      clockrate                1.051333    0.008095    0.882548    1.229164    1.044460    163.76    248.36    1.126
      clockrate                1.289069    0.055299    0.903608    1.732332    1.253847     73.66     73.91    1.010
      clockrate                1.033643    0.011154    0.838259    1.247397    1.022705     62.68     65.54    1.021
      clockrate                0.896051    0.003386    0.783421    1.011679    0.893819    103.91    157.92    1.012
      clockrate                0.976146    0.007601    0.812736    1.148486    0.970937     48.21     78.90    1.005
      clockrate                1.073578    0.023652    0.799439    1.372219    1.053854     33.99     45.70    1.001
      clockrate                1.562597    0.201931    0.881559    2.533337    1.452302     61.45     61.54    1.029
      clockrate                1.096166    0.011047    0.915073    1.317373    1.078777     18.34     32.71    1.078
      clockrate                1.414647    0.036719    1.078460    1.806507    1.388279     54.76     67.09    1.001
      clockrate                1.355223    0.152993    0.803479    2.125139    1.262676     45.68     53.43    1.027
      clockrate                0.939744    0.008514    0.762804    1.119692    0.932500     60.54    116.76    1.004
      clockrate                1.035008    0.009325    0.854292    1.229673    1.028045    179.54    195.93    1.027
      clockrate                0.965433    0.005081    0.826501    1.106037    0.962371     72.46    205.16    1.025
      clockrate                0.889316    0.005439    0.745079    1.032173    0.884452    159.34    165.31    1.012
      clockrate                1.020696    0.004676    0.889402    1.153860    1.017404     59.92     69.27    1.009
      clockrate                1.693638    0.149627    1.055053    2.490953    1.627043     81.31    105.93    1.006
      clockrate                1.037432    0.011384    0.852988    1.261810    1.022452     48.65     54.10    1.015
      clockrate                0.892115    0.003517    0.780733    1.011626    0.889119    235.08    245.50    1.039
      clockrate                0.947028    0.007734    0.779167    1.120228    0.940671     26.87     80.96    1.006
      clockrate                1.502392    0.057837    1.085699    1.974456    1.474561     79.55    130.67    1.004
      clockrate                0.932207    0.004032    0.807434    1.055488    0.931284    117.61    145.36    1.000
      clockrate                1.121473    0.009054    0.935843    1.307152    1.117758     66.92    165.96    1.000
