0.1395349
0.1944444
0.09090909
0.2045455
0.1363636
0.05
0.07692308
0.1818182
0.1724138
0.1111111
0.1842105
0.1875
0.2608696
0.1875
0.2325581
0.06521739
0.1395349
0.05263158
0.1428571
0.125
0.1521739
0.2083333
0.06451613
0.1538462
0.1
0.1111111
0.1470588
0.1714286
0.07407407
0.1282051
0.1707317
0.1621622
0.02702703
0.1176471
0.1521739
0.05
0.1111111
0.2727273
0.05263158
0.12
0.1914894
0.137931
0.1914894
0.212766
0.1621622
0.2222222
0.2
0.2083333
0.1515152
0.1555556
0.08695652
0.1111111
0.2105263
0.2
0.0625
0.1142857
0.07142857
0.2272727
0.15
0.05405405
0.05555556
0.25
0
0.06666667
0.2325581
0.075
0.05882353
0.2727273
0.07692308
0.1923077
0.2
0.07407407
0.15
0.1304348
0.03846154
0.3333333
0.1538462
0.1333333
0.04878049
0.05263158
0.07894737
0.1136364
0.1282051
0.1428571
0.1578947
0.05263158
0.2666667
0.3
0.07692308
0.08333333
0.04651163
0.1428571
0.1086957
0.125
0.125
0.04347826
0.1333333
0.07142857
0.1842105
0.1290323
