      alpha_symdir{1}   0.481043    0.039624    0.269546    0.940659    0.405702   6898.84   7737.09    1.000
      alpha_symdir{1}   0.563757    0.014373    0.173452    0.737839    0.575941   2653.43   2712.78    1.000
      alpha_symdir{1}   0.520138    0.062191    0.190117    0.835517    0.645977     18.84     27.37    1.002
      alpha_symdir{1}   0.453762    0.006060    0.320172    0.611524    0.443583   7814.18   7912.91    1.000
      alpha_symdir{1}   0.465760    0.006909    0.324632    0.630136    0.456121   8925.58   9325.56    1.000
      alpha_symdir{1}   0.563776    0.049803    0.188737    0.879285    0.626300   7827.39   8305.03    1.000
      alpha_symdir{1}   0.547706    0.006471    0.366215    0.694152    0.548363   9780.90  10112.86    1.000
      alpha_symdir{1}   0.474513    0.054235    0.190352    0.901890    0.389238  10152.26  10213.49    1.000
      alpha_symdir{1}   0.448858    0.024579    0.145840    0.703627    0.472869   7083.24   7471.30    1.000
      alpha_symdir{1}   0.476653    0.009142    0.311036    0.646512    0.471981   5794.77   5942.70    1.000
      alpha_symdir{1}   0.561460    0.008162    0.394254    0.732213    0.560115   1859.74   4329.45    1.000
      alpha_symdir{1}   0.349809    0.044305    0.149561    0.773182    0.236710   5327.49   5492.97    1.000
      alpha_symdir{1}   1.660661    0.702293    0.000734    3.185811    1.522857    690.91   1053.47    1.000
      alpha_symdir{1}   0.420013    0.020766    0.103469    0.696978    0.401022  11409.27  11533.11    1.000
      alpha_symdir{1}   0.494742    0.010021    0.310789    0.669200    0.483407   9787.48  10381.85    1.000
      alpha_symdir{1}   0.627982    0.075137    0.320708    1.292057    0.545237   5767.40   6060.98    1.000
      alpha_symdir{1}   0.329722    0.028105    0.221790    0.845778    0.282380    110.88    140.79    1.001
      alpha_symdir{1}   0.790653    0.128336    0.208169    1.375497    0.788668   8551.34   8754.92    1.000
      alpha_symdir{1}   0.388350    0.051340    0.124618    0.834175    0.297602  11365.40  11449.20    1.000
      alpha_symdir{1}   0.495158    0.023494    0.133886    0.747217    0.499872  11926.55  12213.34    1.000
      alpha_symdir{1}   0.479497    0.003830    0.365787    0.601930    0.475222   8633.35   8737.43    1.000
      alpha_symdir{1}   0.352384    0.048033    0.157958    0.757279    0.211721   1600.49   1654.22    1.000
      alpha_symdir{1}   0.400433    0.043822    0.212705    0.887142    0.308029   7156.23   7254.01    1.000
      alpha_symdir{1}   0.519941    0.038965    0.162541    0.780391    0.579654   4557.63   4859.90    1.000
      alpha_symdir{1}   0.721657    0.068013    0.285365    1.210326    0.711677   7672.99   7748.28    1.000
      alpha_symdir{1}   0.372774    0.016037    0.212266    0.662782    0.337736   8659.90  10055.77    1.000
      alpha_symdir{1}   0.430346    0.046903    0.183023    0.771522    0.298932   4311.05   4702.78    1.000
      alpha_symdir{1}   0.469297    0.026183    0.257911    0.833738    0.423216   9063.23   9434.16    1.000
      alpha_symdir{1}   0.401268    0.018560    0.230990    0.719758    0.362889   9667.02   9688.30    1.000
      alpha_symdir{1}   0.407247    0.022336    0.193981    0.657789    0.402258   6860.63   6924.50    1.000
      alpha_symdir{1}   0.450289    0.003005    0.353279    0.556895    0.450642    661.54   1710.05    1.000
      alpha_symdir{1}   0.710759    0.058581    0.270599    1.138856    0.695545   9687.30   9804.06    1.000
      alpha_symdir{1}   0.548783    0.018907    0.280556    0.792772    0.559527  10466.56  11099.92    1.000
      alpha_symdir{1}   0.492865    0.077421    0.216039    1.069856    0.361744   8119.83   8204.69    1.000
      alpha_symdir{1}   0.437344    0.004274    0.318906    0.568409    0.432853   6926.49   7138.45    1.000
      alpha_symdir{1}   0.379600    0.034711    0.101705    0.668651    0.415677   4703.93   4851.32    1.000
      alpha_symdir{1}   0.440077    0.015349    0.193214    0.684658    0.428590  12758.11  12774.98    1.000
      alpha_symdir{1}   0.461609    0.063268    0.184593    0.915555    0.332359   7752.66   7955.27    1.000
      alpha_symdir{1}   0.536154    0.041206    0.100293    0.835826    0.545653   8990.67   9135.03    1.000
      alpha_symdir{1}   0.496107    0.037587    0.157006    0.743971    0.565291   4555.58   4724.14    1.000
      alpha_symdir{1}   0.327100    0.004688    0.225032    0.437626    0.317667   7197.19   7274.92    1.000
      alpha_symdir{1}   0.438177    0.013988    0.141594    0.660548    0.436026   6415.09   6850.39    1.000
      alpha_symdir{1}   0.494632    0.004022    0.372952    0.621820    0.495477   5882.11   7006.81    1.000
      alpha_symdir{1}   0.543742    0.043155    0.281348    0.917432    0.478124   6584.72   6627.69    1.000
      alpha_symdir{1}   0.602681    0.028935    0.254933    0.869387    0.634527   6961.48   7407.41    1.000
      alpha_symdir{1}   0.448872    0.031736    0.205205    0.821822    0.393733  11599.10  11728.83    1.000
      alpha_symdir{1}   0.422137    0.003714    0.322380    0.541273    0.413399   8203.65   8295.18    1.000
      alpha_symdir{1}   0.417369    0.053220    0.165710    0.832708    0.289481   6873.06   7094.22    1.000
      alpha_symdir{1}   0.360005    0.049706    0.204701    0.882895    0.263372    205.72    213.09    1.000
      alpha_symdir{1}   0.527444    0.034302    0.252125    0.855791    0.529843   7589.03   8116.01    1.000
      alpha_symdir{1}   0.520493    0.020057    0.285866    0.835145    0.505132   8867.69   9155.65    1.000
      alpha_symdir{1}   0.506143    0.018639    0.149803    0.718782    0.515360   8402.41   8431.33    1.000
      alpha_symdir{1}   0.615166    0.109644    0.215547    1.177291    0.580116   6742.32   7057.65    1.000
      alpha_symdir{1}   0.537754    0.047410    0.204485    0.881872    0.575815   8734.88   8902.71    1.000
      alpha_symdir{1}   0.479789    0.019510    0.282544    0.771825    0.437640   8964.05   9232.25    1.000
      alpha_symdir{1}   0.589782    0.010375    0.391510    0.790514    0.583473   9400.20   9499.85    1.000
      alpha_symdir{1}   0.547554    0.010591    0.318679    0.722084    0.560661   8383.29   8575.17    1.000
      alpha_symdir{1}   0.444209    0.026599    0.125738    0.654786    0.489435   3241.30   3462.22    1.000
      alpha_symdir{1}   0.602633    0.079568    0.222478    1.227535    0.536629   9607.25   9623.95    1.000
      alpha_symdir{1}   0.580861    0.027356    0.270443    0.865744    0.598644   9666.62   9777.57    1.000
      alpha_symdir{1}   0.477956    0.031162    0.117118    0.767261    0.479210  10388.36  10432.39    1.000
      alpha_symdir{1}   0.518343    0.018330    0.285886    0.774160    0.503888   9576.53   9953.12    1.000
      alpha_symdir{1}   0.396011    0.028643    0.176141    0.748439    0.363639  10757.15  11186.70    1.000
      alpha_symdir{1}   0.415639    0.003497    0.315533    0.537620    0.407942   9467.38   9972.95    1.000
      alpha_symdir{1}   0.492106    0.007470    0.341970    0.658115    0.482485   5174.60   5457.91    1.000
      alpha_symdir{1}   0.337788    0.002282    0.271391    0.404878    0.334025   1070.26   1858.15    1.000
      alpha_symdir{1}   0.576508    0.114866    0.082232    1.161788    0.509592   4990.96   4991.34    1.000
      alpha_symdir{1}   0.408517    0.044946    0.147471    0.722474    0.459403   2345.49   2473.85    1.000
      alpha_symdir{1}   0.299346    0.021231    0.161250    0.633186    0.230874   7025.36   7484.80    1.000
      alpha_symdir{1}   0.630458    0.030577    0.270620    0.946525    0.631802  10700.77  11089.75    1.000
      alpha_symdir{1}   0.468993    0.001761    0.386648    0.552362    0.468175  10230.84  10643.97    1.000
      alpha_symdir{1}   0.362645    0.005077    0.258741    0.505752    0.347206   7533.18   7848.22    1.000
      alpha_symdir{1}   0.573608    0.010510    0.390454    0.781764    0.564893  10168.21  10281.51    1.000
      alpha_symdir{1}   0.456264    0.015507    0.253655    0.698625    0.435305  11846.86  11891.99    1.000
      alpha_symdir{1}   0.293069    0.019304    0.177233    0.673165    0.244528   7386.21   7395.78    1.000
      alpha_symdir{1}   0.785302    0.259814    0.155451    1.749747    0.708318  10018.53  10286.83    1.000
      alpha_symdir{1}   0.917334    0.064546    0.280361    1.317462    0.923634   6251.47   6606.08    1.000
      alpha_symdir{1}   0.632571    0.100545    0.211564    1.291918    0.551040  11573.93  11629.18    1.000
      alpha_symdir{1}   0.541342    0.004208    0.421382    0.675866    0.539490   9561.02   9595.00    1.000
      alpha_symdir{1}   0.598627    0.085575    0.202595    1.113817    0.572256   9850.28  10064.00    1.000
      alpha_symdir{1}   0.401443    0.009614    0.225950    0.577807    0.393719   6199.76   6525.43    1.000
      alpha_symdir{1}   1.146010    0.077160    0.326838    1.594139    1.151304   5742.36   6051.82    1.000
      alpha_symdir{1}   0.427056    0.002835    0.330018    0.530438    0.423589   4579.70   7621.45    1.000
      alpha_symdir{1}   0.554791    0.012035    0.338274    0.773682    0.545728  10426.71  10974.00    1.000
      alpha_symdir{1}   0.695550    0.061425    0.227247    1.202088    0.674036   9877.58  10139.80    1.000
      alpha_symdir{1}   0.324661    0.035993    0.175949    0.723295    0.227034   1265.72   1274.94    1.000
      alpha_symdir{1}   0.371932    0.007386    0.208699    0.538132    0.363380  10273.70  10447.55    1.000
      alpha_symdir{1}   0.451623    0.028294    0.232490    0.828562    0.404412  11171.97  11428.08    1.000
      alpha_symdir{1}   0.389355    0.019132    0.215378    0.727761    0.354151   9570.70   9983.26    1.000
      alpha_symdir{1}   0.457053    0.033806    0.243855    0.893220    0.397465  11160.39  11223.93    1.000
      alpha_symdir{1}   0.695241    0.031326    0.245970    0.933115    0.723289   2815.55   2860.07    1.000
      alpha_symdir{1}   0.446270    0.004973    0.318336    0.585231    0.441870   7099.95   8388.10    1.000
      alpha_symdir{1}   0.671750    0.020741    0.274951    0.900802    0.692813   7092.71   7419.75    1.000
      alpha_symdir{1}   0.468649    0.039877    0.107570    0.820026    0.450488  11469.29  11679.10    1.000
      alpha_symdir{1}   0.522579    0.028502    0.284242    0.854899    0.468708   7708.13   7739.15    1.000
      alpha_symdir{1}   0.246694    0.012539    0.172493    0.593230    0.214353    132.66    205.15    1.014
      alpha_symdir{1}   0.409498    0.008264    0.238309    0.585760    0.399275  10924.33  11161.08    1.000
      alpha_symdir{1}   0.522091    0.028648    0.166912    0.788447    0.543864   9316.35   9703.69    1.000
      alpha_symdir{1}   0.490051    0.009384    0.314459    0.682502    0.479345   7703.01   7720.87    1.000
      alpha_symdir{1}   0.377261    0.020674    0.219421    0.727332    0.336735   6934.05   7047.54    1.000
