      clockrate                1.059151    0.005261    0.919223    1.202705    1.055941    176.52    300.89    1.007
      clockrate                1.083978    0.006384    0.928106    1.240802    1.078678    164.15    278.96    1.008
      clockrate                1.085367    0.006472    0.933767    1.244986    1.076363     91.17    241.05    1.089
      clockrate                1.078963    0.006610    0.931310    1.245652    1.070074     56.78     73.41    1.032
      clockrate                1.018939    0.003595    0.900418    1.135203    1.016671    610.51    770.65    1.001
      clockrate                1.107286    0.012126    0.899796    1.323818    1.097405    152.40    231.86    1.000
      clockrate                1.045796    0.007254    0.893394    1.223765    1.034727    125.56    802.06    1.216
      clockrate                1.382578    0.048792    0.993150    1.810594    1.351641    128.43    134.97    1.007
      clockrate                1.114726    0.011790    0.916618    1.334343    1.104211    272.00    302.90    1.000
      clockrate                1.192488    0.005961    1.046791    1.347286    1.187655     98.66    115.68    1.000
      clockrate                0.972790    0.003328    0.857486    1.083987    0.971547    388.00    414.82    1.000
      clockrate                1.135104    0.046591    0.781326    1.560653    1.102534    147.82    188.16    1.007
      clockrate                1.138460    0.016382    0.905715    1.395091    1.124614    168.25    270.19    1.003
      clockrate                1.245664    0.063663    0.833171    1.732801    1.205339    195.75    210.77    1.000
      clockrate                1.040662    0.006127    0.891131    1.194088    1.036105    197.08    240.41    1.001
      clockrate                1.037442    0.003342    0.923642    1.150355    1.035242    229.16    230.77    1.001
      clockrate                1.014423    0.004993    0.881937    1.156766    1.009728    199.31    282.15    1.019
      clockrate                1.307304    0.077494    0.862276    1.856676    1.257781    181.72    193.56    1.000
      clockrate                1.456009    0.169118    0.844495    2.275468    1.369555    900.52    924.77    1.000
      clockrate                1.022993    0.010497    0.839796    1.232511    1.010330    133.96    140.88    1.005
      clockrate                1.030318    0.003918    0.908435    1.152498    1.028306    905.95   1517.89    1.000
      clockrate                0.924528    0.008131    0.749489    1.101392    0.917567    586.65    698.96    1.000
      clockrate                1.248291    0.019190    0.991265    1.527897    1.237821    121.80    245.07    1.014
      clockrate                1.279866    0.017220    1.042289    1.548552    1.265196    124.67    164.02    1.001
      clockrate                1.089251    0.005070    0.950168    1.229045    1.085322     68.71    938.97    1.012
      clockrate                0.982786    0.013739    0.776675    1.209283    0.969748    132.03    174.53    1.010
      clockrate                1.192960    0.010633    0.996356    1.393588    1.187184    208.95    362.07    1.001
      clockrate                1.117593    0.009806    0.935521    1.318282    1.108655    206.31    252.25    1.000
      clockrate                1.712695    0.068931    1.267693    2.241221    1.679444    183.70    191.59    1.014
      clockrate                1.118828    0.010402    0.934956    1.321042    1.106566     62.58     75.02    1.029
      clockrate                1.352838    0.024111    1.067219    1.658512    1.337360     65.74    106.87    1.031
      clockrate                1.105107    0.006969    0.944093    1.270717    1.099938    409.43    413.06    1.002
      clockrate                0.990483    0.007115    0.831156    1.157823    0.983168     42.88     55.16    1.001
      clockrate                1.145172    0.021675    0.882046    1.445275    1.130740    185.60    421.35    1.000
      clockrate                1.093566    0.004524    0.965159    1.228375    1.090490    158.31    165.80    1.002
      clockrate                1.055835    0.012395    0.856060    1.289010    1.043976     60.57     68.21    1.023
      clockrate                1.063261    0.013562    0.857838    1.305735    1.048500     78.07    128.66    1.005
      clockrate                1.040455    0.013574    0.831687    1.271474    1.027955    278.48    307.99    1.001
      clockrate                1.179567    0.019952    0.931183    1.463758    1.162971    261.79    337.24    1.001
      clockrate                1.054202    0.008689    0.884085    1.242822    1.046215    365.90    370.75    1.003
      clockrate                1.024720    0.003695    0.907820    1.145286    1.022568    176.49    426.71    1.001
      clockrate                0.985183    0.009733    0.808157    1.178262    0.975452    313.61    336.20    1.000
      clockrate                1.103896    0.008371    0.937481    1.286624    1.094439    113.17    116.61    1.000
      clockrate                1.143365    0.006997    0.986887    1.312006    1.137145    377.28    479.19    1.012
      clockrate                1.033780    0.004748    0.902364    1.171540    1.030885    300.26    421.09    1.004
      clockrate                1.108720    0.013721    0.896763    1.342282    1.094539    104.17    137.24    1.012
      clockrate                1.051761    0.012405    0.850693    1.281915    1.040704    153.38    166.48    1.013
      clockrate                1.285227    0.023379    0.999183    1.593707    1.274216    168.77    455.92    1.000
      clockrate                1.082768    0.013501    0.871233    1.312511    1.073742     41.87     94.73    1.005
      clockrate                0.894326    0.005108    0.766228    1.038863    0.886732     60.31     79.89    1.001
      clockrate                1.181524    0.071274    0.794369    1.712099    1.109567     47.47     48.32    1.022
      clockrate                1.116911    0.025409    0.834739    1.425722    1.095649    193.73    195.03    1.011
      clockrate                1.218893    0.055966    0.813688    1.678716    1.189698    220.70    282.18    1.000
      clockrate                1.176873    0.017857    0.956229    1.454254    1.154488     32.57     41.33    1.033
      clockrate                1.077050    0.011277    0.880810    1.289682    1.066120    114.54    160.49    1.013
      clockrate                1.067963    0.007881    0.898549    1.241074    1.061721    187.73    533.12    1.000
      clockrate                0.956309    0.003424    0.842298    1.072003    0.954210    393.09    453.66    1.000
      clockrate                0.937399    0.013713    0.723309    1.169813    0.922913    740.53    782.91    1.002
      clockrate                1.403758    0.129948    0.875557    2.130744    1.318085    109.14    113.22    1.009
      clockrate                0.940535    0.006699    0.787959    1.106059    0.934763    204.10    279.01    1.002
      clockrate                1.218402    0.052157    0.801583    1.667068    1.190337     49.07    161.57    1.005
      clockrate                1.003426    0.003071    0.896630    1.113367    1.001689    288.59    435.74    1.000
      clockrate                1.069046    0.007260    0.908575    1.237592    1.062798    132.92    167.69    1.001
      clockrate                1.059737    0.004213    0.936518    1.186272    1.055959     66.43     92.31    1.009
      clockrate                1.133576    0.008433    0.960664    1.315727    1.126580    144.80    266.90    1.000
      clockrate                1.102653    0.009439    0.918979    1.296083    1.096116    195.73    205.26    1.000
      clockrate                1.297007    0.050928    0.939874    1.750708    1.251502     89.67    140.01    1.001
      clockrate                1.344422    0.052405    0.974435    1.806706    1.300329     85.84     87.56    1.008
      clockrate                1.174895    0.042857    0.834489    1.564720    1.141582     41.21    121.77    1.034
      clockrate                1.002390    0.010447    0.812531    1.206222    0.994046    242.12    411.83    1.001
      clockrate                1.067531    0.006692    0.911790    1.228521    1.061540    138.83    231.03    1.011
      clockrate                1.099019    0.008862    0.920425    1.290006    1.093097    392.15    533.28    1.002
      clockrate                1.044856    0.005699    0.900109    1.195484    1.042375    683.51    841.33    1.002
      clockrate                1.151288    0.017464    0.909170    1.411527    1.135515     72.30    108.90    1.001
      clockrate                1.043354    0.006183    0.895412    1.201261    1.039326    287.51    764.64    1.000
      clockrate                1.238878    0.071798    0.761096    1.759104    1.203066    837.51   1074.51    1.000
      clockrate                1.053490    0.004329    0.929564    1.187233    1.050600    188.29    195.40    1.000
      clockrate                1.047895    0.014694    0.829970    1.286093    1.033823    199.21    351.71    1.006
      clockrate                0.968180    0.004635    0.839716    1.105335    0.963120    221.87    240.43    1.003
      clockrate                1.138022    0.025601    0.859421    1.444259    1.119684    422.11    598.51    1.002
      clockrate                1.130449    0.012406    0.933394    1.359145    1.115828     41.12     50.63    1.000
      clockrate                0.953578    0.002650    0.853625    1.055353    0.951986    136.03    220.48    1.003
      clockrate                0.940024    0.006985    0.783147    1.107413    0.932539     86.36    273.44    1.000
      clockrate                1.059954    0.011232    0.876154    1.281932    1.045922     77.33     85.29    1.026
      clockrate                1.168039    0.020248    0.934361    1.438750    1.146241     74.94     85.99    1.030
      clockrate                1.009224    0.004968    0.874013    1.148556    1.005274    101.60    166.60    1.001
      clockrate                1.500929    0.088481    0.984706    2.094368    1.460586     73.87     97.49    1.003
      clockrate                1.359374    0.057112    0.951561    1.820979    1.322623    202.93    224.92    1.002
      clockrate                1.100320    0.010145    0.912668    1.300559    1.093732    254.23    340.81    1.001
      clockrate                1.046440    0.014464    0.835737    1.291728    1.028558    245.04    277.16    1.006
      clockrate                1.029016    0.005639    0.885005    1.177425    1.024399    144.89    226.20    1.041
      clockrate                1.086288    0.007194    0.926429    1.256626    1.080743    124.67    127.82    1.020
      clockrate                1.131654    0.006978    0.972202    1.299609    1.124864     50.51     63.52    1.000
      clockrate                1.868226    0.155588    1.220147    2.657279    1.803476    399.27    430.49    1.001
      clockrate                1.160786    0.015475    0.949877    1.420075    1.141097     42.88     73.54    1.063
      clockrate                1.161628    0.007729    0.997710    1.339784    1.154670    137.75    149.14    1.003
      clockrate                0.959784    0.006210    0.810343    1.117467    0.954329    116.82    118.21    1.000
      clockrate                1.230176    0.021016    0.964932    1.521403    1.214175    179.52    234.15    1.002
      clockrate                1.029875    0.004493    0.898910    1.160897    1.027826    198.76    383.68    1.019
      clockrate                1.132969    0.019883    0.892157    1.425038    1.113313    102.56    113.64    1.001
