      ilnvar                   0.010019    0.000278    0.000001    0.045075    0.002799     24.73     33.31    1.065
      ilnvar                   0.009782    0.000384    0.000001    0.041848    0.001402     43.23     44.76    1.031
      ilnvar                   0.015760    0.000966    0.000001    0.083942    0.001866     32.40     40.38    1.172
      ilnvar                   0.014273    0.000662    0.000001    0.067850    0.001479     30.91     31.72    1.040
      ilnvar                   0.005364    0.000143    0.000001    0.025928    0.000675     31.83     38.76    1.007
      ilnvar                   0.008407    0.000381    0.000001    0.040145    0.001083     69.82     70.35    1.000
      ilnvar                   0.017177    0.001197    0.000001    0.089569    0.000582     53.15     57.91    1.400
      ilnvar                   0.095686    0.014291    0.000122    0.310291    0.057555     97.82    112.73    1.009
      ilnvar                   0.026342    0.001219    0.000002    0.093510    0.013410     71.68     91.69    1.000
      ilnvar                   0.006864    0.000167    0.000001    0.031988    0.001291     34.42     35.05    1.000
      ilnvar                   0.001162    0.000010    0.000001    0.005744    0.000114     41.31     45.78    1.003
      ilnvar                   0.085385    0.028876    0.000001    0.324303    0.033146    105.54    161.36    1.007
      ilnvar                   0.068943    0.006058    0.000103    0.213088    0.046410    142.99    184.89    1.006
      ilnvar                   0.134125    0.037402    0.000062    0.449075    0.077591    212.06    243.32    1.001
      ilnvar                   0.015928    0.000410    0.000083    0.058678    0.007933     55.25     56.23    1.000
      ilnvar                   0.002910    0.000059    0.000001    0.018530    0.000094     26.39     26.46    1.004
      ilnvar                   0.006195    0.000206    0.000001    0.034007    0.000344     36.94     37.24    1.079
      ilnvar                   0.115464    0.019195    0.000054    0.366809    0.074035    132.30    146.07    1.000
      ilnvar                   0.391207    0.213581    0.000222    1.270065    0.242093   1284.24   1297.11    1.000
      ilnvar                   0.012849    0.000732    0.000001    0.063264    0.001654    110.43    114.57    1.007
      ilnvar                   0.008420    0.000157    0.000005    0.031164    0.004067     29.73     36.45    1.006
      ilnvar                   0.048375    0.003257    0.000016    0.155883    0.030849    124.79    130.37    1.002
      ilnvar                   0.020124    0.001024    0.000014    0.084373    0.007881     38.40     74.61    1.023
      ilnvar                   0.032045    0.002257    0.000018    0.127138    0.011818     51.98     53.32    1.002
      ilnvar                   0.001100    0.000028    0.000001    0.003253    0.000025     20.41     28.20    1.060
      ilnvar                   0.032090    0.003081    0.000006    0.111041    0.016524    103.90    104.97    1.015
      ilnvar                   0.009953    0.000229    0.000006    0.037996    0.004271     65.59     69.92    1.015
      ilnvar                   0.045214    0.002817    0.000263    0.148115    0.027291     71.15     74.58    1.002
      ilnvar                   0.121277    0.012682    0.000988    0.320989    0.093694    156.13    168.90    1.010
      ilnvar                   0.033813    0.002604    0.000008    0.123300    0.014675     28.69     41.26    1.054
      ilnvar                   0.062616    0.004110    0.000072    0.189050    0.044050     47.15     66.19    1.046
      ilnvar                   0.021900    0.000772    0.000221    0.074038    0.012298     84.93     86.05    1.005
      ilnvar                   0.029768    0.001674    0.000001    0.113780    0.013117     34.38     43.93    1.000
      ilnvar                   0.051336    0.006569    0.000004    0.195098    0.022891    187.05    190.44    1.000
      ilnvar                   0.010411    0.000236    0.000001    0.041757    0.004433     38.68     42.32    1.026
      ilnvar                   0.010711    0.000552    0.000001    0.055789    0.000489     34.74     58.86    1.041
      ilnvar                   0.020737    0.001064    0.000009    0.086870    0.006344     43.33     64.87    1.006
      ilnvar                   0.047670    0.003928    0.000044    0.159632    0.027326    132.86    156.48    1.000
      ilnvar                   0.016949    0.001091    0.000001    0.078827    0.003901     87.60     96.30    1.005
      ilnvar                   0.022050    0.001284    0.000005    0.094557    0.006563     81.82    110.39    1.002
      ilnvar                   0.002344    0.000036    0.000001    0.012021    0.000143     30.40     34.29    1.000
      ilnvar                   0.030763    0.001457    0.000013    0.102913    0.017789     85.54     92.64    1.003
      ilnvar                   0.054856    0.003016    0.000428    0.162796    0.038160     54.47     66.09    1.000
      ilnvar                   0.031861    0.001236    0.000017    0.102855    0.019793     39.36     61.51    1.109
      ilnvar                   0.005758    0.000090    0.000001    0.024502    0.001639     34.75     42.24    1.017
      ilnvar                   0.025960    0.001882    0.000003    0.102597    0.009667     45.34     66.45    1.022
      ilnvar                   0.064641    0.003349    0.001356    0.177127    0.048136     56.82     66.22    1.034
      ilnvar                   0.049075    0.002845    0.000038    0.151625    0.033195     64.38     84.88    1.001
      ilnvar                   0.093059    0.007514    0.000020    0.251473    0.075524     39.79     66.85    1.000
      ilnvar                   0.020200    0.001181    0.000001    0.087425    0.004768     24.71     27.50    1.011
      ilnvar                   0.129282    0.030193    0.000014    0.468401    0.055365     56.56     59.47    1.024
      ilnvar                   0.047427    0.004279    0.000018    0.164911    0.025601    133.90    153.63    1.018
      ilnvar                   0.081998    0.016103    0.000210    0.294088    0.040809    148.96    207.91    1.000
      ilnvar                   0.047809    0.004340    0.000001    0.181227    0.016569     32.30     40.58    1.028
      ilnvar                   0.030646    0.001821    0.000007    0.111350    0.015861     66.96     89.18    1.026
      ilnvar                   0.028322    0.001353    0.000023    0.096720    0.015590     45.23     83.96    1.007
      ilnvar                   0.007886    0.000130    0.000020    0.030593    0.003431     39.37     43.59    1.001
      ilnvar                   0.089168    0.007139    0.000053    0.251504    0.066898     87.84    145.07    1.003
      ilnvar                   0.208722    0.058647    0.000584    0.673143    0.133136    122.49    127.36    1.008
      ilnvar                   0.017325    0.000655    0.000049    0.066470    0.007780     67.92     75.88    1.002
      ilnvar                   0.072939    0.011068    0.000006    0.270404    0.035848     67.11    167.40    1.005
      ilnvar                   0.000798    0.000008    0.000001    0.003708    0.000025     27.48     28.39    1.044
      ilnvar                   0.007947    0.000390    0.000001    0.037300    0.000907     51.17     52.58    1.000
      ilnvar                   0.002728    0.000113    0.000001    0.015081    0.000033     29.65     33.61    1.040
      ilnvar                   0.023142    0.000938    0.000016    0.081571    0.012784     59.19     60.40    1.000
      ilnvar                   0.035794    0.001724    0.000030    0.115806    0.022387     64.54     79.25    1.001
      ilnvar                   0.094028    0.023073    0.000059    0.375256    0.039377     88.13    123.18    1.000
      ilnvar                   0.077753    0.013931    0.000012    0.305665    0.032239     64.30     73.56    1.010
      ilnvar                   0.113705    0.013502    0.000001    0.327782    0.086829     38.22     93.38    1.032
      ilnvar                   0.017627    0.000773    0.000001    0.068638    0.007670     52.84     80.99    1.000
      ilnvar                   0.015539    0.000629    0.000004    0.063745    0.005200     43.98     48.63    1.047
      ilnvar                   0.018853    0.000584    0.000027    0.066149    0.010459     84.11     88.91    1.001
      ilnvar                   0.005029    0.000070    0.000006    0.022052    0.001608     38.71     44.91    1.020
      ilnvar                   0.017549    0.001529    0.000001    0.074835    0.004068     46.99     63.37    1.001
      ilnvar                   0.011080    0.000295    0.000003    0.046174    0.004128     42.80     56.75    1.002
      ilnvar                   0.118264    0.036174    0.000016    0.428775    0.058249   1130.13   1278.01    1.000
      ilnvar                   0.008511    0.000247    0.000001    0.039190    0.002034     38.10     39.46    1.001
      ilnvar                   0.048985    0.005200    0.000003    0.175483    0.025337    164.38    211.38    1.006
      ilnvar                   0.017520    0.000556    0.000016    0.064870    0.008057     42.87     43.04    1.017
      ilnvar                   0.037890    0.003558    0.000010    0.124989    0.020037    192.01    211.43    1.006
      ilnvar                   0.014129    0.000757    0.000002    0.067278    0.002564     37.23     41.67    1.000
      ilnvar                   0.000908    0.000014    0.000001    0.003986    0.000065     32.47     46.20    1.018
      ilnvar                   0.031483    0.001351    0.000022    0.104698    0.019980     34.62     56.86    1.000
      ilnvar                   0.033942    0.002435    0.000010    0.131662    0.013812     33.51     39.49    1.050
      ilnvar                   0.024781    0.004163    0.000001    0.117773    0.002912     82.83    102.78    1.020
      ilnvar                   0.004489    0.000118    0.000001    0.023714    0.000508     28.90     40.48    1.006
      ilnvar                   0.301265    0.048649    0.014965    0.729643    0.244515     78.56    104.99    1.003
      ilnvar                   0.131540    0.023083    0.000259    0.408774    0.088021    151.40    171.32    1.001
      ilnvar                   0.009067    0.000264    0.000001    0.040562    0.002680     41.14     72.29    1.002
      ilnvar                   0.061475    0.004967    0.000118    0.197327    0.039347    121.76    140.54    1.011
      ilnvar                   0.012453    0.000425    0.000001    0.053981    0.003445     26.02     51.33    1.099
      ilnvar                   0.004795    0.000127    0.000001    0.022446    0.000894     34.41     47.95    1.067
      ilnvar                   0.006244    0.000176    0.000001    0.032894    0.000442     24.93     25.96    1.017
      ilnvar                   0.447734    0.119103    0.030789    1.125197    0.356731    466.43    480.92    1.001
      ilnvar                   0.039511    0.002750    0.000001    0.142247    0.021288     26.26     49.21    1.070
      ilnvar                   0.044260    0.001803    0.000185    0.125520    0.033472     42.34     48.79    1.022
      ilnvar                   0.012374    0.000592    0.000001    0.061535    0.001416     28.60     38.29    1.000
      ilnvar                   0.059285    0.003774    0.000268    0.178729    0.040601     93.83    108.68    1.005
      ilnvar                   0.002708    0.000060    0.000001    0.015616    0.000154     56.63     64.10    1.076
      ilnvar                   0.097214    0.008809    0.000223    0.279489    0.072260     62.12     70.72    1.002
