      alpha_symdir   1.394690    0.031315    1.072825    1.754862    1.378729   3717.60   3783.39    1.000
      alpha_symdir   1.498101    0.072927    0.983204    2.031127    1.482672   2817.02   2821.76    1.000
      alpha_symdir   1.514548    0.042062    1.137248    1.928897    1.496255   5818.70   5980.06    1.000
      alpha_symdir   1.313069    0.040304    0.948447    1.703272    1.290273   2437.00   2593.86    1.000
      alpha_symdir   1.414428    0.019884    1.135427    1.683707    1.406844   2498.25   2714.35    1.000
      alpha_symdir   1.180426    0.063000    0.717998    1.758927    1.177622   3351.04   3376.38    1.000
      alpha_symdir   1.546636    0.040694    1.163428    1.944261    1.531340   4894.99   5341.75    1.000
      alpha_symdir   1.346008    0.046344    0.970151    1.780378    1.318618   6344.79   6416.04    1.000
      alpha_symdir   1.071235    0.075096    0.349311    1.475962    1.110573   1212.34   1247.01    1.000
      alpha_symdir   1.366460    0.024326    1.077553    1.683122    1.357814   2827.21   2863.97    1.001
      alpha_symdir   1.524465    0.034765    1.177936    1.906548    1.513848   4657.76   5036.21    1.000
      alpha_symdir   2.395027    0.764039    1.057470    4.136997    2.215860   6246.86   6590.82    1.000
      alpha_symdir   1.531274    0.083123    1.004977    2.115372    1.500362   3594.18   3783.07    1.000
      alpha_symdir   1.849565    0.396826    0.942405    3.072100    1.709452   3516.41   3972.74    1.000
      alpha_symdir   1.475080    0.025337    1.169689    1.793482    1.466737   3822.07   4167.50    1.000
      alpha_symdir   1.126488    0.016156    0.882070    1.385340    1.119673   2730.80   3038.58    1.000
      alpha_symdir   1.222259    0.017564    0.981332    1.485811    1.210454   4252.43   4437.95    1.000
      alpha_symdir   1.606288    0.203869    0.912442    2.490540    1.515636   3862.22   3965.46    1.000
      alpha_symdir   1.457895    0.322702    0.574985    2.658512    1.354652   1552.96   4063.82    1.001
      alpha_symdir   1.468330    0.061742    1.014526    1.961447    1.441166   8062.49   8568.73    1.000
      alpha_symdir   1.002742    0.016833    0.775749    1.259271    0.984270   2828.41   3055.74    1.000
      alpha_symdir   1.252544    0.078636    0.751164    1.801778    1.233056   2359.61   2578.41    1.000
      alpha_symdir   1.475651    0.046850    1.078134    1.910037    1.456342   3036.97   3092.69    1.000
      alpha_symdir   1.149765    0.045344    0.794690    1.577130    1.112370   3574.07   3650.71    1.000
      alpha_symdir   1.455697    0.031753    1.136242    1.829382    1.440832   5085.15   5150.43    1.000
      alpha_symdir   1.073558    0.032193    0.778051    1.438079    1.057750   1610.87   1931.90    1.000
      alpha_symdir   1.098697    0.069568    0.361030    1.501437    1.116209   1025.61   1177.14    1.001
      alpha_symdir   1.250851    0.024918    0.951763    1.558902    1.239267   4304.45   4306.81    1.000
      alpha_symdir   1.647075    0.099193    1.079341    2.254368    1.608650   3338.42   3573.19    1.000
      alpha_symdir   1.425474    0.039980    1.065277    1.833677    1.409206   7030.11   7213.37    1.000
      alpha_symdir   1.396491    0.027111    1.094403    1.721242    1.380716   3751.73   3941.32    1.000
      alpha_symdir   1.313544    0.043184    0.906931    1.715103    1.306268   1171.61   1402.60    1.000
      alpha_symdir   1.559294    0.042955    1.195371    1.990821    1.537772   5110.05   5358.58    1.000
      alpha_symdir   1.056611    0.055654    0.667394    1.513454    1.016438   5012.73   5233.87    1.000
      alpha_symdir   1.210738    0.024017    0.930722    1.515686    1.200180   1896.79   3193.35    1.000
      alpha_symdir   2.082066    0.312343    1.138182    3.196537    1.989112   4328.94   4435.44    1.000
      alpha_symdir   1.119423    0.027413    0.841219    1.455558    1.098973   4173.57   4712.30    1.000
      alpha_symdir   1.582766    0.151102    0.953716    2.333781    1.512188   7259.37   7334.53    1.000
      alpha_symdir   1.990562    0.276648    1.139518    3.043977    1.899241   5626.94   5721.63    1.000
      alpha_symdir   1.232549    0.079576    0.771662    1.785458    1.190423   2000.35   2071.25    1.000
      alpha_symdir   0.982437    0.057029    0.579732    1.371786    1.015002    623.33    673.81    1.000
      alpha_symdir   1.552342    0.062808    1.118861    2.060034    1.519079   3861.39   4385.57    1.000
      alpha_symdir   1.527009    0.040727    1.156116    1.937272    1.513549   3902.67   3903.99    1.000
      alpha_symdir   1.387575    0.047474    0.721752    1.752134    1.405671    373.77    437.95    1.003
      alpha_symdir   1.157333    0.032973    0.839782    1.512221    1.135941   1076.01   1278.55    1.001
      alpha_symdir   1.510049    0.049733    1.102666    1.948030    1.483385   7067.53   7357.72    1.000
      alpha_symdir   0.380419    0.014363    0.300829    0.431712    0.359449     27.41    115.43    1.011
      alpha_symdir   1.079096    0.028672    0.791674    1.419359    1.060242   3309.28   3589.89    1.001
      alpha_symdir   1.327613    0.038652    0.983124    1.729217    1.303568   3976.17   4376.23    1.000
      alpha_symdir   1.555903    0.067769    1.086172    2.067303    1.525846   3904.87   4186.98    1.000
      alpha_symdir   1.184932    0.030892    0.882174    1.542929    1.167017   4894.91   5728.65    1.000
      alpha_symdir   1.668477    0.115208    1.084434    2.323464    1.616391   6633.29   6651.44    1.000
      alpha_symdir   1.597230    0.147031    0.998489    2.354320    1.527332   6403.94   6881.69    1.000
      alpha_symdir   1.346741    0.037192    0.950090    1.722636    1.341452   2213.34   2636.16    1.000
      alpha_symdir   1.293186    0.032947    0.949128    1.653119    1.281151   1623.14   2153.25    1.000
      alpha_symdir   1.454351    0.034178    1.108425    1.819908    1.438234   7886.34   7964.24    1.000
      alpha_symdir   1.480648    0.063332    1.005314    1.960367    1.466687   2364.98   2485.71    1.000
      alpha_symdir   1.826265    0.126790    1.197951    2.500154    1.775193   7048.14   7530.81    1.000
      alpha_symdir   1.351074    0.068219    0.906167    1.872637    1.316135   4466.66   4534.80    1.001
      alpha_symdir   1.235470    0.021052    0.974783    1.535119    1.218390   5852.31   5947.75    1.000
      alpha_symdir   3.115053    1.160484    1.466987    5.283056    2.897452   7754.20   7794.11    1.000
      alpha_symdir   0.819117    0.046408    0.564073    1.301421    0.735559    657.96    839.18    1.000
      alpha_symdir   1.384320    0.043856    0.996778    1.795816    1.361651   7241.24   7829.65    1.000
      alpha_symdir   1.036203    0.015617    0.811060    1.285958    1.019880   3476.52   4223.12    1.000
      alpha_symdir   0.432870    0.005018    0.347111    0.515903    0.421909   1342.46   2169.28    1.000
      alpha_symdir   0.408125    0.002125    0.344639    0.478116    0.402718   1440.26   3993.06    1.000
      alpha_symdir   1.250671    0.071725    0.830405    1.788696    1.203556   4382.68   4823.17    1.000
      alpha_symdir   1.407570    0.089572    0.830572    2.027910    1.399284   4085.64   4121.51    1.000
      alpha_symdir   1.159400    0.053042    0.793835    1.665189    1.145854   1518.89   1809.87    1.000
      alpha_symdir   0.952787    0.046026    0.312586    1.234806    0.983482   1108.93   1164.61    1.000
      alpha_symdir   1.472483    0.040110    1.108759    1.876579    1.453000   5119.90   5295.48    1.000
      alpha_symdir   1.336328    0.077924    0.808055    1.858278    1.326630   1967.93   2061.16    1.001
      alpha_symdir   1.137484    0.016058    0.911181    1.400974    1.130158   1812.40   2068.42    1.000
      alpha_symdir   1.403107    0.073281    0.946039    1.948611    1.362452   3310.31   3827.14    1.000
      alpha_symdir   1.172211    0.051825    0.826452    1.673763    1.163569    384.45    600.47    1.000
      alpha_symdir   1.601806    0.719424    0.000459    3.065551    1.544012     73.02   1389.63    1.013
      alpha_symdir   1.359669    0.041859    0.959475    1.755260    1.349531    617.81    928.63    1.002
      alpha_symdir   2.141072    0.370286    1.194075    3.335328    2.021215   8706.26   8850.00    1.000
      alpha_symdir   1.214970    0.044453    0.848290    1.644832    1.183814   2444.94   2573.63    1.000
      alpha_symdir   1.398623    0.081324    0.893883    1.979313    1.366417   4336.29   4415.17    1.000
      alpha_symdir   0.849409    0.007656    0.692625    1.021583    0.838762   4607.40   5260.72    1.000
      alpha_symdir   1.145840    0.011252    0.947728    1.362787    1.140893   1103.94   1937.04    1.000
      alpha_symdir   1.311087    0.023003    1.037019    1.623545    1.299448   4085.41   4164.60    1.000
      alpha_symdir   1.261911    0.032886    0.934759    1.626064    1.240586   4324.00   4399.89    1.000
      alpha_symdir   1.591578    0.085839    1.084254    2.196009    1.553017   6614.08   6946.25    1.000
      alpha_symdir   1.371448    0.032327    1.032421    1.743273    1.365103   3299.62   3582.71    1.000
      alpha_symdir   1.435906    0.048393    1.025888    1.869618    1.415307   3986.70   4165.86    1.000
      alpha_symdir   1.405438    0.085458    0.902052    1.989141    1.363735   2436.28   2716.05    1.000
      alpha_symdir   1.187923    0.028901    0.887992    1.538672    1.168941   5153.80   5646.32    1.000
      alpha_symdir   1.503601    0.053113    1.080733    1.963244    1.478573   6029.78   6364.83    1.000
      alpha_symdir   1.620910    0.058366    1.186242    2.130079    1.605058   4144.47   4175.91    1.000
      alpha_symdir   1.355532    0.031839    1.048780    1.727278    1.335996   3750.01   4257.84    1.000
      alpha_symdir   0.873435    0.017893    0.647402    1.132742    0.850183    874.02   1215.14    1.001
      alpha_symdir   1.371888    0.062687    0.965524    1.868917    1.333834   3760.10   4194.73    1.000
      alpha_symdir   1.140056    0.021333    0.899940    1.446688    1.117822   2985.66   3049.31    1.000
      alpha_symdir   1.382939    0.019759    1.119118    1.669313    1.374684   3671.46   4200.55    1.000
      alpha_symdir   1.322721    0.060418    0.878029    1.805358    1.294244   4528.25   4551.21    1.000
      alpha_symdir   1.420405    0.048108    1.027645    1.857565    1.393375   6562.14   6676.03    1.000
      alpha_symdir   1.384194    0.031565    1.050417    1.732485    1.366219   2369.04   2605.47    1.001
      alpha_symdir   1.270552    0.070597    0.813255    1.781912    1.239297   1945.57   2058.37    1.000
