      clockrate                0.704012    0.004538    0.578265    0.840188    0.700243    148.02    262.61    1.008
      clockrate                0.753772    0.006104    0.605295    0.910864    0.748529     73.70    124.34    1.000
      clockrate                0.616884    0.002517    0.520940    0.716083    0.615223    446.89    739.58    1.001
      clockrate                0.608800    0.002530    0.511512    0.706204    0.606587    368.14    960.90    1.008
      clockrate                0.835438    0.019328    0.596955    1.107765    0.815789     61.11     80.85    1.001
      clockrate                0.656201    0.010529    0.479621    0.855131    0.644669    193.79    320.97    1.001
      clockrate                0.559965    0.003009    0.455500    0.665386    0.556611    141.83    702.99    1.007
      clockrate                0.929462    0.058527    0.568407    1.419816    0.875241     52.14     80.91    1.058
      clockrate                0.845579    0.029254    0.546228    1.185267    0.820394    128.81    131.66    1.000
      clockrate                0.777912    0.009496    0.605340    0.970063    0.765640     47.43     55.36    1.008
      clockrate                0.639600    0.003458    0.524952    0.754345    0.636985    472.39    607.04    1.000
      clockrate                0.709642    0.012534    0.516153    0.923569    0.695855    922.58   1210.03    1.000
      clockrate                0.788642    0.014577    0.563809    1.028871    0.776839    114.59    217.77    1.015
      clockrate                0.957209    0.059125    0.554471    1.443460    0.912955    403.83    459.39    1.000
      clockrate                0.652331    0.016556    0.445759    0.907213    0.633341     50.08     86.00    1.014
      clockrate                0.615915    0.014917    0.442459    0.873170    0.582193     26.87     26.98    1.059
      clockrate                0.649575    0.004900    0.522504    0.793982    0.642754    110.36    123.30    1.009
      clockrate                0.833803    0.054979    0.476495    1.299983    0.788040     58.56    177.42    1.041
      clockrate                1.609567    0.359729    0.553658    2.726383    1.584524     40.33    105.32    1.054
      clockrate                0.865409    0.043853    0.550612    1.288062    0.820727    110.99    175.54    1.001
      clockrate                0.651132    0.003749    0.534442    0.774005    0.646973     81.28    105.51    1.001
      clockrate                0.721124    0.014182    0.518221    0.958744    0.706219    158.34    273.34    1.006
      clockrate                0.652659    0.010585    0.459033    0.850503    0.641319    120.46    168.49    1.001
      clockrate                0.744567    0.009990    0.561982    0.935727    0.733425    152.56    270.91    1.043
      clockrate                0.633256    0.004943    0.504305    0.769121    0.625622     56.49     65.70    1.002
      clockrate                0.727620    0.023962    0.457231    1.033574    0.708670    193.93    253.34    1.000
      clockrate                1.022271    0.049249    0.641248    1.470381    0.990866    139.67    201.55    1.001
      clockrate                0.731067    0.007029    0.570068    0.897582    0.726983    783.61    919.25    1.003
      clockrate                1.195180    0.129148    0.640439    1.892125    1.131366     56.31     58.76    1.002
      clockrate                0.665618    0.003849    0.549281    0.790208    0.661821    127.85    295.38    1.006
      clockrate                0.778192    0.011936    0.579672    0.998011    0.766021     83.17     90.10    1.026
      clockrate                0.696574    0.005806    0.553075    0.848775    0.691395    108.33    131.51    1.004
      clockrate                0.690804    0.003216    0.581508    0.803062    0.689409    522.53    533.69    1.004
      clockrate                0.638014    0.016531    0.412757    0.895169    0.620572    885.58    967.06    1.002
      clockrate                0.747072    0.003210    0.636881    0.858248    0.745441   1565.27   1591.81    1.000
      clockrate                0.785149    0.009721    0.603425    0.977758    0.777798    142.18    154.12    1.001
      clockrate                0.836316    0.011086    0.640617    1.047490    0.828164    423.53    514.11    1.019
      clockrate                0.822355    0.026402    0.554169    1.132738    0.795268    223.43    232.28    1.001
      clockrate                0.794862    0.013871    0.576571    1.030665    0.784113    109.12    201.24    1.002
      clockrate                0.845029    0.011333    0.648592    1.052147    0.835789    136.80    154.47    1.000
      clockrate                0.767862    0.003512    0.652082    0.882882    0.766376   1267.23   1378.36    1.001
      clockrate                0.851517    0.037139    0.538279    1.241229    0.815789     84.50     88.32    1.075
      clockrate                0.790424    0.004832    0.656264    0.928116    0.788825    709.44    714.75    1.000
      clockrate                0.756107    0.010069    0.579905    0.960738    0.741698     40.16     66.33    1.006
      clockrate                0.582522    0.003341    0.472585    0.697488    0.578950    130.01    183.73    1.004
      clockrate                0.626666    0.007182    0.468714    0.795402    0.618843    283.30    284.91    1.026
      clockrate                0.643672    0.008244    0.480044    0.825321    0.634013     88.28    119.42    1.000
      clockrate                0.703173    0.024113    0.435931    1.013570    0.684324    156.73    221.06    1.014
      clockrate                0.721608    0.012197    0.532151    0.942907    0.704864     76.41     88.38    1.012
      clockrate                0.639126    0.004510    0.512402    0.772637    0.633127    153.95    189.71    1.017
      clockrate                0.740192    0.023330    0.500631    1.046880    0.712432     66.86     69.03    1.000
      clockrate                0.947289    0.039597    0.623459    1.363470    0.907554     74.82     90.53    1.000
      clockrate                0.927162    0.042924    0.579785    1.336612    0.892962    244.82    246.47    1.000
      clockrate                0.661794    0.024503    0.421204    0.987335    0.625006     38.85     45.21    1.042
      clockrate                0.733152    0.013529    0.545149    0.972883    0.713107     42.00     46.10    1.003
      clockrate                0.609280    0.005665    0.477924    0.761376    0.598336     94.24     99.08    1.038
      clockrate                0.632096    0.002417    0.539153    0.731845    0.630126    299.03    673.95    1.002
      clockrate                0.757642    0.012800    0.559319    0.989872    0.742174    111.29    159.33    1.001
      clockrate                0.894580    0.060637    0.471509    1.376766    0.866495    169.79    290.80    1.001
      clockrate                0.594862    0.005057    0.458680    0.733903    0.588395    171.34    333.37    1.004
      clockrate                0.872952    0.021687    0.604252    1.162323    0.858011    209.29    315.19    1.002
      clockrate                0.630634    0.003093    0.521984    0.739956    0.629278   1275.72   1378.54    1.001
      clockrate                0.667706    0.007148    0.512970    0.838391    0.659678     87.58    122.87    1.000
      clockrate                0.498585    0.001822    0.417083    0.584542    0.497164   1095.42   1202.46    1.000
      clockrate                0.737453    0.006108    0.600125    0.887003    0.728810     70.53     84.67    1.008
      clockrate                0.596616    0.017325    0.385848    0.864159    0.575634     26.47     59.82    1.059
      clockrate                0.773615    0.028312    0.502653    1.124333    0.741717     72.21     79.65    1.006
      clockrate                0.734185    0.020188    0.513312    1.006062    0.710548     60.07     66.05    1.009
      clockrate                0.585880    0.012774    0.399429    0.814840    0.564976     61.81    104.62    1.002
      clockrate                0.635219    0.023318    0.401260    0.941569    0.604638     72.39     92.40    1.018
      clockrate                0.771258    0.005570    0.627768    0.918231    0.767931    911.82    931.08    1.002
      clockrate                0.998035    0.047853    0.622028    1.431636    0.965969    220.24    274.26    1.000
      clockrate                0.628074    0.012100    0.451413    0.851602    0.607939     52.41     59.41    1.005
      clockrate                0.645801    0.014609    0.440621    0.896221    0.628988     81.05     81.28    1.006
      clockrate                0.735377    0.009441    0.561534    0.926879    0.725099    112.27    292.75    1.010
      clockrate                1.312328    0.160212    0.682787    2.141147    1.233801    577.34    995.48    1.000
      clockrate                0.679421    0.006177    0.530600    0.831584    0.674029    108.63    267.95    1.007
      clockrate                0.792191    0.024630    0.548457    1.110499    0.760978     77.23    117.25    1.000
      clockrate                0.932176    0.020404    0.679571    1.218135    0.914323    115.78    178.35    1.002
      clockrate                0.785223    0.013235    0.577389    1.015621    0.774085    505.52    511.97    1.003
      clockrate                0.594138    0.004865    0.470481    0.724880    0.587283     56.86    100.39    1.006
      clockrate                0.558243    0.002658    0.459366    0.655641    0.555266    130.76    307.63    1.014
      clockrate                0.631255    0.003951    0.508975    0.756863    0.629662    776.34    849.87    1.001
      clockrate                0.993407    0.023461    0.708341    1.299298    0.980675    351.18    351.27    1.000
      clockrate                0.555302    0.008280    0.403075    0.719494    0.544624    200.43    203.86    1.014
      clockrate                0.801012    0.006461    0.647830    0.963636    0.798443    170.80    735.16    1.016
      clockrate                1.112830    0.061261    0.703917    1.615368    1.070736     26.70     32.57    1.028
      clockrate                0.645010    0.011526    0.458892    0.861697    0.629803    324.09    333.73    1.010
      clockrate                0.678184    0.020784    0.442650    0.970977    0.653645     90.01     92.46    1.021
      clockrate                0.952729    0.037853    0.648165    1.368789    0.913239     54.12     80.53    1.024
      clockrate                0.610704    0.002798    0.509694    0.716801    0.609170    213.60    607.86    1.006
      clockrate                0.687687    0.007829    0.521284    0.859273    0.678586     63.58     76.94    1.041
      clockrate                0.677539    0.005678    0.533400    0.824710    0.673320    169.59    279.17    1.006
      clockrate                0.854692    0.047157    0.543431    1.312861    0.804590    120.18    175.56    1.003
      clockrate                0.538015    0.003232    0.428764    0.650370    0.533931    256.61    294.94    1.000
      clockrate                0.628337    0.002776    0.527334    0.733406    0.626515    689.17    916.22    1.000
      clockrate                0.823203    0.013897    0.602818    1.057603    0.812356     71.20    157.11    1.031
      clockrate                0.810835    0.017681    0.582506    1.076104    0.790155    102.22    158.65    1.003
      clockrate                0.877091    0.039445    0.545674    1.264964    0.847184     75.90     93.08    1.003
      clockrate                0.930072    0.020809    0.686451    1.228297    0.903962     32.49     33.54    1.001
