      clockrate                0.838762    0.006053    0.700467    0.994204    0.832208     53.43     58.73    1.024
      clockrate                0.814476    0.004858    0.682132    0.952638    0.812088    781.94    802.69    1.000
      clockrate                0.690320    0.004752    0.562535    0.827637    0.681980     18.12    342.90    1.116
      clockrate                0.814130    0.004137    0.688067    0.940078    0.812996    130.14    396.86    1.001
      clockrate                0.741134    0.004152    0.618513    0.868406    0.738812    180.26    188.47    1.021
      clockrate                0.770932    0.008953    0.591725    0.957399    0.763723    307.36    512.81    1.001
      clockrate                0.755148    0.003127    0.648784    0.868843    0.754088    661.88    922.26    1.001
      clockrate                1.122622    0.076773    0.668003    1.700317    1.076750     96.93    100.81    1.001
      clockrate                0.883712    0.009739    0.706788    1.084577    0.875093    188.60    236.35    1.005
      clockrate                0.917307    0.008167    0.748470    1.089420    0.909326     22.82    276.27    1.020
      clockrate                0.818277    0.009193    0.652107    1.019528    0.806678     29.04     47.22    1.005
      clockrate                1.136547    0.044692    0.736999    1.546284    1.115882    145.66    237.89    1.000
      clockrate                0.923863    0.018968    0.669164    1.194850    0.908746     78.83    127.12    1.013
      clockrate                1.564797    0.297800    0.577900    2.556266    1.547325     24.34     25.01    1.001
      clockrate                0.706402    0.003809    0.586144    0.826431    0.705242    341.12    356.89    1.001
      clockrate                0.762348    0.002513    0.665485    0.862393    0.760871    967.07   1027.88    1.005
      clockrate                0.708118    0.005369    0.572494    0.856196    0.701873     43.46    277.21    1.016
      clockrate                1.149604    0.103885    0.641324    1.800409    1.085348    110.70    121.51    1.023
      clockrate                1.923351    0.331918    0.984448    3.058064    1.819750    367.57    458.31    1.001
      clockrate                1.318437    0.077335    0.825745    1.866690    1.287594     35.07     56.78    1.063
      clockrate                0.739956    0.003707    0.622135    0.859386    0.738358    341.65    621.06    1.005
      clockrate                0.731666    0.010896    0.541043    0.929431    0.719575    155.89    197.61    1.001
      clockrate                1.016284    0.068090    0.600358    1.527163    0.967910     75.64    107.75    1.006
      clockrate                0.887001    0.014172    0.683459    1.136768    0.871796     55.77    103.57    1.034
      clockrate                0.921577    0.005649    0.782501    1.077698    0.918718    905.34    980.18    1.000
      clockrate                0.917054    0.028400    0.636826    1.259448    0.892512     57.45     58.96    1.000
      clockrate                0.860229    0.010711    0.670463    1.065811    0.850085     83.60     90.00    1.000
      clockrate                0.841220    0.013057    0.643023    1.074943    0.825707     49.74     59.85    1.013
      clockrate                0.995447    0.060605    0.624093    1.478909    0.942529     47.86     66.53    1.003
      clockrate                0.753230    0.005249    0.615716    0.897171    0.750489    566.48    850.70    1.000
      clockrate                0.804573    0.010251    0.618720    1.011128    0.795555     84.56     86.96    1.017
      clockrate                0.771439    0.007349    0.607252    0.935973    0.765832     98.84    152.89    1.000
      clockrate                0.664731    0.003264    0.553057    0.777509    0.663504    329.74    367.42    1.001
      clockrate                0.980097    0.027470    0.693862    1.300371    0.954062    128.42    260.09    1.027
      clockrate                0.760969    0.002648    0.662145    0.864485    0.760028    853.20    960.46    1.000
      clockrate                0.686125    0.019582    0.450339    0.963425    0.664536     32.15    130.67    1.003
      clockrate                0.980436    0.010960    0.780355    1.181000    0.973392    213.70    308.51    1.005
      clockrate                1.067802    0.023257    0.792544    1.355575    1.051721    270.23    283.69    1.001
      clockrate                1.016783    0.040753    0.675982    1.425715    0.981818     40.64     57.62    1.007
      clockrate                0.904102    0.008656    0.732133    1.092644    0.897671     54.37    298.13    1.005
      clockrate                0.839560    0.004705    0.710346    0.979769    0.836528    311.03    469.63    1.006
      clockrate                0.827267    0.025346    0.589534    1.149629    0.792707     29.37     40.47    1.004
      clockrate                0.747941    0.005712    0.601969    0.888472    0.742330     37.57    175.78    1.012
      clockrate                0.811785    0.008350    0.649541    0.999278    0.798947     53.69     70.96    1.120
      clockrate                0.816956    0.006182    0.671313    0.975528    0.811327    129.17    152.31    1.015
      clockrate                0.762378    0.016113    0.538611    1.009948    0.744309     35.75     85.43    1.006
      clockrate                0.945334    0.008873    0.768186    1.133926    0.939743     99.48    121.83    1.023
      clockrate                1.115447    0.099979    0.684239    1.791485    1.025110     23.46     24.26    1.147
      clockrate                0.678020    0.004723    0.548099    0.814884    0.674623    191.09    218.72    1.034
      clockrate                0.639761    0.002763    0.538799    0.744098    0.637452    220.04    441.24    1.002
      clockrate                0.788965    0.008117    0.618648    0.968486    0.783717    284.78    323.01    1.004
      clockrate                0.821675    0.028559    0.535702    1.162972    0.791694     66.43     69.16    1.030
      clockrate                1.354990    0.035157    0.994881    1.719788    1.336049     87.24    171.16    1.009
      clockrate                0.791672    0.020348    0.556633    1.085310    0.770929     29.24     36.64    1.000
      clockrate                0.712782    0.006385    0.565478    0.869379    0.705998     57.58    138.89    1.003
      clockrate                0.815092    0.006072    0.666123    0.966208    0.809495     79.25    204.68    1.000
      clockrate                0.827811    0.003429    0.717060    0.944490    0.826670    138.97    465.02    1.013
      clockrate                0.943741    0.021614    0.681864    1.231509    0.922316    136.16    139.11    1.001
      clockrate                0.973000    0.038607    0.633909    1.364851    0.940681     66.35    155.48    1.026
      clockrate                0.836176    0.046691    0.533237    1.267675    0.785116     18.92     20.21    1.109
      clockrate                1.042689    0.034171    0.699075    1.399560    1.023209    564.24    593.56    1.004
      clockrate                0.710258    0.003623    0.596328    0.831179    0.707449    174.40    366.43    1.016
      clockrate                0.788167    0.013732    0.585181    1.025233    0.771263     55.27    102.87    1.088
      clockrate                0.713662    0.003196    0.603169    0.825333    0.712666    211.02    360.55    1.000
      clockrate                0.653184    0.006403    0.509708    0.814265    0.642664     40.85     50.55    1.007
      clockrate                0.789012    0.011625    0.609767    0.997532    0.770472     18.54     96.55    1.049
      clockrate                1.230470    0.230454    0.646340    2.262071    1.059953     35.58     42.77    1.008
      clockrate                1.197325    0.076552    0.783238    1.733285    1.139251     37.98     65.91    1.028
      clockrate                0.912638    0.032866    0.612176    1.273294    0.878850     79.22     83.82    1.011
      clockrate                0.919737    0.016080    0.680927    1.169573    0.906071     33.11    109.89    1.048
      clockrate                0.796188    0.008829    0.620799    0.983390    0.784771     94.90    102.33    1.003
      clockrate                0.755131    0.009672    0.571384    0.950288    0.746449     84.30    347.44    1.015
      clockrate                0.780476    0.005303    0.642216    0.923665    0.776623    154.57    569.60    1.025
      clockrate                0.884230    0.020848    0.627572    1.170293    0.864980     40.55     43.79    1.044
      clockrate                0.912411    0.015179    0.688710    1.154170    0.897744     72.25    114.75    1.000
      clockrate                2.014724    0.374204    0.919398    3.192180    1.932555     92.60    318.32    1.005
      clockrate                0.780600    0.004261    0.654812    0.911524    0.778696    272.99    275.02    1.000
      clockrate                1.096637    0.056451    0.739101    1.562715    1.047710     26.08     60.06    1.001
      clockrate                0.904138    0.015215    0.714004    1.154027    0.878549     17.30     23.27    1.058
      clockrate                0.922443    0.044209    0.616265    1.327492    0.879942    111.41    124.44    1.005
      clockrate                0.817568    0.007630    0.647215    0.985966    0.813781     56.28    105.53    1.007
      clockrate                0.759232    0.002725    0.657723    0.861482    0.757989    856.80    946.97    1.001
      clockrate                0.845413    0.005607    0.702313    0.993558    0.841866     61.75    592.29    1.020
      clockrate                0.991954    0.042636    0.678136    1.413676    0.942417     45.35    111.67    1.496
      clockrate                0.764307    0.013233    0.555222    0.982261    0.752331    147.53    180.78    1.003
      clockrate                0.679690    0.004121    0.557111    0.807378    0.676113    173.28    383.13    1.024
      clockrate                1.130707    0.053167    0.735455    1.563165    1.097208     60.06     84.04    1.002
      clockrate                0.829506    0.028821    0.542908    1.174124    0.798858     19.28     39.11    1.007
      clockrate                0.910420    0.009590    0.731447    1.107539    0.903869    125.64    246.11    1.001
      clockrate                1.155564    0.075452    0.688343    1.706567    1.111091    108.46    125.21    1.005
      clockrate                0.766987    0.004021    0.642903    0.891340    0.764416    157.24    470.86    1.005
      clockrate                0.831901    0.008192    0.647974    1.002580    0.830592    172.85    348.90    1.011
      clockrate                0.734591    0.008188    0.571734    0.919758    0.724822     18.02     36.04    1.020
      clockrate                1.149096    0.086524    0.687508    1.747712    1.091624     62.81     65.28    1.008
      clockrate                0.958787    0.032252    0.646065    1.329743    0.932375    113.02    127.76    1.003
      clockrate                0.751963    0.004709    0.619416    0.886198    0.745410     35.92     84.14    1.046
      clockrate                0.798332    0.007091    0.641518    0.960885    0.793316     87.56    163.44    1.003
      clockrate                1.034318    0.085352    0.654825    1.618683    0.946600     21.86     23.70    1.034
      clockrate                0.779009    0.013719    0.592836    1.024420    0.756529     22.79    117.43    1.186
      clockrate                0.925319    0.025857    0.659950    1.267258    0.896560     33.09     34.55    1.006
