0.3488372
0.5277778
0.25
0.5909091
0.3181818
0.1
0.1794872
0.2727273
0.3793103
0.3111111
0.4473684
0.25
0.3043478
0.3125
0.4418605
0.3478261
0.4418605
0.1578947
0
0.5
0.3695652
0.5
0.3870968
0.2307692
0.175
0.4074074
0.4117647
0.2857143
0.1851852
0.3076923
0.3658537
0.2972973
0.2972973
0.1176471
0.2173913
0.3
0.3703704
0.2727273
0.2631579
0.32
0.3404255
0.3103448
0.3617021
0.3617021
0.2972973
0.4444444
0.375
0.2083333
0.3030303
0.1777778
0.3913043
0.2777778
0.3157895
0.1333333
0.3125
0.2285714
0.3809524
0.3636364
0.35
0.4411765
0.2222222
0.3
0.32
0.2222222
0.4186047
0.4
0.4705882
0.4545455
0.1923077
0.5
0.25
0.4814815
0.275
0.5238095
0.4230769
0.1666667
0.4705882
0.3333333
0.3414634
0.1578947
0.3235294
0.2272727
0.4358974
0.3142857
0.4210526
0.3157895
0.4666667
0.25
0.1923077
0.375
0.3488372
0.2857143
0.4565217
0.25
0.5
0.2608696
0.3666667
0.2142857
0.4473684
0.2580645
