      age[0]                   0.922964    0.001613    0.851169    1.003621    0.917841    1.000    2
      age[0]                   1.027207    0.001190    0.964527    1.095169    1.023030    1.001    2
      age[0]                   0.999610    0.001283    0.935078    1.072931    0.996473    1.023    2
      age[0]                   1.005006    0.001188    0.942671    1.075293    1.001283    1.008    2
      age[0]                   1.040731    0.001585    0.967235    1.120870    1.036978    1.007    2
      age[0]                  1.006352    0.001829    0.928673    1.092618    1.002256    1.001    2
      age[0]                   1.023676    0.001106    0.966103    1.095100    1.019400    1.002    2
      age[0]                  0.824965    0.003555    0.723563    0.937611    0.815418    1.000    2
      age[0]                  1.002574    0.001117    0.941187    1.067948    0.999650    1.000    2
      age[0]                   1.018433    0.002374    0.931534    1.114018    1.012845    1.020    2
      age[0]                   0.964383    0.001932    0.888620    1.050644    0.958627    1.027    2
      age[0]                  0.913818    0.005331    0.831191    1.060574    0.894188    1.000    2
      age[0]                  0.913294    0.002283    0.857040    1.007273    0.901193    1.004    2
      age[0]                  0.930980    0.011069    0.793076    1.150080    0.902879    1.001    2
      age[0]                   1.038112    0.001737    0.963293    1.125096    1.034673    1.004    2
      age[0]                   1.030168    0.001432    0.958740    1.102171    1.027694    1.005    2
      age[0]                   1.031528    0.001026    0.972005    1.091908    1.028446    1.004    2
      age[0]                  0.975894    0.004515    0.858100    1.110464    0.968503    1.013    2
      age[0]                  0.975155    0.037518    0.643351    1.362269    0.945012    1.000    2
      age[0]                  1.009140    0.002629    0.951793    1.109241    0.995946    1.008    2
      age[0]                   1.040571    0.001930    0.960681    1.129499    1.035988    1.000    2
      age[0]                  1.045680    0.001839    0.979083    1.125582    1.038542    1.002    2
      age[0]                  0.920856    0.006361    0.774396    1.077247    0.912377    1.000    2
      age[0]                  1.035959    0.003443    0.922516    1.154032    1.032151    1.008    2
      age[0]                   0.971052    0.001401    0.903345    1.042422    0.966880    1.007    2
      age[0]                  0.950465    0.005043    0.820783    1.092776    0.944662    1.000    2
      age[0]                   0.935744    0.002305    0.849055    1.029720    0.931389    1.000    2
      age[0]                   0.971745    0.003180    0.866406    1.085353    0.967252    1.005    2
      age[0]                  0.930487    0.006870    0.775502    1.094350    0.923828    1.013    2
      age[0]                   1.078005    0.005144    0.942763    1.218740    1.072925    1.000    2
      age[0]                   0.959280    0.001506    0.886689    1.036498    0.955551    1.011    2
      age[0]                   0.969469    0.001528    0.914802    1.045208    0.961279    1.002    2
      age[0]                   1.092294    0.001629    1.017919    1.173127    1.089109    1.002    2
      age[0]                  1.005591    0.001283    0.970761    1.077312    0.994419    1.000    2
      age[0]                   1.017539    0.001263    0.949226    1.086320    1.015669    1.002    2
      age[0]                  1.094283    0.004227    0.980632    1.229340    1.087241    1.000    2
      age[0]                  0.918236    0.001724    0.841847    1.002210    0.915214    1.000    2
      age[0]                  0.905516    0.000544    0.872942    0.950031    0.901029    1.004    2
      age[0]                  1.013241    0.000938    0.965595    1.070697    1.007941    1.003    2
      age[0]                  1.022882    0.001327    0.954856    1.097496    1.019716    1.000    2
      age[0]                   0.950090    0.001978    0.869575    1.037275    0.945614    1.011    2
      age[0]                  0.980398    0.003168    0.875658    1.095456    0.978310    1.002    2
      age[0]                   0.863146    0.002601    0.767836    0.971680    0.858938    1.016    2
      age[0]                   0.990981    0.002629    0.892214    1.090108    0.988686    1.048    2
      age[0]                   1.016159    0.001122    0.957376    1.086327    1.011770    1.006    2
      age[0]                  1.037777    0.002625    0.947337    1.141451    1.031484    1.000    2
      age[0]                   1.016374    0.001994    0.930191    1.105806    1.013211    1.018    2
      age[0]                  0.956803    0.001219    0.915297    1.021467    0.948704    1.000    2
      age[0]                  1.004855    0.001472    0.948148    1.076004    0.998322    1.006    2
      age[0]                   1.033182    0.001521    0.959774    1.109446    1.029146    1.000    2
      age[0]                  1.064569    0.002418    0.976519    1.164623    1.059156    1.000    2
      age[0]                  1.039768    0.007224    0.886721    1.216950    1.031179    1.027    2
      age[0]                  0.887720    0.001774    0.827729    0.966669    0.880517    1.000    2
      age[0]                  0.916440    0.004548    0.796758    1.047945    0.908845    1.000    2
      age[0]                  0.995569    0.001460    0.926273    1.072947    0.991766    1.002    2
      age[0]                   1.008198    0.001100    0.966027    1.073103    1.000213    1.001    2
      age[0]                   0.980964    0.000737    0.931879    1.031917    0.977640    1.009    2
      age[0]                  0.974320    0.003894    0.856898    1.089700    0.966083    1.000    2
      age[0]                  0.981850    0.002875    0.880381    1.084576    0.977601    1.012    2
      age[0]                   1.023223    0.003252    0.927844    1.130081    1.014671    1.055    2
      age[0]                  1.024217    0.002385    0.956553    1.117659    1.014558    1.001    2
      age[0]                   0.994091    0.001872    0.912331    1.077338    0.990922    1.013    2
      age[0]                  1.027693    0.001560    0.952873    1.107726    1.024778    1.025    2
      age[0]                   1.036812    0.002363    0.944658    1.134459    1.032489    1.003    2
      age[0]                   1.038204    0.003049    0.930568    1.145818    1.033749    1.002    2
      age[0]                   1.037310    0.003081    0.929987    1.151094    1.035768    1.001    2
      age[0]                  0.892145    0.010078    0.692188    1.068119    0.892436    1.010    2
      age[0]                  0.956877    0.001269    0.892420    1.024398    0.952775    1.008    2
      age[0]                  0.984825    0.004506    0.856847    1.116290    0.979869    1.002    2
      age[0]                  0.999859    0.001773    0.921801    1.082825    0.995038    1.005    2
      age[0]                   0.979918    0.001684    0.904828    1.064959    0.976630    1.000    2
      age[0]                  0.996723    0.001851    0.919753    1.083179    0.991869    1.001    2
      age[0]                   1.026961    0.002214    0.937063    1.118046    1.022532    1.005    2
      age[0]                  0.950684    0.003606    0.836879    1.061910    0.943516    1.018    2
      age[0]                  1.006667    0.001872    0.926046    1.090230    1.002898    1.006    2
      age[0]                  0.894003    0.012930    0.792186    1.106604    0.861726    1.002    2
      age[0]                   0.999038    0.001483    0.928648    1.076435    0.996129    1.000    2
      age[0]                  0.969778    0.001783    0.891139    1.053342    0.965914    1.000    2
      age[0]                   0.968001    0.000789    0.914075    1.023341    0.966485    1.014    2
      age[0]                  1.028367    0.003395    0.919822    1.148481    1.025497    1.001    2
      age[0]                   0.877185    0.002585    0.787181    0.982284    0.873109    1.008    2
      age[0]                   0.921000    0.001387    0.847528    0.993193    0.918527    1.000    2
      age[0]                   0.992916    0.001494    0.925969    1.063491    0.987987    1.001    2
      age[0]                   0.812784    0.004061    0.700829    0.922379    0.808411    1.228    2
      age[0]                  1.005331    0.004037    0.885156    1.131008    0.998563    1.000    2
      age[0]                   1.033783    0.002541    0.944989    1.136230    1.028456    1.005    2
      age[0]                  0.717204    0.005404    0.573573    0.864973    0.713194    1.003    2
      age[0]                  1.028082    0.004746    0.905138    1.147845    1.023177    1.009    2
      age[0]                  0.952305    0.001695    0.878812    1.033321    0.947149    1.000    2
      age[0]                  0.910462    0.004147    0.802186    1.041441    0.901185    1.006    2
      age[0]                   1.031268    0.001877    0.953346    1.119185    1.026055    1.000    2
      age[0]                   1.014659    0.002334    0.931128    1.115340    1.008542    1.005    2
      age[0]                   1.001350    0.002091    0.917603    1.095715    0.996851    1.020    2
      age[0]                  0.943050    0.003066    0.846461    1.051751    0.934466    1.003    2
      age[0]                   1.018138    0.004694    0.897104    1.159512    1.009757    1.000    2
      age[0]                   1.021875    0.001004    0.962379    1.085771    1.018794    1.010    2
      age[0]                  1.026134    0.001181    0.959284    1.091431    1.023950    1.004    2
      age[0]                  1.009617    0.000992    0.962751    1.067895    1.004177    1.000    2
      age[0]                   0.946747    0.003634    0.833341    1.070188    0.944498    1.098    2
      age[0]                  0.859780    0.002882    0.778679    0.957982    0.852582    1.006    2
