      clockrate                1.229737    0.020246    0.965797    1.512092    1.218075     76.23     88.95    1.004
      clockrate                1.055009    0.004363    0.927419    1.185348    1.052645   2365.37   2385.35    1.002
      clockrate                1.055849    0.003507    0.942744    1.173930    1.053589    175.56    277.91    1.003
      clockrate                0.949377    0.003819    0.835417    1.075743    0.945232    143.09    190.71    1.031
      clockrate                1.085142    0.005196    0.947373    1.226773    1.081049    163.94    253.64    1.003
      clockrate                1.026674    0.009912    0.837209    1.221419    1.018731    326.85    333.24    1.000
      clockrate                1.093260    0.003654    0.977042    1.212783    1.090755    188.21   1386.45    1.004
      clockrate                1.534308    0.096923    1.047798    2.103020    1.481301     56.32     72.20    1.005
      clockrate                1.145321    0.009171    0.962960    1.336271    1.139831    524.70    675.40    1.001
      clockrate                1.056925    0.003353    0.946612    1.172666    1.054559    382.21    655.70    1.010
      clockrate                1.081554    0.008664    0.909365    1.268920    1.073142    118.28    264.05    1.000
      clockrate                1.015399    0.032199    0.692665    1.386551    0.991008    235.10    242.04    1.001
      clockrate                1.202541    0.011724    0.999717    1.420577    1.196824    249.24    274.09    1.000
      clockrate                1.122200    0.062297    0.713845    1.626327    1.080844    259.41    278.47    1.001
      clockrate                1.112235    0.012815    0.910883    1.343498    1.099034    223.64    231.75    1.000
      clockrate                1.071044    0.003044    0.964989    1.181860    1.069746    805.09    965.25    1.001
      clockrate                1.042590    0.003998    0.922957    1.169717    1.039585    284.41    387.06    1.000
      clockrate                1.279397    0.052901    0.878019    1.732604    1.243267    398.78    423.08    1.000
      clockrate                1.666074    0.242335    0.954157    2.685812    1.558616    519.87    626.79    1.000
      clockrate                1.046934    0.021177    0.813371    1.348979    1.020223     55.31     62.78    1.000
      clockrate                1.107292    0.008297    0.943340    1.291946    1.098625     73.47     85.47    1.021
      clockrate                0.950948    0.007329    0.789941    1.120364    0.945199    599.13    890.96    1.001
      clockrate                1.075610    0.013833    0.857883    1.309462    1.065803    246.10    329.27    1.001
      clockrate                1.155622    0.017416    0.911899    1.421699    1.141704    249.17    293.51    1.009
      clockrate                1.178168    0.005328    1.038882    1.323307    1.175527    167.88    894.07    1.007
      clockrate                1.103045    0.011351    0.900773    1.313153    1.095042    116.64    231.77    1.006
      clockrate                1.176492    0.013795    0.951569    1.407941    1.165966    291.31    339.00    1.002
      clockrate                0.955616    0.005884    0.817448    1.114476    0.949547    128.98    204.67    1.007
      clockrate                1.185821    0.020200    0.941418    1.483363    1.164893    101.42    119.32    1.000
      clockrate                1.028976    0.006035    0.883257    1.183927    1.022854    149.34    160.29    1.008
      clockrate                1.344687    0.035888    0.994978    1.713580    1.330280     42.02     99.04    1.024
      clockrate                1.139421    0.010644    0.951948    1.350582    1.128783     54.60     65.16    1.038
      clockrate                1.026863    0.004611    0.897753    1.158033    1.022394     78.31    355.83    1.048
      clockrate                1.126865    0.035021    0.819357    1.497279    1.097910    586.20    664.81    1.000
      clockrate                1.003669    0.003072    0.896075    1.111987    1.001538    291.11    349.67    1.006
      clockrate                0.966506    0.016223    0.752375    1.224892    0.945177     64.97    143.08    1.055
      clockrate                1.021031    0.009336    0.837674    1.211747    1.015418    378.96    398.43    1.001
      clockrate                0.923766    0.006647    0.764121    1.082766    0.919424   1223.64   1445.58    1.000
      clockrate                1.067597    0.034078    0.794729    1.464499    1.024913     66.13    109.34    1.001
      clockrate                1.101240    0.012837    0.900842    1.338009    1.087388    117.82    182.46    1.008
      clockrate                1.086626    0.003692    0.970799    1.208141    1.084954    263.79    340.84    1.000
      clockrate                1.081992    0.010943    0.889830    1.289003    1.073312    216.66    234.91    1.018
      clockrate                1.019166    0.006505    0.870827    1.175821    1.010532     69.17     70.96    1.002
      clockrate                1.001953    0.005382    0.862115    1.146662    0.997627    245.95    279.28    1.010
      clockrate                1.048324    0.005365    0.906837    1.192582    1.044707    180.31    454.07    1.014
      clockrate                0.956661    0.011200    0.763494    1.167988    0.944931    129.02    183.68    1.004
      clockrate                1.190985    0.005554    1.048372    1.339554    1.188827    457.75    678.13    1.000
      clockrate                1.550633    0.106562    0.976860    2.168713    1.523504    106.97    128.70    1.007
      clockrate                1.096918    0.006697    0.941472    1.261906    1.092960    205.26    210.61    1.005
      clockrate                0.999452    0.005266    0.863847    1.145412    0.993125     82.00     85.22    1.019
      clockrate                1.096778    0.014756    0.878683    1.341926    1.081737    166.84    208.44    1.000
      clockrate                1.126053    0.077662    0.725266    1.716524    1.054757     85.23    104.76    1.002
      clockrate                1.191845    0.032448    0.884346    1.566696    1.164571    339.44    427.10    1.003
      clockrate                1.021724    0.004872    0.888190    1.160912    1.018706    285.10    301.25    1.003
      clockrate                1.135073    0.009301    0.958110    1.330134    1.126861    166.08    258.79    1.003
      clockrate                1.072472    0.009988    0.891416    1.279582    1.062522    281.77    371.51    1.003
      clockrate                1.028083    0.005256    0.892674    1.174551    1.022314     80.56     93.76    1.004
      clockrate                1.175822    0.019532    0.930383    1.456245    1.157225    261.59    266.83    1.000
      clockrate                1.195569    0.016401    0.959748    1.450984    1.183005    201.18    338.90    1.003
      clockrate                1.142628    0.008596    0.968233    1.330946    1.137823    171.33    180.50    1.000
      clockrate                1.108154    0.034296    0.818132    1.491261    1.070751    267.99    279.33    1.000
      clockrate                0.999941    0.003636    0.882506    1.115991    0.997511    201.51    215.97    1.002
      clockrate                1.018213    0.005639    0.876161    1.168984    1.014366    408.03    676.14    1.002
      clockrate                0.950857    0.005485    0.815934    1.101650    0.941969     45.81     58.87    1.035
      clockrate                1.026642    0.005288    0.887969    1.169796    1.021872    164.03    270.12    1.004
      clockrate                1.135266    0.013243    0.921871    1.361528    1.121918    148.81    208.11    1.000
      clockrate                1.503923    0.185911    0.819615    2.378155    1.422742    136.41    138.07    1.003
      clockrate                1.250333    0.018322    1.009489    1.515624    1.236812    250.63    296.25    1.001
      clockrate                1.318392    0.028628    1.021894    1.656669    1.295630    245.75    286.40    1.012
      clockrate                1.137605    0.019130    0.897461    1.412963    1.120322    172.90    227.23    1.012
      clockrate                1.128231    0.004490    0.998866    1.260998    1.126048    510.70    583.19    1.001
      clockrate                0.992247    0.007654    0.828102    1.167890    0.985929    267.88    411.53    1.004
      clockrate                1.161133    0.009079    0.981467    1.352558    1.153798    140.69    197.50    1.000
      clockrate                1.202807    0.024585    0.945565    1.530136    1.172912     44.48     47.97    1.010
      clockrate                1.076323    0.007810    0.909165    1.252626    1.070841    342.94    408.75    1.001
      clockrate                1.255597    0.141407    0.701181    2.031958    1.169511    639.96    641.59    1.000
      clockrate                1.000623    0.003489    0.885577    1.115861    0.999173    302.94    343.35    1.000
      clockrate                1.163403    0.027188    0.892919    1.493745    1.137429     88.55    175.99    1.008
      clockrate                1.034109    0.005683    0.892070    1.186368    1.030100    287.57    306.09    1.001
      clockrate                1.269556    0.042963    0.911194    1.687735    1.237641    328.58    362.69    1.003
      clockrate                1.019898    0.005265    0.882667    1.165536    1.016418    174.40    210.44    1.002
      clockrate                0.987290    0.002705    0.885470    1.088477    0.985723    266.59    723.40    1.002
      clockrate                1.140887    0.006764    0.985495    1.307173    1.136426    127.64    146.70    1.001
      clockrate                1.110542    0.008646    0.935947    1.293142    1.101487    102.01    109.82    1.045
      clockrate                0.983826    0.008663    0.813408    1.169655    0.976312    112.91    196.67    1.002
      clockrate                1.104248    0.012129    0.909897    1.329913    1.089927     65.44    113.20    1.016
      clockrate                1.178188    0.024276    0.912718    1.500460    1.153514     54.60     65.50    1.020
      clockrate                1.025575    0.010091    0.838705    1.226817    1.018159    159.65    211.93    1.001
      clockrate                1.040616    0.009367    0.863651    1.237953    1.032284    220.69    251.37    1.000
      clockrate                1.061015    0.015543    0.843323    1.306223    1.045110     63.93    197.52    1.051
      clockrate                1.006779    0.004255    0.882679    1.134581    1.004161    105.25    536.43    1.004
      clockrate                1.099098    0.007121    0.940074    1.267458    1.092551     98.16    101.22    1.019
      clockrate                1.101014    0.004743    0.973161    1.240714    1.096923     99.97    114.23    1.006
      clockrate                2.542872    0.455708    1.434794    3.929400    2.420039     65.60    106.06    1.012
      clockrate                1.176304    0.008231    1.003291    1.355878    1.169013    108.29    124.12    1.004
      clockrate                1.069211    0.003861    0.946751    1.190682    1.067554   1403.63   1583.10    1.000
      clockrate                1.007106    0.007446    0.848604    1.185020    1.000729    134.82    215.76    1.000
      clockrate                1.162778    0.024038    0.906143    1.481480    1.137367    158.67    165.61    1.001
      clockrate                1.108102    0.006339    0.957132    1.266379    1.101910     53.01     61.14    1.006
      clockrate                1.112386    0.007332    0.952134    1.284981    1.107581    312.29    603.80    1.009
