0.1162791
0.2222222
0.06818182
0.1818182
0.06818182
0.15
0.02564103
0.1818182
0.2413793
0.1111111
0.02631579
0.125
0.1304348
0.0625
0.2093023
0.02173913
0.1627907
0.05263158
0
0.0625
0.1086957
0.08333333
0.03225806
0.1538462
0.05
0.2075472
0.1764706
0.1142857
0.1111111
0.1025641
0.1707317
0.08108108
0.08108108
0.2941176
0.1086957
0
0.03703704
0
0.1052632
0.2
0.2340426
0
0.1702128
0.2978723
0.1351351
0.1111111
0.125
0.125
0.1212121
0.08888889
0.1304348
0.05555556
0
0.1333333
0.15625
0.02857143
0.1190476
0.1363636
0.1
0.08108108
0.05555556
0.1
0.08
0.06666667
0.2093023
0.175
0.1764706
0.1818182
0.03846154
0.1923077
0.225
0.03703704
0.15
0.1304348
0.1538462
0
0.1538462
0.2
0.195122
0.1052632
0.1052632
0.06818182
0.1794872
0.08571429
0
0.02631579
0.2
0.15
0.1153846
0.125
0.06976744
0
0.1086957
0.25
0.125
0.04347826
0.06666667
0.1428571
0.1315789
0.1290323
