      TL          5.112036    0.157041    4.347137    5.896589    5.099302  19061.34  20579.02    1.000
      TL          4.544409    0.143876    3.805374    5.289509    4.532238  16020.24  18665.86    1.000
      TL          4.228860    0.120349    3.551849    4.902888    4.218691  24852.92  25415.18    1.000
      TL          3.622670    0.105338    2.994202    4.262699    3.612750  23382.05  23901.70    1.000
      TL          4.541768    0.132883    3.847488    5.269211    4.532067  19129.45  20795.80    1.000
      TL          2.683269    0.096512    2.077346    3.284583    2.670837  28549.32  28819.32    1.000
      TL          4.261313    0.131057    3.546526    4.959655    4.251102  15817.36  16456.04    1.000
      TL          2.514612    0.091087    1.924482    3.101581    2.501936  25573.29  26716.95    1.000
      TL          3.874753    0.128957    3.181747    4.577933    3.862843  21805.72  21882.53    1.000
      TL          4.380967    0.127923    3.674960    5.070797    4.371076  19110.58  19890.51    1.000
      TL          3.882880    0.117979    3.211583    4.556318    3.872179  22555.06  22909.72    1.000
      TL          1.691785    0.073434    1.178214    2.230538    1.675868  27799.94  27805.68    1.000
      TL          2.964975    0.105525    2.341661    3.606944    2.951392  24675.55  24937.02    1.000
      TL          2.076967    0.089448    1.527143    2.691861    2.061621  26875.11  27391.00    1.000
      TL          5.142374    0.157398    4.377447    5.923721    5.132378  17206.40  18202.57    1.000
      TL          5.162808    0.155279    4.399210    5.939991    5.151536  21884.92  22302.98    1.000
      TL          3.461449    0.099397    2.846447    4.083057    3.450787  23555.12  25226.87    1.000
      TL          2.780650    0.113864    2.138695    3.452476    2.765002  23958.33  24002.53    1.000
      TL          1.271011    0.074630    0.761019    1.812933    1.250431  33138.77  33146.60    1.000
      TL          1.662684    0.065040    1.192624    2.183946    1.650712  31157.45  31290.88    1.000
      TL          3.740005    0.107457    3.120479    4.402445    3.730689  20692.23  21346.39    1.000
      TL          3.046200    0.108132    2.410866    3.696139    3.033250  26285.82  27018.97    1.000
      TL          3.270387    0.109576    2.628391    3.919191    3.258741  20817.03  21350.13    1.000
      TL          3.442274    0.124230    2.777264    4.157941    3.429294  20485.03  20996.09    1.000
      TL          3.142528    0.093151    2.555917    3.750689    3.132482  29395.95  29432.60    1.000
      TL          3.556261    0.119048    2.896319    4.239827    3.543782  25622.87  26512.20    1.000
      TL          4.355114    0.140171    3.621430    5.087952    4.342568  21367.51  22641.21    1.000
      TL          3.830366    0.119244    3.155586    4.503856    3.819372  23372.46  24010.61    1.000
      TL          2.819920    0.092726    2.233439    3.420896    2.808438  27938.01  28672.62    1.000
      TL          3.879908    0.118771    3.213061    4.556997    3.869925  21551.15  22001.04    1.000
      TL          4.252293    0.134357    3.549689    4.976372    4.240635  19643.09  19721.10    1.000
      TL          4.712358    0.149335    3.957272    5.465094    4.701065  20771.15  21165.13    1.000
      TL          3.632684    0.110803    2.985690    4.283770    3.622477  24945.58  25100.22    1.000
      TL          2.348281    0.099999    1.740541    2.972443    2.331692  26939.86  27505.31    1.000
      TL          4.373959    0.124260    3.695417    5.073540    4.365209  25528.60  26206.12    1.000
      TL          2.581813    0.096974    1.998913    3.210105    2.567987  27355.27  27811.13    1.000
      TL          2.855441    0.094804    2.266401    3.465935    2.845491  28169.47  28598.16    1.000
      TL          1.723082    0.066452    1.235400    2.237193    1.710202  20916.99  21696.81    1.000
      TL          3.073081    0.118352    2.418847    3.760384    3.058978  23849.97  25412.97    1.000
      TL          3.311592    0.112474    2.668476    3.978856    3.299394  25501.05  25758.49    1.000
      TL          3.899186    0.109782    3.250657    4.548468    3.889561  25359.70  25567.37    1.000
      TL          3.690479    0.125415    3.009327    4.389108    3.676947  24031.77  24449.34    1.000
      TL          5.144490    0.152631    4.382154    5.911647    5.133278  15405.08  15483.14    1.000
      TL          5.109262    0.155965    4.341355    5.893119    5.097996  13036.82  13337.58    1.000
      TL          4.566211    0.141051    3.849639    5.319472    4.554048  21948.43  22394.78    1.000
      TL          2.787007    0.093634    2.191954    3.387488    2.775585  23680.17  26178.18    1.000
      TL          4.291265    0.128299    3.591440    4.992899    4.280606  23545.23  24110.70    1.000
      TL          2.625347    0.093936    2.039811    3.234018    2.614654  24304.27  25013.71    1.000
      TL          3.407897    0.105145    2.781290    4.046196    3.398094  23115.76  23525.57    1.000
      TL          3.943888    0.113217    3.300083    4.616596    3.934094  26051.98  27154.74    1.000
      TL          2.788331    0.099214    2.193059    3.420389    2.776916  24455.62  25908.78    1.000
      TL          2.989170    0.122342    2.334257    3.695612    2.972711  25653.52  25954.45    1.000
      TL          2.714092    0.105223    2.102451    3.368955    2.701104  25621.10  26368.67    1.000
      TL          3.679643    0.124194    3.009362    4.386923    3.665746  18881.90  19846.45    1.000
      TL          3.769739    0.119865    3.094848    4.447257    3.757830  24725.80  26551.96    1.000
      TL          3.587140    0.111339    2.942371    4.244669    3.576556  20432.95  21939.45    1.000
      TL          4.439154    0.136087    3.728664    5.167374    4.428111  15704.03  17183.19    1.000
      TL          3.246100    0.123373    2.565038    3.940907    3.232568  25218.56  25655.65    1.000
      TL          2.530153    0.092071    1.945392    3.126739    2.517356  26294.31  27710.09    1.000
      TL          4.188886    0.132454    3.480586    4.894558    4.177727  21799.34  21854.84    1.000
      TL          1.882871    0.076076    1.347201    2.420695    1.869328  29393.01  29888.40    1.000
      TL          4.289731    0.127868    3.611967    5.009365    4.279074  19963.99  20113.04    1.000
      TL          2.671339    0.091895    2.085909    3.270047    2.659344  27178.65  27710.48    1.000
      TL          5.799242    0.185969    4.968637    6.651406    5.786557  16431.55  16876.77    1.000
      TL          4.315189    0.129922    3.627601    5.033852    4.305237  15677.76  16223.52    1.000
      TL          3.603605    0.107582    2.965037    4.248425    3.592428  17983.43  18474.56    1.000
      TL          2.614884    0.107007    1.991616    3.266499    2.600473  26458.01  26487.45    1.000
      TL          2.825079    0.105909    2.202712    3.473172    2.811537  26268.36  26270.17    1.000
      TL          4.777707    0.183490    3.946947    5.624982    4.761522  22038.36  22187.91    1.000
      TL          3.897973    0.136857    3.189307    4.633171    3.884513  23797.88  24406.55    1.000
      TL          3.524687    0.105581    2.882761    4.153486    3.514008  23051.33  24386.60    1.000
      TL          3.455820    0.112295    2.807269    4.115346    3.444347  26621.35  26759.31    1.000
      TL          4.715220    0.142679    3.987629    5.462791    4.706096  24642.73  25052.80    1.000
      TL          2.477859    0.088483    1.907919    3.065242    2.466585  19869.56  20616.87    1.000
      TL          2.841467    0.097404    2.246869    3.462110    2.828971  25749.28  26110.91    1.000
      TL          1.202075    0.091763    0.660350    1.807188    1.170535  27834.89  28857.88    1.000
      TL          4.371137    0.134160    3.667276    5.094545    4.358879  20794.64  21409.73    1.000
      TL          1.945838    0.076802    1.435648    2.517029    1.931784  29921.22  30170.23    1.000
      TL          4.196356    0.125662    3.515384    4.902675    4.185390  22908.68  23512.89    1.000
      TL          2.933016    0.111001    2.300795    3.601235    2.917692  27456.06  28015.75    1.000
      TL          2.861673    0.085847    2.304928    3.447435    2.853185  23023.56  24699.81    1.000
      TL          4.514334    0.134194    3.818671    5.249964    4.502143  20575.50  21210.46    1.000
      TL          3.321319    0.101243    2.702617    3.945055    3.312407  15010.67  16271.43    1.000
      TL          2.940857    0.089891    2.371463    3.544050    2.930909  23001.04  24031.81    1.000
      TL          3.558666    0.144835    2.815708    4.299824    3.543017  22203.49  23441.88    1.000
      TL          4.183502    0.127580    3.485091    4.879372    4.172445  18098.10  18875.18    1.000
      TL          3.140931    0.098740    2.535650    3.762616    3.130989  29093.92  29237.12    1.000
      TL          2.196537    0.082305    1.651329    2.768121    2.184385  24939.95  25079.82    1.000
      TL          2.615502    0.087955    2.052474    3.212625    2.603651  27695.66  28689.57    1.000
      TL          3.064157    0.108256    2.437802    3.726603    3.051577  26220.12  26759.31    1.000
      TL          4.455852    0.133863    3.742800    5.179466    4.444838  20685.11  21754.58    1.000
      TL          4.345135    0.138028    3.621098    5.072663    4.333714  16658.68  18554.62    1.000
      TL          4.017713    0.117708    3.353716    4.698567    4.007075  16544.99  16783.55    1.000
      TL          2.875572    0.122934    2.220924    3.584457    2.859567  25894.61  27032.14    1.000
      TL          4.640051    0.143716    3.926823    5.403847    4.631161  17296.36  18201.37    1.000
      TL          5.047270    0.145473    4.302244    5.790735    5.034870  23657.30  24170.06    1.000
      TL          1.911353    0.062281    1.434011    2.407687    1.901097  28225.47  28861.32    1.000
      TL          2.723550    0.088808    2.147055    3.313974    2.711214  26961.23  27251.74    1.000
      TL          3.477227    0.104277    2.838817    4.103140    3.467786  17480.75  17955.57    1.000
      TL          3.404164    0.107347    2.775753    4.053665    3.394783  25587.49  25603.81    1.000
