RFdist
0.3846154
0.3333333
0.2345679
0.3846154
0.25
0.3888889
0.3636364
0.2307692
0.375
0.3333333
0.3521127
0.25
0.2888889
0.1875
0.4054054
0.2790698
0.3095238
0.2777778
0.5
0.5333333
0.3411765
0.2765957
0.3559322
0.25
0.1688312
0.4117647
0.2881356
0.4242424
0.2
0.4794521
0.4324324
0.3939394
0.5342466
0.4375
0.2444444
0.2631579
0.375
0.4358974
0.5
0.3809524
0.3793103
0.245283
0.2954545
0.372093
0.3650794
0.2941176
0.3866667
0.1818182
0.3898305
0.3095238
0.2888889
0.09090909
0.6
0.3928571
0.1525424
0.3015873
0.5555556
0.2727273
0.45
0.2676056
0.4285714
0.3142857
0.3877551
0.5348837
0.3866667
0.3714286
0.3548387
0.2682927
0.5111111
0.4782609
0.3684211
0.4509804
0.2105263
0.4146341
0.3617021
0.4545455
0.36
0.3333333
0.2727273
0.1176471
0.40625
0.3333333
0.2777778
0.4035088
0.2631579
0.2054795
0.3846154
0.3888889
0.3617021
0.4042553
0.4074074
0.3125
0.4615385
0.1333333
0.3239437
0.3488372
0.2068966
0.254902
0.3529412
0.3090909
