      alpha_symdir{1}               0.484076    0.005058    0.347737    0.624738    0.478707   4574.60   4636.46    1.000
      alpha_symdir{1}               0.509421    0.005219    0.364828    0.650396    0.510267   5326.95   5510.42    1.000
      alpha_symdir{1}               0.545288    0.005225    0.397750    0.683067    0.544959   4621.48   5129.64    1.000
      alpha_symdir{1}               0.487981    0.005584    0.353068    0.639488    0.478839   5790.93   5799.42    1.000
      alpha_symdir{1}               0.509348    0.022252    0.161186    0.666412    0.554567     10.15     60.97    1.141
      alpha_symdir{1}               0.420011    0.024150    0.232214    0.745568    0.380975   2552.37   2892.33    1.000
      alpha_symdir{1}               0.395920    0.004664    0.291087    0.528217    0.384969   4668.41   4909.92    1.000
      alpha_symdir{1}               0.543605    0.024640    0.270465    0.854523    0.527877   4524.61   4702.00    1.000
      alpha_symdir{1}               0.609541    0.016652    0.343784    0.913971    0.612897   2448.27   2556.22    1.000
      alpha_symdir{1}               0.408850    0.037266    0.180045    0.664306    0.488013     23.86     44.15    1.000
      alpha_symdir{1}               0.332726    0.038343    0.106629    0.603056    0.403900     16.11     17.22    1.221
      alpha_symdir{1}               0.357348    0.026152    0.141395    0.670128    0.323369   2662.60   2721.10    1.000
      alpha_symdir{1}               0.494254    0.019718    0.221182    0.764302    0.488811   4412.78   4501.76    1.000
      alpha_symdir{1}               0.628995    0.056344    0.227627    1.085798    0.601733   2993.55   3149.38    1.000
      alpha_symdir{1}               0.437996    0.003760    0.330458    0.564010    0.433373   3609.58   3637.51    1.000
      alpha_symdir{1}               0.533295    0.004798    0.404797    0.680475    0.527597   5389.84   5664.98    1.000
      alpha_symdir{1}               0.647842    0.014292    0.427550    0.905549    0.644817   4710.54   4823.32    1.000
      alpha_symdir{1}               0.397159    0.019452    0.102703    0.649086    0.387849   1419.71   1813.89    1.000
      alpha_symdir{1}               0.308514    0.030417    0.136810    0.700936    0.236877   2045.40   2161.43    1.000
      alpha_symdir{1}               0.371423    0.052741    0.181645    0.875918    0.262435    539.58    586.97    1.001
      alpha_symdir{1}               0.448305    0.006724    0.323263    0.612792    0.430600   4451.31   4554.30    1.000
      alpha_symdir{1}               0.453356    0.026035    0.166301    0.727063    0.464380   2750.43   2862.12    1.000
      alpha_symdir{1}               0.492385    0.015774    0.212488    0.698877    0.506229   3549.71   3640.79    1.000
      alpha_symdir{1}               0.548453    0.016416    0.298063    0.816881    0.548648   3835.00   4123.45    1.000
      alpha_symdir{1}               0.455064    0.008391    0.290314    0.639519    0.443868   5824.09   5966.76    1.000
      alpha_symdir{1}               0.457266    0.005905    0.329907    0.612718    0.444290   4922.82   5346.17    1.000
      alpha_symdir{1}               0.528771    0.009000    0.364691    0.737291    0.521322   5294.70   5401.67    1.000
      alpha_symdir{1}               0.384840    0.011906    0.225731    0.614400    0.360836   4103.72   4177.27    1.000
      alpha_symdir{1}               0.436101    0.007313    0.274922    0.613240    0.429198   5472.97   5599.50    1.000
      alpha_symdir{1}               0.390475    0.004757    0.285562    0.509824    0.377947   4200.39   4462.43    1.001
      alpha_symdir{1}               0.471740    0.005707    0.330220    0.617910    0.465848   5480.69   5745.24    1.000
      alpha_symdir{1}               0.382272    0.009912    0.237947    0.598410    0.360037   3785.64   4191.12    1.000
      alpha_symdir{1}               0.685693    0.025042    0.291334    0.948017    0.697701   3261.84   3310.16    1.001
      alpha_symdir{1}               0.404794    0.032018    0.143670    0.712856    0.405040   2188.16   2222.77    1.000
      alpha_symdir{1}               0.474043    0.005216    0.321984    0.616758    0.476333   4398.23   4713.20    1.000
      alpha_symdir{1}               0.325319    0.033571    0.130173    0.619255    0.197455    188.13    189.09    1.003
      alpha_symdir{1}               0.510850    0.033040    0.216768    0.797349    0.537725   2694.67   2865.14    1.000
      alpha_symdir{1}               0.408717    0.007705    0.210163    0.570510    0.410333   4175.29   4265.55    1.000
      alpha_symdir{1}               0.611755    0.057951    0.203663    1.058308    0.599202   2892.63   2930.83    1.000
      alpha_symdir{1}               0.484599    0.017667    0.189933    0.694712    0.503912   2066.25   2454.56    1.000
      alpha_symdir{1}               0.443936    0.005101    0.311181    0.587166    0.435502   4867.19   5032.36    1.000
      alpha_symdir{1}               0.413462    0.028476    0.193270    0.738444    0.352423   3276.48   3304.60    1.000
      alpha_symdir{1}               0.258096    0.013143    0.183545    0.619768    0.227306    198.06    273.88    1.003
      alpha_symdir{1}               0.459616    0.022982    0.197179    0.670083    0.507419   1283.80   1307.56    1.001
      alpha_symdir{1}               0.449390    0.009652    0.105183    0.579748    0.461236     79.09    121.78    1.004
      alpha_symdir{1}               0.468954    0.005657    0.323348    0.619485    0.465761   6123.34   6374.33    1.000
      alpha_symdir{1}               0.816781    0.058313    0.264482    1.198791    0.832882   2612.51   2775.66    1.000
      alpha_symdir{1}               0.360929    0.030197    0.121467    0.589667    0.433254     40.57     44.40    1.000
      alpha_symdir{1}               0.410787    0.037778    0.166896    0.685911    0.452746    471.73    488.63    1.000
      alpha_symdir{1}               0.431383    0.011562    0.235794    0.642746    0.419457   4027.52   4137.25    1.000
      alpha_symdir{1}               0.350070    0.017031    0.215949    0.579403    0.319822   1178.58   1207.45    1.000
      alpha_symdir{1}               0.419386    0.032732    0.167870    0.764720    0.384711   2527.62   2537.12    1.000
      alpha_symdir{1}               0.225282    0.014834    0.129333    0.535752    0.178535    257.85    347.80    1.005
      alpha_symdir{1}               0.311440    0.006194    0.211236    0.460905    0.289103   3459.44   3494.46    1.000
      alpha_symdir{1}               0.647875    0.034753    0.314604    0.984273    0.639708   4594.49   4702.85    1.000
      alpha_symdir{1}               0.560509    0.021145    0.303322    0.844474    0.554627    659.28   2800.08    1.001
      alpha_symdir{1}               0.418346    0.009428    0.203626    0.557550    0.437720   1609.30   1688.20    1.000
      alpha_symdir{1}               0.530466    0.015137    0.306330    0.775691    0.519693   4851.29   5080.15    1.000
      alpha_symdir{1}               0.545892    0.033908    0.182303    0.856984    0.552292   3268.42   3292.96    1.000
      alpha_symdir{1}               0.667266    0.050083    0.218707    0.930409    0.738928     67.34     81.39    1.001
      alpha_symdir{1}               0.423726    0.027475    0.204925    0.779666    0.376203   3399.81   3518.66    1.000
      alpha_symdir{1}               0.307905    0.027695    0.183080    0.719607    0.232139    742.50    850.17    1.002
      alpha_symdir{1}               0.572258    0.044964    0.284159    0.993171    0.507682   3652.61   3662.81    1.000
      alpha_symdir{1}               0.659137    0.093530    0.251520    1.062743    0.796766     65.54    101.75    1.007
      alpha_symdir{1}               0.403015    0.005735    0.285741    0.566909    0.385819   4231.98   4469.30    1.000
      alpha_symdir{1}               0.587090    0.008553    0.462630    0.758101    0.590629     31.84   2864.73    1.016
      alpha_symdir{1}               0.538962    0.018037    0.306050    0.832250    0.532450   2342.06   2751.18    1.000
      alpha_symdir{1}               0.932717    0.188750    0.297000    1.702638    0.896548   2131.30   2195.73    1.000
      alpha_symdir{1}               0.590279    0.088379    0.256310    1.112264    0.430483   1036.41   1092.86    1.000
      alpha_symdir{1}               0.631923    0.054568    0.223445    0.980045    0.683064   1619.71   1691.03    1.000
      alpha_symdir{1}               0.429427    0.002465    0.338799    0.527368    0.425291   5075.97   5480.68    1.000
      alpha_symdir{1}               0.449539    0.005502    0.321086    0.598028    0.441253   5249.05   5489.17    1.000
      alpha_symdir{1}               0.433514    0.002967    0.331489    0.536247    0.428033   5636.22   5703.94    1.000
      alpha_symdir{1}               0.377786    0.040351    0.193472    0.800862    0.281737    799.44    902.50    1.000
      alpha_symdir{1}               0.425565    0.012029    0.258101    0.661286    0.403189   4417.72   4461.05    1.000
      alpha_symdir{1}               0.475079    0.086157    0.118899    1.001503    0.400120   2065.52   2123.79    1.000
      alpha_symdir{1}               0.512868    0.022252    0.286499    0.778111    0.490484   3150.35   3382.76    1.000
      alpha_symdir{1}               0.443119    0.018707    0.205664    0.722589    0.425597   4775.88   4780.36    1.000
      alpha_symdir{1}               0.405598    0.005979    0.258615    0.547148    0.405077   4481.96   4649.13    1.000
      alpha_symdir{1}               0.284989    0.033329    0.122754    0.712671    0.205931    279.50    379.56    1.001
      alpha_symdir{1}               0.620663    0.063138    0.287935    1.094744    0.561098   2506.05   2579.33    1.000
      alpha_symdir{1}               0.718704    0.015005    0.557559    0.955771    0.730799    120.35    138.78    1.000
      alpha_symdir{1}               0.395848    0.003624    0.291020    0.510289    0.388260   5397.56   5470.50    1.000
      alpha_symdir{1}               0.519933    0.020186    0.179684    0.728613    0.525578   1131.67   1173.96    1.000
      alpha_symdir{1}               0.397324    0.046553    0.131602    0.720856    0.428566    384.05    403.98    1.003
      alpha_symdir{1}               0.426269    0.004058    0.304678    0.558044    0.426590   4160.11   4536.90    1.001
      alpha_symdir{1}               0.388300    0.044751    0.188683    0.776047    0.260188    320.15    320.16    1.000
      alpha_symdir{1}               0.515676    0.046181    0.242907    0.948435    0.434390   3287.73   3363.35    1.000
      alpha_symdir{1}               0.508118    0.013265    0.325413    0.740959    0.490757   3391.79   3638.36    1.000
      alpha_symdir{1}               0.539436    0.014628    0.342077    0.792779    0.526531    264.59   1411.31    1.000
      alpha_symdir{1}               0.650554    0.007155    0.524210    0.812537    0.648632    532.11   1277.82    1.000
      alpha_symdir{1}               0.810316    0.054386    0.322129    1.196469    0.823597   3706.37   3742.23    1.000
      alpha_symdir{1}               0.531952    0.004603    0.423623    0.658390    0.534703   1123.92   1933.23    1.000
      alpha_symdir{1}               0.413434    0.063432    0.188645    0.936741    0.283162    622.28    713.11    1.002
      alpha_symdir{1}               0.514438    0.010450    0.316758    0.728245    0.510513   3935.58   4296.67    1.000
      alpha_symdir{1}               0.434525    0.002989    0.336790    0.551111    0.426970   5333.46   5461.84    1.000
      alpha_symdir{1}               0.190851    0.005263    0.138100    0.224421    0.176542    148.25    185.96    1.008
      alpha_symdir{1}               0.359708    0.014210    0.186220    0.615734    0.335832   2886.99   3320.03    1.000
      alpha_symdir{1}               0.359113    0.007365    0.246056    0.537151    0.337420   3775.76   3837.15    1.000
      alpha_symdir{1}               0.306758    0.011773    0.208093    0.420159    0.281904    482.40    572.98    1.001
