      clockrate{all}                0.744588    0.006728    0.594924    0.912850    0.737497    117.49    140.98    1.001
      clockrate{all}                0.878243    0.006112    0.729624    1.032627    0.874589    199.33    291.46    1.004
      clockrate{all}                0.790094    0.002953    0.686283    0.899134    0.787645    123.81    421.21    1.031
      clockrate{all}                0.880571    0.008287    0.713600    1.066713    0.871107     57.54    133.51    1.001
      clockrate{all}                0.745649    0.004458    0.616702    0.875150    0.741334     84.39    138.16    1.003
      clockrate{all}                0.545357    0.005807    0.404364    0.697597    0.539323    435.73    495.71    1.004
      clockrate{all}                0.728570    0.003335    0.617387    0.839614    0.725757    156.67    712.19    1.009
      clockrate{all}                0.810325    0.017473    0.561610    1.072012    0.794986     76.13    142.40    1.015
      clockrate{all}                0.761099    0.012977    0.551039    0.985940    0.747866    356.33    364.36    1.000
      clockrate{all}                0.926347    0.004756    0.796562    1.064605    0.923219    188.74    190.50    1.000
      clockrate{all}                0.778422    0.004488    0.647786    0.910325    0.775916    183.48    185.95    1.011
      clockrate{all}                0.965142    0.051756    0.574174    1.409992    0.924818    273.22    347.56    1.000
      clockrate{all}                0.990357    0.036228    0.665389    1.369939    0.964643    115.22    170.31    1.011
      clockrate{all}                1.131657    0.080140    0.676027    1.712181    1.083258     60.11    143.38    1.001
      clockrate{all}                0.828080    0.007620    0.671523    1.010454    0.817380     26.24     42.31    1.012
      clockrate{all}                0.732805    0.004180    0.606363    0.858753    0.727031     46.48    122.76    1.009
      clockrate{all}                0.771686    0.003726    0.652945    0.892213    0.769083    146.56    266.56    1.022
      clockrate{all}                0.787813    0.037782    0.461819    1.182818    0.754492     87.82    140.22    1.001
      clockrate{all}                1.463621    0.230011    0.609316    2.307563    1.445597    169.61    192.96    1.001
      clockrate{all}                0.911777    0.026488    0.650978    1.248803    0.882327     43.56     46.40    1.010
      clockrate{all}                0.781007    0.005344    0.645620    0.928375    0.776286    258.08    276.87    1.000
      clockrate{all}                0.642288    0.004928    0.508727    0.780376    0.637980    600.14    644.68    1.003
      clockrate{all}                0.853173    0.022104    0.601904    1.151265    0.830955     91.62    124.23    1.001
      clockrate{all}                0.992787    0.058036    0.615975    1.495908    0.938496     39.09     41.07    1.012
      clockrate{all}                0.888778    0.005394    0.752116    1.032631    0.883597    101.64    133.69    1.036
      clockrate{all}                0.745334    0.009656    0.569948    0.954759    0.737055    253.24    301.33    1.002
      clockrate{all}                0.867621    0.014102    0.649578    1.105870    0.856171    155.53    168.78    1.000
      clockrate{all}                0.730016    0.006406    0.579618    0.890409    0.725166     99.48    132.27    1.022
      clockrate{all}                0.811928    0.021883    0.556212    1.099850    0.789561    123.56    145.00    1.003
      clockrate{all}                0.902384    0.013580    0.701917    1.141431    0.885767     27.18     46.49    1.066
      clockrate{all}                0.747968    0.007752    0.588697    0.928564    0.739494    100.54    166.92    1.002
      clockrate{all}                0.991502    0.016628    0.759613    1.259512    0.977208     21.71     75.09    1.002
      clockrate{all}                0.703671    0.005244    0.572193    0.846364    0.697214     42.00     55.72    1.036
      clockrate{all}                0.879456    0.031295    0.564659    1.227716    0.857068    267.22    357.97    1.000
      clockrate{all}                0.809861    0.005686    0.667127    0.959128    0.802922     51.74     93.34    1.005
      clockrate{all}                0.917510    0.019322    0.668275    1.196668    0.902164     77.40    154.94    1.009
      clockrate{all}                0.847847    0.010418    0.657659    1.050155    0.837421    246.74    302.47    1.008
      clockrate{all}                0.902890    0.009862    0.713139    1.099859    0.896372    652.77    655.16    1.002
      clockrate{all}                0.850582    0.032929    0.539503    1.214256    0.821816    249.56    278.49    1.000
      clockrate{all}                0.749226    0.008686    0.578722    0.938281    0.741600    134.76    179.83    1.003
      clockrate{all}                0.844950    0.009156    0.676890    1.039647    0.834860     28.74     31.00    1.003
      clockrate{all}                0.757145    0.015163    0.547036    0.998827    0.740297     59.42     86.01    1.004
      clockrate{all}                0.855477    0.006915    0.696789    1.018542    0.849527     34.63     76.32    1.002
      clockrate{all}                0.898158    0.014167    0.673435    1.136165    0.885223     49.05     93.86    1.016
      clockrate{all}                0.901842    0.009439    0.725781    1.099648    0.892202    140.17    160.66    1.002
      clockrate{all}                0.767636    0.007440    0.597659    0.932331    0.760870    358.59    379.28    1.007
      clockrate{all}                0.844025    0.005954    0.699115    0.997819    0.839585    202.90    243.14    1.006
      clockrate{all}                0.800351    0.021853    0.542048    1.098041    0.782110     62.83     76.30    1.010
      clockrate{all}                0.881498    0.011033    0.691434    1.094358    0.870652     30.58     57.92    1.015
      clockrate{all}                0.825163    0.007313    0.666351    1.000151    0.817091     62.15     71.33    1.037
      clockrate{all}                0.849129    0.010827    0.663519    1.064169    0.840047    261.60    307.91    1.006
      clockrate{all}                0.952235    0.044869    0.589680    1.355803    0.919059     49.14    151.58    1.000
      clockrate{all}                0.986704    0.037880    0.682015    1.382912    0.945881     39.82     52.97    1.031
      clockrate{all}                0.691334    0.007214    0.539170    0.867089    0.682399     78.83    101.09    1.038
      clockrate{all}                0.830947    0.008935    0.661087    1.016254    0.819318     37.89     49.84    1.008
      clockrate{all}                0.805878    0.018549    0.568595    1.082707    0.786730     71.16     98.72    1.000
      clockrate{all}                0.779199    0.004520    0.652552    0.916410    0.774141     58.08     69.26    1.008
      clockrate{all}                0.784736    0.014768    0.566261    1.025405    0.770025    123.29    198.72    1.001
      clockrate{all}                0.912915    0.018185    0.674704    1.176414    0.895995     42.93     91.68    1.001
      clockrate{all}                0.756632    0.007487    0.590753    0.926315    0.751315    187.96    286.89    1.030
      clockrate{all}                0.807369    0.017153    0.564067    1.066437    0.796480    731.90    765.31    1.000
      clockrate{all}                0.769469    0.004134    0.648567    0.899533    0.767271    515.33    607.48    1.001
      clockrate{all}                0.709286    0.004702    0.581068    0.849721    0.706090    165.32    191.60    1.002
      clockrate{all}                0.730888    0.009121    0.559740    0.922728    0.720337     21.89     47.93    1.034
      clockrate{all}                0.748911    0.008027    0.585083    0.931797    0.739266     87.62     88.67    1.000
      clockrate{all}                0.874003    0.018434    0.638801    1.140669    0.855125     40.69     61.95    1.001
      clockrate{all}                1.019279    0.039907    0.662168    1.412215    0.986645     52.58     69.51    1.001
      clockrate{all}                0.705438    0.019833    0.464390    0.995199    0.683630    153.54    157.01    1.000
      clockrate{all}                0.733480    0.010131    0.553167    0.935765    0.721325    235.43    245.28    1.004
      clockrate{all}                0.826322    0.010614    0.638576    1.032868    0.816426    111.54    270.15    1.007
      clockrate{all}                0.886467    0.003755    0.767253    1.006007    0.883676    105.72    512.71    1.009
      clockrate{all}                0.818293    0.008012    0.655909    1.001886    0.811001    217.30    256.15    1.011
      clockrate{all}                0.803556    0.004231    0.679155    0.932331    0.801444    529.13    639.72    1.003
      clockrate{all}                0.856580    0.021278    0.600654    1.147562    0.836901     57.27     87.34    1.002
      clockrate{all}                0.876346    0.020165    0.626727    1.148816    0.857844    148.01    188.74    1.009
      clockrate{all}                1.148982    0.173263    0.450681    1.958956    1.098664    297.05    310.85    1.001
      clockrate{all}                0.663360    0.003338    0.552921    0.777503    0.661341    158.74    197.70    1.000
      clockrate{all}                0.939579    0.028645    0.641338    1.277985    0.913710     49.34    154.56    1.014
      clockrate{all}                0.889741    0.011784    0.700270    1.106657    0.873997     32.79     64.88    1.039
      clockrate{all}                0.865920    0.031166    0.574408    1.220055    0.840410    195.79    213.64    1.000
      clockrate{all}                0.682801    0.007856    0.523865    0.865749    0.674902     74.32    106.11    1.010
      clockrate{all}                0.712916    0.002452    0.620599    0.814533    0.710891    640.25    686.33    1.010
      clockrate{all}                0.663407    0.005209    0.531460    0.810971    0.658504    122.62    254.46    1.001
      clockrate{all}                0.939884    0.017809    0.696504    1.205990    0.925723     84.99    110.86    1.004
      clockrate{all}                0.768658    0.021636    0.522601    1.046900    0.743913    118.68    143.15    1.002
      clockrate{all}                0.868903    0.014410    0.663817    1.117088    0.849885     66.13     73.26    1.050
      clockrate{all}                1.368781    0.055054    0.963287    1.848194    1.336973     23.72     43.60    1.000
      clockrate{all}                0.725794    0.020974    0.490476    1.006224    0.703310     93.36    117.73    1.000
      clockrate{all}                0.745869    0.006378    0.591290    0.902436    0.741559    144.24    159.53    1.001
      clockrate{all}                0.762587    0.020465    0.532102    1.049915    0.740046    117.71    151.42    1.013
      clockrate{all}                0.832195    0.004831    0.694291    0.966629    0.830442    265.63    305.87    1.002
      clockrate{all}                0.857103    0.008447    0.688810    1.042745    0.847890     69.36    106.22    1.004
      clockrate{all}                0.941301    0.013963    0.726259    1.186372    0.931125     23.45     37.55    1.001
      clockrate{all}                0.881227    0.032808    0.580415    1.241608    0.849012    139.26    172.85    1.008
      clockrate{all}                0.964032    0.026391    0.695143    1.278050    0.940316     90.91    100.99    1.002
      clockrate{all}                0.836977    0.004333    0.706717    0.965123    0.836539    638.90    736.09    1.000
      clockrate{all}                0.802010    0.007152    0.644876    0.971396    0.796267    103.48    152.36    1.003
      clockrate{all}                1.066998    0.036400    0.731990    1.453953    1.042651    162.03    166.29    1.004
      clockrate{all}                0.753006    0.005100    0.614548    0.890132    0.749083    100.11    177.68    1.002
      clockrate{all}                0.869071    0.009566    0.690753    1.069295    0.860502    138.43    139.55    1.001
