      age{all}[0]                   0.957142    0.001846    0.877234    1.041997    0.953422    1.000    2
      age{all}[0]                   0.984598    0.000470    0.954716    1.026827    0.980495    1.000    2
      age{all}[0]                   0.978806    0.000686    0.933392    1.031615    0.975309    1.004    2
      age{all}[0]                   1.003337    0.001787    0.922631    1.087008    1.000210    1.001    2
      age{all}[0]                   1.032421    0.001280    0.963984    1.103970    1.030525    1.006    2
      age{all}[0]                  1.065255    0.003091    0.962569    1.175906    1.060176    1.001    2
      age{all}[0]                   1.014447    0.000740    0.967372    1.068984    1.011447    1.000    2
      age{all}[0]                  0.819576    0.001824    0.744905    0.904940    0.813956    1.008    2
      age{all}[0]                  1.032899    0.002010    0.953439    1.120766    1.028123    1.001    2
      age{all}[0]                   0.927549    0.000562    0.884448    0.974409    0.925371    1.004    2
      age{all}[0]                   0.956095    0.000854    0.901536    1.014212    0.953683    1.000    2
      age{all}[0]                  0.859541    0.000779    0.831188    0.914226    0.851444    1.000    2
      age{all}[0]                  0.913437    0.002455    0.857037    1.007140    0.900825    1.007    2
      age{all}[0]                  0.917807    0.003176    0.828488    1.035591    0.907080    1.000    2
      age{all}[0]                   0.971918    0.001188    0.905713    1.041462    0.971074    1.006    2
      age{all}[0]                   1.029852    0.001542    0.959502    1.106017    1.025662    1.004    2
      age{all}[0]                   1.010039    0.001311    0.961072    1.079324    1.002333    1.007    2
      age{all}[0]                  0.992558    0.005156    0.861179    1.130156    0.984468    1.000    2
      age{all}[0]                  0.744068    0.006865    0.601675    0.905501    0.732109    1.001    2
      age{all}[0]                  1.048277    0.003350    0.951802    1.157196    1.040745    1.005    2
      age{all}[0]                   1.002018    0.001641    0.927720    1.082650    0.998253    1.001    2
      age{all}[0]                  1.080110    0.002181    1.000761    1.174368    1.073507    1.003    2
      age{all}[0]                  0.943405    0.004963    0.814667    1.082444    0.936584    1.001    2
      age{all}[0]                  0.983428    0.004744    0.859235    1.101329    0.980462    1.013    2
      age{all}[0]                   0.937464    0.000674    0.898852    0.986004    0.933719    1.017    2
      age{all}[0]                  0.996686    0.005037    0.868092    1.137752    0.990021    1.000    2
      age{all}[0]                  0.985152    0.002861    0.889066    1.094883    0.980222    1.000    2
      age{all}[0]                   0.974793    0.002686    0.882312    1.080933    0.969878    1.006    2
      age{all}[0]                  0.912411    0.003861    0.801236    1.041231    0.907259    1.004    2
      age{all}[0]                   0.914096    0.002557    0.818202    1.015062    0.912146    1.023    2
      age{all}[0]                   0.998232    0.001841    0.919739    1.084468    0.994290    1.006    2
      age{all}[0]                   0.960395    0.001675    0.914770    1.041191    0.949420    1.002    2
      age{all}[0]                  1.053759    0.001321    0.984787    1.129692    1.051798    1.026    2
      age{all}[0]                  1.037379    0.003378    0.970761    1.149403    1.023314    1.000    2
      age{all}[0]                   0.954872    0.000783    0.901948    1.009385    0.952535    1.002    2
      age{all}[0]                  0.992207    0.001063    0.933692    1.056793    0.988596    1.003    2
      age{all}[0]                  0.931104    0.001893    0.852059    1.021675    0.927470    1.003    2
      age{all}[0]                  0.910850    0.000661    0.878213    0.949183    0.906191    1.017    2
      age{all}[0]                  1.051597    0.001731    0.981223    1.135766    1.045765    1.000    2
      age{all}[0]                  1.050940    0.001871    0.972975    1.138344    1.047169    1.003    2
      age{all}[0]                   0.934490    0.001948    0.850016    1.021334    0.931893    1.003    2
      age{all}[0]                  1.011420    0.003806    0.893969    1.138716    1.005071    1.003    2
      age{all}[0]                   0.897829    0.003035    0.788112    1.006264    0.894276    1.000    2
      age{all}[0]                   0.988785    0.001785    0.910139    1.073587    0.985506    1.007    2
      age{all}[0]                  1.007239    0.000728    0.959839    1.060307    1.004009    1.003    2
      age{all}[0]                  1.017141    0.001429    0.951887    1.092546    1.013095    1.001    2
      age{all}[0]                   0.988907    0.001022    0.931300    1.054700    0.986290    1.000    2
      age{all}[0]                  0.990170    0.002144    0.915299    1.074913    0.983712    1.001    2
      age{all}[0]                   0.992636    0.000920    0.948145    1.049061    0.986738    1.006    2
      age{all}[0]                   0.997998    0.001018    0.943469    1.058191    0.992992    1.001    2
      age{all}[0]                  1.022154    0.001507    0.952760    1.099398    1.017893    1.001    2
      age{all}[0]                  0.951610    0.004813    0.834201    1.094189    0.941357    1.000    2
      age{all}[0]                  0.884745    0.001514    0.827730    0.957308    0.878248    1.004    2
      age{all}[0]                  0.884547    0.001939    0.806588    0.974958    0.880075    1.002    2
      age{all}[0]                  1.020896    0.001422    0.950624    1.095769    1.018804    1.002    2
      age{all}[0]                  1.037073    0.001795    0.966683    1.116659    1.030928    1.005    2
      age{all}[0]                   1.010752    0.001068    0.950856    1.075017    1.007754    1.007    2
      age{all}[0]                  0.992725    0.003800    0.880154    1.115921    0.986799    1.003    2
      age{all}[0]                  0.967516    0.002203    0.880118    1.062011    0.962835    1.000    2
      age{all}[0]                   1.023233    0.001339    0.960427    1.097074    1.018687    1.003    2
      age{all}[0]                  1.019246    0.001869    0.956622    1.101249    1.011066    1.000    2
      age{all}[0]                   0.954860    0.000878    0.899807    1.013610    0.952090    1.003    2
      age{all}[0]                  1.024426    0.001487    0.955433    1.101745    1.019631    1.003    2
      age{all}[0]                   0.999601    0.002203    0.912967    1.091715    0.994611    1.005    2
      age{all}[0]                   1.018960    0.002654    0.922974    1.122876    1.013885    1.012    2
      age{all}[0]                   0.958212    0.001719    0.879384    1.040122    0.955013    1.000    2
      age{all}[0]                  0.866373    0.005128    0.724891    1.003855    0.860742    1.000    2
      age{all}[0]                  1.052433    0.002834    0.956049    1.159380    1.046626    1.000    2
      age{all}[0]                  1.024896    0.003709    0.913185    1.148109    1.019801    1.001    2
      age{all}[0]                  1.014043    0.001828    0.938382    1.098593    1.009549    1.006    2
      age{all}[0]                  0.957222    0.000774    0.907333    1.014222    0.954732    1.016    2
      age{all}[0]                  1.024492    0.001760    0.949682    1.110556    1.020829    1.000    2
      age{all}[0]                   1.034227    0.001902    0.952979    1.120442    1.030311    1.005    2
      age{all}[0]                  0.998424    0.004517    0.874436    1.138520    0.991131    1.003    2
      age{all}[0]                  1.021487    0.003152    0.916379    1.126694    1.017165    1.019    2
      age{all}[0]                  0.922341    0.015800    0.792186    1.157504    0.891489    1.004    2
      age{all}[0]                   0.989337    0.001297    0.923085    1.063984    0.987099    1.004    2
      age{all}[0]                  1.020686    0.002282    0.935099    1.118171    1.015864    1.003    2
      age{all}[0]                   0.964066    0.001219    0.897959    1.030242    0.959814    1.017    2
      age{all}[0]                  0.993576    0.003411    0.889522    1.107732    0.986669    1.000    2
      age{all}[0]                   0.936072    0.004930    0.808731    1.075180    0.930333    1.019    2
      age{all}[0]                   0.999274    0.002608    0.904342    1.097949    0.995755    1.008    2
      age{all}[0]                   1.020713    0.002712    0.925963    1.115046    1.013880    1.001    2
      age{all}[0]                   0.814555    0.003361    0.705711    0.925071    0.808393    1.004    2
      age{all}[0]                  0.988545    0.003851    0.875286    1.114829    0.982727    1.000    2
      age{all}[0]                   0.994608    0.001719    0.918499    1.078039    0.990908    1.005    2
      age{all}[0]                  0.662629    0.003016    0.558417    0.768346    0.659630    1.000    2
      age{all}[0]                  1.051308    0.005634    0.913548    1.192990    1.044997    1.002    2
      age{all}[0]                  1.011658    0.002060    0.928414    1.103294    1.008191    1.001    2
      age{all}[0]                  0.967769    0.004295    0.851106    1.099626    0.960389    1.001    2
      age{all}[0]                   0.991199    0.000938    0.935920    1.048469    0.987442    1.002    2
      age{all}[0]                  1.005115    0.001393    0.937049    1.080259    1.001644    1.008    2
      age{all}[0]                   0.948971    0.000996    0.902415    1.009561    0.943441    1.000    2
      age{all}[0]                  0.939860    0.002893    0.844744    1.041412    0.934137    1.006    2
      age{all}[0]                   0.982345    0.002617    0.888453    1.086062    0.979476    1.004    2
      age{all}[0]                   0.992256    0.000520    0.949758    1.036397    0.989819    1.001    2
      age{all}[0]                  1.015877    0.000994    0.958930    1.077577    1.012336    1.000    2
      age{all}[0]                  1.000754    0.000683    0.962752    1.049238    0.995956    1.002    2
      age{all}[0]                   0.943596    0.002611    0.851591    1.047098    0.939065    1.001    2
      age{all}[0]                  0.857644    0.001613    0.787805    0.936508    0.852659    1.000    2
