0.2093023
0.1666667
0.1136364
0.3181818
0.2045455
0.2
0.07692308
0.1818182
0.2413793
0.1333333
0.2631579
0.125
0.2173913
0.0625
0.255814
0.06521739
0.2790698
0.1578947
0.2857143
0.125
0.1521739
0.08333333
0.06451613
0.2692308
0.075
0.2592593
0.2941176
0.2
0.2222222
0.2051282
0.2439024
0.3783784
0.08108108
0.1764706
0.173913
0.1
0.03703704
0.1818182
0.1052632
0.2
0.1702128
0.1724138
0.2340426
0.212766
0.2162162
0.1851852
0.225
0.2083333
0.1818182
0.06666667
0.173913
0.1111111
0.1578947
0.1666667
0.1875
0.1428571
0.1190476
0.1363636
0
0.1351351
0.05555556
0.25
0.12
0.2444444
0.2325581
0.175
0.1176471
0.09090909
0.2307692
0.1153846
0.275
0.1481481
0.15
0.173913
0.1923077
0.1666667
0.1538462
0.2
0.1707317
0.1578947
0.1842105
0.1136364
0.3076923
0.2
0.1578947
0.07894737
0.2
0.2
0.2692308
0.08333333
0.1162791
0.1142857
0.1304348
0
0.15
0.1521739
0.1333333
0.1785714
0.1315789
0.2580645
