      age[0]                   0.919510    0.000888    0.866417    0.980126    0.915510    1.001    2
      age[0]                   0.991165    0.000554    0.954782    1.031261    0.987409    1.001    2
      age[0]                   0.999554    0.000595    0.953094    1.048069    0.998315    1.004    2
      age[0]                   1.021095    0.000833    0.966493    1.077410    1.019139    1.000    2
      age[0]                   1.051011    0.001140    0.988475    1.120287    1.048077    1.006    2
      age[0]                  1.005009    0.001140    0.941186    1.070694    1.001802    1.000    2
      age[0]                  1.022333    0.000559    0.980591    1.069841    1.019335    1.001    2
      age[0]                  0.775529    0.001441    0.723513    0.849457    0.767501    1.000    2
      age[0]                  1.005103    0.000606    0.959164    1.054237    1.003187    1.004    2
      age[0]                   0.955584    0.001135    0.890783    1.020686    0.953034    1.003    2
      age[0]                   0.981619    0.002512    0.891186    1.075204    0.980952    1.003    2
      age[0]                  0.900137    0.006312    0.831187    1.075775    0.872031    1.017    2
      age[0]                  0.903462    0.001056    0.857040    0.964444    0.897938    1.001    2
      age[0]                  0.916933    0.001787    0.837818    0.999952    0.911445    1.002    2
      age[0]                   1.020514    0.001657    0.940686    1.099989    1.017998    1.006    2
      age[0]                   0.956446    0.000402    0.917196    0.995468    0.955021    1.000    2
      age[0]                   1.002751    0.000306    0.971408    1.037794    1.001268    1.002    2
      age[0]                  0.942841    0.002203    0.850672    1.031464    0.941048    1.000    2
      age[0]                  0.974329    0.018737    0.717958    1.256356    0.964172    1.015    2
      age[0]                  1.039172    0.001900    0.959821    1.123807    1.035385    1.002    2
      age[0]                   0.990962    0.000592    0.944871    1.039026    0.988890    1.002    2
      age[0]                  1.013712    0.000635    0.979084    1.059256    1.009015    1.000    2
      age[0]                  0.979940    0.003781    0.864494    1.102699    0.974708    1.001    2
      age[0]                  0.949295    0.001062    0.891306    1.018953    0.945800    1.001    2
      age[0]                  0.962466    0.001103    0.902399    1.025048    0.958236    1.000    2
      age[0]                  0.965450    0.003006    0.863453    1.076436    0.961976    1.000    2
      age[0]                  0.922510    0.001195    0.857943    0.991951    0.920027    1.001    2
      age[0]                  0.965598    0.002155    0.874732    1.060793    0.965703    1.038    2
      age[0]                  0.943987    0.007091    0.786503    1.104187    0.939078    1.002    2
      age[0]                  0.948717    0.001990    0.873525    1.044563    0.943341    1.023    2
      age[0]                   0.972159    0.001975    0.894605    1.066828    0.966555    1.016    2
      age[0]                   0.938915    0.000347    0.914773    0.975287    0.934697    1.000    2
      age[0]                  1.016686    0.000558    0.971194    1.063314    1.015102    1.004    2
      age[0]                  1.016562    0.001573    0.970761    1.094891    1.006567    1.000    2
      age[0]                   0.959287    0.000494    0.920199    1.007640    0.956810    1.006    2
      age[0]                  0.997784    0.000664    0.948255    1.048352    0.995406    1.001    2
      age[0]                  0.992909    0.003543    0.875684    1.112667    0.991569    1.002    2
      age[0]                  0.916705    0.000864    0.879349    0.980126    0.908609    1.001    2
      age[0]                  1.030940    0.000512    0.991839    1.075666    1.028001    1.000    2
      age[0]                  1.002174    0.000539    0.958410    1.048235    1.000301    1.000    2
      age[0]                   0.946977    0.001560    0.874228    1.024977    0.941952    1.000    2
      age[0]                  1.014571    0.003551    0.898421    1.128834    1.010823    1.014    2
      age[0]                   0.985511    0.005732    0.844569    1.137395    0.981697    1.000    2
      age[0]                   1.003298    0.000877    0.948215    1.062369    1.001825    1.000    2
      age[0]                   1.017476    0.001753    0.953450    1.099748    1.008970    1.000    2
      age[0]                  1.006024    0.000584    0.961135    1.054764    1.003896    1.001    2
      age[0]                   0.999314    0.000814    0.944852    1.056225    0.997409    1.001    2
      age[0]                  0.998050    0.002086    0.915420    1.081344    0.993196    1.002    2
      age[0]                  1.000909    0.000440    0.961656    1.042178    0.998770    1.000    2
      age[0]                   0.980615    0.000532    0.943456    1.023270    0.976980    1.001    2
      age[0]                  0.981768    0.000572    0.937419    1.029561    0.979328    1.003    2
      age[0]                  0.976167    0.002864    0.879942    1.087612    0.970803    1.001    2
      age[0]                  0.966641    0.004470    0.836337    1.089976    0.962768    1.007    2
      age[0]                  0.977220    0.002215    0.890311    1.066172    0.973707    1.007    2
      age[0]                  1.008756    0.000739    0.958194    1.063095    1.006736    1.001    2
      age[0]                  0.979317    0.000195    0.966027    1.005422    0.975231    1.000    2
      age[0]                   0.981740    0.001048    0.933038    1.049852    0.973967    1.025    2
      age[0]                  0.944761    0.002225    0.855463    1.030825    0.940343    1.000    2
      age[0]                  0.962353    0.001921    0.876366    1.044901    0.959208    1.004    2
      age[0]                  0.999668    0.001456    0.930342    1.068189    0.997033    1.004    2
      age[0]                  1.057455    0.002927    0.957025    1.152633    1.053434    1.000    2
      age[0]                   0.948418    0.000619    0.902797    0.998458    0.946116    1.003    2
      age[0]                  1.028290    0.000699    0.978677    1.080600    1.026250    1.002    2
      age[0]                   0.967997    0.001300    0.906571    1.041454    0.963101    1.036    2
      age[0]                   1.026095    0.001481    0.952177    1.101707    1.023815    1.001    2
      age[0]                   0.980062    0.001084    0.917964    1.042977    0.977607    1.003    2
      age[0]                  1.048597    0.012172    0.830250    1.264819    1.042691    1.007    2
      age[0]                  0.949677    0.000551    0.907572    0.994904    0.947174    1.001    2
      age[0]                  0.974622    0.001415    0.904821    1.050395    0.971822    1.007    2
      age[0]                  1.040751    0.001745    0.959108    1.123125    1.038153    1.000    2
      age[0]                   0.989280    0.001017    0.929256    1.050486    0.985647    1.011    2
      age[0]                  1.004903    0.001151    0.938803    1.070154    1.001885    1.000    2
      age[0]                   0.941997    0.001123    0.880992    1.006849    0.938062    1.007    2
      age[0]                  0.910534    0.000809    0.858740    0.968219    0.908487    1.001    2
      age[0]                  0.997224    0.000801    0.947277    1.053548    0.995044    1.000    2
      age[0]                  0.940287    0.013116    0.792191    1.150776    0.915743    1.002    2
      age[0]                   0.982638    0.001442    0.910835    1.061936    0.980448    1.004    2
      age[0]                  0.976056    0.001974    0.904695    1.062320    0.967910    1.000    2
      age[0]                   1.018176    0.000918    0.964426    1.079165    1.015305    1.000    2
      age[0]                  1.070162    0.002716    0.974064    1.179411    1.066806    1.000    2
      age[0]                   0.909749    0.002330    0.816304    1.010753    0.906313    1.002    2
      age[0]                   1.005134    0.002659    0.914814    1.112623    1.000525    1.029    2
      age[0]                   0.998433    0.002012    0.925983    1.083918    0.991498    1.000    2
      age[0]                  0.843266    0.001868    0.764178    0.931339    0.840521    1.010    2
      age[0]                  0.934004    0.001154    0.869073    1.002343    0.931931    1.000    2
      age[0]                  1.003376    0.001236    0.939279    1.075472    1.000622    1.000    2
      age[0]                  0.800682    0.003794    0.681763    0.924057    0.797559    1.001    2
      age[0]                  0.992564    0.001213    0.934349    1.063453    0.987905    1.001    2
      age[0]                  1.008591    0.001867    0.927894    1.094194    1.004725    1.001    2
      age[0]                  0.957627    0.002697    0.858503    1.062819    0.953932    1.001    2
      age[0]                   1.011869    0.000912    0.955584    1.072275    1.009364    1.000    2
      age[0]                  1.002246    0.000914    0.945722    1.060779    0.999333    1.000    2
      age[0]                   0.965437    0.000714    0.916020    1.020507    0.963108    1.009    2
      age[0]                  0.923602    0.001335    0.858947    0.994160    0.919513    1.001    2
      age[0]                   0.980786    0.001407    0.912877    1.056060    0.977493    1.000    2
      age[0]                   1.003920    0.000446    0.965162    1.045561    1.002577    1.003    2
      age[0]                  0.983050    0.000401    0.945650    1.021851    0.981272    1.004    2
      age[0]                  1.001704    0.000438    0.966932    1.043598    0.997963    1.000    2
      age[0]                   0.891686    0.001234    0.826723    0.962910    0.887594    1.001    2
      age[0]                  0.860035    0.001250    0.800118    0.935676    0.854439    1.010    2
