      clockrate                0.925231    0.005221    0.790077    1.070149    0.920313    110.79    146.81    1.002
      clockrate                1.086269    0.008504    0.918571    1.275411    1.078224    327.61    369.40    1.000
      clockrate                0.966876    0.003782    0.852820    1.093158    0.963714    171.64    225.68    1.001
      clockrate                0.901508    0.002888    0.800437    1.011454    0.899122    124.92    333.97    1.010
      clockrate                0.912820    0.003328    0.802540    1.028451    0.910259    486.27    635.57    1.000
      clockrate                0.783587    0.005177    0.649530    0.930266    0.779382    862.76   1059.36    1.000
      clockrate                0.995681    0.004854    0.864966    1.133977    0.990667     68.76     76.66    1.003
      clockrate                1.223061    0.018446    0.974521    1.494259    1.210025    279.58    348.95    1.008
      clockrate                1.017112    0.006386    0.862069    1.174938    1.012745   1081.15   1211.01    1.004
      clockrate                1.053324    0.005958    0.910304    1.212840    1.047019    112.23    113.33    1.019
      clockrate                0.940548    0.003779    0.825348    1.066331    0.936737    124.94    192.14    1.081
      clockrate                0.892040    0.020246    0.645514    1.180632    0.872203    313.50    315.69    1.000
      clockrate                0.999277    0.014370    0.778594    1.237295    0.988379    232.54    256.36    1.000
      clockrate                1.183821    0.065731    0.761856    1.701609    1.139722    278.84    287.30    1.005
      clockrate                1.023402    0.007373    0.868056    1.197025    1.014756     80.31     95.09    1.045
      clockrate                0.922065    0.002879    0.820815    1.028400    0.920120    225.42    361.45    1.009
      clockrate                0.892805    0.004152    0.769463    1.023473    0.888591    113.47    202.38    1.008
      clockrate                0.920788    0.016868    0.686853    1.172364    0.905340    127.70    230.72    1.001
      clockrate                1.169481    0.065710    0.698160    1.670688    1.145711     91.32    148.14    1.001
      clockrate                0.843538    0.010491    0.659652    1.042618    0.830571     39.75    294.84    1.052
      clockrate                1.014285    0.003539    0.901433    1.135049    1.012188    449.19    670.49    1.001
      clockrate                0.899394    0.006217    0.753455    1.059011    0.893607    307.58    390.37    1.005
      clockrate                1.105717    0.015929    0.872167    1.357697    1.093197     76.08     85.18    1.000
      clockrate                1.039168    0.014692    0.820591    1.286543    1.024745    130.94    179.60    1.001
      clockrate                0.966905    0.003910    0.845367    1.090681    0.964724    204.44    608.16    1.005
      clockrate                1.032077    0.011071    0.837885    1.245976    1.021342    221.24    225.50    1.001
      clockrate                1.279617    0.021956    0.997707    1.571575    1.266094    173.92    202.64    1.002
      clockrate                1.087563    0.013148    0.872106    1.311307    1.076245     90.32     94.44    1.000
      clockrate                1.456743    0.144030    0.878793    2.221783    1.381073     44.31     47.25    1.003
      clockrate                0.867046    0.003306    0.757152    0.982695    0.865140    148.37    205.24    1.007
      clockrate                1.044303    0.007814    0.877717    1.222773    1.040003    170.66    254.39    1.002
      clockrate                1.017720    0.005194    0.876616    1.158764    1.015345    153.96    162.19    1.001
      clockrate                0.850615    0.002844    0.746684    0.954957    0.848733     66.52    146.19    1.000
      clockrate                0.931109    0.008053    0.758277    1.106441    0.925876    316.38    462.19    1.000
      clockrate                0.914599    0.002540    0.815470    1.011164    0.913478    471.10    566.45    1.000
      clockrate                1.136634    0.036287    0.799317    1.502093    1.114933     46.04     73.41    1.001
      clockrate                0.973849    0.012030    0.784437    1.201499    0.960422    120.23    131.31    1.008
      clockrate                0.814358    0.008650    0.648252    1.003165    0.804806    196.59    251.24    1.002
      clockrate                0.932173    0.012734    0.734061    1.154089    0.917902    311.49    338.51    1.000
      clockrate                0.883275    0.005631    0.740653    1.030988    0.878197    399.64    550.38    1.001
      clockrate                0.926710    0.002447    0.832091    1.025029    0.925707    716.51    733.71    1.002
      clockrate                1.102912    0.025518    0.827504    1.424746    1.076584     92.66     97.45    1.001
      clockrate                0.987461    0.006825    0.834317    1.152468    0.981316    112.12    119.14    1.003
      clockrate                0.976554    0.003649    0.859400    1.096464    0.974112    288.59    428.30    1.005
      clockrate                0.990930    0.007118    0.836896    1.165638    0.983917    186.61    197.45    1.000
      clockrate                0.907289    0.006892    0.756972    1.073279    0.901043    382.26    512.17    1.000
      clockrate                1.029511    0.006197    0.880126    1.186779    1.025243    187.28    223.71    1.001
      clockrate                0.930461    0.015317    0.711527    1.187885    0.915400    117.87    138.32    1.000
      clockrate                0.949657    0.007458    0.794825    1.124588    0.938494     77.06     81.83    1.005
      clockrate                0.884300    0.002910    0.777466    0.988634    0.882825    395.57    421.76    1.005
      clockrate                0.957999    0.014268    0.745607    1.198269    0.944123    159.11    199.11    1.007
      clockrate                1.061445    0.033305    0.771836    1.422034    1.028837     54.40    142.48    1.039
      clockrate                1.221278    0.040794    0.866287    1.621595    1.198612     84.38    197.72    1.017
      clockrate                0.962247    0.010927    0.770889    1.165559    0.949364     26.95     35.76    1.094
      clockrate                1.130910    0.014616    0.911727    1.368676    1.119941     69.15    205.29    1.015
      clockrate                0.958916    0.006037    0.811423    1.113271    0.955267    193.20    251.24    1.006
      clockrate                0.929483    0.003803    0.812255    1.053071    0.925287     42.83    153.44    1.032
      clockrate                0.910694    0.008431    0.737897    1.089572    0.903041    200.79    301.29    1.001
      clockrate                1.187592    0.021215    0.927089    1.480736    1.171392    224.86    308.16    1.000
      clockrate                0.955153    0.006958    0.797222    1.122947    0.950804     94.92    138.01    1.018
      clockrate                0.992291    0.014368    0.771675    1.236119    0.982419    111.44    157.24    1.003
      clockrate                1.001440    0.004816    0.869459    1.139126    0.996598     57.11     65.03    1.005
      clockrate                0.926752    0.009004    0.761620    1.116186    0.916197    202.46    203.67    1.008
      clockrate                0.845442    0.002550    0.747749    0.943675    0.843315     81.16    468.17    1.014
      clockrate                0.900068    0.005325    0.760823    1.044726    0.896268    221.40    223.76    1.001
      clockrate                1.011452    0.005448    0.873728    1.163092    1.006029     58.09     61.16    1.000
      clockrate                1.079590    0.024552    0.802083    1.406907    1.058576     95.68    116.84    1.009
      clockrate                1.058568    0.017852    0.818196    1.316363    1.043157    132.38    150.31    1.000
      clockrate                1.039066    0.023168    0.770393    1.328529    1.017101     90.84    113.90    1.004
      clockrate                1.002748    0.012635    0.794666    1.224032    0.991899    245.84    327.47    1.007
      clockrate                0.956211    0.003126    0.848363    1.066495    0.954647    384.29    460.80    1.001
      clockrate                1.034207    0.009721    0.851072    1.231599    1.024993    159.34    184.82    1.000
      clockrate                1.018476    0.006015    0.868348    1.171410    1.013278    120.30    179.71    1.013
      clockrate                0.997388    0.017528    0.756459    1.254053    0.979834    150.79    159.02    1.006
      clockrate                0.952555    0.012637    0.761028    1.187606    0.938120     57.70    125.91    1.007
      clockrate                1.362885    0.130715    0.818184    2.128710    1.277950    273.21    410.20    1.000
      clockrate                0.903998    0.003792    0.783803    1.024836    0.900829    174.95    184.54    1.003
      clockrate                0.953316    0.018675    0.716014    1.233430    0.934801    147.37    162.90    1.001
      clockrate                1.005629    0.006731    0.858927    1.177739    0.998053     27.43     35.23    1.024
      clockrate                0.979753    0.013821    0.754328    1.206934    0.972190   1022.31   1025.90    1.000
      clockrate                1.035810    0.007583    0.873864    1.209336    1.028507    106.83    182.72    1.002
      clockrate                0.928016    0.002927    0.827191    1.034293    0.923498     23.80    395.50    1.015
      clockrate                0.987372    0.005995    0.841730    1.141834    0.982769    132.49    177.49    1.003
      clockrate                0.973539    0.006318    0.826650    1.128410    0.967533     72.50    199.52    1.034
      clockrate                1.041026    0.009498    0.860265    1.231655    1.032198     96.94    139.34    1.028
      clockrate                0.933664    0.003308    0.822039    1.047782    0.931807    603.99    780.20    1.014
      clockrate                1.093149    0.015649    0.866452    1.342645    1.078111     57.53     88.86    1.011
      clockrate                1.110977    0.030012    0.804897    1.458916    1.086355     39.08     63.40    1.000
      clockrate                0.976458    0.009532    0.795038    1.171023    0.968068    102.20    158.82    1.002
      clockrate                0.867280    0.005411    0.725723    1.011662    0.862870    285.75    352.09    1.002
      clockrate                0.900169    0.003256    0.789537    1.012615    0.898320    154.38    235.29    1.008
      clockrate                1.019829    0.006852    0.866835    1.188597    1.013394     43.90     84.85    1.000
      clockrate                1.028556    0.006898    0.875857    1.197560    1.021945     25.06     48.06    1.007
      clockrate                1.347988    0.037450    0.988277    1.738207    1.329725    109.33    189.03    1.007
      clockrate                0.965110    0.004503    0.840714    1.101781    0.962195    209.72    282.81    1.001
      clockrate                0.981265    0.004537    0.855873    1.115589    0.977781    233.84    257.40    1.000
      clockrate                0.906416    0.005675    0.764208    1.055796    0.900255    256.84    406.87    1.015
      clockrate                1.197884    0.018402    0.959204    1.479302    1.184232     65.99    108.77    1.000
      clockrate                0.996184    0.004756    0.865119    1.134076    0.992500    106.43    136.41    1.127
      clockrate                1.355005    0.025910    1.059776    1.671306    1.341796    164.17    197.22    1.001
