      ilnvar                   0.027485    0.000742    0.000480    0.081876    0.018137     41.19     42.48    1.011
      ilnvar                   0.096983    0.005046    0.004074    0.234179    0.080274     49.17     62.53    1.002
      ilnvar                   0.022429    0.000469    0.000492    0.066744    0.015877     54.16     57.69    1.001
      ilnvar                   0.006465    0.000192    0.000029    0.031148    0.001669     24.51     30.78    1.040
      ilnvar                   0.007898    0.000128    0.000038    0.030847    0.003420     24.00     31.79    1.004
      ilnvar                   0.011305    0.000294    0.000008    0.042812    0.004950     77.47     78.96    1.000
      ilnvar                   0.013106    0.000520    0.000021    0.060458    0.003514     17.98     19.94    1.023
      ilnvar                   0.036158    0.002920    0.000017    0.131159    0.017457     76.76    112.72    1.045
      ilnvar                   0.007914    0.000117    0.000009    0.029357    0.003784     41.23     44.78    1.046
      ilnvar                   0.022695    0.000713    0.000308    0.076158    0.012703     37.78     41.88    1.042
      ilnvar                   0.004644    0.000103    0.000001    0.025929    0.000658     18.26     26.52    1.254
      ilnvar                   0.121155    0.023603    0.000024    0.402244    0.068540    105.79    108.60    1.000
      ilnvar                   0.111978    0.009555    0.001050    0.283745    0.087921    149.14    159.77    1.000
      ilnvar                   0.257590    0.072745    0.000596    0.771380    0.178533    211.71    217.33    1.003
      ilnvar                   0.035944    0.001386    0.000079    0.107845    0.026494     19.49     32.70    1.167
      ilnvar                   0.003908    0.000078    0.000001    0.017772    0.001086     13.13     24.30    1.167
      ilnvar                   0.031165    0.000964    0.000475    0.093004    0.021836     15.59     26.55    1.052
      ilnvar                   0.041723    0.003781    0.000003    0.153031    0.020652     66.60     87.62    1.002
      ilnvar                   0.119464    0.044607    0.000001    0.479162    0.050859    361.89    379.06    1.001
      ilnvar                   0.052816    0.005526    0.000004    0.195490    0.026727     24.12    138.14    1.077
      ilnvar                   0.002139    0.000015    0.000012    0.010270    0.000623     20.72     21.54    1.012
      ilnvar                   0.022893    0.001224    0.000001    0.095427    0.007950     34.15     40.02    1.018
      ilnvar                   0.035061    0.001748    0.000123    0.120206    0.019440     32.00     44.03    1.000
      ilnvar                   0.090957    0.006445    0.000744    0.246692    0.069844     82.09    122.05    1.000
      ilnvar                   0.004517    0.000105    0.000005    0.022509    0.000872     19.63     25.76    1.089
      ilnvar                   0.037662    0.001692    0.000111    0.119424    0.024516     60.17     67.24    1.001
      ilnvar                   0.184760    0.009848    0.030037    0.381077    0.166201    100.16    142.35    1.000
      ilnvar                   0.100040    0.005300    0.000774    0.235904    0.087048     49.58     50.04    1.001
      ilnvar                   0.366938    0.085379    0.008464    0.929102    0.296007     48.85     52.72    1.007
      ilnvar                   0.006338    0.000104    0.000001    0.025977    0.002153     17.74     22.75    1.016
      ilnvar                   0.010191    0.000179    0.000064    0.037518    0.005074     32.77     41.16    1.007
      ilnvar                   0.010670    0.000191    0.000116    0.037957    0.005241     20.06     22.88    1.004
      ilnvar                   0.003361    0.000063    0.000002    0.016954    0.000412     18.68     20.61    1.000
      ilnvar                   0.019214    0.001215    0.000001    0.072650    0.008261     74.97     99.12    1.000
      ilnvar                   0.000047    0.000000    0.000001    0.000219    0.000008     26.96     34.15    1.146
      ilnvar                   0.244602    0.042341    0.000556    0.614212    0.211499     37.13     66.77    1.000
      ilnvar                   0.058313    0.003503    0.000069    0.173734    0.041235     38.65     46.30    1.005
      ilnvar                   0.061495    0.004626    0.000217    0.186222    0.041052     90.98    114.58    1.007
      ilnvar                   0.042964    0.004143    0.000025    0.160032    0.021166    117.43    122.05    1.002
      ilnvar                   0.037976    0.001510    0.000266    0.113514    0.026763     56.99     74.64    1.002
      ilnvar                   0.000772    0.000005    0.000001    0.004284    0.000081     24.59     29.65    1.122
      ilnvar                   0.120538    0.011285    0.002180    0.321643    0.094044     61.77     71.35    1.001
      ilnvar                   0.067750    0.002421    0.001722    0.162064    0.057745     46.93     51.76    1.001
      ilnvar                   0.004936    0.000056    0.000005    0.019559    0.002069     21.52     25.23    1.044
      ilnvar                   0.043796    0.001836    0.000260    0.129314    0.030465     40.94     53.96    1.004
      ilnvar                   0.024416    0.000802    0.000120    0.081350    0.015055     53.93     91.02    1.001
      ilnvar                   0.021386    0.000483    0.000233    0.064809    0.014386     47.96     60.61    1.019
      ilnvar                   0.030008    0.001912    0.000024    0.117993    0.012011     67.78     68.33    1.000
      ilnvar                   0.022644    0.001471    0.000031    0.099428    0.006781     33.12     46.77    1.008
      ilnvar                   0.001401    0.000008    0.000001    0.006440    0.000378     18.54     24.73    1.043
      ilnvar                   0.053760    0.005008    0.000187    0.182037    0.029850     62.19     77.70    1.003
      ilnvar                   0.065500    0.008625    0.000001    0.227429    0.034716     62.73    127.91    1.025
      ilnvar                   0.097456    0.010693    0.000106    0.291625    0.069427     84.06    161.31    1.013
      ilnvar                   0.022021    0.001475    0.000001    0.099475    0.002506     12.10     18.01    1.119
      ilnvar                   0.092311    0.005282    0.000039    0.227226    0.077020     48.82    104.52    1.013
      ilnvar                   0.017417    0.000745    0.000004    0.068046    0.006882     24.74     26.81    1.100
      ilnvar                   0.022010    0.000512    0.000027    0.063847    0.016719     11.76     39.56    1.108
      ilnvar                   0.026358    0.001321    0.000012    0.095856    0.013811     35.08     75.59    1.000
      ilnvar                   0.035053    0.002254    0.000077    0.122428    0.019457     66.33     85.17    1.000
      ilnvar                   0.026380    0.001172    0.000047    0.092777    0.012165     21.17     36.40    1.028
      ilnvar                   0.030523    0.003347    0.000036    0.118297    0.010242     67.74     74.95    1.001
      ilnvar                   0.014236    0.000378    0.000013    0.052386    0.007316     17.13     24.52    1.014
      ilnvar                   0.032891    0.001758    0.000137    0.112729    0.018466     73.01     84.61    1.022
      ilnvar                   0.002123    0.000048    0.000001    0.010892    0.000155     14.54     17.05    1.094
      ilnvar                   0.014845    0.000315    0.000135    0.049659    0.008253     24.25     40.28    1.016
      ilnvar                   0.012412    0.000301    0.000013    0.047137    0.006182     19.53     22.56    1.001
      ilnvar                   0.066290    0.008981    0.000050    0.247545    0.031613    100.72    101.59    1.017
      ilnvar                   0.047360    0.004221    0.000042    0.157544    0.027235     67.23     76.30    1.002
      ilnvar                   0.059155    0.005041    0.000274    0.186789    0.035535     63.60     84.76    1.001
      ilnvar                   0.038293    0.001605    0.000030    0.112934    0.026988     68.41    119.28    1.025
      ilnvar                   0.004449    0.000076    0.000003    0.019628    0.001288     19.76     21.64    1.000
      ilnvar                   0.030548    0.001514    0.000123    0.102694    0.016837     51.11     76.99    1.001
      ilnvar                   0.015769    0.000574    0.000038    0.068842    0.005814     26.73     28.04    1.041
      ilnvar                   0.045543    0.004139    0.000265    0.157812    0.023202     96.63     98.43    1.009
      ilnvar                   0.090599    0.007813    0.000049    0.263812    0.066861     43.72     82.92    1.008
      ilnvar                   0.266423    0.110085    0.000011    0.876914    0.160035    406.72    576.75    1.000
      ilnvar                   0.012510    0.000328    0.000035    0.050237    0.004723     32.68     34.45    1.000
      ilnvar                   0.029460    0.002493    0.000004    0.122188    0.010931     90.89    102.49    1.001
      ilnvar                   0.038526    0.002021    0.000003    0.123245    0.026937     16.29     18.71    1.033
      ilnvar                   0.024191    0.000985    0.000139    0.081546    0.013995    111.37    123.04    1.009
      ilnvar                   0.032039    0.001279    0.000704    0.102236    0.020474     38.71     39.73    1.012
      ilnvar                   0.004117    0.000165    0.000001    0.027282    0.000212     15.89     35.87    1.059
      ilnvar                   0.028116    0.000870    0.000031    0.089387    0.019672     28.25     38.92    1.004
      ilnvar                   0.014336    0.000743    0.000051    0.051030    0.006061     25.02     25.77    1.102
      ilnvar                   0.025265    0.001997    0.000001    0.107252    0.007087     59.02     61.26    1.034
      ilnvar                   0.005388    0.000079    0.000004    0.021243    0.001765     29.24     31.63    1.065
      ilnvar                   0.032305    0.001984    0.000025    0.114496    0.015300     40.21     60.11    1.021
      ilnvar                   0.094455    0.014797    0.000035    0.330782    0.050372     40.00     57.54    1.001
      ilnvar                   0.038249    0.002275    0.000161    0.129467    0.022410     31.53     40.08    1.034
      ilnvar                   0.012265    0.000338    0.000019    0.048225    0.005080     42.65     48.95    1.026
      ilnvar                   0.002829    0.000068    0.000001    0.014543    0.000121     17.26     18.57    1.086
      ilnvar                   0.015348    0.000402    0.000018    0.055038    0.007819     22.92     33.76    1.000
      ilnvar                   0.015722    0.000453    0.000004    0.058346    0.008103     11.56     16.67    1.007
      ilnvar                   0.103536    0.014441    0.000280    0.331102    0.067289    135.34    206.75    1.009
      ilnvar                   0.007831    0.000121    0.000053    0.029739    0.003203     22.12     32.10    1.005
      ilnvar                   0.019352    0.000425    0.000059    0.060017    0.012522     23.98     27.11    1.009
      ilnvar                   0.023708    0.001076    0.000056    0.090939    0.009741     44.41     49.19    1.031
      ilnvar                   0.029687    0.001648    0.000003    0.114624    0.011750     18.24     18.72    1.001
      ilnvar                   0.005826    0.000120    0.000001    0.029070    0.000980     16.16     26.17    1.319
      ilnvar                   0.229160    0.015631    0.020941    0.460843    0.206464    143.85    189.78    1.007
