RFdist
0.1860465
0.1940299
0.1818182
0.1818182
0.1590909
0.1
0.1538462
0.1818182
0.2068966
0.1111111
0.1315789
0.125
0.173913
0.0625
0.2325581
0.04347826
0.1395349
0.1052632
0
0.0625
0.2391304
0.25
0.03225806
0.1923077
0.1
0.2222222
0.2058824
0.2571429
0.03703704
0.1282051
0.1463415
0.1351351
0.08108108
0.2352941
0.1086957
0.35
0.1153846
0.04545455
0.05263158
0.24
0.1489362
0
0.212766
0.2553191
0.1351351
0.1481481
0.075
0
0.1818182
0.08888889
0.08695652
0.1666667
0.1052632
0.2
0.09375
0.05714286
0.1666667
0.1363636
0.2
0.1891892
0.05555556
0.175
0.04
0.1333333
0.1395349
0.1
0.1764706
0.2727273
0.1153846
0.1153846
0.125
0.1111111
0.025
0.04347826
0.1153846
0.1666667
0.1538462
0.06666667
0.1463415
0.05263158
0.1578947
0.06818182
0.1538462
0.1428571
0.05263158
0.02631579
0.2333333
0.25
0.1923077
0.08333333
0.04651163
0.1142857
0.06521739
0.25
0.125
0.1086957
0.03333333
0.1785714
0.1052632
0.1612903
