      age[0]                   0.942386    0.002315    0.852254    1.033501    0.938511    1.004    2
      age[0]                   0.994422    0.000641    0.954717    1.042076    0.990359    1.002    2
      age[0]                   0.995059    0.000566    0.953150    1.043140    0.992518    1.001    2
      age[0]                   0.974610    0.000651    0.925977    1.023814    0.973567    1.001    2
      age[0]                   1.013950    0.000652    0.967655    1.066756    1.012114    1.020    2
      age[0]                  1.024583    0.001330    0.955446    1.095505    1.022532    1.000    2
      age[0]                   0.999420    0.000346    0.964069    1.037051    0.997894    1.002    2
      age[0]                  0.793333    0.002570    0.723516    0.893200    0.782448    1.000    2
      age[0]                  0.964733    0.000425    0.927117    1.005254    0.962710    1.002    2
      age[0]                   0.982096    0.001559    0.917986    1.064668    0.975313    1.062    2
      age[0]                  0.930778    0.000487    0.892070    0.978238    0.927822    1.022    2
      age[0]                  0.893806    0.003975    0.831189    1.028059    0.872452    1.000    2
      age[0]                  0.958825    0.003775    0.857055    1.067790    0.954984    1.001    2
      age[0]                  0.919789    0.005173    0.812319    1.061534    0.901366    1.001    2
      age[0]                   0.991866    0.001588    0.916202    1.076007    0.987718    1.003    2
      age[0]                   0.987008    0.000559    0.942386    1.034116    0.985162    1.002    2
      age[0]                   1.033907    0.000710    0.988080    1.080481    1.030552    1.000    2
      age[0]                  1.010230    0.002483    0.919356    1.115431    1.006504    1.003    2
      age[0]                  0.912466    0.014128    0.691465    1.149326    0.899860    1.001    2
      age[0]                  0.984840    0.000753    0.951793    1.039244    0.978274    1.008    2
      age[0]                   0.995327    0.000631    0.947744    1.044139    0.993517    1.000    2
      age[0]                  1.000554    0.000453    0.979082    1.043250    0.994233    1.001    2
      age[0]                  0.918287    0.002170    0.831761    1.012301    0.914193    1.000    2
      age[0]                  0.969269    0.001952    0.888632    1.063345    0.966409    1.014    2
      age[0]                  0.969629    0.000790    0.916813    1.023896    0.967807    1.000    2
      age[0]                  0.937459    0.002554    0.842953    1.040143    0.932666    1.001    2
      age[0]                  0.894513    0.001665    0.820007    0.977288    0.890825    1.000    2
      age[0]                  0.956480    0.002359    0.867356    1.056760    0.954003    1.008    2
      age[0]                  0.848299    0.003872    0.731778    0.971243    0.841479    1.001    2
      age[0]                  0.965796    0.001672    0.891870    1.050668    0.962708    1.007    2
      age[0]                   0.966781    0.000860    0.913340    1.025554    0.964174    1.000    2
      age[0]                   0.951247    0.001024    0.914771    1.015820    0.942542    1.000    2
      age[0]                  1.009685    0.000554    0.968223    1.057933    1.007462    1.001    2
      age[0]                  1.011288    0.001051    0.970762    1.074263    1.004086    1.000    2
      age[0]                   1.006861    0.000741    0.956870    1.061620    1.004282    1.006    2
      age[0]                  0.995869    0.001156    0.932633    1.064061    0.992723    1.001    2
      age[0]                  0.931264    0.002108    0.841743    1.023089    0.928092    1.001    2
      age[0]                  0.925447    0.000629    0.888188    0.972850    0.920424    1.001    2
      age[0]                  1.004049    0.000342    0.971786    1.040974    1.001356    1.000    2
      age[0]                  1.006528    0.000774    0.955723    1.062828    1.003749    1.000    2
      age[0]                   0.941439    0.001043    0.883878    1.003893    0.938937    1.009    2
      age[0]                  0.988658    0.003110    0.881970    1.105546    0.984989    1.005    2
      age[0]                   0.882411    0.003601    0.773975    1.013341    0.876506    1.009    2
      age[0]                   0.951211    0.000560    0.907168    0.999066    0.949320    1.003    2
      age[0]                  0.987511    0.000393    0.952660    1.027723    0.984762    1.014    2
      age[0]                  1.004077    0.000659    0.956527    1.055979    1.001832    1.000    2
      age[0]                   0.971407    0.000647    0.924236    1.022814    0.969292    1.000    2
      age[0]                  0.996465    0.001713    0.916142    1.069895    0.992948    1.000    2
      age[0]                  1.015154    0.000989    0.958585    1.078811    1.011330    1.000    2
      age[0]                   0.994719    0.000691    0.946002    1.043260    0.992354    1.005    2
      age[0]                  1.018220    0.001066    0.956138    1.083240    1.016218    1.008    2
      age[0]                  0.947072    0.003201    0.840693    1.051890    0.943782    1.054    2
      age[0]                  0.871783    0.000955    0.827725    0.928893    0.867067    1.008    2
      age[0]                  0.970824    0.004095    0.851027    1.109614    0.967816    1.042    2
      age[0]                  0.991189    0.001261    0.925930    1.058229    0.988386    1.015    2
      age[0]                  0.993264    0.000425    0.966030    1.030821    0.989172    1.000    2
      age[0]                   1.038396    0.002651    0.959521    1.148429    1.026728    1.006    2
      age[0]                  0.989505    0.002231    0.901271    1.087746    0.986164    1.000    2
      age[0]                  0.926910    0.000880    0.870825    0.982191    0.924280    1.000    2
      age[0]                   0.969368    0.000642    0.931558    1.019426    0.962820    1.009    2
      age[0]                  1.000715    0.000817    0.956558    1.052794    0.996414    1.001    2
      age[0]                   0.938506    0.000966    0.884615    1.007421    0.933651    1.007    2
      age[0]                  1.007085    0.000780    0.955662    1.063710    1.005412    1.002    2
      age[0]                   1.057494    0.002069    0.969383    1.152991    1.052908    1.029    2
      age[0]                   0.962721    0.001336    0.900021    1.028072    0.958887    1.008    2
      age[0]                   0.945082    0.000895    0.891997    1.008988    0.942463    1.000    2
      age[0]                  0.961272    0.007445    0.803895    1.143669    0.952663    1.004    2
      age[0]                  1.036311    0.002236    0.956860    1.125090    1.030480    1.007    2
      age[0]                  1.065555    0.006061    0.924620    1.224822    1.057956    1.010    2
      age[0]                  0.983496    0.000914    0.927779    1.042580    0.980211    1.002    2
      age[0]                   0.986881    0.000940    0.930643    1.046243    0.984833    1.002    2
      age[0]                  0.987979    0.000839    0.935457    1.046716    0.985240    1.000    2
      age[0]                   1.002740    0.001954    0.922172    1.089931    0.998414    1.010    2
      age[0]                  1.033993    0.004925    0.905911    1.172347    1.027600    1.008    2
      age[0]                  0.980391    0.001010    0.926662    1.041813    0.974957    1.002    2
      age[0]                  0.865219    0.005255    0.792186    1.003466    0.846307    1.001    2
      age[0]                   1.018004    0.001526    0.940403    1.094488    1.017426    1.026    2
      age[0]                  1.046301    0.002069    0.955359    1.135697    1.044349    1.000    2
      age[0]                   0.978889    0.000693    0.928864    1.033256    0.976840    1.021    2
      age[0]                  0.975449    0.001058    0.917360    1.042315    0.972481    1.001    2
      age[0]                  1.004242    0.006890    0.864248    1.164319    0.995821    1.000    2
      age[0]                   0.959349    0.001526    0.884759    1.037233    0.958327    1.018    2
      age[0]                   0.998046    0.001509    0.925972    1.067943    0.994409    1.000    2
      age[0]                  0.985659    0.005681    0.847652    1.140122    0.980500    1.047    2
      age[0]                  0.921582    0.001138    0.860671    0.991161    0.919549    1.003    2
      age[0]                  0.985700    0.000857    0.933307    1.045669    0.983426    1.000    2
      age[0]                  0.783100    0.004356    0.652436    0.915981    0.780688    1.003    2
      age[0]                  0.975922    0.002140    0.905131    1.055972    0.970949    1.003    2
      age[0]                  0.970905    0.001520    0.896148    1.050909    0.967869    1.001    2
      age[0]                  0.937914    0.001532    0.868519    1.017361    0.934554    1.000    2
      age[0]                   1.002269    0.000863    0.948170    1.060882    0.998722    1.002    2
      age[0]                  1.033799    0.001847    0.957542    1.117863    1.028668    1.001    2
      age[0]                   0.989526    0.001143    0.927019    1.055591    0.985031    1.010    2
      age[0]                  0.928169    0.002114    0.857004    1.019518    0.919168    1.003    2
      age[0]                   0.983903    0.001143    0.919872    1.048368    0.981370    1.012    2
      age[0]                   1.012592    0.000547    0.970139    1.059987    1.010689    1.005    2
      age[0]                  1.015477    0.000537    0.973326    1.062872    1.013824    1.008    2
      age[0]                  1.007173    0.000327    0.974146    1.043461    1.005146    1.000    2
      age[0]                   0.964652    0.002589    0.866595    1.065220    0.963269    1.033    2
      age[0]                  0.856153    0.006116    0.778680    0.987306    0.833008    1.027    2
