      TL             6.193693    0.061986    5.718141    6.684911    6.184467   5953.35   6266.23    1.000
      TL             5.921786    0.058161    5.442545    6.389923    5.918204   8572.20   8623.06    1.000
      TL             6.360405    0.059400    5.884438    6.839581    6.358334  10273.64  10522.34    1.000
      TL             5.943520    0.055484    5.494744    6.410746    5.938709   9659.66   9992.08    1.000
      TL             6.601225    0.067020    6.109533    7.121562    6.597081   7240.09   7935.59    1.000
      TL             3.915909    0.049944    3.480873    4.353988    3.908933  10553.06  10900.05    1.000
      TL             6.125200    0.065488    5.641211    6.638745    6.120973   9072.17   9430.25    1.000
      TL             3.952097    0.071497    3.429809    4.472439    3.939703   5579.31   5714.31    1.000
      TL             5.033229    0.055570    4.567910    5.491760    5.027036   9534.31   9774.91    1.000
      TL             7.115988    0.073726    6.582141    7.642968    7.109940   6166.01   6592.61    1.000
      TL             5.738543    0.055301    5.295690    6.218201    5.736161   8653.64   8791.69    1.000
      TL             2.247967    0.030960    1.917068    2.607878    2.241811  10695.00  10774.84    1.000
      TL             4.062687    0.052433    3.625897    4.518402    4.056004   8795.61   8834.59    1.000
      TL             2.696998    0.041764    2.298408    3.098612    2.688103   8202.52   8209.74    1.000
      TL             7.600133    0.077037    7.067453    8.154220    7.595393   8125.03   8589.34    1.000
      TL             6.754574    0.063291    6.265918    7.250390    6.751529   9840.18  10403.48    1.000
      TL             6.386283    0.062145    5.899223    6.868654    6.381638   7823.47   8801.26    1.000
      TL             3.768450    0.059585    3.313015    4.264645    3.756782   5389.84   5493.88    1.000
      TL             1.907154    0.073414    1.423510    2.454622    1.877305   8066.41   8091.65    1.000
      TL             2.821253    0.035175    2.449840    3.184916    2.815369  12357.91  12751.21    1.000
      TL             6.736613    0.063125    6.255878    7.237822    6.730154   9083.48   9374.61    1.000
      TL             3.972087    0.047006    3.561334    4.414117    3.966044  10057.78  10322.41    1.000
      TL             5.420443    0.064477    4.928537    5.913214    5.413731   8205.56   8704.90    1.000
      TL             3.925689    0.043917    3.521990    4.338395    3.919347   9645.72   9943.56    1.000
      TL             5.938409    0.061770    5.451536    6.423693    5.932092   7991.11   8518.53    1.000
      TL             5.404967    0.081170    4.852906    5.962661    5.393714   4747.91   5313.15    1.000
      TL             6.221753    0.072738    5.707272    6.769831    6.213667   8595.46   8600.04    1.000
      TL             5.238040    0.054070    4.793387    5.703293    5.232686   7136.46   7908.02    1.000
      TL             4.826195    0.058222    4.371030    5.314843    4.820311  10012.29  10100.08    1.000
      TL             4.781362    0.043551    4.369048    5.189786    4.776406  11373.00  11641.21    1.000
      TL             5.889904    0.065818    5.396417    6.399654    5.882606   5921.72   5956.18    1.000
      TL             5.913194    0.061358    5.438628    6.407152    5.908767   8172.38   8455.25    1.000
      TL             4.882834    0.043959    4.472234    5.297040    4.879530  10128.26  10323.17    1.000
      TL             2.911718    0.041423    2.530041    3.327255    2.905836   8448.69   8528.28    1.000
      TL             5.909741    0.052497    5.465835    6.359498    5.904165  10046.32  10251.43    1.000
      TL             2.925666    0.035928    2.549941    3.293902    2.920244   9638.47   9757.67    1.000
      TL             3.395643    0.033350    3.032876    3.748307    3.392535  11008.07  11154.70    1.000
      TL             2.370821    0.025249    2.067671    2.688290    2.366128  10171.10  10594.93    1.000
      TL             3.760401    0.050234    3.320934    4.195770    3.753625   8100.55   8677.43    1.000
      TL             3.798987    0.040045    3.411885    4.194130    3.796040  11843.55  11914.70    1.000
      TL             6.486269    0.061042    6.006841    6.977212    6.482033   6685.73   6815.30    1.000
      TL             4.505907    0.049726    4.082286    4.952046    4.501572   6909.89   7726.57    1.000
      TL             6.327626    0.064907    5.823361    6.822709    6.321913   5517.40   6513.57    1.000
      TL             6.535456    0.063488    6.040257    7.028859    6.530591   9828.55  10034.69    1.000
      TL             5.688791    0.054286    5.240040    6.152054    5.685171  10181.99  10539.35    1.000
      TL             3.930240    0.042453    3.529255    4.337817    3.925220   9332.01  10136.75    1.000
      TL             5.029446    0.044098    4.624190    5.452416    5.025829  11796.72  11977.87    1.000
      TL             3.467167    0.041246    3.076304    3.868795    3.459282  10188.44  10190.64    1.000
      TL             5.390538    0.064039    4.892071    5.885848    5.385292   6788.50   7861.43    1.000
      TL             5.309174    0.049388    4.872286    5.741267    5.305357   9183.89   9199.43    1.000
      TL             3.388220    0.042879    2.987383    3.795177    3.382748   7283.01   7568.02    1.000
      TL             3.726630    0.048499    3.284112    4.148971    3.720093   9435.39   9637.55    1.000
      TL             2.873704    0.037199    2.507443    3.256255    2.868255   9372.07   9808.41    1.000
      TL             4.772918    0.053183    4.335607    5.239571    4.766066   6881.97   6912.84    1.000
      TL             5.216189    0.066549    4.728624    5.740211    5.206701   7593.26   7814.04    1.000
      TL             4.798628    0.047818    4.360288    5.216397    4.794717   9185.73   9266.09    1.000
      TL             7.010115    0.072461    6.482338    7.533799    7.003745   6737.48   6773.07    1.000
      TL             3.852025    0.045173    3.444858    4.275501    3.847392  10279.09  10513.76    1.000
      TL             4.062460    0.062308    3.583851    4.554278    4.052030   8052.07   8548.83    1.000
      TL             4.846052    0.050294    4.414417    5.292637    4.842187   7576.12   8250.76    1.000
      TL             2.636428    0.043658    2.244173    3.058188    2.626953   5491.96   5896.50    1.000
      TL             5.449821    0.052407    5.009923    5.903572    5.446677   9965.02  10266.36    1.000
      TL             3.783656    0.042986    3.386658    4.194326    3.776981   9318.19  10133.04    1.000
      TL             6.921431    0.065891    6.416332    7.418679    6.917555   9116.09   9138.97    1.001
      TL             6.380202    0.060821    5.899485    6.864293    6.375551   9684.93  10077.12    1.000
      TL             6.418186    0.068566    5.916303    6.939047    6.412755   9277.62   9575.44    1.000
      TL             3.103339    0.044727    2.693978    3.522700    3.095604   8243.61   8746.08    1.000
      TL             4.040718    0.064693    3.530752    4.528164    4.030181   6329.16   6437.20    1.000
      TL             4.584077    0.051617    4.149716    5.038169    4.577537   8761.05   9484.84    1.000
      TL             5.083481    0.060019    4.607713    5.562796    5.076139  10424.00  11068.87    1.000
      TL             5.391796    0.049980    4.948902    5.820054    5.388886   9914.23  10389.67    1.000
      TL             5.312665    0.060533    4.839178    5.800987    5.306600   8549.45   8847.61    1.000
      TL             6.452410    0.068650    5.942510    6.970997    6.445273   7125.99   7490.01    1.000
      TL             4.254716    0.056285    3.812040    4.739501    4.246935   7185.00   8177.15    1.000
      TL             3.812547    0.042906    3.415987    4.225008    3.808378  10170.52  10188.50    1.000
      TL             2.097414    0.067709    1.631067    2.623054    2.073871   7646.03   8736.23    1.000
      TL             6.159206    0.062979    5.674316    6.654164    6.153043   7897.79   7941.25    1.000
      TL             2.720692    0.034769    2.372955    3.101129    2.715578  11139.29  11314.23    1.000
      TL             6.076639    0.060547    5.600009    6.563402    6.070851   9470.96   9866.60    1.000
      TL             3.755177    0.048933    3.333891    4.199506    3.746484  10076.76  10406.98    1.000
      TL             6.121613    0.073744    5.591584    6.655468    6.114935   3195.58   3400.64    1.000
      TL             6.942844    0.064768    6.436434    7.435517    6.938765   8776.47   9730.82    1.000
      TL             5.816145    0.057681    5.362806    6.301134    5.810505   7673.99   7861.99    1.000
      TL             5.455337    0.065348    4.953645    5.949681    5.447086   5321.75   5895.70    1.000
      TL             3.929988    0.048403    3.494141    4.356761    3.925431  10793.41  10947.37    1.000
      TL             5.811189    0.057559    5.355696    6.289446    5.808635   9040.46   9335.18    1.000
      TL             4.302601    0.047803    3.883605    4.736978    4.296100   6525.20   7172.14    1.000
      TL             3.703084    0.047522    3.279493    4.129461    3.695933   8650.71   8671.01    1.000
      TL             3.804539    0.043296    3.400454    4.215460    3.799173  11193.09  11225.47    1.000
      TL             4.516761    0.051853    4.062370    4.955502    4.512141  11418.64  11942.12    1.000
      TL             6.503399    0.069068    5.998201    7.020682    6.497466   8157.34   8313.73    1.000
      TL             6.227473    0.072097    5.721531    6.770757    6.221253   8109.81   8201.45    1.000
      TL             7.384417    0.082386    6.834632    7.954141    7.377726   6295.59   6863.43    1.000
      TL             3.448833    0.065002    2.953496    3.948310    3.435419   4370.71   4496.45    1.000
      TL             6.903038    0.076981    6.368874    7.451425    6.898002   6049.81   7282.14    1.000
      TL             7.487879    0.078058    6.950749    8.044270    7.481332   6589.26   7021.94    1.000
      TL             3.355007    0.032421    3.010040    3.714169    3.351216  10336.17  10722.06    1.000
      TL             4.287376    0.048054    3.864804    4.724173    4.280122   8435.42   8645.43    1.000
      TL             6.269712    0.069884    5.763027    6.795255    6.264011   5869.69   5973.76    1.000
      TL             5.126037    0.064485    4.639876    5.629316    5.118212   4623.03   5057.06    1.000
