      age[0]                   0.932859    0.001365    0.865618    1.006756    0.929143    1.007    2
      age[0]                   1.048648    0.001425    0.979047    1.123457    1.044706    1.001    2
      age[0]                   1.021688    0.001190    0.959051    1.088456    1.018028    1.003    2
      age[0]                   1.049191    0.001612    0.973966    1.128528    1.045314    1.003    2
      age[0]                   1.063872    0.001439    0.995023    1.142427    1.060595    1.003    2
      age[0]                  1.014928    0.001862    0.935900    1.101539    1.011255    1.002    2
      age[0]                  1.056989    0.001184    0.994288    1.123881    1.053998    1.004    2
      age[0]                  0.815817    0.003333    0.723999    0.925290    0.805102    1.000    2
      age[0]                  1.047452    0.001845    0.970573    1.135496    1.043076    1.000    2
      age[0]                   0.952033    0.001307    0.888996    1.028576    0.947591    1.000    2
      age[0]                   0.937353    0.001030    0.880576    0.997809    0.933102    1.000    2
      age[0]                  0.882718    0.002201    0.831192    0.969831    0.870707    1.001    2
      age[0]                  0.946163    0.003937    0.857046    1.067178    0.933717    1.032    2
      age[0]                  0.934667    0.008030    0.800754    1.112333    0.914934    1.038    2
      age[0]                   1.009075    0.001353    0.935042    1.078286    1.006981    1.004    2
      age[0]                   0.983208    0.000913    0.928595    1.044478    0.980722    1.004    2
      age[0]                   1.022252    0.001262    0.961344    1.089562    1.016073    1.001    2
      age[0]                  0.983140    0.004087    0.870282    1.111432    0.975222    1.001    2
      age[0]                  0.873011    0.020656    0.634921    1.146682    0.850698    1.002    2
      age[0]                  1.043698    0.003009    0.951806    1.145661    1.036521    1.016    2
      age[0]                   0.983444    0.001151    0.922039    1.051730    0.979894    1.000    2
      age[0]                  1.025132    0.001081    0.979091    1.087792    1.018770    1.000    2
      age[0]                  0.879587    0.002829    0.784149    0.988057    0.873762    1.000    2
      age[0]                  1.027476    0.002690    0.935195    1.135115    1.022481    1.003    2
      age[0]                   0.987925    0.001743    0.910919    1.069695    0.984447    1.028    2
      age[0]                  0.960104    0.005553    0.817424    1.112760    0.955940    1.003    2
      age[0]                   0.995980    0.002731    0.897025    1.100515    0.992114    1.006    2
      age[0]                  0.949834    0.002117    0.865865    1.040509    0.945411    1.000    2
      age[0]                  0.938186    0.003968    0.820565    1.067480    0.933216    1.000    2
      age[0]                   1.004067    0.003674    0.893253    1.134848    1.000176    1.008    2
      age[0]                   1.015152    0.001918    0.934224    1.103091    1.011030    1.005    2
      age[0]                  0.958816    0.001261    0.914773    1.028836    0.949449    1.000    2
      age[0]                   1.029654    0.000857    0.977140    1.090912    1.027509    1.005    2
      age[0]                  1.018543    0.002127    0.970763    1.107278    1.005247    1.000    2
      age[0]                   1.026898    0.001371    0.958477    1.096138    1.023416    1.001    2
      age[0]                  0.992644    0.001076    0.935234    1.059411    0.989034    1.008    2
      age[0]                  0.937189    0.001924    0.857503    1.026844    0.933853    1.004    2
      age[0]                  0.923505    0.001976    0.872944    1.016414    0.908518    1.004    2
      age[0]                  1.022928    0.001635    0.965608    1.101119    1.014702    1.004    2
      age[0]                  1.033730    0.001728    0.957864    1.119321    1.029379    1.000    2
      age[0]                   0.914253    0.001320    0.847270    0.984338    0.910826    1.001    2
      age[0]                  1.032725    0.004007    0.911217    1.150623    1.028884    1.001    2
      age[0]                   0.897046    0.002936    0.798137    1.008877    0.893633    1.033    2
      age[0]                   1.032600    0.001934    0.953887    1.123128    1.028788    1.000    2
      age[0]                   0.985084    0.000726    0.939919    1.038469    0.980769    1.001    2
      age[0]                  1.012867    0.001311    0.948177    1.084867    1.009011    1.000    2
      age[0]                   0.980975    0.001351    0.912133    1.054861    0.977436    1.000    2
      age[0]                  0.982794    0.001686    0.915300    1.059364    0.976685    1.000    2
      age[0]                   0.998288    0.000847    0.948149    1.051565    0.994290    1.008    2
      age[0]                   0.990961    0.000796    0.943407    1.043842    0.986904    1.008    2
      age[0]                  1.011773    0.001353    0.946508    1.085728    1.007178    1.000    2
      age[0]                  0.994413    0.003916    0.879790    1.122631    0.989056    1.000    2
      age[0]                  0.947908    0.004756    0.827726    1.074497    0.938970    1.000    2
      age[0]                  0.986197    0.004266    0.867218    1.122317    0.980679    1.027    2
      age[0]                  1.009820    0.001474    0.940352    1.087482    1.006501    1.003    2
      age[0]                  1.008694    0.000899    0.966030    1.066037    1.003016    1.000    2
      age[0]                   1.017982    0.000953    0.959729    1.078057    1.015382    1.000    2
      age[0]                  0.972639    0.003102    0.874172    1.084949    0.967059    1.003    2
      age[0]                  0.991301    0.003821    0.874247    1.106551    0.986020    1.011    2
      age[0]                   0.980698    0.000709    0.933567    1.032777    0.977349    1.002    2
      age[0]                  1.001636    0.001702    0.956539    1.083615    0.990064    1.000    2
      age[0]                   0.950095    0.002163    0.870709    1.040170    0.944606    1.014    2
      age[0]                  1.018863    0.001215    0.953923    1.087729    1.016286    1.005    2
      age[0]                   0.970019    0.001587    0.898181    1.045758    0.965471    1.010    2
      age[0]                   1.027029    0.002358    0.934831    1.125388    1.023955    1.001    2
      age[0]                   0.971344    0.001426    0.900483    1.047643    0.967884    1.003    2
      age[0]                  0.926053    0.005446    0.773142    1.071135    0.922254    1.032    2
      age[0]                  1.002422    0.001537    0.931520    1.078351    0.998261    1.000    2
      age[0]                  0.940436    0.003985    0.824107    1.065778    0.936230    1.009    2
      age[0]                  1.012123    0.002248    0.923817    1.108045    1.007463    1.005    2
      age[0]                   0.985083    0.001108    0.925428    1.054264    0.981384    1.019    2
      age[0]                  1.013309    0.001854    0.933166    1.099180    1.009421    1.003    2
      age[0]                   0.976234    0.001195    0.912047    1.045099    0.973184    1.002    2
      age[0]                  0.912330    0.001465    0.844224    0.987387    0.907433    1.000    2
      age[0]                  1.070288    0.001701    0.990616    1.151168    1.067550    1.000    2
      age[0]                  0.939058    0.021240    0.792186    1.223071    0.899132    1.003    2
      age[0]                   1.001987    0.001675    0.924919    1.082893    0.998238    1.010    2
      age[0]                  0.978853    0.001679    0.905859    1.058746    0.975189    1.000    2
      age[0]                   1.049137    0.001425    0.978396    1.122441    1.045926    1.000    2
      age[0]                  1.003358    0.002336    0.915576    1.100482    0.998565    1.000    2
      age[0]                   0.880006    0.002671    0.780865    0.979971    0.876487    1.001    2
      age[0]                   0.958778    0.001914    0.874432    1.045209    0.955369    1.000    2
      age[0]                   1.034004    0.003284    0.930721    1.140086    1.027142    1.009    2
      age[0]                   0.857380    0.002853    0.760890    0.963903    0.852429    1.001    2
      age[0]                  0.990684    0.008413    0.810698    1.168087    0.990649    1.107    2
      age[0]                   0.981765    0.001104    0.922273    1.048455    0.978983    1.001    2
      age[0]                  0.738142    0.002621    0.643352    0.839941    0.733606    1.002    2
      age[0]                  0.950767    0.001022    0.905132    1.012910    0.943879    1.001    2
      age[0]                  1.048419    0.005253    0.906260    1.189416    1.044187    1.019    2
      age[0]                  0.884339    0.002353    0.799485    0.981079    0.879334    1.000    2
      age[0]                   1.021881    0.001476    0.947530    1.094545    1.018707    1.014    2
      age[0]                  0.999263    0.001767    0.921373    1.083871    0.995082    1.003    2
      age[0]                   1.010522    0.002872    0.915054    1.115589    1.003343    1.031    2
      age[0]                  0.956811    0.002918    0.856839    1.063409    0.951003    1.013    2
      age[0]                   0.989939    0.002432    0.894848    1.087663    0.987338    1.240    2
      age[0]                   1.031491    0.000821    0.978545    1.087375    1.029618    1.001    2
      age[0]                  1.031662    0.001145    0.970978    1.100521    1.028324    1.001    2
      age[0]                  1.017740    0.001185    0.962766    1.081580    1.012533    1.000    2
      age[0]                   0.911953    0.002574    0.824089    1.015126    0.905603    1.039    2
      age[0]                  0.912059    0.002903    0.813658    1.017560    0.908229    1.000    2
