      alpha_symdir{1}               2.080104    0.209982    1.286323    2.990597    2.009757   5007.40   5528.75    1.000
      alpha_symdir{1}               3.296771    1.131095    1.602409    5.393272    3.096415   4455.90   4545.97    1.000
      alpha_symdir{1}               1.754665    0.112184    1.178225    2.423794    1.709670   5950.51   6049.53    1.000
      alpha_symdir{1}               2.590771    0.488073    1.461987    3.953708    2.466175   4378.93   4870.41    1.000
      alpha_symdir{1}               3.528147    1.073085    1.850838    5.585766    3.349783   4819.52   4981.38    1.000
      alpha_symdir{1}               2.605922    0.832332    1.206970    4.402838    2.414884   3659.85   3768.09    1.000
      alpha_symdir{1}               1.756689    0.134063    1.147456    2.493389    1.699420   6340.06   6579.29    1.000
      alpha_symdir{1}               2.650920    0.706228    1.332731    4.340126    2.484006   4312.21   4330.69    1.000
      alpha_symdir{1}               2.252940    0.427111    1.236707    3.530752    2.127749   3344.18   4136.39    1.000
      alpha_symdir{1}               2.147032    0.280851    1.253937    3.207778    2.066239   5522.34   5788.34    1.000
      alpha_symdir{1}               1.537134    0.095920    0.985163    2.135113    1.491123   5770.22   6042.54    1.000
      alpha_symdir{1}               3.539061    1.861467    1.296693    6.204121    3.286642   3913.07   3948.27    1.000
      alpha_symdir{1}               2.066765    0.366072    1.137590    3.257231    1.948874   2959.42   3426.99    1.005
      alpha_symdir{1}               2.582235    1.076069    0.999012    4.708074    2.373843    864.85   1831.24    1.000
      alpha_symdir{1}               2.203522    0.224042    1.377560    3.157104    2.140459   6060.48   6140.60    1.000
      alpha_symdir{1}               1.833542    0.247016    1.029529    2.826129    1.743323   4194.36   4442.51    1.000
      alpha_symdir{1}               2.189805    0.373098    1.225960    3.388651    2.070787   3339.31   3585.05    1.000
      alpha_symdir{1}               3.665256    1.646302    1.643310    6.247447    3.433268   3786.90   4087.95    1.000
      alpha_symdir{1}               2.011964    2.712105    0.000167    4.855996    2.029090      8.14     12.48    1.044
      alpha_symdir{1}               2.370257    0.957719    0.861602    4.340330    2.172424   3166.81   3528.49    1.001
      alpha_symdir{1}               1.903112    0.187651    1.182640    2.771525    1.838770   4691.28   4876.64    1.000
      alpha_symdir{1}               3.151028    1.062598    1.534663    5.218799    2.943184   4637.33   4695.85    1.000
      alpha_symdir{1}               1.999896    0.247545    1.193134    2.994994    1.917792   5230.12   5362.61    1.000
      alpha_symdir{1}               1.952510    0.351993    1.036670    3.121860    1.835843    878.93   1751.93    1.000
      alpha_symdir{1}               1.756746    0.160663    1.072475    2.546852    1.689249   4838.07   5329.41    1.000
      alpha_symdir{1}               1.911156    0.245448    1.122442    2.907723    1.819889   5241.61   5267.64    1.001
      alpha_symdir{1}               1.911418    0.204406    1.134548    2.812944    1.845628   5312.35   5353.06    1.001
      alpha_symdir{1}               2.353763    0.531162    1.224933    3.785772    2.211362   3612.90   3950.68    1.000
      alpha_symdir{1}               1.274414    0.076963    0.804000    1.839181    1.234530   5337.36   5373.86    1.000
      alpha_symdir{1}               2.061020    0.378092    1.060530    3.256385    1.952938   2450.03   3142.34    1.002
      alpha_symdir{1}               1.661446    0.269141    0.790709    2.687327    1.575258   3686.31   3719.20    1.000
      alpha_symdir{1}               1.590777    0.140489    0.937917    2.326445    1.538022   4906.78   5206.01    1.000
      alpha_symdir{1}               1.341246    0.085719    0.828629    1.947592    1.306531   5490.45   5551.85    1.000
      alpha_symdir{1}               2.987534    1.208710    1.258912    5.194946    2.764986   3502.94   3847.66    1.000
      alpha_symdir{1}               2.248393    0.405095    1.221100    3.509681    2.133050   4545.97   4549.08    1.000
      alpha_symdir{1}               3.256899    1.416763    1.449610    5.693294    3.025190   3853.40   4105.29    1.017
      alpha_symdir{1}               3.728407    1.667638    1.580733    6.274541    3.485470   3470.66   3831.71    1.000
      alpha_symdir{1}               1.043572    0.173066    0.237501    1.752842    1.013347   1917.48   1970.90    1.000
      alpha_symdir{1}               2.237505    0.622240    1.066818    3.906201    2.080456   2016.76   2542.83    1.001
      alpha_symdir{1}               1.803271    0.467184    0.790648    3.185056    1.660925   2690.46   2695.80    1.000
      alpha_symdir{1}               2.791356    0.558084    1.585082    4.272680    2.664177   4639.23   4913.33    1.000
      alpha_symdir{1}               2.730441    0.698010    1.418277    4.427696    2.575600   4212.27   4456.18    1.000
      alpha_symdir{1}               1.541907    0.092862    1.009021    2.151752    1.501962   5502.24   5556.52    1.000
      alpha_symdir{1}               1.844263    0.175741    1.140333    2.697170    1.779865   5225.29   5353.42    1.001
      alpha_symdir{1}               1.986689    0.272878    1.132115    3.030338    1.893798   4350.15   4671.44    1.000
      alpha_symdir{1}               2.024269    0.340971    1.124037    3.188718    1.913128   4537.28   4647.65    1.000
      alpha_symdir{1}               1.835356    0.256731    1.018496    2.826703    1.744476   3892.25   3957.58    1.000
      alpha_symdir{1}               2.612184    1.007592    1.126572    4.617826    2.403279   3209.26   3406.04    1.000
      alpha_symdir{1}               1.787071    0.192853    1.077816    2.675798    1.721408   4269.76   4670.39    1.000
      alpha_symdir{1}               1.486669    0.077395    1.008367    2.043111    1.447743   5948.58   6052.47    1.000
      alpha_symdir{1}               1.593791    0.279907    0.790094    2.631393    1.486845   1561.98   2618.06    1.000
      alpha_symdir{1}               1.721510    0.249068    0.916836    2.719836    1.632681   3521.03   3639.47    1.000
      alpha_symdir{1}               2.589868    0.726646    1.251353    4.240487    2.425580   3214.95   3581.15    1.002
      alpha_symdir{1}               2.169598    0.352332    1.255603    3.344541    2.062345   5148.69   5161.68    1.000
      alpha_symdir{1}               1.814305    0.241212    1.023625    2.763568    1.714462   4415.34   4498.26    1.000
      alpha_symdir{1}               1.955731    0.274399    1.116137    2.960170    1.859113   4918.28   5041.98    1.000
      alpha_symdir{1}               2.082499    0.209121    1.349975    3.000997    2.002922   5783.35   5811.28    1.000
      alpha_symdir{1}               1.426054    0.122669    0.887165    2.171647    1.366556   3759.94   3794.57    1.001
      alpha_symdir{1}               2.069349    0.535271    1.017032    3.571023    1.919316   3091.12   3176.90    1.000
      alpha_symdir{1}               1.826414    0.211558    1.035249    2.754319    1.762441   5217.43   5292.89    1.001
      alpha_symdir{1}               2.944074    1.397661    1.125156    5.279429    2.698446   3528.93   3583.31    1.000
      alpha_symdir{1}               2.652833    0.646501    1.407280    4.247312    2.511206   3928.02   4100.11    1.000
      alpha_symdir{1}               2.775836    0.907162    1.353636    4.759096    2.582036   4179.90   4354.39    1.000
      alpha_symdir{1}               2.186144    0.298892    1.280546    3.259292    2.089824   4905.33   5114.00    1.000
      alpha_symdir{1}               1.720710    0.178417    1.025474    2.540096    1.648217   4456.53   4901.95    1.001
      alpha_symdir{1}               1.921611    0.253918    1.110752    2.925429    1.836153   4230.01   4834.96    1.000
      alpha_symdir{1}               3.580032    1.787222    1.438543    6.251491    3.326373   4253.20   4254.24    1.000
      alpha_symdir{1}               2.704588    0.915731    1.181193    4.601819    2.513314   2994.13   3104.78    1.000
      alpha_symdir{1}               2.225433    0.444750    1.207200    3.561767    2.097895   3945.66   4496.26    1.000
      alpha_symdir{1}               2.732580    0.843064    1.315621    4.574099    2.545370   2519.17   3197.58    1.000
      alpha_symdir{1}               2.828785    0.850578    1.379536    4.660563    2.653537   4091.57   4096.98    1.000
      alpha_symdir{1}               1.636821    0.148398    0.998993    2.388698    1.570326   4113.50   4842.16    1.000
      alpha_symdir{1}               1.661846    0.091580    1.122525    2.259947    1.622198   5393.65   5896.69    1.000
      alpha_symdir{1}               2.916820    1.054628    1.344964    4.988566    2.717021   4201.00   4341.53    1.000
      alpha_symdir{1}               2.801049    0.911875    1.349222    4.723559    2.609867   3879.46   4130.60    1.000
      alpha_symdir{1}               1.340661    2.844591    0.000031    4.557269    0.089618     35.63    453.07    2.299
      alpha_symdir{1}               2.433630    0.423745    1.361673    3.695554    2.316941   4506.09   4635.47    1.000
      alpha_symdir{1}               1.563675    0.537116    0.273417    3.004722    1.429207    663.88   1407.57    1.001
      alpha_symdir{1}               1.548150    0.138079    0.929060    2.292134    1.486842   5022.97   5179.03    1.000
      alpha_symdir{1}               1.894265    0.489342    0.775358    3.294162    1.763063   1747.49   2093.97    1.000
      alpha_symdir{1}               1.855875    0.158166    1.202153    2.653569    1.790279   5385.89   5605.42    1.003
      alpha_symdir{1}               3.277706    0.983416    1.721580    5.301071    3.103948   4057.32   4423.08    1.000
      alpha_symdir{1}               2.099135    0.313457    1.191244    3.222215    1.995921   4756.79   4776.13    1.001
      alpha_symdir{1}               1.688565    0.156146    1.043883    2.474292    1.624365   4350.12   5041.48    1.000
      alpha_symdir{1}               2.937261    1.017890    1.380400    4.967233    2.738363   4395.30   4455.16    1.000
      alpha_symdir{1}               2.949786    1.020261    1.357871    4.921753    2.754447   3491.20   3710.52    1.000
      alpha_symdir{1}               2.701314    0.881682    1.221816    4.515420    2.524121   2510.76   2983.15    1.005
      alpha_symdir{1}               2.254272    0.562242    1.116666    3.758786    2.107615     82.91    174.08    1.000
      alpha_symdir{1}               2.459781    0.885122    1.031497    4.337189    2.274483   3446.33   3537.04    1.000
      alpha_symdir{1}               3.237457    1.177704    1.571417    5.463934    3.036440   4018.31   4136.85    1.000
      alpha_symdir{1}               1.534476    0.093090    1.006565    2.143200    1.492285   5129.37   5536.77    1.000
      alpha_symdir{1}               3.163943    0.849434    1.689079    5.030931    2.996936   3475.01   4040.04    1.000
      alpha_symdir{1}               2.247614    0.371937    1.241963    3.446906    2.142230   3854.28   3958.31    1.000
      alpha_symdir{1}               2.511342    1.113232    0.865347    4.647127    2.313044    130.85    627.22    1.021
      alpha_symdir{1}               1.993862    0.212919    1.235258    2.931514    1.921991   5596.20   5850.68    1.000
      alpha_symdir{1}               2.556993    0.349190    1.563446    3.741520    2.462739   5737.24   5904.27    1.000
      alpha_symdir{1}               2.519166    0.820953    1.201117    4.353145    2.324381   2646.03   2972.61    1.002
      alpha_symdir{1}               2.125584    0.553792    1.084182    3.600405    1.955134   3141.34   3345.83    1.000
      alpha_symdir{1}               2.156215    0.332212    1.202625    3.299371    2.062695   4971.64   5044.94    1.000
      alpha_symdir{1}               1.594952    0.251890    0.838600    2.593493    1.494607   1959.06   2271.23    1.006
