0.255814
0.2777778
0.2954545
0.3636364
0.2954545
0.35
0.2820513
0.1818182
0.3448276
0.3555556
0.2105263
0.1875
0.2173913
0.0625
0.2790698
0.1521739
0.3488372
0.2105263
0.5714286
0.3125
0.4130435
0.25
0.3225806
0.1923077
0.175
0.2962963
0.1764706
0.2571429
0.1111111
0.2051282
0.3414634
0.4054054
0.2432432
0.2352941
0.1956522
0.2
0.2592593
0.3636364
0.2105263
0.2
0.3191489
0.3448276
0.2340426
0.3617021
0.3243243
0.2222222
0.375
0.3333333
0.3939394
0.1777778
0.3478261
0.3333333
0.1578947
0.1
0.28125
0.3428571
0.1904762
0.09090909
0.2
0.2432432
0.1666667
0.2
0.08
0.2888889
0.3023256
0.375
0.1764706
0.2272727
0.1153846
0.1923077
0.325
0.3703704
0.25
0.3478261
0.2307692
0
0.3076923
0.2666667
0.2439024
0.3157895
0.1315789
0.2045455
0.3589744
0.2857143
0.1052632
0.2631579
0.2
0.2972973
0.3076923
0.2916667
0.06976744
0.1714286
0.326087
0.1875
0.3
0.2391304
0.1333333
0.25
0.2631579
0.1612903
