      clockrate                0.684995    0.002476    0.590316    0.784520    0.682839    245.55    291.82    1.005
      clockrate                0.735539    0.003675    0.617692    0.852332    0.732614    166.44    276.13    1.001
      clockrate                0.696481    0.004648    0.570791    0.832370    0.691050     32.30     35.57    1.000
      clockrate                0.621468    0.003584    0.510898    0.742988    0.615441     58.62     93.23    1.000
      clockrate                0.776571    0.004224    0.654903    0.908096    0.771396     68.34     68.79    1.002
      clockrate                0.590775    0.004963    0.462000    0.733205    0.582735    266.36    306.56    1.000
      clockrate                0.642991    0.002267    0.550442    0.735335    0.640687    198.29    362.03    1.000
      clockrate                0.833773    0.021645    0.566592    1.127252    0.817530    156.17    185.83    1.003
      clockrate                0.707528    0.008888    0.533884    0.889177    0.697622    177.41    210.71    1.004
      clockrate                0.843966    0.010714    0.667175    1.040777    0.830577     34.48     57.89    1.000
      clockrate                0.688291    0.007070    0.542049    0.861925    0.677784     92.84    110.57    1.000
      clockrate                0.746754    0.014138    0.527628    0.982065    0.734963    379.62    484.56    1.000
      clockrate                0.672519    0.009859    0.494950    0.877028    0.661714    269.05    299.95    1.000
      clockrate                0.843150    0.039037    0.503765    1.230549    0.814281    263.61    273.12    1.000
      clockrate                0.625140    0.005419    0.495173    0.780037    0.616621    145.16    161.73    1.003
      clockrate                0.572441    0.003532    0.465821    0.691934    0.565552     66.22     89.35    1.005
      clockrate                0.655172    0.005277    0.516945    0.805882    0.651389    228.38    231.06    1.001
      clockrate                0.585831    0.009273    0.419800    0.787214    0.571299    242.88    261.01    1.004
      clockrate                0.952417    0.110616    0.387045    1.585175    0.912717    141.38    197.58    1.007
      clockrate                0.868932    0.015971    0.660657    1.127192    0.847816    244.91    272.49    1.000
      clockrate                0.680686    0.002540    0.585341    0.780728    0.677993    125.80    290.15    1.002
      clockrate                0.606025    0.004585    0.476763    0.740336    0.600325    305.08    375.58    1.001
      clockrate                0.543440    0.006860    0.388418    0.709150    0.536964     95.76    149.36    1.002
      clockrate                0.667808    0.004254    0.542651    0.797332    0.663268    138.28    256.42    1.000
      clockrate                0.656181    0.002887    0.554580    0.761548    0.652645    175.57    307.05    1.001
      clockrate                0.555916    0.007476    0.403575    0.734736    0.544954     54.10    126.50    1.008
      clockrate                0.691651    0.005956    0.546046    0.842319    0.685013    145.17    254.52    1.000
      clockrate                0.649612    0.004401    0.531767    0.784594    0.643796     61.70    245.68    1.002
      clockrate                0.801075    0.016051    0.588067    1.069049    0.782640    181.91    201.87    1.000
      clockrate                0.721678    0.004189    0.600730    0.849387    0.715685    168.45    184.83    1.014
      clockrate                0.654287    0.004642    0.522458    0.789952    0.650001    122.26    158.71    1.026
      clockrate                0.759931    0.008461    0.592448    0.944697    0.751641    132.16    149.38    1.000
      clockrate                0.694166    0.003091    0.584922    0.804191    0.691408     52.61    176.17    1.048
      clockrate                0.536124    0.008214    0.370818    0.717078    0.527476    215.76    330.83    1.000
      clockrate                0.721534    0.002593    0.626791    0.827244    0.719034    158.44    192.96    1.000
      clockrate                0.795054    0.008073    0.632617    0.978008    0.784370     63.36     89.19    1.000
      clockrate                0.831023    0.005086    0.692362    0.970237    0.826156    373.38    476.95    1.000
      clockrate                0.707835    0.005526    0.572467    0.861909    0.703059    173.22    212.31    1.002
      clockrate                0.658488    0.006909    0.498468    0.824935    0.652172    483.43    594.04    1.000
      clockrate                0.657327    0.004663    0.527049    0.791264    0.652247    408.44    436.06    1.000
      clockrate                0.708563    0.004760    0.577482    0.845840    0.702873    105.98    120.74    1.000
      clockrate                0.846769    0.013272    0.652135    1.089076    0.831952    209.03    251.13    1.004
      clockrate                0.825381    0.005976    0.674992    0.979652    0.822079     29.61     57.46    1.024
      clockrate                0.718039    0.003921    0.598402    0.841236    0.715097    135.70    158.18    1.000
      clockrate                0.667753    0.002904    0.567611    0.778743    0.664783    232.69    320.73    1.017
      clockrate                0.635762    0.006016    0.492232    0.792115    0.628757    140.26    184.78    1.003
      clockrate                0.693691    0.003915    0.574946    0.816287    0.690717    258.32    353.36    1.002
      clockrate                0.507832    0.007416    0.352162    0.682242    0.498354    179.52    199.52    1.000
      clockrate                0.650329    0.004185    0.527852    0.779995    0.645893    278.66    342.31    1.000
      clockrate                0.622472    0.002235    0.530747    0.715299    0.620580    418.12    461.09    1.007
      clockrate                0.762044    0.007950    0.594547    0.936814    0.752375    339.02    362.42    1.004
      clockrate                0.838778    0.020133    0.592564    1.121753    0.818446     62.05     72.06    1.000
      clockrate                0.783512    0.031304    0.507511    1.143284    0.751757    142.10    170.75    1.000
      clockrate                0.634457    0.005791    0.490567    0.781229    0.626775    108.13    156.16    1.001
      clockrate                0.737640    0.009746    0.563588    0.937515    0.725360    170.11    200.44    1.000
      clockrate                0.638608    0.003919    0.524154    0.761544    0.633083    131.87    166.67    1.000
      clockrate                0.637197    0.002534    0.543662    0.737739    0.633314    244.08    258.73    1.001
      clockrate                0.857569    0.014430    0.647254    1.101195    0.841543     35.61    224.29    1.011
      clockrate                0.601853    0.009658    0.425675    0.796642    0.587843    144.54    186.35    1.001
      clockrate                0.632054    0.005198    0.501660    0.777901    0.624003     54.61     78.72    1.002
      clockrate                0.791342    0.011484    0.589668    1.006313    0.784162    712.33    767.45    1.001
      clockrate                0.614810    0.001998    0.530430    0.705358    0.613137    762.12    798.48    1.000
      clockrate                0.635578    0.003324    0.524425    0.744432    0.631566    436.49    840.23    1.017
      clockrate                0.597605    0.002574    0.504178    0.700772    0.593304    227.90    240.75    1.013
      clockrate                0.709256    0.006639    0.563508    0.869603    0.699493     80.90     98.65    1.003
      clockrate                0.590538    0.006493    0.447053    0.755019    0.580409    118.38    122.28    1.001
      clockrate                0.737390    0.028166    0.453651    1.084050    0.712977    146.62    155.83    1.010
      clockrate                0.674000    0.005677    0.535828    0.824070    0.668191    262.42    433.13    1.001
      clockrate                0.588583    0.007171    0.440775    0.757921    0.575372     93.42    111.15    1.000
      clockrate                0.520483    0.005859    0.380962    0.669110    0.511144    158.82    175.85    1.001
      clockrate                0.834138    0.004321    0.706838    0.963771    0.829411     74.24    199.04    1.008
      clockrate                0.732284    0.009800    0.546934    0.928558    0.722596    296.22    298.21    1.006
      clockrate                0.560827    0.003442    0.451200    0.676775    0.555511    106.33    132.58    1.015
      clockrate                0.586870    0.005303    0.452294    0.732726    0.580987    160.98    275.41    1.001
      clockrate                0.604241    0.004431    0.475758    0.733423    0.599715    163.53    186.22    1.010
      clockrate                0.890487    0.030014    0.565461    1.227390    0.880023    353.34    443.51    1.000
      clockrate                0.571481    0.002498    0.473861    0.667685    0.568694     89.41    229.87    1.001
      clockrate                0.712630    0.009651    0.534916    0.908973    0.700955    348.47    440.71    1.000
      clockrate                0.669764    0.005536    0.532571    0.816714    0.661997     81.84     81.87    1.007
      clockrate                0.668199    0.006256    0.521244    0.821899    0.662776    497.56    532.10    1.001
      clockrate                0.711516    0.012245    0.513408    0.931157    0.697449     62.67    100.35    1.000
      clockrate                0.631008    0.002827    0.530840    0.735262    0.625909     47.83    120.85    1.039
      clockrate                0.644453    0.004846    0.510346    0.781238    0.641223    140.36    148.28    1.000
      clockrate                0.833981    0.011630    0.641138    1.053303    0.825591     46.35    107.34    1.014
      clockrate                0.601926    0.012820    0.411758    0.811745    0.584547    110.97    155.31    1.001
      clockrate                0.704188    0.004366    0.580420    0.834030    0.700240     75.39    142.36    1.004
      clockrate                0.907198    0.012816    0.699958    1.127319    0.896165    107.79    111.57    1.001
      clockrate                0.639733    0.011340    0.450758    0.857761    0.627722    120.28    141.86    1.008
      clockrate                0.693742    0.008970    0.518181    0.887625    0.684034    214.16    232.50    1.000
      clockrate                0.821324    0.010594    0.640722    1.032593    0.807573    133.18    161.91    1.004
      clockrate                0.606163    0.002263    0.513355    0.698364    0.603638     57.27    200.46    1.004
      clockrate                0.651680    0.003450    0.540251    0.768119    0.648139    356.85    373.68    1.002
      clockrate                0.574434    0.002744    0.476231    0.675235    0.570084     65.54    135.58    1.000
      clockrate                0.840081    0.045205    0.500014    1.279553    0.795317    132.81    148.21    1.005
      clockrate                0.501833    0.003021    0.399730    0.611122    0.496535    101.18    156.71    1.008
      clockrate                0.656721    0.003477    0.549634    0.776880    0.651244     57.11    118.08    1.001
      clockrate                0.938362    0.008230    0.766014    1.119843    0.932119     79.80    112.94    1.002
      clockrate                0.782221    0.015548    0.564734    1.029446    0.763769    127.61    137.29    1.011
      clockrate                0.676004    0.009288    0.501537    0.871348    0.665654     64.93     99.07    1.044
      clockrate                0.844331    0.007256    0.687161    1.015666    0.835147     30.72     86.78    1.011
