      ilnvar                   0.026512    0.000669    0.000148    0.078283    0.019090     30.59     40.18    1.079
      ilnvar                   0.019883    0.000628    0.000051    0.068312    0.011340     34.60     44.22    1.000
      ilnvar                   0.072779    0.003378    0.000181    0.178690    0.062244     18.81     21.57    1.000
      ilnvar                   0.042352    0.002289    0.000467    0.138612    0.024863     22.21     31.31    1.000
      ilnvar                   0.029223    0.001113    0.000197    0.094114    0.017841     20.41     21.64    1.004
      ilnvar                   0.052238    0.003146    0.000447    0.151261    0.036769    121.88    123.85    1.001
      ilnvar                   0.023941    0.000702    0.000171    0.076737    0.015300     25.43     37.44    1.025
      ilnvar                   0.171315    0.016797    0.011458    0.425663    0.135325     84.33    146.50    1.005
      ilnvar                   0.104958    0.007229    0.001600    0.267240    0.085027    107.81    109.99    1.007
      ilnvar                   0.125498    0.008685    0.003312    0.289727    0.107712     42.91     48.28    1.000
      ilnvar                   0.159324    0.011170    0.003173    0.350791    0.143030     64.61     73.11    1.000
      ilnvar                   0.176069    0.037256    0.001013    0.529763    0.119793    195.36    212.35    1.000
      ilnvar                   0.109797    0.008598    0.004794    0.286219    0.085092    139.54    173.60    1.001
      ilnvar                   0.343976    0.060908    0.018049    0.807846    0.286761    331.74    348.55    1.001
      ilnvar                   0.145473    0.008944    0.009324    0.313853    0.127203     77.97     89.28    1.004
      ilnvar                   0.072115    0.003416    0.002264    0.183765    0.056669     30.61     42.38    1.017
      ilnvar                   0.099564    0.004787    0.004128    0.231943    0.085998     52.14     61.02    1.004
      ilnvar                   0.088320    0.007434    0.001265    0.259446    0.062779     99.65    123.54    1.003
      ilnvar                   0.412476    0.193285    0.000726    1.259552    0.275316    258.45    316.48    1.003
      ilnvar                   0.102535    0.013877    0.000096    0.311427    0.069267    170.34    201.09    1.000
      ilnvar                   0.021989    0.000589    0.000708    0.065528    0.014379     21.13     33.47    1.008
      ilnvar                   0.048650    0.002315    0.000466    0.139049    0.035018    105.93    108.98    1.002
      ilnvar                   0.051639    0.002410    0.001048    0.147826    0.037139     39.06     50.36    1.002
      ilnvar                   0.030280    0.001510    0.000242    0.103339    0.016318     48.70     52.15    1.002
      ilnvar                   0.046593    0.001658    0.000453    0.121003    0.037920     32.38     43.17    1.005
      ilnvar                   0.133800    0.011658    0.000109    0.338433    0.109845     47.19     91.75    1.024
      ilnvar                   0.043533    0.002012    0.001046    0.128017    0.029117     56.08     73.94    1.008
      ilnvar                   0.039190    0.001934    0.000017    0.123837    0.026050     24.31     42.81    1.005
      ilnvar                   0.204224    0.021379    0.002458    0.479017    0.170934    117.05    156.61    1.001
      ilnvar                   0.066481    0.003003    0.003056    0.169354    0.054779     54.84     59.79    1.043
      ilnvar                   0.030828    0.001216    0.000287    0.101814    0.017089     37.37     40.32    1.075
      ilnvar                   0.118390    0.007013    0.002634    0.273043    0.098855     76.11     80.03    1.000
      ilnvar                   0.011140    0.000632    0.000001    0.064423    0.000239     21.53     22.54    1.157
      ilnvar                   0.131520    0.014006    0.000987    0.351890    0.099182    122.03    174.84    1.000
      ilnvar                   0.025437    0.000678    0.000271    0.077865    0.016711     25.35     25.59    1.000
      ilnvar                   0.021881    0.001490    0.000008    0.093687    0.006656     49.79     53.12    1.000
      ilnvar                   0.018168    0.000633    0.000042    0.063413    0.009661     94.76    100.80    1.001
      ilnvar                   0.034337    0.002312    0.000029    0.127735    0.016411     74.15     76.27    1.010
      ilnvar                   0.051117    0.002691    0.000486    0.151644    0.036116    140.09    164.54    1.000
      ilnvar                   0.044586    0.002344    0.000703    0.141771    0.028894     44.81     79.23    1.000
      ilnvar                   0.080765    0.002888    0.003467    0.186891    0.068983     53.39     62.59    1.001
      ilnvar                   0.116169    0.007617    0.005184    0.274928    0.096524    165.87    168.37    1.011
      ilnvar                   0.048936    0.002141    0.000240    0.132804    0.038638     15.50     28.24    1.034
      ilnvar                   0.087067    0.002894    0.004212    0.189832    0.077151     62.35     68.01    1.011
      ilnvar                   0.023514    0.000639    0.000009    0.072529    0.015714     22.33     32.32    1.071
      ilnvar                   0.078960    0.005351    0.000328    0.218779    0.061119     34.26     58.53    1.017
      ilnvar                   0.028049    0.001094    0.000128    0.093370    0.016483     28.01     36.43    1.016
      ilnvar                   0.096969    0.006497    0.000764    0.253874    0.076343    117.65    144.39    1.000
      ilnvar                   0.067381    0.003184    0.000205    0.174969    0.055637     55.77     57.10    1.000
      ilnvar                   0.021902    0.000621    0.000062    0.074281    0.013894     12.36     19.55    1.035
      ilnvar                   0.056384    0.004045    0.000068    0.177943    0.036860     62.63     71.88    1.008
      ilnvar                   0.089443    0.009741    0.000053    0.279377    0.059676     61.31     65.29    1.000
      ilnvar                   0.187299    0.031459    0.004539    0.496072    0.144250    144.81    185.07    1.000
      ilnvar                   0.069043    0.004641    0.000512    0.198431    0.050627     36.92     38.63    1.000
      ilnvar                   0.175613    0.011931    0.005458    0.387108    0.152798    110.21    116.66    1.000
      ilnvar                   0.045764    0.002248    0.000344    0.135155    0.031683     40.08     48.82    1.000
      ilnvar                   0.032998    0.000942    0.000905    0.093388    0.024360     38.99     52.21    1.001
      ilnvar                   0.148592    0.015111    0.000722    0.379788    0.117673     45.93    146.23    1.001
      ilnvar                   0.101529    0.008721    0.001144    0.277343    0.075354    103.23    131.43    1.001
      ilnvar                   0.057144    0.003323    0.000210    0.169242    0.040979     19.73     30.27    1.005
      ilnvar                   0.027258    0.001763    0.000018    0.102054    0.012315     76.37    101.23    1.004
      ilnvar                   0.010516    0.000209    0.000038    0.038964    0.005255     19.20     30.22    1.001
      ilnvar                   0.015716    0.001010    0.000002    0.074349    0.003965     56.36     66.26    1.076
      ilnvar                   0.055854    0.002147    0.000516    0.147636    0.044876     38.64     42.69    1.052
      ilnvar                   0.093336    0.005277    0.003965    0.230621    0.075571     55.11     66.67    1.000
      ilnvar                   0.187284    0.011346    0.026099    0.391861    0.166555     92.80    102.00    1.000
      ilnvar                   0.179938    0.030786    0.002318    0.511659    0.131572    191.08    194.77    1.015
      ilnvar                   0.054645    0.002883    0.001176    0.157055    0.039201    110.33    136.80    1.000
      ilnvar                   0.069467    0.007559    0.000075    0.232884    0.040139     57.40     59.75    1.000
      ilnvar                   0.044675    0.003368    0.000165    0.155938    0.025302     29.41     49.05    1.003
      ilnvar                   0.030787    0.001711    0.000004    0.112229    0.013721     11.78     37.26    1.071
      ilnvar                   0.115865    0.008530    0.003024    0.286316    0.093285     85.63    123.18    1.014
      ilnvar                   0.062888    0.002558    0.001630    0.163817    0.051088     48.50     52.17    1.050
      ilnvar                   0.051952    0.003329    0.000436    0.167057    0.034537     40.50     49.57    1.000
      ilnvar                   0.042165    0.002301    0.000093    0.138267    0.027369     29.32     37.61    1.008
      ilnvar                   0.073792    0.018775    0.000029    0.288050    0.029698    689.68    706.97    1.000
      ilnvar                   0.018629    0.000475    0.000020    0.059567    0.012226     13.79     25.90    1.000
      ilnvar                   0.054370    0.005008    0.000048    0.180740    0.031702    124.42    130.47    1.001
      ilnvar                   0.119345    0.006656    0.003468    0.276620    0.102417     56.34     58.01    1.024
      ilnvar                   0.031572    0.001683    0.000152    0.102166    0.018716    164.04    167.96    1.011
      ilnvar                   0.167398    0.012048    0.002054    0.376513    0.147001     63.90     69.99    1.001
      ilnvar                   0.038157    0.001655    0.000015    0.114215    0.027223     16.79     52.99    1.088
      ilnvar                   0.044093    0.001579    0.001093    0.121334    0.032865     50.10     51.92    1.000
      ilnvar                   0.132912    0.008711    0.001058    0.303496    0.117252     28.66     86.59    1.007
      ilnvar                   0.146829    0.025473    0.000733    0.416102    0.104915    114.63    132.14    1.002
      ilnvar                   0.034686    0.001243    0.000537    0.102329    0.023512     25.72     55.97    1.004
      ilnvar                   0.064088    0.003631    0.000180    0.180964    0.048416     42.17     64.22    1.004
      ilnvar                   0.098507    0.011208    0.000454    0.291588    0.068331     78.47    104.48    1.001
      ilnvar                   0.131741    0.013427    0.002789    0.358674    0.099995     90.17    131.27    1.006
      ilnvar                   0.067869    0.004287    0.000117    0.195875    0.050716     82.42     99.78    1.005
      ilnvar                   0.018081    0.000582    0.000067    0.065035    0.009015     11.81     20.12    1.018
      ilnvar                   0.019667    0.000790    0.000020    0.075972    0.009498     17.23     29.08    1.008
      ilnvar                   0.024169    0.000886    0.000109    0.087664    0.012921     30.99     32.10    1.043
      ilnvar                   0.315257    0.089020    0.002817    0.897790    0.223890    147.89    175.70    1.003
      ilnvar                   0.049271    0.002122    0.000220    0.133118    0.037705     28.22     40.44    1.011
      ilnvar                   0.052230    0.001833    0.000101    0.133979    0.043371     20.06     41.65    1.005
      ilnvar                   0.051390    0.003254    0.000192    0.167025    0.031814     37.71     51.45    1.001
      ilnvar                   0.129625    0.012464    0.003792    0.343043    0.100891     93.79    104.25    1.016
      ilnvar                   0.211221    0.013330    0.029704    0.427400    0.191227    131.64    134.71    1.020
      ilnvar                   0.045432    0.002528    0.000005    0.144236    0.030341     13.10     37.91    1.024
