      alpha_symdir             1.482865    0.047697    1.048045    1.883720    1.476554     10.23     12.71    1.001
      alpha_symdir             1.689364    0.105643    1.073025    2.317298    1.659987     12.81     25.72    1.006
      alpha_symdir             2.166870    0.111092    1.560269    2.817936    2.128812     69.53     73.43    1.000
      alpha_symdir             2.066192    0.100512    1.472574    2.692321    2.035948     49.85     69.48    1.001
      alpha_symdir             2.069865    0.064039    1.612468    2.595259    2.051560    147.69    155.18    1.000
      alpha_symdir             0.306949    0.000569    0.261119    0.354836    0.306631     56.63     77.46    1.000
      alpha_symdir             1.781746    0.056903    1.338124    2.244855    1.756121     92.60     97.88    1.009
      alpha_symdir             1.618200    0.169429    0.899513    2.396274    1.583420      9.62     12.26    1.003
      alpha_symdir             1.747217    0.086948    1.240099    2.340161    1.705794     42.57     73.70    1.024
      alpha_symdir             1.917895    0.082171    1.420435    2.508385    1.880055     50.83    110.64    1.000
      alpha_symdir             1.923360    0.090176    1.379530    2.516821    1.894010     38.30     44.68    1.004
      alpha_symdir             0.239640    0.000485    0.196480    0.282204    0.239185     45.38     82.91    1.000
      alpha_symdir             0.560412    0.178855    0.279044    1.504993    0.353810      5.63     89.52    1.439
      alpha_symdir             0.279015    0.000573    0.232598    0.326799    0.279462     59.72     67.16    1.014
      alpha_symdir             2.100979    0.079774    1.592407    2.677193    2.069139     48.60     64.98    1.001
      alpha_symdir             1.928193    0.050488    1.509043    2.376583    1.907977     99.82    122.61    1.000
      alpha_symdir             1.610564    0.043596    1.229607    2.027832    1.591596     96.87    101.32    1.017
      alpha_symdir             0.918068    0.455882    0.279691    2.168885    0.461907      5.67      5.92    1.170
      alpha_symdir             0.148704    0.000257    0.120253    0.180710    0.146515    249.83    348.32    1.002
      alpha_symdir             1.756468    0.145377    1.044679    2.521348    1.714454     51.85     62.51    1.015
      alpha_symdir             2.047098    0.090015    1.509529    2.629748    2.009145     75.55     78.78    1.001
      alpha_symdir             0.786319    0.229403    0.288887    1.591911    0.472491      6.25      6.27    1.394
      alpha_symdir             1.810786    0.202149    1.025968    2.637645    1.757080     14.32     25.59    1.269
      alpha_symdir             1.744038    0.154872    1.066183    2.531371    1.682186     14.65     26.96    1.000
      alpha_symdir             1.491469    0.081784    0.971553    2.071765    1.461511     11.16     12.86    1.003
      alpha_symdir             2.162510    0.118336    1.545359    2.851923    2.128319     65.61     84.18    1.003
      alpha_symdir             1.331219    0.057634    0.877502    1.780482    1.311707     10.68     19.84    1.038
      alpha_symdir             1.693903    0.062966    1.229963    2.206314    1.674667     70.42     76.45    1.031
      alpha_symdir             1.870090    0.112378    1.212446    2.504147    1.842338     36.66     44.25    1.000
      alpha_symdir             1.116599    0.211431    0.285053    1.758974    1.200825      5.75     18.06    1.838
      alpha_symdir             1.810024    0.100349    1.230847    2.437715    1.766267     38.00     63.23    1.022
      alpha_symdir             1.494930    0.052362    1.082968    1.953038    1.478730     14.15     93.67    1.181
      alpha_symdir             1.688373    0.091816    1.111901    2.287269    1.659798     15.55     59.67    1.006
      alpha_symdir             0.282562    0.000510    0.238031    0.325889    0.282322    162.29    163.29    1.014
      alpha_symdir             1.985670    0.092772    1.427174    2.578415    1.953950     77.77     77.80    1.000
      alpha_symdir             0.297692    0.000414    0.257166    0.337016    0.296621     58.28    133.15    1.013
      alpha_symdir             0.628984    0.200581    0.270566    1.538526    0.352170      5.69      6.74    1.131
      alpha_symdir             2.306708    0.344482    1.244919    3.368668    2.221171     32.08     47.37    1.041
      alpha_symdir             0.782473    0.298270    0.274400    1.792054    0.374412      8.98     27.16    2.004
      alpha_symdir             0.337999    0.000635    0.288285    0.386771    0.337130    162.58    192.73    1.000
      alpha_symdir             1.626084    0.052035    1.190447    2.070728    1.604250     73.59     86.74    1.012
      alpha_symdir             0.545246    0.153752    0.272479    1.379757    0.331931      5.37     64.99    1.310
      alpha_symdir             1.918748    0.074980    1.419147    2.449237    1.892753     93.13    112.62    1.000
      alpha_symdir             1.222945    0.031717    0.893582    1.559025    1.205141     14.55     24.87    1.005
      alpha_symdir             2.070886    0.080546    1.566439    2.626223    2.037265    138.63    149.97    1.001
      alpha_symdir             2.569808    0.256322    1.648940    3.580213    2.511115     38.98     69.43    1.000
      alpha_symdir             2.361088    0.200985    1.554727    3.285266    2.303989     59.31     61.04    1.003
      alpha_symdir             1.136874    0.414953    0.292678    2.062047    1.323731      5.76     16.51    2.219
      alpha_symdir             1.864796    0.082098    1.355837    2.446100    1.836115     25.55     34.67    1.001
      alpha_symdir             1.692778    0.076819    1.213136    2.254044    1.658967     20.66     49.50    1.032
      alpha_symdir             0.909753    0.364124    0.280520    1.861507    0.706928     19.07     37.15    3.492
      alpha_symdir             0.306011    0.000439    0.267827    0.349337    0.305377     88.62    109.49    1.013
      alpha_symdir             0.302897    0.000540    0.259373    0.350721    0.301968     59.31    103.31    1.007
      alpha_symdir             1.985002    0.129814    1.347641    2.697201    1.934188     43.39     52.92    1.001
      alpha_symdir             1.929981    0.154607    1.258626    2.742573    1.875139     31.90     42.69    1.017
      alpha_symdir             1.676316    0.082642    1.145476    2.237280    1.636893     35.09     70.16    1.042
      alpha_symdir             1.897748    0.080444    1.368687    2.450491    1.880171     46.11     81.73    1.009
      alpha_symdir             1.562925    0.118417    0.956941    2.276449    1.515162     19.76     23.28    1.009
      alpha_symdir             1.873004    0.140128    1.112042    2.599660    1.858767     19.88     40.72    1.016
      alpha_symdir             2.048887    0.123917    1.459489    2.778521    2.004152     69.96     82.33    1.006
      alpha_symdir             0.244620    0.000402    0.206117    0.284711    0.244076    103.72    583.61    1.010
      alpha_symdir             2.030547    0.124659    1.400423    2.761989    1.992221     55.32     60.98    1.001
      alpha_symdir             1.727182    0.108582    1.160809    2.366527    1.680534     43.72     70.27    1.000
      alpha_symdir             2.178724    0.091181    1.613102    2.782347    2.154444     70.87     85.09    1.000
      alpha_symdir             1.623213    0.054744    1.211511    2.096897    1.599252     33.27     40.27    1.005
      alpha_symdir             2.049793    0.080376    1.542248    2.614282    2.019966    117.95    120.95    1.000
      alpha_symdir             1.134121    0.789413    0.256325    2.576387    0.910499     29.05     40.23    2.887
      alpha_symdir             0.896188    0.356975    0.280590    1.896888    0.724079     16.27     28.76    3.075
      alpha_symdir             2.311639    0.272557    1.474934    3.359616    2.227261     27.73     46.06    1.057
      alpha_symdir             1.722350    0.111157    1.139062    2.421760    1.686070     31.70     49.30    1.106
      alpha_symdir             2.165901    0.138053    1.503421    2.912754    2.122187     44.42     62.75    1.007
      alpha_symdir             2.258046    0.161219    1.511477    3.065413    2.203271     83.12     83.23    1.000
      alpha_symdir             2.049109    0.076709    1.536807    2.607838    2.022648     71.43     73.85    1.005
      alpha_symdir             1.989623    0.191166    1.160876    2.859656    1.966483     21.09     26.26    1.000
      alpha_symdir             1.662788    0.158053    0.939887    2.377041    1.653888      8.42     19.99    1.381
      alpha_symdir             0.145888    0.000159    0.123247    0.171534    0.144467    199.06    256.32    1.003
      alpha_symdir             1.708125    0.058256    1.270842    2.186782    1.684368     47.99     67.12    1.007
      alpha_symdir             0.467200    0.173093    0.234047    1.444934    0.321235      6.43     13.51    1.114
      alpha_symdir             1.541895    0.054857    1.107438    2.004804    1.522635     18.26     19.89    1.036
      alpha_symdir             0.354449    0.000910    0.298629    0.413175    0.351745     21.68     25.81    1.020
      alpha_symdir             1.756997    0.072546    1.277972    2.303136    1.725802     64.44     65.80    1.000
      alpha_symdir             1.895929    0.055922    1.453178    2.374700    1.871930    101.18    140.19    1.007
      alpha_symdir             0.554065    0.095766    0.276619    1.125740    0.347108      5.43      5.70    1.035
      alpha_symdir             1.459720    0.055964    1.051986    1.945570    1.426004     16.71     22.82    1.005
      alpha_symdir             1.889075    0.092303    1.349151    2.494382    1.856234     83.88     95.41    1.002
      alpha_symdir             1.714101    0.096461    1.148708    2.310193    1.695996     13.61     26.67    1.004
      alpha_symdir             1.709114    0.115195    1.132838    2.410635    1.669939     16.00     26.23    1.060
      alpha_symdir             0.881747    0.172110    0.269196    1.517024    0.966560      5.60     11.14    1.866
      alpha_symdir             1.802252    0.129197    1.135745    2.505916    1.770029     15.61     57.34    1.080
      alpha_symdir             1.622701    0.092682    1.065301    2.248638    1.597452     19.14     38.06    1.077
      alpha_symdir             1.780078    0.054624    1.351236    2.235238    1.754325    144.76    146.10    1.001
      alpha_symdir             1.400323    0.033944    1.049458    1.765137    1.386720     48.44     56.66    1.026
      alpha_symdir             1.621486    0.045538    1.206579    2.049674    1.605667     47.08    122.08    1.033
      alpha_symdir             0.330074    0.000753    0.277690    0.385061    0.328862     34.52     63.84    1.019
      alpha_symdir             2.248291    0.141096    1.568772    2.991832    2.213974     58.57     76.26    1.004
      alpha_symdir             1.848729    0.049263    1.460315    2.317003    1.833163     73.38    118.57    1.001
      alpha_symdir             1.616579    0.083317    1.104549    2.215708    1.586232     18.27     19.85    1.011
      alpha_symdir             0.330068    0.000436    0.292914    0.373668    0.328929     41.86     88.32    1.021
      alpha_symdir             1.390380    0.047853    0.976697    1.817793    1.369315     13.41     15.14    1.003
      alpha_symdir             1.851271    0.148427    1.054689    2.540384    1.844495     11.23     27.65    1.107
