0.255814
0.2222222
0.09090909
0.1818182
0.1590909
0.2
0.02564103
0.09090909
0.1034483
0.1111111
0.07894737
0.1875
0.173913
0.125
0.1627907
0.06521739
0.09302326
0.1052632
0
0
0.1304348
0.1666667
0.1290323
0.1153846
0.05
0.2222222
0.1470588
0.05714286
0.07407407
0.1025641
0.1463415
0.1351351
0.08108108
0.2352941
0.08695652
0.1
0.1851852
0.1363636
0.05263158
0.16
0.1914894
0.06896552
0.1276596
0.2340426
0.1351351
0.1481481
0.175
0.04166667
0.06060606
0.1111111
0.173913
0.1666667
0.05263158
0.1
0.125
0.08571429
0.0952381
0.09090909
0.1
0.08108108
0.05555556
0.175
0.12
0.08888889
0.1860465
0.125
0
0.3181818
0.07692308
0.03846154
0.175
0
0.15
0.1304348
0.03846154
0
0.1538462
0.06666667
0.07317073
0.05263158
0.1578947
0.09090909
0.1282051
0.08571429
0
0.05263158
0.1333333
0.2
0.2307692
0.04166667
0.02325581
0.05714286
0.1086957
0.1875
0.05
0.08695652
0.06666667
0.2142857
0.1315789
0.1612903
