      age[0]                   0.929908    0.001300    0.866898    1.005398    0.925233    1.026    2
      age[0]                   1.017578    0.000567    0.973625    1.065446    1.015445    1.002    2
      age[0]                   1.034281    0.001169    0.973280    1.104812    1.031320    1.018    2
      age[0]                   1.007026    0.000737    0.956962    1.063939    1.005047    1.004    2
      age[0]                   1.059826    0.001228    0.996156    1.130892    1.057624    1.029    2
      age[0]                  0.984718    0.000980    0.927161    1.047793    0.982017    1.002    2
      age[0]                  1.000198    0.000282    0.968007    1.034099    0.999390    1.003    2
      age[0]                  0.804493    0.002617    0.730248    0.899715    0.793665    1.003    2
      age[0]                  1.003165    0.000770    0.952984    1.059384    1.000517    1.003    2
      age[0]                   0.984580    0.001898    0.914252    1.072464    0.976449    1.049    2
      age[0]                  0.923736    0.000408    0.888992    0.965424    0.921284    1.002    2
      age[0]                  0.902493    0.007841    0.831192    1.089049    0.864592    1.062    2
      age[0]                  1.011475    0.007239    0.857091    1.154455    1.009973    1.011    2
      age[0]                  0.933191    0.009941    0.803581    1.139228    0.901139    1.005    2
      age[0]                   0.991479    0.000963    0.933500    1.052317    0.988840    1.006    2
      age[0]                   0.978036    0.000399    0.939306    1.020335    0.976716    1.015    2
      age[0]                   1.004102    0.001223    0.961075    1.076589    0.993896    1.002    2
      age[0]                  0.936286    0.002414    0.846760    1.030412    0.932221    1.038    2
      age[0]                  1.020647    0.039248    0.680410    1.393723    0.995543    1.001    2
      age[0]                  0.996514    0.000847    0.951795    1.049019    0.992809    1.001    2
      age[0]                   0.992738    0.000742    0.942192    1.044882    0.990455    1.001    2
      age[0]                  1.009106    0.000824    0.979084    1.066668    1.001241    1.000    2
      age[0]                  0.914957    0.002878    0.811728    1.022322    0.910412    1.000    2
      age[0]                  1.000129    0.003343    0.885034    1.108895    0.998429    1.007    2
      age[0]                  0.981257    0.001332    0.918518    1.055776    0.976881    1.001    2
      age[0]                  0.971850    0.002408    0.880490    1.073157    0.967753    1.010    2
      age[0]                  0.985089    0.001842    0.905587    1.074397    0.981938    1.003    2
      age[0]                  0.975068    0.001528    0.900488    1.050113    0.972561    1.000    2
      age[0]                  0.959502    0.006110    0.803034    1.105288    0.954427    1.002    2
      age[0]                   0.973752    0.002265    0.879597    1.066225    0.971438    1.016    2
      age[0]                   0.974390    0.000966    0.917177    1.034826    0.972548    1.009    2
      age[0]                  0.979412    0.001968    0.914803    1.060349    0.974957    1.008    2
      age[0]                  1.016438    0.000529    0.974107    1.062651    1.013650    1.008    2
      age[0]                  1.020587    0.002365    0.970764    1.110651    1.006403    1.004    2
      age[0]                   1.015456    0.000710    0.964670    1.067216    1.014185    1.000    2
      age[0]                  1.029012    0.000827    0.977951    1.088857    1.025933    1.004    2
      age[0]                  0.916704    0.001224    0.852817    0.989133    0.912858    1.008    2
      age[0]                  0.916010    0.001548    0.874488    1.001350    0.904923    1.023    2
      age[0]                  0.985336    0.000230    0.965594    1.012369    0.982355    1.007    2
      age[0]                  0.994972    0.000950    0.936401    1.056077    0.992409    1.001    2
      age[0]                   0.946616    0.000980    0.886939    1.010417    0.945442    1.007    2
      age[0]                  0.988532    0.002036    0.903051    1.074495    0.985262    1.035    2
      age[0]                   0.917576    0.001838    0.835764    1.000433    0.916192    1.034    2
      age[0]                   1.011036    0.000752    0.956481    1.063069    1.009730    1.000    2
      age[0]                  0.985976    0.000466    0.951857    1.027655    0.982561    1.000    2
      age[0]                  1.029654    0.000862    0.973094    1.088163    1.027756    1.005    2
      age[0]                   1.012955    0.000925    0.955975    1.073402    1.011208    1.000    2
      age[0]                  0.965750    0.001297    0.915296    1.026814    0.960243    1.048    2
      age[0]                  1.018050    0.000659    0.972405    1.069693    1.015586    1.003    2
      age[0]                   0.990367    0.000474    0.951466    1.034193    0.987925    1.029    2
      age[0]                  0.972505    0.000980    0.913636    1.031132    0.969187    1.030    2
      age[0]                  1.002348    0.013184    0.822199    1.233426    0.986355    1.080    2
      age[0]                  0.940418    0.003636    0.827859    1.044046    0.934867    1.013    2
      age[0]                  0.989081    0.003266    0.892011    1.115655    0.982015    1.002    2
      age[0]                  0.987774    0.000666    0.939638    1.037994    0.985800    1.001    2
      age[0]                  0.994517    0.000503    0.966039    1.038450    0.989527    1.000    2
      age[0]                   0.994336    0.000643    0.951019    1.046654    0.990725    1.000    2
      age[0]                  0.944638    0.001499    0.867331    1.019511    0.941975    1.001    2
      age[0]                  0.978649    0.002128    0.891078    1.064350    0.975581    1.015    2
      age[0]                  0.977941    0.000771    0.929524    1.028619    0.975417    1.000    2
      age[0]                  0.995558    0.001821    0.956538    1.075299    0.983364    1.000    2
      age[0]                   0.965301    0.001642    0.900805    1.044941    0.959095    1.006    2
      age[0]                  1.040541    0.001127    0.979842    1.110048    1.036923    1.006    2
      age[0]                   0.952527    0.000995    0.899390    1.013672    0.949975    1.014    2
      age[0]                   1.003531    0.001292    0.934052    1.075153    1.001634    1.017    2
      age[0]                  0.987963    0.001425    0.920112    1.065895    0.986160    1.010    2
      age[0]                  0.943798    0.005205    0.806871    1.078582    0.941378    1.002    2
      age[0]                  1.010599    0.001295    0.945009    1.081888    1.007229    1.027    2
      age[0]                  1.036618    0.003754    0.920119    1.161228    1.029605    1.003    2
      age[0]                  0.990818    0.000835    0.936565    1.046800    0.988599    1.003    2
      age[0]                   1.008277    0.001552    0.938125    1.091350    1.006305    1.000    2
      age[0]                  1.005543    0.000766    0.952901    1.058752    1.003211    1.001    2
      age[0]                   0.975368    0.000986    0.918220    1.037513    0.972905    1.000    2
      age[0]                  0.988855    0.003092    0.884461    1.104466    0.983790    1.020    2
      age[0]                  1.025942    0.000946    0.969109    1.087229    1.023367    1.005    2
      age[0]                  0.920418    0.014361    0.792186    1.151140    0.887944    1.000    2
      age[0]                   1.006499    0.001521    0.934576    1.085182    1.003744    1.006    2
      age[0]                  0.977282    0.000862    0.923182    1.035068    0.974316    1.007    2
      age[0]                   1.053829    0.001272    0.988347    1.123310    1.051833    1.000    2
      age[0]                  0.939159    0.001465    0.870906    1.009021    0.934815    1.008    2
      age[0]                   0.869617    0.001376    0.796299    0.946298    0.868442    1.016    2
      age[0]                   0.940013    0.001060    0.879778    1.002166    0.936268    1.000    2
      age[0]                  1.001542    0.001449    0.928310    1.070436    0.998523    1.001    2
      age[0]                  0.913258    0.002915    0.814350    1.018832    0.906917    1.012    2
      age[0]                  1.018103    0.003611    0.900183    1.134407    1.013856    1.001    2
      age[0]                  0.983447    0.000808    0.930456    1.038864    0.980803    1.001    2
      age[0]                  0.821378    0.003393    0.714866    0.938849    0.817346    1.027    2
      age[0]                  0.940528    0.000639    0.905133    0.989253    0.935189    1.001    2
      age[0]                  1.019383    0.002540    0.922336    1.116950    1.016537    1.005    2
      age[0]                  0.932059    0.001575    0.855058    1.010871    0.929437    1.003    2
      age[0]                   0.989611    0.000622    0.943525    1.039619    0.987262    1.001    2
      age[0]                  0.993183    0.001211    0.927101    1.060908    0.990686    1.001    2
      age[0]                   1.017877    0.001207    0.954927    1.081998    1.016867    1.000    2
      age[0]                  0.908911    0.001609    0.838608    0.985795    0.901960    1.005    2
      age[0]                   0.965918    0.001187    0.897870    1.032282    0.964362    1.025    2
      age[0]                   1.003675    0.000368    0.968753    1.041226    1.002150    1.000    2
      age[0]                  1.011393    0.000711    0.960843    1.063928    1.008507    1.009    2
      age[0]                  1.015573    0.000316    0.982904    1.050239    1.014264    1.001    2
      age[0]                   1.009304    0.003347    0.901575    1.119433    1.008046    1.016    2
      age[0]                  0.881542    0.001488    0.810963    0.956281    0.878872    1.007    2
