RFdist
0.1898734
0.2121212
0.1463415
0.1904762
0.1851852
0.3888889
0.1351351
0.15
0.2307692
0.2345679
0.2957746
0.1875
0.1363636
0.1724138
0.3333333
0.1764706
0.3658537
0.08571429
0.2307692
0.03225806
0.2682927
0.3636364
0.1929825
0.2608696
0.175
0.372549
0.3015873
0.21875
0.2692308
0.2972973
0.2432432
0.3333333
0.1944444
0.125
0.1627907
0.2820513
0.08
0.3333333
0.2571429
0.1304348
0.4352941
0.1272727
0.1818182
0.3181818
0.1884058
0.3469388
0.1666667
0.2608696
0.2
0.1764706
0.1219512
0.05555556
0.2
0.2962963
0.1864407
0.1818182
0.2658228
0.25
0.1282051
0.1515152
0.1428571
0.260274
0.1428571
0.2142857
0.164557
0.1666667
0.3548387
0.2307692
0.2156863
0.1489362
0.1578947
0.3191489
0.1733333
0.2682927
0.106383
0
0.2753623
0.2
0.25
0.1351351
0.1764706
0.1463415
0.2112676
0.1746032
0.2121212
0.1267606
0.372549
0.2941176
0.1153846
0.1818182
0.195122
0.1692308
0.195122
0.09677419
0.2222222
0.1860465
0.1034483
0.1153846
0.2162162
0.2068966
