reso  sja  d_qt  d_ci  d_rf
0.5813953 0.8324855 0.2492846 0.4456586 0.6313325
0.3055556 0.972026 0.3756793 0.6926138 0.7722535
0.5454545 0.9753298 0.2107168 0.4086467 0.4890747
0.5454545 0.900078 0.2094581 0.6025857 0.7226751
0.2954545 0.9730535 0.3051215 0.6790885 0.7519008
0.5 0.9023421 0.1682665 0.424848 0.7095226
0.6153846 0.8566916 0.3153891 0.4549577 0.5940882
0.5909091 0.9959648 0.2862451 0.3908156 0.4587702
0.4827586 0.6825252 0.4220106 0.6143751 0.7828951
0.4222222 0.952272 0.3882336 0.6508126 0.7467868
0.7105263 0.7954979 0.3377111 0.4511625 0.6219638
0.625 0.9401052 0.2194272 0.4241285 0.4732924
0.6086957 0.943936 0.1917391 0.3473092 0.522984
0.8125 0.9901478 0.08926729 0.2033035 0.2352447
0.372093 0.9192107 0.3767197 0.651861 0.8142042
0.4782609 0.9335879 0.1896416 0.486226 0.638093
0.4186047 0.8572991 0.4259215 0.6815548 0.78301
0.5789474 0.9618017 0.2140807 0.4321161 0.5158358
0.8571429 0.8306011 0.2119048 0.286576 0.4148324
0.5625 0.7195767 0.3286894 0.4727874 0.6045734
0.4565217 0.9398631 0.2033878 0.5558153 0.7215927
0.7083333 0.9230006 0.1112251 0.2564134 0.3321305
0.5483871 0.9941115 0.1960281 0.4063039 0.4658997
0.4230769 0.9585656 0.2194855 0.5546791 0.6752294
0.525 0.9249368 0.1609148 0.3865915 0.4656471
0.4444444 0.8406494 0.3085751 0.5736814 0.7537617
0.1764706 0.9605589 0.3762359 0.7827948 0.826096
0.5428571 0.903111 0.2330014 0.5776986 0.8423937
0.7037037 0.9448361 0.1960409 0.3491553 0.502218
0.4615385 0.9275621 0.1548066 0.5270866 0.7196656
0.3414634 0.9704632 0.2098364 0.6002553 0.6465746
0.3783784 0.781387 0.3187657 0.6447544 0.8268548
0.4594595 0.8948251 0.3300252 0.5838503 0.694119
0.3529412 0.9366197 0.2184727 0.5784802 0.6088322
0.326087 0.9908091 0.3397011 0.6368823 0.6853839
0.6 0.945084 0.1201581 0.3324071 0.4408542
0.7037037 0.9421545 0.08469257 0.290682 0.4337172
0.5909091 0.9036975 0.1573518 0.4927508 0.597581
0.3684211 0.9808623 0.201162 0.5638006 0.6433178
0.36 0.9595207 0.2771184 0.5643063 0.7020817
0.3617021 0.995387 0.1530721 0.5888717 0.6317255
0.4827586 0.9605095 0.2999166 0.5273728 0.6009066
0.4468085 0.8372872 0.3159683 0.5731785 0.7902338
0.3191489 0.9691293 0.3882197 0.6778975 0.7565311
0.5405405 0.9624801 0.1918098 0.4623413 0.5873767
0.7407407 0.8589882 0.1592593 0.3180086 0.5385332
0.575 0.9529851 0.07934527 0.2988026 0.4875224
0.4583333 0.9854646 0.1993162 0.4618624 0.5818505
0.2727273 0.9821761 0.2138868 0.6828139 0.7708108
0.5555556 0.9620644 0.1781864 0.4593146 0.5479494
0.3913043 0.7201336 0.3456856 0.7003625 0.7773712
0.6666667 0.8671916 0.266249 0.3701704 0.5816081
0.6842105 0.9105134 0.1557075 0.3305374 0.4808429
0.5 0.8792793 0.2473974 0.5298728 0.7555928
0.53125 0.9430516 0.1543927 0.4134185 0.5470933
0.3714286 0.9550918 0.2527467 0.5725725 0.7357919
0.3809524 0.9228819 0.3667707 0.6234936 0.7540378
0.4545455 0.9566748 0.2333597 0.5371062 0.5994581
0.5 0.708817 0.4045172 0.5930395 0.7985779
0.4864865 0.9793988 0.2349327 0.5210703 0.6313405
0.6666667 0.7234501 0.2922306 0.3958879 0.56309
0.3 0.9353286 0.2786565 0.66368 0.7930764
0.52 0.9642314 0.291453 0.4868107 0.6049746
0.4444444 0.9325413 0.3499332 0.5691407 0.6996124
0.6046512 0.8795887 0.1898275 0.3931069 0.4733384
0.275 0.9315428 0.3735759 0.7193387 0.8536555
0.6470588 0.6735355 0.3453044 0.5150735 0.7019975
0.4545455 0.8828497 0.3028854 0.5721547 0.7782788
0.3076923 1 0.3125553 0.6070675 0.6391013
0.5384615 0.9191812 0.1853185 0.4857905 0.6845596
0.275 0.8163057 0.4521838 0.7932788 0.9028377
0.5185185 0.8690958 0.2168582 0.4501094 0.5953675
0.425 0.9640339 0.2445953 0.5623141 0.6426656
0.4347826 0.9901606 0.2734114 0.4807468 0.5111175
0.6923077 0.7236478 0.2926614 0.4254098 0.6743308
0.5 0.775 0.3253968 0.5891151 0.7487212
0.3589744 0.9852795 0.1860359 0.5473015 0.6483318
0.6666667 0.7518315 0.3202614 0.4426993 0.5828452
0.4390244 0.8667361 0.3185244 0.5518028 0.6447356
0.3684211 0.9607206 0.2867396 0.5787916 0.6213296
0.5789474 0.9538177 0.1344722 0.3493899 0.4923456
0.5227273 0.9392066 0.234777 0.5106099 0.6642216
0.5128205 0.8796373 0.1977486 0.4831871 0.6540166
0.5142857 0.935048 0.1567297 0.4352659 0.6353523
0.3684211 1 0.2959672 0.5427712 0.5861716
0.3157895 0.9909707 0.24764 0.6326652 0.7468527
0.5 0.9802532 0.1422043 0.4426165 0.4958122
0.45 0.768319 0.3312818 0.6577582 0.7688881
0.4230769 0.9649458 0.254284 0.5654776 0.6215252
0.5416667 0.8945768 0.1894872 0.398496 0.6381677
0.3953488 0.7306959 0.3295493 0.5986607 0.7303932
0.4285714 0.8497588 0.3968706 0.6387974 0.7997896
0.3695652 0.8796124 0.4238163 0.6432423 0.7709598
0.6875 0.9619493 0.1429309 0.3582526 0.4565569
0.3 0.9520253 0.3773843 0.7267664 0.8298686
0.4347826 0.7370148 0.4321584 0.6365362 0.770829
0.5666667 0.9522388 0.114956 0.3542297 0.3976266
0.6785714 0.9089908 0.1457969 0.334285 0.4319542
0.4210526 0.7836894 0.2906043 0.5617753 0.6543525
0.4193548 0.966471 0.3698033 0.5984125 0.6994778
