      alpha_symdir             0.292274    0.000246    0.260847    0.322244    0.291666    109.06    226.39    1.001
      alpha_symdir             0.372965    0.000553    0.328715    0.420203    0.372385    131.96    278.58    1.001
      alpha_symdir             0.386131    0.011629    0.283619    0.659469    0.345558      7.53     13.34    1.069
      alpha_symdir             0.344995    0.000507    0.303558    0.389833    0.343309     60.69     87.33    1.000
      alpha_symdir             0.347840    0.000595    0.301328    0.395662    0.345876    274.50    288.13    1.003
      alpha_symdir             0.313274    0.000511    0.269014    0.357322    0.312980    113.80    113.87    1.004
      alpha_symdir             0.338832    0.000467    0.297063    0.381750    0.337138     78.05    123.75    1.000
      alpha_symdir             0.278428    0.000467    0.236896    0.320477    0.277168    186.09    238.60    1.012
      alpha_symdir             0.311004    0.000505    0.270932    0.358851    0.309363    143.74    150.27    1.010
      alpha_symdir             0.980140    0.038754    0.386206    1.227098    1.014355      7.29     43.03    1.143
      alpha_symdir             0.335643    0.000415    0.295029    0.374445    0.334395     99.02    192.97    1.003
      alpha_symdir             0.256176    0.000318    0.220884    0.290494    0.255791    282.67    333.58    1.016
      alpha_symdir             0.314480    0.000577    0.269498    0.363745    0.313688    241.15    259.15    1.006
      alpha_symdir             0.193228    0.002098    0.112775    0.264834    0.200539     21.80     54.91    1.056
      alpha_symdir             0.339262    0.000516    0.296547    0.385067    0.337373    212.57    289.45    1.004
      alpha_symdir             0.359884    0.001518    0.294473    0.438286    0.353989     53.51     59.36    1.045
      alpha_symdir             0.317904    0.000461    0.277390    0.361064    0.316460    289.73    345.26    1.003
      alpha_symdir             0.320429    0.000695    0.267398    0.371239    0.320122     55.79     57.11    1.005
      alpha_symdir             0.161470    0.000355    0.129499    0.200596    0.158940     64.73    130.24    1.013
      alpha_symdir             0.254013    0.001949    0.137495    0.322693    0.259855     15.87     42.76    1.080
      alpha_symdir             0.576953    0.023190    0.259494    0.737457    0.630787      5.58     13.46    1.247
      alpha_symdir             0.293389    0.000428    0.254471    0.334575    0.292658     71.32    157.45    1.000
      alpha_symdir             0.342796    0.000549    0.298811    0.389277    0.341876     60.45    134.17    1.010
      alpha_symdir             0.306705    0.000660    0.258993    0.358357    0.305478     53.24    154.73    1.010
      alpha_symdir             0.377192    0.000974    0.315161    0.436771    0.375740     66.64    104.38    1.000
      alpha_symdir             0.302021    0.000697    0.252278    0.355748    0.301096     99.24    117.90    1.005
      alpha_symdir             0.345230    0.000952    0.286745    0.405294    0.342634     62.59     75.84    1.006
      alpha_symdir             0.321079    0.000396    0.285188    0.362286    0.320193    440.56    546.16    1.005
      alpha_symdir             0.345330    0.000850    0.286396    0.400967    0.343753     66.76     73.87    1.019
      alpha_symdir             0.313569    0.000364    0.276330    0.350446    0.312828    156.95    243.40    1.008
      alpha_symdir             0.303454    0.000444    0.264386    0.344757    0.302262     56.37     94.84    1.000
      alpha_symdir             0.338774    0.000525    0.297524    0.385817    0.336716    112.76    203.26    1.001
      alpha_symdir             0.331207    0.000595    0.286791    0.382527    0.329598     71.44     85.10    1.000
      alpha_symdir             0.238639    0.001973    0.142510    0.309842    0.246598     23.74     54.07    1.048
      alpha_symdir             0.323380    0.000543    0.279676    0.369274    0.321540     84.69    114.53    1.000
      alpha_symdir             0.230872    0.000345    0.194290    0.266928    0.230457    220.73    265.67    1.024
      alpha_symdir             0.292446    0.000650    0.242869    0.342716    0.292002     36.22    102.72    1.025
      alpha_symdir             0.259230    0.000270    0.228100    0.292106    0.259295    574.62    621.58    1.002
      alpha_symdir             0.281099    0.000562    0.235195    0.327856    0.280026    122.18    153.20    1.029
      alpha_symdir             0.328305    0.000458    0.285940    0.369982    0.327900     99.54    166.21    1.001
      alpha_symdir             0.412265    0.003513    0.319693    0.536828    0.399826     32.27     44.94    1.151
      alpha_symdir             0.303121    0.000531    0.257474    0.347182    0.302160    141.59    181.51    1.002
      alpha_symdir             0.320065    0.000446    0.281420    0.361801    0.318579    114.55    239.05    1.001
      alpha_symdir             0.339027    0.000483    0.298951    0.384074    0.337658     99.87    130.18    1.000
      alpha_symdir             0.485033    0.050777    0.293677    0.929857    0.356232      5.68     13.98    1.326
      alpha_symdir             0.314229    0.000558    0.270257    0.361583    0.313504     53.09     77.13    1.014
      alpha_symdir             0.340871    0.019833    0.250199    0.767095    0.298633      6.72    158.35    1.158
      alpha_symdir             0.299717    0.000427    0.258410    0.340046    0.298966     69.77     89.03    1.000
      alpha_symdir             0.310967    0.000530    0.265879    0.355289    0.310091     56.63     88.69    1.003
      alpha_symdir             0.368738    0.021657    0.266212    0.782609    0.318829      6.36     18.87    1.059
      alpha_symdir             0.291787    0.000470    0.250245    0.335874    0.291247    214.23    330.45    1.010
      alpha_symdir             0.323106    0.000963    0.265708    0.388924    0.321697     29.91     87.96    1.014
      alpha_symdir             0.298150    0.000455    0.257976    0.341289    0.297750    145.96    164.21    1.000
      alpha_symdir             0.305636    0.000475    0.264867    0.350494    0.305179    120.30    186.21    1.001
      alpha_symdir             0.305595    0.000354    0.267561    0.341280    0.304473    111.43    134.10    1.013
      alpha_symdir             0.334311    0.000528    0.292176    0.381283    0.333818     54.34    239.37    1.007
      alpha_symdir             0.396140    0.000741    0.345444    0.449325    0.394128    102.19    110.21    1.001
      alpha_symdir             0.335132    0.000574    0.289480    0.383277    0.334716     58.88    110.43    1.004
      alpha_symdir             0.275957    0.000486    0.234052    0.319912    0.274867     46.55    166.72    1.018
      alpha_symdir             0.360581    0.000933    0.303160    0.420632    0.357802    157.00    225.25    1.000
      alpha_symdir             0.239834    0.000538    0.195310    0.285508    0.239755     64.13    121.63    1.008
      alpha_symdir             0.316743    0.000484    0.273873    0.359540    0.316297    209.75    213.56    1.002
      alpha_symdir             0.285831    0.000430    0.247660    0.328653    0.285058     73.95     78.23    1.030
      alpha_symdir             0.355492    0.001413    0.305685    0.402907    0.351223     54.75    174.04    1.007
      alpha_symdir             0.360303    0.000772    0.311229    0.418175    0.357668    149.44    419.50    1.001
      alpha_symdir             0.373610    0.000654    0.325552    0.424819    0.371658     57.46    131.60    1.004
      alpha_symdir             0.276463    0.000517    0.231961    0.319921    0.275843    170.55    211.61    1.002
      alpha_symdir             0.311475    0.000654    0.263517    0.363325    0.311083     65.91     97.12    1.000
      alpha_symdir             0.313546    0.000411    0.274157    0.353317    0.313052     83.37    193.04    1.001
      alpha_symdir             0.353798    0.000549    0.307775    0.399671    0.352652    119.62    160.31    1.011
      alpha_symdir             0.288206    0.000338    0.252699    0.323560    0.287839    327.90    346.91    1.006
      alpha_symdir             0.332992    0.000500    0.288536    0.375362    0.331958     46.59    181.83    1.003
      alpha_symdir             0.356365    0.000801    0.303832    0.411664    0.353486    140.58    209.50    1.000
      alpha_symdir             0.277826    0.000401    0.239015    0.317294    0.277307    244.70    249.15    1.002
      alpha_symdir             0.306066    0.000558    0.261570    0.353801    0.305810     54.53     65.62    1.007
      alpha_symdir             0.147441    0.000215    0.121549    0.176890    0.145662    701.02   1463.26    1.000
      alpha_symdir             0.370471    0.000655    0.320066    0.418775    0.368674    290.24    356.08    1.017
      alpha_symdir             0.272960    0.000584    0.226900    0.320321    0.272060     47.40     60.65    1.001
      alpha_symdir             0.351665    0.000538    0.309926    0.399603    0.350116     56.84    231.49    1.012
      alpha_symdir             0.281632    0.000915    0.223956    0.340310    0.279564     32.83    101.90    1.011
      alpha_symdir             0.373751    0.001041    0.316687    0.437424    0.370304     81.71    129.21    1.010
      alpha_symdir             0.362268    0.000522    0.319002    0.406752    0.360711    108.55    119.58    1.000
      alpha_symdir             0.330503    0.000491    0.288986    0.373466    0.328889     52.67     96.50    1.000
      alpha_symdir             0.342445    0.000942    0.282158    0.402060    0.340010    162.86    164.77    1.040
      alpha_symdir             0.294841    0.000440    0.253317    0.335087    0.294170     79.10    163.49    1.003
      alpha_symdir             0.305356    0.000365    0.269884    0.343828    0.304416    228.03    399.32    1.000
      alpha_symdir             0.309410    0.000553    0.265178    0.356168    0.308157     75.00    137.62    1.011
      alpha_symdir             0.287140    0.000567    0.240370    0.333728    0.287176     36.73     83.43    1.000
      alpha_symdir             0.285113    0.000542    0.240921    0.332267    0.284332     55.08     58.96    1.000
      alpha_symdir             0.292728    0.000390    0.254177    0.331542    0.292109     66.22    256.44    1.001
      alpha_symdir             0.396567    0.001235    0.333703    0.470422    0.393068     45.01    173.81    1.001
      alpha_symdir             0.354917    0.000881    0.301030    0.415486    0.352409     51.08    113.17    1.008
      alpha_symdir             0.328571    0.000414    0.293344    0.368307    0.326817    140.38    352.57    1.001
      alpha_symdir             0.270445    0.000565    0.223182    0.317060    0.270089     70.86    154.61    1.013
      alpha_symdir             0.368977    0.000970    0.310236    0.431910    0.365719     70.91    125.43    1.002
      alpha_symdir             0.699595    0.052297    0.314853    1.006613    0.770082      5.99      6.00    1.000
      alpha_symdir             0.315003    0.000413    0.276107    0.355516    0.313974     57.93    126.22    1.000
      alpha_symdir             0.309136    0.000442    0.268355    0.350343    0.308864     84.32    146.09    1.001
      alpha_symdir             0.330209    0.000611    0.282987    0.378123    0.327998     58.66    206.51    1.004
      alpha_symdir             0.344839    0.000521    0.300406    0.389148    0.344080    109.26    196.54    1.004
