      clockrate                1.151205    0.021933    0.887819    1.449081    1.136399     20.78     27.64    1.013
      clockrate                1.199280    0.017819    0.950440    1.472498    1.190451     87.54    422.45    1.023
      clockrate                1.051424    0.010472    0.859608    1.255218    1.041054     86.97    127.13    1.069
      clockrate                1.034145    0.013485    0.823613    1.270132    1.021311     25.13     30.77    1.003
      clockrate                1.162696    0.012344    0.955257    1.386283    1.154113     94.85    133.94    1.014
      clockrate                1.264941    0.073317    0.821902    1.813160    1.215384     19.91     39.00    1.000
      clockrate                0.993292    0.005068    0.858755    1.137092    0.991476   1883.72   1942.69    1.000
      clockrate                2.178685    0.311211    1.277611    3.318132    2.074311     23.68    138.24    1.007
      clockrate                1.489581    0.031657    1.166411    1.845555    1.474425     53.84    184.55    1.002
      clockrate                1.175799    0.013216    0.974135    1.405175    1.161064     48.14    331.31    1.106
      clockrate                1.105553    0.008254    0.937415    1.291090    1.102620    253.59    517.98    1.004
      clockrate                1.243149    0.090200    0.719573    1.847868    1.201724    206.22    246.74    1.002
      clockrate                1.253298    0.026972    0.955664    1.589045    1.238474     49.40     53.60    1.000
      clockrate                2.074868    1.009923    0.763014    3.999482    1.831789     37.80     38.09    1.055
      clockrate                1.011207    0.006611    0.859280    1.174620    1.007158    180.13    313.88    1.016
      clockrate                0.941187    0.006061    0.794131    1.098357    0.937628    426.60    458.92    1.019
      clockrate                0.983933    0.008194    0.807387    1.160523    0.978789     39.64    145.18    1.037
      clockrate                1.482783    0.108207    0.936346    2.155214    1.427950     83.55    129.80    1.005
      clockrate                1.342240    0.137583    0.686639    2.114319    1.282136     49.13    377.97    1.009
      clockrate                1.021027    0.034993    0.721184    1.386334    0.992310     29.81     56.41    1.009
      clockrate                1.103867    0.008209    0.928267    1.282545    1.099208     66.85    152.23    1.006
      clockrate                1.345077    0.044704    0.964647    1.762651    1.317799     41.32     73.15    1.003
      clockrate                1.286813    0.109818    0.805248    1.966005    1.202603     28.61     36.78    1.222
      clockrate                1.365257    0.053488    0.962722    1.830363    1.332357     28.39     74.47    1.184
      clockrate                1.112663    0.007152    0.954373    1.284323    1.110517   1268.48   1296.22    1.002
      clockrate                1.708543    0.140838    1.099612    2.490039    1.643856     87.97    101.19    1.000
      clockrate                1.509019    0.079198    1.062536    2.028966    1.460355     49.90     70.07    1.003
      clockrate                1.133135    0.051632    0.828111    1.673452    1.076855     17.58    412.56    1.123
      clockrate                1.328273    0.168857    0.790307    2.210281    1.191341     10.92     28.07    1.000
      clockrate                1.032713    0.009982    0.844580    1.224374    1.024455     57.94     67.25    1.008
      clockrate                1.507164    0.082521    1.049978    2.112946    1.453060     18.74     22.68    1.000
      clockrate                1.225385    0.024204    0.946904    1.546802    1.205540     45.97     47.90    1.105
      clockrate                1.057328    0.007977    0.887048    1.231783    1.051587    192.53    408.26    1.075
      clockrate                1.025733    0.033881    0.709632    1.398101    0.998307     29.16     85.99    1.004
      clockrate                1.014860    0.007653    0.853756    1.184755    1.007477     18.58    623.42    1.036
      clockrate                0.995289    0.028216    0.699051    1.330581    0.970312     22.85    131.12    1.034
      clockrate                1.270304    0.020777    1.003066    1.558851    1.258777     87.55    155.82    1.000
      clockrate                1.032799    0.024677    0.741641    1.342111    1.017793     52.27    155.30    1.039
      clockrate                1.164672    0.110987    0.664053    1.841375    1.085167    122.08    135.24    1.000
      clockrate                1.170945    0.059514    0.795266    1.697308    1.109884     23.48     23.81    1.065
      clockrate                0.993942    0.008231    0.815250    1.170458    0.990137     66.93     78.61    1.001
      clockrate                1.342517    0.127277    0.774308    2.069079    1.286293     77.61     78.78    1.016
      clockrate                1.055965    0.012391    0.841813    1.274179    1.044173     24.69     41.41    1.007
      clockrate                1.290752    0.018309    1.042944    1.545952    1.277561     17.69    165.86    1.048
      clockrate                1.123866    0.017650    0.877615    1.388646    1.110324     43.35     77.30    1.041
      clockrate                0.937932    0.010049    0.748488    1.135753    0.931493   1094.56   1266.39    1.000
      clockrate                1.051804    0.014016    0.828330    1.289395    1.042559     43.35     46.01    1.000
      clockrate                1.111108    0.032703    0.802717    1.457485    1.086852     80.35    110.72    1.000
      clockrate                1.009165    0.033091    0.700293    1.365150    0.977553     32.10     58.90    1.046
      clockrate                1.027554    0.011264    0.826965    1.238838    1.018517     49.20    104.59    1.008
      clockrate                1.216159    0.089181    0.735139    1.812507    1.174300     28.91     38.18    1.001
      clockrate                0.988066    0.027459    0.705082    1.306770    0.966989     40.51     43.90    1.004
      clockrate                1.703615    0.163384    1.053152    2.505222    1.626054    118.36    174.45    1.002
      clockrate                1.152072    0.036433    0.838167    1.552683    1.119564     12.24     16.85    1.009
      clockrate                1.458582    0.061100    1.037165    1.953646    1.420780     35.02     71.39    1.000
      clockrate                1.327128    0.060134    0.983853    1.856307    1.256927     15.65     22.23    1.160
      clockrate                0.948445    0.006511    0.797664    1.112683    0.946312    171.08    532.75    1.013
      clockrate                1.039289    0.023541    0.755132    1.344577    1.023205    158.61    198.85    1.001
      clockrate                1.604131    0.429757    0.887849    3.060219    1.392027      9.42     21.89    1.138
      clockrate                1.101505    0.018667    0.854309    1.360343    1.085591     28.10    161.84    1.034
      clockrate                1.059881    0.085338    0.615070    1.677037    0.997205     34.94     50.69    1.033
      clockrate                1.069820    0.006265    0.916971    1.227600    1.066426    208.06    815.52    1.008
      clockrate                1.258508    0.067702    0.852960    1.785338    1.200472     19.49     28.76    1.067
      clockrate                0.977498    0.005005    0.842607    1.117077    0.974805    112.05    665.49    1.002
      clockrate                1.325444    0.022816    1.037197    1.625556    1.312070     29.09     40.96    1.013
      clockrate                1.500060    0.209690    0.929226    2.502745    1.345884      9.74     15.63    1.199
      clockrate                1.512076    0.384579    0.704147    2.803197    1.320822     25.87     35.16    1.001
      clockrate                1.282427    0.152570    0.766097    2.127985    1.182255     47.67     48.97    1.000
      clockrate                1.776628    0.304837    0.899640    2.799608    1.720482     31.09     33.62    1.029
      clockrate                1.874788    0.251043    1.114042    2.903704    1.765610     39.88     55.02    1.018
      clockrate                1.107157    0.009951    0.909493    1.298113    1.100929     54.11    188.55    1.002
      clockrate                1.377212    0.050955    0.967528    1.836194    1.342294    101.96    102.67    1.047
      clockrate                1.224735    0.011126    1.019684    1.427582    1.221667    183.48    608.60    1.007
      clockrate                1.084555    0.049700    0.724038    1.553108    1.039252     61.63     62.00    1.001
      clockrate                1.404424    0.092599    0.951141    2.033233    1.327946     23.54     45.13    1.012
      clockrate                1.945748    0.489871    0.749795    3.308196    1.843002    456.44    513.95    1.000
      clockrate                1.159896    0.011885    0.952627    1.374319    1.154685     48.63    239.08    1.004
      clockrate                1.288875    0.065613    0.867713    1.819928    1.249290     31.07     64.53    1.011
      clockrate                1.198451    0.014012    0.975385    1.430431    1.190049    143.28    184.26    1.021
      clockrate                1.218927    0.119237    0.734702    1.920130    1.135705     39.58     72.76    1.001
      clockrate                1.199470    0.065134    0.804836    1.727034    1.145803     18.22     26.74    1.008
      clockrate                0.966715    0.007135    0.801963    1.127195    0.959911     18.59    319.46    1.028
      clockrate                1.086052    0.025564    0.785599    1.396530    1.074726     20.59     25.51    1.017
      clockrate                1.282464    0.057413    0.909553    1.767536    1.231090     21.41     21.52    1.007
      clockrate                1.494066    0.274476    0.691624    2.496864    1.412156     39.05     47.62    1.040
      clockrate                0.943534    0.008048    0.770233    1.120208    0.936654     34.75     66.80    1.006
      clockrate                1.058615    0.014262    0.834952    1.275729    1.050441     70.92    111.54    1.000
      clockrate                1.675595    0.132958    1.052745    2.411905    1.622351    178.59    179.75    1.007
      clockrate                1.002501    0.018488    0.760187    1.269516    0.988054     60.81     82.59    1.006
      clockrate                1.201892    0.038378    0.865708    1.602167    1.172284     72.82     79.21    1.018
      clockrate                1.059201    0.007485    0.892738    1.232544    1.056911    252.91    335.25    1.000
      clockrate                1.292311    0.033704    0.973929    1.672808    1.266814     53.90     58.09    1.135
      clockrate                0.967233    0.012196    0.769825    1.184112    0.954299     20.11    389.92    1.117
      clockrate                2.949681    0.678802    1.514415    4.649772    2.833662     92.39    131.35    1.001
      clockrate                1.193010    0.021116    0.926046    1.485839    1.179709     35.53     44.29    1.048
      clockrate                1.166835    0.010980    0.968051    1.377532    1.164132    455.74    593.40    1.005
      clockrate                1.135978    0.015234    0.907634    1.372248    1.123371     61.04    138.23    1.049
      clockrate                1.308037    0.044697    0.920689    1.709573    1.287736    112.66    162.51    1.033
      clockrate                0.994959    0.007130    0.831149    1.159945    0.992568    116.78    217.49    1.015
      clockrate                1.572775    0.100687    1.039594    2.194121    1.528685     17.26     26.54    1.015
