      ilnvar                   0.046876    0.005681    0.000066    0.195080    0.011778     23.17     24.23    1.133
      ilnvar                   0.012046    0.000485    0.000008    0.054957    0.002545     16.99     23.19    1.001
      ilnvar                   0.022818    0.001556    0.000004    0.108758    0.003799     14.84     17.21    1.043
      ilnvar                   0.024827    0.002053    0.000002    0.122523    0.002751     29.99     31.61    1.384
      ilnvar                   0.008230    0.000353    0.000008    0.037717    0.001993     25.61     29.14    1.004
      ilnvar                   0.039549    0.005530    0.000001    0.187468    0.001143     17.43     22.22    1.059
      ilnvar                   0.000083    0.000000    0.000001    0.000390    0.000017     34.59     39.45    1.013
      ilnvar                   0.628765    0.226015    0.008466    1.534094    0.510506    119.54    175.33    1.002
      ilnvar                   0.009626    0.000287    0.000004    0.040148    0.003162     42.48     76.51    1.163
      ilnvar                   0.000645    0.000003    0.000001    0.003789    0.000096     20.46     22.92    1.018
      ilnvar                   0.007435    0.000649    0.000001    0.045878    0.000021     13.48     18.97    1.064
      ilnvar                   0.242497    0.086798    0.000916    0.762981    0.154630    132.79    155.23    1.001
      ilnvar                   0.021753    0.002582    0.000001    0.112354    0.001981     23.75     26.16    1.003
      ilnvar                   0.473277    0.212894    0.000048    1.370548    0.345639     49.41     73.08    1.016
      ilnvar                   0.001034    0.000017    0.000001    0.004767    0.000025     16.07     17.69    1.069
      ilnvar                   0.005830    0.000181    0.000014    0.028587    0.001424     23.40     25.32    1.139
      ilnvar                   0.004955    0.000208    0.000001    0.026766    0.000336     21.27     22.24    1.106
      ilnvar                   0.091493    0.016593    0.000073    0.334331    0.046646     96.14    104.30    1.001
      ilnvar                   0.236118    0.113214    0.000012    0.851046    0.124347    671.54    683.75    1.001
      ilnvar                   0.082780    0.030881    0.000004    0.386836    0.019454     46.91     78.81    1.000
      ilnvar                   0.008269    0.000274    0.000006    0.044683    0.001509     23.33     28.76    1.134
      ilnvar                   0.040109    0.006482    0.000001    0.198205    0.003621     22.89     24.58    1.066
      ilnvar                   0.206124    0.064554    0.000964    0.670641    0.116411     46.51     62.64    1.074
      ilnvar                   0.099606    0.019286    0.000114    0.347733    0.054874     49.83     57.88    1.010
      ilnvar                   0.002099    0.000069    0.000001    0.011491    0.000019     26.31     41.89    1.097
      ilnvar                   0.450488    0.111892    0.021308    1.101492    0.363387    116.79    135.37    1.002
      ilnvar                   0.049105    0.003807    0.000020    0.172308    0.027752     27.78     29.00    1.019
      ilnvar                   0.336315    0.100337    0.000131    0.953836    0.255563     21.38     41.92    1.018
      ilnvar                   0.181292    0.081140    0.000002    0.711014    0.068121     19.24     22.60    1.056
      ilnvar                   0.011349    0.000531    0.000001    0.057060    0.002131     29.84     37.03    1.078
      ilnvar                   0.038569    0.004373    0.000003    0.168894    0.008516     13.87     20.82    1.282
      ilnvar                   0.060230    0.005078    0.000212    0.200218    0.033356     23.34     31.00    1.003
      ilnvar                   0.011908    0.000543    0.000001    0.057081    0.000772     36.97     39.32    1.415
      ilnvar                   0.096761    0.015881    0.000001    0.336399    0.055868     47.52     56.66    1.012
      ilnvar                   0.000269    0.000001    0.000001    0.001489    0.000035     20.76     21.17    1.001
      ilnvar                   0.005314    0.000294    0.000001    0.024742    0.000218     21.00     35.54    1.005
      ilnvar                   0.019472    0.001642    0.000001    0.095571    0.004067     27.71     34.10    1.009
      ilnvar                   0.034572    0.004240    0.000001    0.151550    0.008620     16.77     60.97    1.041
      ilnvar                   0.094329    0.030786    0.000071    0.372818    0.035515     85.02     88.61    1.000
      ilnvar                   0.058848    0.009583    0.000007    0.259669    0.013420     25.09     28.48    1.004
      ilnvar                   0.023589    0.001565    0.000001    0.103921    0.006838     13.91     15.14    1.002
      ilnvar                   0.271372    0.055912    0.000421    0.708932    0.221012     24.79     53.38    1.017
      ilnvar                   0.010021    0.000621    0.000002    0.052021    0.001721     27.02     30.94    1.117
      ilnvar                   0.002801    0.000371    0.000001    0.007384    0.000048     14.82     26.28    1.010
      ilnvar                   0.031467    0.001989    0.000004    0.109474    0.016735     19.95     28.43    1.000
      ilnvar                   0.007100    0.000136    0.000003    0.028048    0.002738     45.34     57.72    1.008
      ilnvar                   0.070704    0.005073    0.000176    0.206769    0.051041     20.13     22.64    1.001
      ilnvar                   0.018204    0.002725    0.000018    0.068557    0.005020     40.83     62.52    1.028
      ilnvar                   0.151767    0.027411    0.000227    0.472917    0.100964     25.72     38.32    1.007
      ilnvar                   0.024643    0.001707    0.000062    0.106339    0.006149     15.35     23.61    1.001
      ilnvar                   0.240222    0.061232    0.000279    0.705849    0.171811     61.96    109.28    1.004
      ilnvar                   0.031922    0.005014    0.000008    0.132668    0.008358     88.83    134.66    1.001
      ilnvar                   0.339281    0.132082    0.000522    1.016350    0.234518    125.58    128.87    1.003
      ilnvar                   0.000848    0.000009    0.000001    0.003630    0.000061     19.75     27.55    1.001
      ilnvar                   0.106631    0.012088    0.000083    0.319706    0.073530     23.05     36.08    1.002
      ilnvar                   0.039692    0.013606    0.000001    0.294364    0.000221     10.23     13.66    1.093
      ilnvar                   0.001033    0.000022    0.000001    0.004275    0.000046     16.30     25.54    1.017
      ilnvar                   0.029609    0.004223    0.000013    0.128241    0.007818     59.17     81.18    1.019
      ilnvar                   0.129777    0.043983    0.000044    0.498247    0.056214     98.16     98.88    1.009
      ilnvar                   0.014624    0.001536    0.000001    0.089436    0.000819     20.98     22.90    1.113
      ilnvar                   0.115941    0.037958    0.000038    0.472727    0.043876     43.87     72.14    1.002
      ilnvar                   0.001220    0.000023    0.000001    0.008015    0.000019     12.44     22.39    1.046
      ilnvar                   0.036566    0.006260    0.000001    0.201349    0.001197     24.32     27.48    1.307
      ilnvar                   0.000052    0.000000    0.000001    0.000209    0.000013     27.50     34.40    1.029
      ilnvar                   0.038483    0.002701    0.000004    0.147186    0.016521     15.20     49.07    1.234
      ilnvar                   0.293245    0.108973    0.006310    0.861125    0.190754     20.89     27.25    1.000
      ilnvar                   0.293803    0.172777    0.000018    1.103029    0.128026     42.77     47.79    1.035
      ilnvar                   0.097560    0.034215    0.000012    0.427580    0.034415     25.07     43.89    1.001
      ilnvar                   0.326235    0.138314    0.001146    0.964619    0.220761     59.45     71.55    1.005
      ilnvar                   0.337079    0.152689    0.000134    1.125830    0.182971     57.23     58.67    1.027
      ilnvar                   0.001533    0.000024    0.000001    0.007079    0.000216     26.48     34.93    1.025
      ilnvar                   0.050816    0.009197    0.000065    0.211618    0.014798     34.62     52.66    1.039
      ilnvar                   0.001225    0.000009    0.000001    0.006117    0.000142     24.30     26.78    1.009
      ilnvar                   0.026845    0.002755    0.000006    0.123673    0.006161     53.91     73.87    1.007
      ilnvar                   0.053217    0.007829    0.000004    0.235658    0.013342     18.07     32.68    1.000
      ilnvar                   0.602525    0.332879    0.000458    1.690553    0.435232    592.89    687.02    1.001
      ilnvar                   0.003514    0.000126    0.000001    0.018214    0.000129     26.40     27.49    1.014
      ilnvar                   0.049225    0.008089    0.000012    0.211292    0.011066     55.25     80.46    1.006
      ilnvar                   0.031098    0.002437    0.000009    0.126374    0.011505     21.84     36.84    1.154
      ilnvar                   0.121507    0.030718    0.000009    0.461293    0.053731     52.84     61.94    1.001
      ilnvar                   0.169210    0.031794    0.000192    0.509430    0.115886     25.52     34.43    1.009
      ilnvar                   0.000098    0.000000    0.000001    0.000425    0.000016     27.88     32.94    1.021
      ilnvar                   0.042980    0.002744    0.000276    0.135443    0.025133     20.21     37.85    1.049
      ilnvar                   0.115734    0.016279    0.000046    0.372482    0.076056     57.97     57.98    1.114
      ilnvar                   0.606421    0.308866    0.001329    1.673661    0.467077     42.45     51.64    1.001
      ilnvar                   0.031280    0.002002    0.000060    0.122461    0.014514     24.07     35.45    1.107
      ilnvar                   0.030045    0.001724    0.000102    0.106209    0.015932     54.39     65.63    1.001
      ilnvar                   0.499967    0.119598    0.036909    1.162010    0.410466    355.22    369.17    1.005
      ilnvar                   0.026490    0.002765    0.000001    0.126171    0.004652     30.27     37.16    1.087
      ilnvar                   0.046253    0.009474    0.000016    0.192839    0.013246     36.83     52.03    1.000
      ilnvar                   0.000084    0.000000    0.000001    0.000327    0.000009     18.77     21.53    1.101
      ilnvar                   0.023502    0.002315    0.000001    0.121322    0.003177     14.82     19.37    1.011
      ilnvar                   0.019901    0.001931    0.000001    0.115564    0.000436     25.40     25.81    1.177
      ilnvar                   1.733550    0.902338    0.273530    3.600499    1.554098    131.20    195.48    1.020
      ilnvar                   0.039842    0.004374    0.000010    0.170190    0.009954     17.84     26.57    1.273
      ilnvar                   0.020824    0.001729    0.000001    0.113595    0.000468     25.60     26.19    1.415
      ilnvar                   0.027206    0.003488    0.000001    0.144762    0.002822     24.21     32.22    1.315
      ilnvar                   0.049766    0.005126    0.000482    0.167806    0.025452     44.09     73.13    1.013
      ilnvar                   0.000560    0.000004    0.000001    0.002499    0.000074     20.39     35.59    1.008
      ilnvar                   0.152125    0.049129    0.000025    0.576240    0.063953     20.87     23.63    1.003
