0.2325581
0.3333333
0.06818182
0.1818182
0.2272727
0.1
0.07692308
0.3181818
0.2068966
0.06666667
0.07894737
0.3125
0.2173913
0.1333333
0.2325581
0.1086957
0.3023256
0.1052632
0
0.25
0.2391304
0.1666667
0.09677419
0.1153846
0.1
0.24
0.08823529
0.2
0.07407407
0.1794872
0.3170732
0.1891892
0.2352941
0.2352941
0.1521739
0.05
0.1851852
0.1818182
0.1578947
0.24
0.2765957
0
0.06382979
0.1914894
0.08108108
0.1111111
0.175
0.25
0.2424242
0.08888889
0.1304348
0.1666667
0.1052632
0.2
0.09375
0.05714286
0.07142857
0.06976744
0.2
0.1891892
0.05555556
0.25
0.08
0.06666667
0.1627907
0.125
0.05882353
0.3636364
0.1538462
0.07692308
0.2
0.07407407
0.075
0.04347826
0.03846154
0.1666667
0.1538462
0.1333333
0.1463415
0.1052632
0.1842105
0.09090909
0.1794872
0.2
0.1052632
0.1578947
0.2666667
0.35
0.07692308
0.1666667
0.09302326
0.1714286
0.2173913
0.25
0.225
0.1521739
0.1
0.1428571
0.1315789
0.1290323
