RFdist
0.1428571
0.1764706
0.2
0.1604938
0.1707317
0.1578947
0.12
0.04545455
0.1538462
0.1363636
0.1506849
0.0625
0.1627907
0.1875
0.1282051
0.0952381
0.1428571
0.05263158
0.2307692
0.09677419
0.2
0.1627907
0.0877193
0.16
0.1139241
0.2941176
0.1612903
0.1818182
0.08
0.1081081
0.1578947
0.1594203
0.1304348
0.1333333
0.06976744
0.2631579
0.08
0.1219512
0.1666667
0.08333333
0.2345679
0.0877193
0.1190476
0.1818182
0.1428571
0.1153846
0.1168831
0.106383
0.1111111
0.1034483
0.1555556
0.1176471
0.1428571
0.3571429
0.1
0.1304348
0.225
0.0952381
0.1351351
0.2222222
0.1764706
0.1388889
0.106383
0.175
0.2467532
0.164557
0.0625
0.25
0.03846154
0.1555556
0.1621622
0.1698113
0.07894737
0.1162791
0.08
0
0.2285714
0.07142857
0.07317073
0.1351351
0.08333333
0.1764706
0.2054795
0.1803279
0.08108108
0.08108108
0.1272727
0.2972973
0.1666667
0.1555556
0.1851852
0.1641791
0.1529412
0.3333333
0.1780822
0.1395349
0.1525424
0.1372549
0.2328767
0.0877193
