      clockrate{all}                0.952586    0.004832    0.818805    1.090897    0.950657    230.60    478.28    1.000
      clockrate{all}                1.054402    0.012692    0.855219    1.282851    1.041570     47.86    142.76    1.003
      clockrate{all}                1.012108    0.003875    0.893541    1.136698    1.010431    444.93    599.19    1.003
      clockrate{all}                1.059068    0.005178    0.920955    1.200445    1.057096    318.61    408.66    1.000
      clockrate{all}                0.997350    0.003959    0.877803    1.123233    0.995674    476.96    793.14    1.000
      clockrate{all}                0.944303    0.009384    0.763432    1.139751    0.939600    582.01    716.29    1.001
      clockrate{all}                0.958451    0.003398    0.846613    1.074492    0.956981    765.25    807.33    1.001
      clockrate{all}                1.321705    0.042010    0.985335    1.708949    1.292047     37.27    104.43    1.034
      clockrate{all}                1.086148    0.010142    0.894247    1.286316    1.082163    693.08    804.08    1.000
      clockrate{all}                1.016838    0.005890    0.870710    1.171659    1.014594    127.66    377.97    1.024
      clockrate{all}                0.983722    0.004521    0.855208    1.118920    0.981921    213.70    266.55    1.008
      clockrate{all}                1.064690    0.037903    0.715377    1.466173    1.044606    156.21    201.93    1.001
      clockrate{all}                1.108627    0.019484    0.848386    1.392819    1.094615     40.06     53.27    1.010
      clockrate{all}                1.320958    0.062358    0.895108    1.826967    1.284517    114.49    131.34    1.000
      clockrate{all}                0.981635    0.004698    0.849385    1.116068    0.978935    139.87    198.41    1.007
      clockrate{all}                0.929263    0.003409    0.817295    1.044779    0.928116    514.46    622.52    1.000
      clockrate{all}                0.948093    0.007335    0.789849    1.122398    0.939681     47.53     49.15    1.030
      clockrate{all}                1.505227    0.165736    0.907156    2.323149    1.402545     38.80     47.04    1.001
      clockrate{all}                1.451482    0.141777    0.865679    2.205606    1.376114    671.72    744.56    1.000
      clockrate{all}                1.138437    0.069005    0.778191    1.664723    1.080973     50.02     95.71    1.001
      clockrate{all}                0.997207    0.004453    0.867249    1.128418    0.995699    871.77   1008.60    1.003
      clockrate{all}                1.011109    0.010868    0.815682    1.217119    1.001582    403.38    528.24    1.008
      clockrate{all}                1.254815    0.024414    0.979317    1.581899    1.238177     64.47    118.40    1.017
      clockrate{all}                1.011741    0.013371    0.801763    1.237800    0.999145     79.21    100.20    1.009
      clockrate{all}                1.067153    0.004917    0.933844    1.206775    1.065850    879.52    882.67    1.000
      clockrate{all}                1.254822    0.022623    0.968385    1.551741    1.242898     73.46     74.29    1.002
      clockrate{all}                1.080133    0.009606    0.889342    1.263940    1.075259    124.18    320.01    1.011
      clockrate{all}                1.075906    0.013377    0.868767    1.314775    1.060644     83.18    285.93    1.152
      clockrate{all}                1.258856    0.055256    0.873477    1.735238    1.216532     84.87     94.08    1.000
      clockrate{all}                0.883908    0.004578    0.753678    1.018164    0.881777    371.11    418.76    1.008
      clockrate{all}                1.109045    0.009147    0.923818    1.296247    1.103852    174.34    578.62    1.000
      clockrate{all}                1.098226    0.007248    0.932047    1.265015    1.094715    130.15    430.46    1.008
      clockrate{all}                0.865205    0.003179    0.752909    0.973372    0.863415    480.09    492.45    1.005
      clockrate{all}                1.092827    0.024101    0.807833    1.403146    1.076822     47.97     54.23    1.009
      clockrate{all}                1.011540    0.003495    0.900439    1.132679    1.010210    491.78    541.01    1.001
      clockrate{all}                1.286569    0.081001    0.820198    1.856377    1.243346     17.55    142.49    1.043
      clockrate{all}                1.141398    0.010002    0.950213    1.337718    1.136207    306.80    477.39    1.001
      clockrate{all}                0.964539    0.020013    0.715529    1.254773    0.946717     86.50    329.19    1.033
      clockrate{all}                1.000895    0.022267    0.743551    1.289438    0.978843     53.77    187.45    1.018
      clockrate{all}                0.959060    0.009811    0.781143    1.141032    0.951348    124.77    146.89    1.001
      clockrate{all}                0.969778    0.004632    0.839930    1.106494    0.967079     83.70    177.66    1.007
      clockrate{all}                1.022421    0.008507    0.844936    1.204168    1.018857    255.26    328.67    1.000
      clockrate{all}                0.888946    0.005950    0.742048    1.035756    0.884077     25.64    148.22    1.017
      clockrate{all}                1.046325    0.004572    0.915511    1.179440    1.044462    362.53    434.71    1.003
      clockrate{all}                0.958457    0.004620    0.829004    1.093787    0.956355    487.45    858.64    1.002
      clockrate{all}                1.117280    0.027946    0.848591    1.466762    1.087290     44.81     55.10    1.160
      clockrate{all}                1.159917    0.009352    0.975927    1.351238    1.154496     83.07     86.37    1.023
      clockrate{all}                1.091534    0.030968    0.773932    1.443957    1.071459     51.08     77.66    1.013
      clockrate{all}                1.001678    0.007379    0.835735    1.168340    0.995467     30.18    749.90    1.010
      clockrate{all}                0.957157    0.004031    0.835446    1.082486    0.955249    877.96   1048.28    1.000
      clockrate{all}                1.333809    0.089035    0.890492    1.986235    1.267440    124.69    154.19    1.017
      clockrate{all}                1.067946    0.065330    0.708043    1.620854    1.012891     15.06     28.71    1.062
      clockrate{all}                1.191122    0.039687    0.854837    1.606243    1.156704     23.92     27.17    1.000
      clockrate{all}                0.986743    0.007253    0.827143    1.157060    0.981037     62.51    533.29    1.018
      clockrate{all}                1.116253    0.009269    0.930376    1.302702    1.110198     52.47    447.77    1.016
      clockrate{all}                1.190829    0.014223    0.968981    1.432572    1.182496     53.92     71.07    1.006
      clockrate{all}                0.922086    0.003668    0.805932    1.043344    0.920473    316.05    475.94    1.002
      clockrate{all}                0.970198    0.018173    0.730549    1.235247    0.953648     41.11     97.55    1.020
      clockrate{all}                1.127655    0.016869    0.890807    1.392113    1.116243     77.43     79.73    1.005
      clockrate{all}                1.065245    0.008540    0.884982    1.241917    1.060094    321.21    581.66    1.099
      clockrate{all}                1.131218    0.026571    0.824899    1.433254    1.119890    166.91    176.85    1.003
      clockrate{all}                0.949472    0.004343    0.817590    1.075485    0.947327    269.84    335.96    1.003
      clockrate{all}                0.993387    0.007966    0.820381    1.159566    0.989415    171.80    341.89    1.000
      clockrate{all}                0.894037    0.003400    0.780628    1.009781    0.892368    377.15    449.25    1.002
      clockrate{all}                0.878028    0.004529    0.751529    1.015059    0.874676    205.52    306.00    1.005
      clockrate{all}                0.998329    0.005601    0.858493    1.141916    0.993746     60.56    204.30    1.035
      clockrate{all}                1.374208    0.146908    0.813815    2.142783    1.282461     28.61     42.39    1.000
      clockrate{all}                1.330358    0.047201    0.943075    1.757568    1.301334     50.38     98.23    1.015
      clockrate{all}                1.113415    0.019666    0.876049    1.343533    1.098266     45.79     94.65    1.037
      clockrate{all}                1.208230    0.027693    0.916364    1.556134    1.191285     38.41     39.73    1.004
      clockrate{all}                0.999913    0.004081    0.881149    1.131710    0.998207    525.39    743.46    1.001
      clockrate{all}                1.074114    0.011592    0.870862    1.286571    1.068456    203.12    216.71    1.000
      clockrate{all}                1.077616    0.006104    0.929980    1.235467    1.075663    550.52    681.43    1.001
      clockrate{all}                1.066488    0.022149    0.794806    1.351597    1.049640     34.74     67.92    1.009
      clockrate{all}                0.963131    0.022056    0.714737    1.263709    0.938619     80.01     83.87    1.000
      clockrate{all}                2.274510    0.470754    1.086343    3.591012    2.197201     55.29    288.56    1.003
      clockrate{all}                0.864370    0.004494    0.730409    0.993557    0.863399    206.55    236.39    1.000
      clockrate{all}                1.073621    0.047363    0.740203    1.504089    1.030779     23.98     56.29    1.077
      clockrate{all}                0.998692    0.005542    0.858106    1.143567    0.994485     44.45    370.27    1.020
      clockrate{all}                1.278296    0.025150    0.984106    1.596419    1.267028    534.59    908.94    1.000
      clockrate{all}                0.972118    0.005673    0.827033    1.122626    0.969476    180.12    261.17    1.020
      clockrate{all}                0.961379    0.003209    0.854141    1.075572    0.959409    294.00    516.12    1.000
      clockrate{all}                1.037335    0.012690    0.838795    1.266983    1.022514     73.40    221.05    1.236
      clockrate{all}                0.979542    0.009769    0.791409    1.169680    0.973741     35.43    266.22    1.019
      clockrate{all}                1.181328    0.038991    0.873908    1.559648    1.141915     76.20    148.74    1.149
      clockrate{all}                0.977536    0.004179    0.855285    1.107643    0.975841    591.50    735.51    1.000
      clockrate{all}                1.152668    0.014524    0.923041    1.393138    1.146984     69.32    105.72    1.000
      clockrate{all}                1.165189    0.027631    0.878840    1.503326    1.142189     70.32     90.14    1.019
      clockrate{all}                1.001278    0.009540    0.815560    1.193137    0.997337     70.24    171.10    1.001
      clockrate{all}                0.941629    0.015237    0.732469    1.197799    0.924443     67.06    118.64    1.016
      clockrate{all}                0.955506    0.003785    0.836012    1.077138    0.953403    783.11    829.50    1.001
      clockrate{all}                0.994810    0.005582    0.852159    1.143900    0.991649    233.93    734.39    1.003
      clockrate{all}                0.963939    0.004801    0.828964    1.099981    0.962788    161.99    186.84    1.002
      clockrate{all}                1.384251    0.038913    1.030374    1.760545    1.361099     45.83     54.21    1.004
      clockrate{all}                0.963298    0.006208    0.818242    1.119953    0.958907     53.75    241.65    1.050
      clockrate{all}                1.096685    0.005093    0.963409    1.240502    1.095343    451.26    575.89    1.002
      clockrate{all}                0.948102    0.005843    0.798049    1.097278    0.945907    348.90    398.81    1.000
      clockrate{all}                1.187090    0.037560    0.860893    1.570073    1.154944     29.20     81.81    1.098
      clockrate{all}                1.040711    0.005453    0.893755    1.183765    1.039257    189.20    350.99    1.000
      clockrate{all}                1.268085    0.035180    0.954448    1.658231    1.242180     22.94     34.53    1.012
