0.2325581
0.3333333
0.1818182
0.3636364
0.2045455
0.05
0.1538462
0.2272727
0.3103448
0.1333333
0.2368421
0.1875
0.3043478
0.0625
0.2325581
0.1956522
0.2093023
0.2631579
0
0.0625
0.2826087
0.2916667
0.09677419
0.2307692
0.15
0.3333333
0.2941176
0.2857143
0.1481481
0.2820513
0.2439024
0.3243243
0.1891892
0.3529412
0.173913
0.25
0.1481481
0.3636364
0.3157895
0.32
0.2978723
0.137931
0.2553191
0.3191489
0.1891892
0.1851852
0.4
0.08333333
0.1515152
0.1555556
0.08695652
0.1666667
0.1578947
0.2333333
0.1875
0.1714286
0.2380952
0.2272727
0.25
0.2972973
0.1111111
0.225
0.08
0.2
0.2325581
0.2
0.1176471
0.4090909
0.1923077
0.1923077
0.225
0.2592593
0.05
0.3043478
0.1923077
0
0.1538462
0.06666667
0.195122
0.2631579
0.2105263
0.1363636
0.3589744
0.1428571
0.1052632
0.1052632
0.2333333
0.2
0.3461538
0.2083333
0.2325581
0.2285714
0.2222222
0.1875
0.175
0.173913
0.2333333
0.2857143
0.2631579
0.2258065
