      alpha_symdir   4.383788    1.090984    2.630490    6.490019    4.226811   8959.50   9038.74    1.000
      alpha_symdir   3.705452    0.844876    2.179730    5.581605    3.557973   6384.41   7035.66    1.000
      alpha_symdir   2.600849    0.326164    1.651592    3.764455    2.518700   6824.32   6926.24    1.000
      alpha_symdir   3.285212    0.616079    1.975990    4.854022    3.154210   7581.94   7776.89    1.000
      alpha_symdir   3.998708    0.938925    2.375603    5.930283    3.844157   8900.96   9375.97    1.000
      alpha_symdir   2.942230    0.785090    1.528225    4.708817    2.781142   9512.04   9658.48    1.000
      alpha_symdir   2.508551    0.209214    1.711227    3.432408    2.447165   6924.30   7522.25    1.000
      alpha_symdir   3.773750    1.320699    1.975028    6.124946    3.565375   9455.96  10202.03    1.000
      alpha_symdir   3.295144    0.844951    1.772408    5.133282    3.139894   7019.56   7370.94    1.000
      alpha_symdir   4.430023    1.230683    2.552553    6.654620    4.261541   8793.73   8936.89    1.000
      alpha_symdir   4.027429    1.011825    2.362400    6.010953    3.858380   9714.22   9731.64    1.000
      alpha_symdir   2.943636    1.258068    1.275649    5.210840    2.707135   7911.77   8194.87    1.000
      alpha_symdir   2.829017    0.583514    1.600844    4.348165    2.692202   7694.05   7729.85    1.000
      alpha_symdir   4.006817    1.920527    1.774968    6.774941    3.763446   9160.03   9193.17    1.000
      alpha_symdir   2.985379    0.393984    1.915083    4.255250    2.895866   6406.00   6507.88    1.000
      alpha_symdir   2.761192    0.264974    1.837250    3.772379    2.696172   6820.17   7231.50    1.000
      alpha_symdir   2.837730    0.342477    1.819348    3.986938    2.759778   5678.72   6113.31    1.000
      alpha_symdir   3.934059    1.499943    1.992717    6.411984    3.707539   8501.00   8571.62    1.000
      alpha_symdir   2.483736    0.955661    1.053350    4.437340    2.267131   8404.49   8473.62    1.000
      alpha_symdir   2.690818    0.804237    1.314140    4.471558    2.504151   8502.51   8825.33    1.000
      alpha_symdir   4.102790    0.718280    2.621332    5.771765    3.982811   9141.72   9480.40    1.000
      alpha_symdir   4.382475    1.732858    2.244054    7.023704    4.148241   9514.71   9657.76    1.000
      alpha_symdir   3.792658    1.276603    1.939299    6.035909    3.591306   4658.21   5039.32    1.000
      alpha_symdir   3.700080    1.174376    1.912435    5.801522    3.510942   9166.37   9710.81    1.000
      alpha_symdir   4.079664    1.012567    2.381083    6.091701    3.912994   8926.21   9129.24    1.000
      alpha_symdir   3.535261    0.842759    2.032788    5.386160    3.373913   9230.73  10084.96    1.000
      alpha_symdir   3.671886    0.894638    2.112650    5.549336    3.513615   7398.42   7606.29    1.000
      alpha_symdir   3.403052    0.651621    2.083196    5.044444    3.278616   9029.87   9446.25    1.000
      alpha_symdir   3.486154    1.004855    1.837586    5.473702    3.305475   4728.36   5386.18    1.000
      alpha_symdir   2.668968    0.254836    1.801149    3.673026    2.601919   8994.38   9163.96    1.000
      alpha_symdir   2.795640    0.335315    1.823407    3.977682    2.707338   6713.45   7080.97    1.000
      alpha_symdir   4.809051    1.548595    2.673445    7.225843    4.614422   8670.51   8735.38    1.000
      alpha_symdir   4.320585    1.435894    2.289840    6.656311    4.131246   9132.42   9251.35    1.000
      alpha_symdir   3.052980    1.202459    1.352660    5.237231    2.819672   8115.64   8339.50    1.000
      alpha_symdir   4.180642    0.907304    2.571048    6.103841    4.040533   9273.70   9995.40    1.000
      alpha_symdir   3.825998    1.510826    1.896668    6.325107    3.607096   8639.91   9539.61    1.000
      alpha_symdir   3.208718    1.023885    1.644801    5.274110    3.017900   9332.45   9333.59    1.000
      alpha_symdir   2.405842    0.494700    1.303325    3.798265    2.268449   9275.49   9625.74    1.000
      alpha_symdir   2.813837    0.674893    1.520783    4.478905    2.652416   8109.49   8183.33    1.000
      alpha_symdir   4.435342    1.731140    2.256331    7.055032    4.213772   9592.01  10000.41    1.000
      alpha_symdir   3.628045    0.527669    2.350488    5.043189    3.522381   8667.93   9037.07    1.000
      alpha_symdir   2.858713    0.715289    1.528543    4.514380    2.710769   7244.52   7685.74    1.000
      alpha_symdir   2.986661    0.354335    1.965205    4.186682    2.896056   6949.94   7251.22    1.000
      alpha_symdir   3.789035    0.829903    2.231483    5.602006    3.657730   7060.99   7092.32    1.000
      alpha_symdir   3.885986    0.788777    2.375912    5.668386    3.750459   9553.93   9716.49    1.000
      alpha_symdir   3.996193    1.315035    2.139613    6.268726    3.798515   8789.55   9536.90    1.000
      alpha_symdir   2.321207    0.283493    1.423093    3.403177    2.243595   7760.79   7788.05    1.000
      alpha_symdir   2.397111    0.443085    1.353368    3.730063    2.266501   5729.84   5920.95    1.000
      alpha_symdir   2.568954    0.273001    1.666017    3.602435    2.491334   8218.96   8311.25    1.000
      alpha_symdir   2.452061    0.219124    1.612702    3.360340    2.382270   7673.62   8154.38    1.000
      alpha_symdir   3.259191    1.170689    1.607889    5.433015    3.042908   8196.37   8467.46    1.000
      alpha_symdir   2.819112    0.567601    1.636798    4.290034    2.679615   9314.72   9463.92    1.000
      alpha_symdir   3.011103    0.920346    1.538665    4.931840    2.820732   7216.95   7773.96    1.000
      alpha_symdir   2.234495    0.186565    1.492280    3.109238    2.177343   6386.30   6390.69    1.000
      alpha_symdir   3.165142    0.662938    1.808374    4.795731    3.030119   8601.44   8703.71    1.000
      alpha_symdir   3.384495    0.958109    1.839092    5.375741    3.204619   5595.54   6098.18    1.000
      alpha_symdir   3.201315    0.473786    2.009673    4.560523    3.102460   7329.42   7662.39    1.000
      alpha_symdir   3.040482    0.855133    1.548795    4.863787    2.871254   7632.33   7712.60    1.000
      alpha_symdir   3.316936    0.869451    1.808498    5.162161    3.146018   8705.76   9216.61    1.000
      alpha_symdir   3.664372    0.936882    2.091582    5.609326    3.486010   7758.16   8398.08    1.000
      alpha_symdir   3.288368    1.258579    1.535065    5.528493    3.068437   9963.84  10000.08    1.000
      alpha_symdir   3.489538    0.693213    2.079285    5.123989    3.357928   7972.22   8035.37    1.000
      alpha_symdir   2.849736    0.893157    1.394229    4.751857    2.671940   6902.15   7125.42    1.000
      alpha_symdir   2.787263    0.223489    1.941246    3.713389    2.731822   6900.83   7092.52    1.000
      alpha_symdir   3.898264    0.873564    2.307803    5.732603    3.749544   7504.68   7881.38    1.000
      alpha_symdir   3.828915    0.919011    2.268008    5.814684    3.675593   5994.57   6323.98    1.000
      alpha_symdir   3.827500    1.699731    1.687689    6.466431    3.597030   7697.06   7982.41    1.000
      alpha_symdir   2.923964    0.764416    1.538436    4.694402    2.765297   7238.50   7756.00    1.000
      alpha_symdir   3.289942    0.777785    1.844283    5.032921    3.134699   7776.67   7847.91    1.000
      alpha_symdir   2.953241    0.589184    1.673643    4.462490    2.821095   6031.80   6394.34    1.000
      alpha_symdir   3.270872    0.666585    1.906723    4.864674    3.149383   7014.14   7056.02    1.000
      alpha_symdir   2.764786    0.528337    1.607108    4.203492    2.635407   4598.18   5292.96    1.000
      alpha_symdir   4.175617    0.993341    2.486242    6.171933    4.022433   7883.92   8210.73    1.000
      alpha_symdir   4.734752    2.048389    2.404213    7.633531    4.499326   9145.67   9301.52    1.000
      alpha_symdir   3.761353    1.133960    2.029768    5.904921    3.580279  10178.13  10197.46    1.000
      alpha_symdir   2.088102    0.781626    0.872840    4.175400    1.908471    342.89   4112.79    1.000
      alpha_symdir   2.963872    0.358859    1.934779    4.153396    2.877927   7305.63   7444.55    1.000
      alpha_symdir   2.884715    0.890608    1.439852    4.789051    2.689255   9257.02   9767.02    1.000
      alpha_symdir   3.780659    0.858445    2.273778    5.665901    3.635387   9000.51   9398.05    1.000
      alpha_symdir   1.728421    0.422264    0.828473    2.994107    1.585201   3237.55   3304.05    1.000
      alpha_symdir   3.381517    0.634232    2.012944    4.974113    3.266237   3531.13   3888.87    1.000
      alpha_symdir   2.535981    0.192085    1.725632    3.397949    2.489754   6861.14   7185.28    1.000
      alpha_symdir   3.679905    0.857627    2.117576    5.515903    3.532306   7594.16   7844.91    1.000
      alpha_symdir   3.230933    0.607633    1.927858    4.781367    3.098224   8760.29   8782.68    1.000
      alpha_symdir   3.316168    0.912084    1.731479    5.238061    3.140546   7755.82   8385.23    1.000
      alpha_symdir   3.446513    0.626195    2.126822    5.029140    3.313983   7422.65   7758.02    1.000
      alpha_symdir   2.502066    1.056315    0.873458    4.447239    2.340624   1099.99   1345.16    1.001
      alpha_symdir   1.700965    0.185588    0.993895    2.535489    1.630236   5760.24   5952.50    1.000
      alpha_symdir   3.456832    1.067850    1.814715    5.565920    3.268932  10056.21  10101.90    1.000
      alpha_symdir   3.468662    1.122157    1.794542    5.612155    3.266696   8085.17   8259.82    1.000
      alpha_symdir   4.496683    1.222807    2.624961    6.700425    4.317578   9000.60   9518.52    1.000
      alpha_symdir   4.459683    1.291513    2.574754    6.770424    4.280755   8255.93   8396.18    1.000
      alpha_symdir   3.701611    0.633234    2.329215    5.287883    3.583051   7384.09   7781.01    1.000
      alpha_symdir   3.226860    0.998534    1.698803    5.243340    3.022630   7713.22   8121.33    1.000
      alpha_symdir   3.690559    0.619001    2.330051    5.228163    3.576086   8585.48   8670.32    1.000
      alpha_symdir   2.989256    0.356856    1.964769    4.203459    2.914471   6398.28   6720.75    1.000
      alpha_symdir   3.153855    0.827706    1.719233    4.987022    2.983792   9699.35   9815.64    1.000
      alpha_symdir   3.414657    0.877398    1.924458    5.311311    3.250734   8684.61   8865.17    1.000
      alpha_symdir   3.931243    0.825998    2.397337    5.768267    3.792695   8680.87   8903.46    1.000
      alpha_symdir   3.740014    1.033288    2.096405    5.768037    3.565216   7543.16   7681.53    1.000
