RFdist
0.09302326
0.1666667
0.2272727
0.1136364
0.1590909
0.1
0.1282051
0.04545455
0.137931
0.1555556
0.1578947
0.0625
0.1304348
0.1875
0.1627907
0.06521739
0.1860465
0.05263158
0.2857143
0.0625
0.1956522
0.08333333
0.03225806
0.1538462
0.1
0.3333333
0.2058824
0.1428571
0.07407407
0.1282051
0.1707317
0.1621622
0.1351351
0.1176471
0.1086957
0.25
0.1111111
0.1818182
0.2105263
0.12
0.2978723
0.1034483
0.1276596
0.1702128
0.1081081
0.1481481
0.125
0.125
0.1212121
0.1111111
0.173913
0.1111111
0.1052632
0.3666667
0.03125
0.1428571
0.2380952
0.1363636
0.15
0.2162162
0.2222222
0.175
0.12
0.1555556
0.3023256
0.175
0.05882353
0.3181818
0.03846154
0.1153846
0.2
0.1481481
0.125
0.173913
0.03846154
0
0.2820513
0.1333333
0.07317073
0.1052632
0.1315789
0.1590909
0.2307692
0.1428571
0.1052632
0.07894737
0.1666667
0.35
0.1153846
0.08333333
0.1860465
0.1142857
0.1521739
0.375
0.175
0.1304348
0.1333333
0.07142857
0.2368421
0.1290323
