      clockrate                0.908262    0.015772    0.671932    1.156882    0.901729    500.70    546.47    1.001
      clockrate                1.195456    0.053554    0.768853    1.657426    1.179302    969.53   1063.75    1.003
      clockrate                0.869587    0.013656    0.648627    1.101234    0.862343    711.42    799.33    1.000
      clockrate                1.074408    0.021885    0.793144    1.365696    1.064534    581.36    827.88    1.000
      clockrate                0.814559    0.012084    0.602788    1.030528    0.807270   1101.48   1124.50    1.000
      clockrate                0.686413    0.065701    0.315368    1.204377    0.623376     56.10     58.78    1.001
      clockrate                0.862233    0.011956    0.657456    1.083959    0.855791   2146.09   2444.76    1.000
      clockrate                2.528330    1.248983    1.010176    4.945663    2.215678     28.74     31.37    1.019
      clockrate                1.175740    0.052863    0.747480    1.639199    1.160385   1436.02   1483.89    1.000
      clockrate                1.943019    0.857798    0.820788    3.637517    1.563968    264.31    855.79    2.223
      clockrate                0.854557    0.017132    0.608851    1.114830    0.844749    270.24    356.69    1.001
      clockrate                1.319663    0.225528    0.528714    2.237075    1.258221     66.46     87.41    1.005
      clockrate                1.854820    0.658434    0.555787    3.326671    1.774672     28.76     52.64    1.006
      clockrate                1.556874    0.779606    0.408913    3.177829    1.364384     40.78     54.03    1.020
      clockrate                1.230350    0.039970    0.849269    1.624290    1.216938    537.46    719.55    1.001
      clockrate                0.833557    0.013673    0.616514    1.070224    0.826362   1254.13   1423.45    1.001
      clockrate                1.199334    0.038420    0.842847    1.580320    1.181840    113.51    859.50    1.004
      clockrate                2.094865    0.507031    0.811649    3.513079    2.019444    118.70    269.71    1.004
      clockrate                1.323676    0.281856    0.395530    2.280884    1.265155     76.01    120.41    1.000
      clockrate                0.921852    0.093880    0.433079    1.535305    0.867035    264.96    481.90    1.002
      clockrate                0.992892    0.020701    0.723824    1.283861    0.983619   1594.92   1812.68    1.000
      clockrate                0.781503    0.029701    0.475366    1.126469    0.756035     73.02     76.95    1.001
      clockrate                1.487691    0.619818    0.596536    3.181899    1.203554     27.47     29.01    1.002
      clockrate                0.865976    0.087109    0.459881    1.473988    0.798206     31.09    890.20    1.071
      clockrate                1.120146    0.058303    0.754972    1.540022    1.076845     20.52   1125.40    1.037
      clockrate                1.472047    0.250473    0.776880    2.500096    1.332917     29.55     29.71    1.001
      clockrate                1.721769    0.110659    1.107281    2.388359    1.692772   1136.95   1168.43    1.000
      clockrate                1.040954    0.024391    0.748784    1.354692    1.030867    995.58   1121.48    1.000
      clockrate                3.483120    1.184716    1.657902    5.718061    3.318430    351.20    375.87    1.000
      clockrate                0.899332    0.024319    0.618366    1.216520    0.884053    776.62   1224.56    1.000
      clockrate                0.824748    0.019795    0.564925    1.103399    0.811941   1234.66   1351.33    1.001
      clockrate                1.061500    0.025077    0.757989    1.369545    1.050995   1127.11   1337.06    1.000
      clockrate                0.732600    0.014208    0.509137    0.971353    0.723033    485.51    510.68    1.000
      clockrate                1.119411    0.195061    0.521206    2.026420    1.010047     72.56     83.92    1.001
      clockrate                0.837124    0.011471    0.632778    1.049000    0.830170   2313.30   2433.50    1.000
      clockrate                0.760649    0.033731    0.447827    1.118416    0.732719     60.25     83.49    1.007
      clockrate                0.760618    0.033606    0.425661    1.120757    0.743164    282.20    540.61    1.000
      clockrate                0.692294    0.042304    0.333674    1.091769    0.658821     61.44     63.50    1.012
      clockrate                1.030376    0.191279    0.520552    1.854072    0.919117     46.47     47.55    1.005
      clockrate                0.874983    0.036091    0.515003    1.245905    0.858558   1807.68   1873.37    1.001
      clockrate                0.883042    0.021270    0.646304    1.158936    0.860116     22.01    633.89    1.047
      clockrate                0.849090    0.019778    0.590745    1.134237    0.837092    564.38    622.73    1.000
      clockrate                1.349537    0.036033    0.990926    1.727812    1.340362    391.24    496.94    1.001
      clockrate                1.015259    0.022108    0.739665    1.316531    1.005082    804.41   1025.17    1.000
      clockrate                0.792524    0.018672    0.536345    1.063207    0.782369    412.31    469.50    1.000
      clockrate                1.074591    0.142480    0.572326    1.989751    0.981002     20.99     34.88    1.012
      clockrate                0.927612    0.022094    0.648911    1.224677    0.916045    120.70   1144.34    1.007
      clockrate                1.236313    0.123142    0.676392    1.935157    1.170510    120.94    125.25    1.092
      clockrate                0.655402    0.011957    0.453059    0.874323    0.647315   1175.83   1813.38    1.001
      clockrate                0.649142    0.010946    0.456803    0.860213    0.641911    605.09    782.87    1.000
      clockrate                2.322277    0.582862    1.068883    3.836801    2.201976    167.42    205.73    1.000
      clockrate                1.955001    0.717710    0.702414    3.463920    1.976084     16.23     22.74    1.072
      clockrate                1.215414    0.152026    0.578271    1.972109    1.149817     40.89     41.69    1.061
      clockrate                1.483983    0.386136    0.592359    2.668257    1.399497     24.95     40.79    1.121
      clockrate                0.859025    0.071870    0.509518    1.295199    0.808781     36.57    972.14    1.046
      clockrate                1.314407    0.088103    0.763859    1.904393    1.286803    756.60    813.13    1.000
      clockrate                0.800934    0.011071    0.598132    1.008015    0.794274    744.91    962.03    1.002
      clockrate                2.037874    0.420612    0.923493    3.326447    1.941410     94.56    165.70    1.002
      clockrate                1.665153    0.736324    0.771777    3.342674    1.451452     20.05     24.86    1.009
      clockrate                1.423959    0.088531    0.883314    2.025306    1.397636    586.93    594.15    1.001
      clockrate                1.110060    0.152210    0.477704    1.885273    1.044849    115.47    119.10    1.000
      clockrate                0.920361    0.017792    0.671053    1.187062    0.910868   1215.75   1575.98    1.000
      clockrate                0.737782    0.038872    0.435123    1.073322    0.708472     58.91    104.34    1.000
      clockrate                0.721533    0.009567    0.540436    0.920077    0.716238   1023.10   1127.50    1.000
      clockrate                1.071999    0.025962    0.776764    1.401690    1.060301   1029.82   1090.54    1.000
      clockrate                0.975153    0.040085    0.601477    1.371813    0.959547    815.88    840.02    1.000
      clockrate                1.127672    0.214160    0.557432    2.102326    1.010719     32.59     35.04    1.003
      clockrate                1.585453    0.227457    0.815823    2.487488    1.505251     50.00     65.35    1.001
      clockrate                1.424682    0.611433    0.473672    2.843898    1.086444    364.70    541.77    2.049
      clockrate                0.726721    0.081209    0.345229    1.300607    0.658669     61.10     72.51    1.018
      clockrate                0.944136    0.031222    0.630169    1.307686    0.928027    561.45    639.45    1.000
      clockrate                1.064119    0.072984    0.637578    1.609361    1.014651     78.43     81.16    1.001
      clockrate                1.040821    0.023066    0.755789    1.347060    1.032495    803.35    835.01    1.000
      clockrate                0.951072    0.046509    0.589291    1.362577    0.923248    116.93    169.64    1.001
      clockrate                0.775385    0.017949    0.528819    1.035047    0.762522    486.10    680.68    1.000
      clockrate                1.712915    0.474236    0.588583    3.079065    1.600868   1618.53   1767.44    1.000
      clockrate                0.918034    0.018928    0.656794    1.187666    0.909883    798.92   1273.36    1.000
      clockrate                0.936796    0.184061    0.398413    1.851139    0.804029    105.00    116.44    1.001
      clockrate                0.814382    0.018067    0.565289    1.083658    0.802650    404.06    607.67    1.001
      clockrate                2.203268    2.080622    0.537849    5.200886    1.632285     18.83     20.27    1.017
      clockrate                1.018820    0.024039    0.734822    1.331316    1.006178    401.29    482.28    1.003
      clockrate                0.871517    0.011154    0.671827    1.082787    0.865105    997.64   1157.55    1.002
      clockrate                1.121902    0.078187    0.673836    1.678397    1.066360     33.75     47.08    1.076
      clockrate                0.880263    0.016999    0.640814    1.146293    0.871758    230.02    579.34    1.001
      clockrate                2.980088    1.209632    0.752938    4.962200    2.942932    133.62    155.35    1.004
      clockrate                0.992654    0.019784    0.725827    1.274218    0.982809    259.97    685.46    1.000
      clockrate                1.109093    0.131622    0.641298    1.828459    1.027074     50.23    206.53    1.145
      clockrate                1.941976    0.278889    1.043602    3.010725    1.864727    992.38   1129.65    1.003
      clockrate                1.234532    0.157889    0.541075    2.013243    1.175227     92.47    216.53    1.007
      clockrate                1.424483    0.237035    0.797189    2.483769    1.271478     31.65     32.68    1.110
      clockrate                0.765833    0.010469    0.575880    0.971191    0.758587   1599.59   1744.80    1.001
      clockrate                1.790637    0.843542    0.779843    3.822622    1.469040     19.92    608.22    1.186
      clockrate                0.882492    0.023905    0.598690    1.194551    0.871990    261.19    348.78    1.001
      clockrate                1.325852    0.250949    0.648321    2.311978    1.187238     25.31     27.71    1.004
      clockrate                1.153449    0.046887    0.753026    1.585904    1.134568    159.58    213.23    1.001
      clockrate                1.036055    0.038222    0.668358    1.419017    1.019426    452.38    460.59    1.006
      clockrate                0.554890    0.017800    0.330309    0.827220    0.535837     77.27    103.19    1.016
      clockrate                0.915711    0.043332    0.556885    1.309296    0.887982    166.64    170.17    1.000
      clockrate                1.057320    0.018356    0.804190    1.328609    1.049252   1415.39   1520.17    1.000
      clockrate                1.143569    0.302851    0.550898    2.347183    0.959088     24.81     25.54    1.072
