      ilnvar                   0.000010    0.000000    0.000001    0.000044    0.000003     48.44     52.16    1.001
      ilnvar                   0.000067    0.000000    0.000001    0.000278    0.000005     50.69     59.54    1.001
      ilnvar                   0.000007    0.000000    0.000001    0.000028    0.000003     50.50     59.97    1.007
      ilnvar                   0.000023    0.000000    0.000001    0.000105    0.000004     29.86     58.65    1.037
      ilnvar                   0.000052    0.000000    0.000001    0.000225    0.000006     42.61     42.64    1.015
      ilnvar                   0.337515    0.250984    0.000001    1.355582    0.121714     56.37     58.42    1.001
      ilnvar                   0.000022    0.000000    0.000001    0.000109    0.000003     39.86     41.66    1.000
      ilnvar                   0.127194    0.114878    0.000001    0.811857    0.001086     38.27     42.30    1.015
      ilnvar                   0.000273    0.000001    0.000001    0.001397    0.000015     49.15     75.26    1.023
      ilnvar                   0.686312    0.792940    0.000001    2.414776    0.068225     50.34    155.20    1.786
      ilnvar                   0.000020    0.000000    0.000001    0.000077    0.000003     40.83     58.11    1.039
      ilnvar                   0.411488    0.313995    0.000003    1.488476    0.219238     89.54    126.82    1.001
      ilnvar                   1.346022    1.341380    0.000001    3.502132    1.146076     32.30     59.83    1.008
      ilnvar                   0.341065    0.240466    0.000002    1.311195    0.150067     60.41     85.90    1.007
      ilnvar                   0.000056    0.000000    0.000001    0.000217    0.000005     47.43     49.24    1.025
      ilnvar                   0.000116    0.000000    0.000001    0.000368    0.000005     36.48     52.53    1.032
      ilnvar                   0.002538    0.000504    0.000001    0.003245    0.000003     51.96     55.01    1.019
      ilnvar                   0.857788    0.558275    0.000074    2.286868    0.679396    118.51    309.76    1.005
      ilnvar                   0.241285    0.147862    0.000001    0.951269    0.106831    203.27    427.87    1.000
      ilnvar                   0.489634    0.263232    0.000130    1.471376    0.344386    257.11    338.54    1.003
      ilnvar                   0.000015    0.000000    0.000001    0.000069    0.000003     43.71     50.15    1.020
      ilnvar                   0.021923    0.006092    0.000001    0.128477    0.000223     49.98     50.31    1.001
      ilnvar                   0.313100    0.349687    0.000004    1.544938    0.024768     32.26     33.19    1.001
      ilnvar                   0.057083    0.052066    0.000001    0.357551    0.000049     36.50     36.54    1.048
      ilnvar                   0.053668    0.050427    0.000001    0.394065    0.000021     18.10     35.70    1.044
      ilnvar                   0.237574    0.165740    0.000001    1.036607    0.034536     34.43     34.86    1.000
      ilnvar                   0.000337    0.000002    0.000001    0.001836    0.000011     36.98     41.60    1.001
      ilnvar                   0.000217    0.000001    0.000001    0.000904    0.000012     45.01     47.20    1.010
      ilnvar                   1.395554    0.737108    0.105523    3.097620    1.216821    557.39    647.86    1.000
      ilnvar                   0.000543    0.000008    0.000001    0.002271    0.000013     37.52     53.08    1.038
      ilnvar                   0.000067    0.000000    0.000001    0.000288    0.000011     40.45     51.97    1.002
      ilnvar                   0.000079    0.000000    0.000001    0.000191    0.000005     44.33     50.00    1.020
      ilnvar                   0.000109    0.000000    0.000001    0.000266    0.000005     33.36     33.86    1.000
      ilnvar                   0.433519    0.484605    0.000003    1.846245    0.139601     51.53     60.46    1.002
      ilnvar                   0.000009    0.000000    0.000001    0.000028    0.000002     36.98     44.04    1.002
      ilnvar                   0.032574    0.017713    0.000001    0.166465    0.000400     53.05     64.22    1.010
      ilnvar                   0.002778    0.000131    0.000001    0.012839    0.000077     48.45     53.16    1.003
      ilnvar                   0.094309    0.059933    0.000001    0.514424    0.002715     38.06     46.95    1.032
      ilnvar                   0.097353    0.109377    0.000001    0.613051    0.000383     55.97     58.09    1.004
      ilnvar                   0.000325    0.000001    0.000001    0.001644    0.000028     64.01     77.27    1.003
      ilnvar                   0.051643    0.042835    0.000001    0.398155    0.000019     17.70     21.87    1.048
      ilnvar                   0.001724    0.000059    0.000001    0.006914    0.000061     53.96     54.93    1.001
      ilnvar                   0.000020    0.000000    0.000001    0.000096    0.000002     34.17     37.28    1.003
      ilnvar                   0.000016    0.000000    0.000001    0.000078    0.000004     51.13     53.70    1.002
      ilnvar                   0.000063    0.000000    0.000001    0.000312    0.000007     52.74     56.75    1.016
      ilnvar                   0.031723    0.013583    0.000001    0.251057    0.000083     24.72     35.12    1.013
      ilnvar                   0.004779    0.000936    0.000001    0.011284    0.000020     38.85     44.24    1.036
      ilnvar                   0.082986    0.053845    0.000001    0.464574    0.002977     71.13     95.82    1.068
      ilnvar                   0.000340    0.000005    0.000001    0.000620    0.000006     32.39     52.51    1.016
      ilnvar                   0.000032    0.000000    0.000001    0.000136    0.000004     36.44     43.31    1.000
      ilnvar                   1.120026    0.704643    0.027674    2.761044    0.915891    198.85    232.59    1.001
      ilnvar                   0.391666    0.245151    0.000001    1.349063    0.252175     24.77     42.11    1.043
      ilnvar                   0.139903    0.095900    0.000001    0.710251    0.008178     51.54     51.62    1.048
      ilnvar                   0.699874    0.564311    0.000004    2.153715    0.520417     30.06     49.41    1.092
      ilnvar                   0.041568    0.048961    0.000001    0.176323    0.000018     27.13     41.93    1.027
      ilnvar                   0.000066    0.000000    0.000001    0.000241    0.000006     53.31     55.62    1.009
      ilnvar                   0.000026    0.000000    0.000001    0.000125    0.000004     34.64     54.31    1.008
      ilnvar                   0.592299    0.418292    0.000667    1.854666    0.396059     94.62    180.26    1.004
      ilnvar                   0.074310    0.108360    0.000001    0.454706    0.000118     25.53     31.36    1.009
      ilnvar                   0.000042    0.000000    0.000001    0.000201    0.000005     34.31     40.13    1.016
      ilnvar                   0.374513    0.266595    0.000008    1.381134    0.185992    117.39    125.12    1.001
      ilnvar                   0.000033    0.000000    0.000001    0.000123    0.000005     35.96     47.41    1.006
      ilnvar                   0.010708    0.005924    0.000001    0.015769    0.000077     44.74    105.33    1.007
      ilnvar                   0.000016    0.000000    0.000001    0.000046    0.000003     42.73     46.34    1.009
      ilnvar                   0.000012    0.000000    0.000001    0.000052    0.000003     60.58     71.84    1.008
      ilnvar                   0.000055    0.000000    0.000001    0.000239    0.000005     37.80     44.33    1.010
      ilnvar                   0.100616    0.126734    0.000001    0.663200    0.000534     28.44     34.66    1.005
      ilnvar                   0.075202    0.050000    0.000001    0.404557    0.003250     48.91     59.26    1.001
      ilnvar                   0.468399    0.508605    0.000001    1.869830    0.005896     94.88    284.45    1.462
      ilnvar                   0.098330    0.069824    0.000002    0.532357    0.006784     72.26     82.06    1.023
      ilnvar                   0.000015    0.000000    0.000001    0.000067    0.000003     55.68     61.04    1.001
      ilnvar                   0.072872    0.022037    0.000006    0.357277    0.012405     47.94     56.38    1.001
      ilnvar                   0.000026    0.000000    0.000001    0.000118    0.000005     39.59     40.66    1.000
      ilnvar                   0.003302    0.001011    0.000001    0.007266    0.000016     60.12     85.46    1.003
      ilnvar                   0.007684    0.001324    0.000001    0.031470    0.000197     64.87    101.73    1.000
      ilnvar                   0.711441    0.461357    0.000272    2.029602    0.516876   1472.35   1619.94    1.000
      ilnvar                   0.000028    0.000000    0.000001    0.000129    0.000003     30.15     37.47    1.006
      ilnvar                   0.300988    0.263915    0.000068    1.361986    0.064419    124.37    126.18    1.002
      ilnvar                   0.000029    0.000000    0.000001    0.000145    0.000004     42.21     44.66    1.039
      ilnvar                   0.169303    0.151732    0.000001    0.938545    0.001554     28.38     31.53    1.008
      ilnvar                   0.000109    0.000000    0.000001    0.000358    0.000005     33.72     34.50    1.000
      ilnvar                   0.000026    0.000000    0.000001    0.000067    0.000003     48.70     72.42    1.014
      ilnvar                   0.174456    0.097909    0.000001    0.762711    0.028644     28.74     41.62    1.086
      ilnvar                   0.000480    0.000005    0.000001    0.001843    0.000015     30.09     43.43    1.046
      ilnvar                   0.757607    0.382431    0.000734    1.923512    0.622423    258.19    284.37    1.003
      ilnvar                   0.000525    0.000008    0.000001    0.001505    0.000008     28.04     28.51    1.046
      ilnvar                   0.080817    0.065654    0.000001    0.502042    0.002001     51.69     64.40    1.138
      ilnvar                   0.919305    0.510785    0.012059    2.286985    0.749511    409.06    622.55    1.004
      ilnvar                   0.758793    0.522931    0.000706    2.168312    0.559741     90.30    159.68    1.006
      ilnvar                   0.154127    0.113865    0.000001    0.861887    0.003108     31.18     35.26    1.075
      ilnvar                   0.000130    0.000000    0.000001    0.000618    0.000011     40.92     41.34    1.044
      ilnvar                   0.209987    0.269837    0.000001    1.317688    0.000018     26.47     51.35    1.137
      ilnvar                   0.000217    0.000001    0.000001    0.001088    0.000004     29.96     32.16    1.028
      ilnvar                   0.138049    0.090868    0.000001    0.708256    0.000873     35.29     41.28    1.001
      ilnvar                   0.000017    0.000000    0.000001    0.000079    0.000004     49.86     51.87    1.041
      ilnvar                   0.000032    0.000000    0.000001    0.000120    0.000005     33.58     47.89    1.007
      ilnvar                   0.030523    0.008382    0.000001    0.175751    0.000929     34.64     45.14    1.026
      ilnvar                   0.009950    0.003011    0.000001    0.032943    0.000203     52.53     64.31    1.000
      ilnvar                   0.000065    0.000000    0.000001    0.000320    0.000004     52.86     55.35    1.001
      ilnvar                   0.207698    0.270912    0.000001    1.302030    0.000272     23.99     28.12    1.061
