      age[0]                   0.907794    0.002499    0.829205    1.019809    0.898094    1.012    2
      age[0]                   1.007697    0.003386    0.954718    1.114226    0.991664    1.003    2
      age[0]                   1.009376    0.002865    0.924176    1.110350    0.999324    1.004    2
      age[0]                   0.954413    0.001166    0.900877    1.018958    0.948163    1.006    2
      age[0]                   1.007163    0.001879    0.930332    1.088932    1.001377    1.006    2
      age[0]                  1.017605    0.008597    0.873306    1.186776    1.004120    1.001    2
      age[0]                   0.980804    0.001038    0.937310    1.035684    0.974225    1.001    2
      age[0]                  0.758264    0.001090    0.723508    0.825362    0.748456    1.000    2
      age[0]                  1.076158    0.004923    0.955709    1.212110    1.064989    1.003    2
      age[0]                   0.916994    0.002981    0.838480    1.021987    0.906199    1.455    2
      age[0]                   1.004541    0.003329    0.904324    1.124892    0.996598    1.007    2
      age[0]                  0.900690    0.004131    0.831186    1.023276    0.883361    1.003    2
      age[0]                  0.897741    0.001847    0.857038    0.980646    0.884342    1.000    2
      age[0]                  0.881528    0.005445    0.792764    1.023926    0.862711    1.015    2
      age[0]                   1.011225    0.004506    0.897526    1.149781    1.001803    1.007    2
      age[0]                   0.952074    0.001669    0.879994    1.036115    0.945868    1.005    2
      age[0]                   0.999921    0.000964    0.961071    1.060001    0.992352    1.001    2
      age[0]                  0.874629    0.003863    0.782947    0.994560    0.861131    1.004    2
      age[0]                  0.770814    0.011923    0.597573    0.986994    0.750463    1.000    2
      age[0]                  1.034236    0.005496    0.951793    1.181991    1.013220    1.004    2
      age[0]                   0.975280    0.002491    0.894624    1.073395    0.967057    1.001    2
      age[0]                  1.068894    0.003015    0.979695    1.170386    1.060374    1.000    2
      age[0]                  0.859920    0.006512    0.732083    1.011102    0.846629    1.001    2
      age[0]                  0.966489    0.004515    0.859444    1.089386    0.956899    1.014    2
      age[0]                   0.934330    0.000878    0.898852    0.992047    0.927205    1.000    2
      age[0]                  0.863948    0.005589    0.749047    1.003809    0.852761    1.000    2
      age[0]                   0.849626    0.001936    0.780012    0.939833    0.841673    1.002    2
      age[0]                   0.914308    0.002768    0.834453    1.011408    0.907839    1.004    2
      age[0]                  0.795349    0.004123    0.700195    0.916957    0.782831    1.000    2
      age[0]                   0.963914    0.006167    0.826880    1.122943    0.951969    1.005    2
      age[0]                   1.056515    0.006034    0.923542    1.205938    1.045806    1.002    2
      age[0]                   0.957683    0.001027    0.914773    1.019967    0.950778    1.003    2
      age[0]                   1.082319    0.005353    0.959177    1.231270    1.071530    1.000    2
      age[0]                  1.030871    0.004160    0.970761    1.157987    1.010578    1.000    2
      age[0]                   0.963530    0.001345    0.898939    1.035348    0.959263    1.000    2
      age[0]                  1.027189    0.002930    0.935266    1.135104    1.019099    1.001    2
      age[0]                  0.897106    0.003371    0.794318    1.011663    0.890858    1.002    2
      age[0]                  0.903969    0.000779    0.872941    0.958243    0.896281    1.000    2
      age[0]                  1.062361    0.003862    0.965594    1.173625    1.050318    1.000    2
      age[0]                  0.985909    0.002544    0.907656    1.086023    0.976296    1.001    2
      age[0]                   1.004255    0.006143    0.854028    1.163763    0.998208    1.009    2
      age[0]                  0.989498    0.004615    0.866709    1.121351    0.981870    1.000    2
      age[0]                   0.777292    0.003210    0.680143    0.899477    0.768326    1.007    2
      age[0]                   0.937574    0.002151    0.863163    1.026890    0.929113    1.018    2
      age[0]                   1.113308    0.007166    0.975017    1.276995    1.101201    1.000    2
      age[0]                  1.048706    0.003695    0.937739    1.168364    1.040464    1.000    2
      age[0]                   0.934292    0.000734    0.900482    0.985409    0.928202    1.001    2
      age[0]                  0.950378    0.001129    0.915294    1.015749    0.940975    1.004    2
      age[0]                   1.028858    0.004364    0.948155    1.157177    1.012880    1.001    2
      age[0]                   1.027817    0.004371    0.943439    1.161512    1.012410    1.000    2
      age[0]                  0.954710    0.001643    0.906744    1.032982    0.944785    1.001    2
      age[0]                  0.894307    0.008172    0.789123    1.060627    0.871482    1.040    2
      age[0]                  0.935074    0.005961    0.827724    1.082221    0.920349    1.007    2
      age[0]                  0.847137    0.007684    0.730363    1.021210    0.827366    1.094    2
      age[0]                  1.039555    0.003967    0.925939    1.163971    1.032396    1.006    2
      age[0]                   0.996707    0.001283    0.966028    1.060304    0.985971    1.001    2
      age[0]                   1.002046    0.001804    0.929508    1.080626    0.996097    1.007    2
      age[0]                  0.975306    0.009089    0.855275    1.157798    0.952980    1.003    2
      age[0]                  0.955178    0.003491    0.866006    1.067201    0.945539    1.001    2
      age[0]                   0.985862    0.002562    0.927810    1.081392    0.972898    1.001    2
      age[0]                  1.008044    0.002495    0.956539    1.106987    0.993014    1.000    2
      age[0]                   0.969746    0.002981    0.879459    1.082444    0.959019    1.022    2
      age[0]                  1.008786    0.005265    0.896034    1.151152    0.994819    1.013    2
      age[0]                   0.974924    0.002204    0.895154    1.066074    0.967757    1.001    2
      age[0]                   0.970441    0.002343    0.898411    1.061163    0.962403    1.001    2
      age[0]                   0.935115    0.002828    0.844847    1.039040    0.926891    1.000    2
      age[0]                  0.900943    0.009389    0.719364    1.093453    0.890823    1.000    2
      age[0]                  0.965007    0.002603    0.886679    1.065464    0.955435    1.000    2
      age[0]                   1.001726    0.014166    0.795170    1.225623    0.992132    1.446    2
      age[0]                  1.026807    0.006449    0.894182    1.182862    1.013235    1.000    2
      age[0]                   0.998789    0.003829    0.890266    1.128496    0.991576    1.001    2
      age[0]                  1.018934    0.006482    0.886680    1.172184    1.005791    1.000    2
      age[0]                   1.058189    0.006379    0.924900    1.224213    1.046215    1.002    2
      age[0]                  0.982953    0.005480    0.855556    1.126591    0.972282    1.007    2
      age[0]                  0.999214    0.002141    0.924207    1.090173    0.991636    1.001    2
      age[0]                  0.911897    0.018852    0.792186    1.180426    0.866845    1.000    2
      age[0]                   1.066115    0.006444    0.927240    1.239160    1.055742    1.007    2
      age[0]                  0.935044    0.001912    0.874819    1.012478    0.927174    1.000    2
      age[0]                   1.012523    0.003345    0.916709    1.128627    1.003764    1.020    2
      age[0]                  0.975391    0.010584    0.826851    1.167223    0.958414    1.008    2
      age[0]                   0.883220    0.005511    0.762937    1.043891    0.870841    1.018    2
      age[0]                   0.997222    0.005538    0.867126    1.146141    0.986641    1.036    2
      age[0]                   1.012486    0.004905    0.925970    1.156060    0.995699    1.017    2
      age[0]                   0.853048    0.006111    0.716087    1.004221    0.840919    1.005    2
      age[0]                  0.825937    0.002164    0.775194    0.915549    0.813489    1.000    2
      age[0]                   0.920008    0.002675    0.846894    1.025453    0.907825    1.021    2
      age[0]                  0.663645    0.004161    0.546152    0.795806    0.657279    1.056    2
      age[0]                  0.957626    0.003681    0.905130    1.075129    0.937996    1.000    2
      age[0]                  0.912969    0.003719    0.819848    1.028281    0.900386    1.004    2
      age[0]                  0.897819    0.004323    0.774929    1.018571    0.892300    1.050    2
      age[0]                   0.977701    0.002065    0.934836    1.069914    0.963362    1.003    2
      age[0]                   0.943784    0.002084    0.902820    1.027644    0.930264    1.000    2
      age[0]                   1.036144    0.006000    0.902642    1.174021    1.028361    1.020    2
      age[0]                  0.899268    0.002723    0.828483    1.000582    0.888049    1.002    2
      age[0]                   0.941135    0.003240    0.845888    1.057767    0.933874    1.001    2
      age[0]                   0.997663    0.002187    0.941526    1.098067    0.985218    1.012    2
      age[0]                  1.024596    0.002458    0.939622    1.122096    1.017341    1.005    2
      age[0]                  0.998553    0.001039    0.962749    1.054473    0.990827    1.000    2
      age[0]                   0.972763    0.006869    0.826994    1.130711    0.966163    1.000    2
      age[0]                  0.833158    0.001856    0.778681    0.914004    0.823412    1.009    2
