      alpha_symdir             5.594799    1.521132    3.421564    8.061994    5.431876   3381.02   3947.35    1.000
      alpha_symdir             8.478298    3.810874    4.968335   12.328240    8.226022   6085.00   6485.74    1.000
      alpha_symdir             7.585527    3.061751    4.537140   11.125510    7.371472   5146.70   5613.36    1.000
      alpha_symdir             7.528251    2.831877    4.509654   10.857220    7.304529   6047.37   6285.05    1.000
      alpha_symdir             8.108450    3.387657    4.841809   11.775850    7.882497   5277.65   5776.41    1.000
      alpha_symdir             5.541563    2.124793    3.050899    8.432719    5.324023   5948.78   6003.61    1.000
      alpha_symdir             8.001279    3.202744    4.940432   11.561390    7.761757   6707.93   6767.98    1.000
      alpha_symdir             4.966895    1.845279    2.687285    7.690371    4.736862   2434.55   2548.34    1.001
      alpha_symdir             7.264874    3.127591    4.290707   10.885540    7.042688   6439.82   6473.94    1.000
      alpha_symdir             9.005258    3.922980    5.558719   13.044160    8.764158   5599.95   6039.64    1.000
      alpha_symdir             7.533584    3.183637    4.337102   11.006620    7.306761   3275.37   4009.31    1.000
      alpha_symdir             4.611178    2.153311    2.192286    7.559639    4.356783   2776.27   3145.19    1.000
      alpha_symdir             6.264228    2.529747    3.543416    9.409665    6.048378   5075.97   5266.46    1.000
      alpha_symdir             4.443252    1.953791    2.165106    7.210131    4.197541   3891.70   4027.93    1.000
      alpha_symdir             9.043568    3.894366    5.493253   12.935440    8.797009   5307.54   5713.11    1.000
      alpha_symdir             8.708442    3.572839    5.384474   12.514780    8.477558   6451.90   6549.41    1.001
      alpha_symdir             8.923214    3.973978    5.395880   12.945020    8.676658   6207.98   6378.78    1.000
      alpha_symdir             4.891555    1.708975    2.705122    7.543702    4.687833   3138.74   3997.87    1.000
      alpha_symdir             4.354184    1.857365    2.085604    7.085255    4.121842   4816.29   5046.50    1.000
      alpha_symdir             4.037647    1.395879    2.102697    6.376295    3.831430   3733.20   3961.74    1.000
      alpha_symdir             9.006321    3.935414    5.514786   12.960000    8.763046   5884.19   6205.12    1.000
      alpha_symdir             6.463725    2.706432    3.657285    9.807116    6.235278   5897.03   5907.00    1.000
      alpha_symdir             6.121999    2.285032    3.614594    9.263181    5.907917   4538.85   4721.90    1.000
      alpha_symdir             6.043891    2.582263    3.365172    9.254256    5.810875   4471.73   4702.59    1.000
      alpha_symdir             7.761224    3.197226    4.511397   11.247210    7.527067   5255.67   5290.40    1.000
      alpha_symdir             7.156503    2.881243    4.186480   10.545760    6.925623   4903.17   5274.80    1.000
      alpha_symdir             7.021345    2.708970    4.173561   10.340630    6.784977   5166.92   5427.16    1.001
      alpha_symdir             9.460578    4.438877    5.719738   13.681780    9.227595   6421.86   6554.79    1.000
      alpha_symdir             7.161970    2.995925    4.128666   10.595510    6.919725   3882.77   4430.17    1.000
      alpha_symdir             8.367362    3.759757    4.917134   12.186450    8.117932   5259.26   5843.31    1.000
      alpha_symdir             7.208494    2.844670    4.330005   10.642470    6.974683    488.56   2119.70    1.004
      alpha_symdir             7.673384    3.140707    4.505495   11.151380    7.446814   5075.23   5674.44    1.000
      alpha_symdir             7.841862    3.292238    4.696363   11.516670    7.613899   6314.67   6375.65    1.001
      alpha_symdir             4.484818    1.589185    2.365860    6.979303    4.274440   5388.38   5402.59    1.000
      alpha_symdir             7.500286    2.821820    4.631688   10.922710    7.286216   6497.53   6626.23    1.000
      alpha_symdir             5.991028    2.762064    3.125734    9.302540    5.749108   4811.93   5215.75    1.000
      alpha_symdir             3.843700    1.166098    2.038770    6.021733    3.663492   3447.32   3696.89    1.000
      alpha_symdir             5.364262    2.423524    2.743891    8.472113    5.132152   5410.46   5441.73    1.000
      alpha_symdir             5.434367    2.181297    2.936093    8.373905    5.199260   4993.07   5200.73    1.000
      alpha_symdir             6.805198    2.998901    3.795480   10.276850    6.565937   5633.49   5885.18    1.000
      alpha_symdir             8.926850    3.953519    5.399035   12.876890    8.691678   5282.58   6005.08    1.000
      alpha_symdir             5.589775    2.133676    3.142692    8.573411    5.379532   5239.69   5275.05    1.000
      alpha_symdir             8.145773    3.189235    5.092620   11.813150    7.914295   5512.07   6073.50    1.000
      alpha_symdir             8.686056    3.812245    5.290555   12.636130    8.447041   5890.39   6077.56    1.000
      alpha_symdir             6.474259    2.266393    3.842378    9.484043    6.260473   5804.70   5976.51    1.000
      alpha_symdir             5.368324    2.165348    2.949878    8.418959    5.136181   4105.80   4246.16    1.000
      alpha_symdir             8.423659    3.848932    5.010867   12.451920    8.173332   6006.63   6228.56    1.000
      alpha_symdir             3.947040    1.424188    2.030685    6.310129    3.707725     47.57    173.88    1.002
      alpha_symdir             6.410294    2.368425    3.810558    9.540652    6.191874   5425.43   5588.20    1.000
      alpha_symdir             7.157640    2.780730    4.189934   10.454650    6.949330   5999.12   6283.27    1.000
      alpha_symdir             7.575020    3.663350    4.271910   11.396170    7.322108   5338.99   5817.56    1.000
      alpha_symdir             4.768922    1.834755    2.517986    7.438856    4.556425   1044.21   1445.16    1.000
      alpha_symdir             4.067516    1.293956    2.209585    6.352503    3.872512   4090.70   4385.06    1.001
      alpha_symdir             8.371161    3.684363    4.921597   12.147090    8.145962   5440.39   5898.98    1.000
      alpha_symdir             7.190340    3.044637    4.159695   10.710380    6.960061   5123.50   5599.75    1.000
      alpha_symdir             6.554367    2.791979    3.617234    9.877951    6.311483   4982.18   5173.76    1.000
      alpha_symdir             8.981565    3.731657    5.632496   12.927010    8.739731   6465.81   6563.92    1.001
      alpha_symdir             6.765207    2.884073    3.802529   10.112990    6.529985   5520.93   5662.41    1.000
      alpha_symdir             4.556322    1.365336    2.618209    6.949275    4.362135   4360.51   4533.14    1.000
      alpha_symdir             8.209328    3.682832    4.861510   12.067410    7.986202   5244.86   5548.85    1.000
      alpha_symdir             5.679092    2.666394    3.000451    9.025770    5.441112   5635.89   5644.71    1.000
      alpha_symdir             8.636209    3.797114    5.193192   12.549810    8.406113   6288.59   6460.35    1.000
      alpha_symdir             6.236107    2.731767    3.367074    9.497766    5.992998   5865.61   5894.33    1.000
      alpha_symdir            10.698408    5.358685    6.351572   15.105400   10.450860   5372.96   5882.24    1.001
      alpha_symdir             6.548008    2.309355    3.971831    9.626159    6.334970   4731.15   4884.56    1.000
      alpha_symdir             7.471611    2.834324    4.528181   10.813970    7.242242   4985.22   5099.14    1.000
      alpha_symdir             5.354824    2.150083    2.916830    8.318227    5.130126   4379.14   4589.64    1.000
      alpha_symdir             6.289729    2.517269    3.553259    9.465202    6.059807   5332.94   5578.73    1.000
      alpha_symdir             8.317582    3.887441    4.855958   12.237390    8.060189   5217.52   5385.70    1.000
      alpha_symdir             5.045063    1.514940    3.004006    7.560090    4.866261   4306.17   4624.82    1.000
      alpha_symdir             6.518367    2.380855    3.814202    9.605225    6.313604   5577.61   5812.52    1.000
      alpha_symdir             7.772112    3.508532    4.516558   11.533360    7.534595   5080.97   5477.42    1.000
      alpha_symdir             7.927381    3.101498    4.800665   11.433180    7.696662   5935.30   6100.72    1.000
      alpha_symdir             6.642287    2.705202    3.809496    9.899949    6.420725   1458.72   3601.85    1.000
      alpha_symdir             6.609152    2.847098    3.748603   10.017500    6.383333   5250.63   5359.40    1.000
      alpha_symdir             3.312226    1.401104    1.510406    5.720151    3.082762   2982.42   3236.64    1.000
      alpha_symdir             8.358160    3.529560    5.021286   12.083880    8.118094   6214.01   6432.99    1.000
      alpha_symdir             5.199870    2.323187    2.634504    8.211768    4.944291   3654.29   3952.21    1.002
      alpha_symdir             7.581624    3.234694    4.354326   11.088660    7.345950   4538.96   4909.31    1.001
      alpha_symdir             3.982773    1.133393    2.248324    6.146087    3.801015   2945.02   3486.66    1.000
      alpha_symdir             8.185015    3.498392    4.880785   11.858140    7.950562   5729.22   6083.34    1.000
      alpha_symdir             8.749517    3.551007    5.304330   12.469250    8.517280   5968.30   6293.20    1.000
      alpha_symdir             8.790651    3.940960    5.266685   12.795880    8.540353   6067.13   6202.62    1.000
      alpha_symdir             7.201601    2.703063    4.346585   10.494720    6.971145   5820.22   6087.17    1.000
      alpha_symdir             6.101222    2.500118    3.375432    9.230596    5.858465   5116.87   5498.14    1.000
      alpha_symdir             6.770845    2.445153    4.149253    9.982235    6.557181   3026.69   4252.34    1.000
      alpha_symdir             7.000133    2.921176    4.023167   10.434450    6.772969   4344.82   4801.79    1.001
      alpha_symdir             6.391923    2.923487    3.402841    9.775625    6.154616   4675.69   5494.43    1.000
      alpha_symdir             5.413902    2.264103    2.906977    8.415525    5.177330   3909.39   4547.78    1.000
      alpha_symdir             5.241654    1.648963    3.045348    7.753672    5.046125   5686.26   5689.14    1.000
      alpha_symdir             9.245720    4.167246    5.721491   13.371350    9.024084   6138.22   6448.23    1.000
      alpha_symdir             6.871800    2.402101    4.174237    9.907301    6.669744   5567.24   6051.44    1.000
      alpha_symdir             8.327989    3.295399    5.117172   11.937430    8.100850   3740.28   4004.69    1.000
      alpha_symdir             4.396238    1.251772    2.456726    6.564812    4.225047   5100.55   5156.65    1.000
      alpha_symdir             9.677898    4.427341    5.720213   13.696280    9.431410   6537.01   6789.83    1.000
      alpha_symdir             9.166957    3.898457    5.641054   13.115670    8.935650   6268.47   6702.34    1.000
      alpha_symdir             6.071411    2.643665    3.289013    9.291167    5.848319   5268.11   5471.57    1.000
      alpha_symdir             6.597818    3.097668    3.549196   10.088030    6.334868   5348.21   5537.16    1.000
      alpha_symdir             8.209782    3.286865    5.015079   11.804530    7.980071   6023.50   6289.11    1.000
      alpha_symdir             5.974173    2.192890    3.466219    8.968715    5.762791   5671.98   5678.77    1.000
