      clockrate                1.171670    0.023082    0.908262    1.468381    1.152473     13.60     30.40    1.072
      clockrate                1.048455    0.004029    0.924273    1.171913    1.046937   1181.18   1319.65    1.001
      clockrate                1.050069    0.003453    0.936278    1.166075    1.048120     86.68    100.88    1.000
      clockrate                0.941534    0.003354    0.832353    1.056949    0.938638    147.26    148.04    1.015
      clockrate                1.089591    0.005022    0.953601    1.231009    1.085949    191.54    231.36    1.002
      clockrate                1.019774    0.009233    0.840614    1.206982    1.011960    414.34    511.01    1.000
      clockrate                1.090702    0.003646    0.974910    1.207547    1.088078     82.31    738.56    1.008
      clockrate                1.531447    0.061366    1.086377    2.035049    1.503675     57.24    126.52    1.016
      clockrate                1.141966    0.009135    0.953852    1.327918    1.136096    555.99    621.92    1.000
      clockrate                1.059142    0.003463    0.942242    1.173472    1.057297    187.41    251.73    1.000
      clockrate                1.054558    0.009991    0.874259    1.253922    1.042339     23.69     40.89    1.162
      clockrate                0.996496    0.028602    0.693246    1.348908    0.974195    205.49    213.19    1.013
      clockrate                1.186104    0.011041    0.992787    1.403776    1.180962     91.88     93.64    1.000
      clockrate                1.168640    0.081434    0.714733    1.755977    1.123310     45.17     75.91    1.000
      clockrate                1.109674    0.014031    0.893131    1.341800    1.096246     91.93     92.42    1.001
      clockrate                1.073236    0.003187    0.965506    1.184394    1.071253    364.72    434.29    1.001
      clockrate                1.043205    0.003969    0.918797    1.163971    1.040931    243.80    307.01    1.005
      clockrate                1.269379    0.054952    0.890217    1.732621    1.232616    216.43    227.48    1.000
      clockrate                1.689600    0.237361    0.973321    2.692140    1.596761    373.31    418.88    1.000
      clockrate                1.057689    0.020030    0.823382    1.356169    1.033317     60.06     65.27    1.006
      clockrate                1.083607    0.008249    0.919691    1.269878    1.073096     17.93     27.88    1.072
      clockrate                0.953166    0.006869    0.798424    1.117472    0.948048    268.09    505.19    1.000
      clockrate                1.086706    0.014714    0.865497    1.337014    1.076282    170.94    295.32    1.003
      clockrate                1.153053    0.016835    0.915136    1.412345    1.139902    161.61    197.20    1.006
      clockrate                1.174314    0.005227    1.031497    1.314624    1.172132    240.92    310.34    1.000
      clockrate                1.114742    0.012217    0.911934    1.339005    1.104616    109.84    142.53    1.000
      clockrate                1.185743    0.015422    0.954604    1.429610    1.173812     95.46    132.08    1.000
      clockrate                0.962077    0.005893    0.815554    1.111598    0.955969    293.07    344.17    1.001
      clockrate                1.170869    0.018569    0.932439    1.446295    1.153995     50.12     60.70    1.003
      clockrate                1.021008    0.005591    0.881591    1.172269    1.015953     40.04    181.23    1.081
      clockrate                1.371747    0.037091    0.996754    1.731042    1.357910     31.01     53.50    1.001
      clockrate                1.151380    0.012632    0.948842    1.383000    1.136947     28.22     32.07    1.003
      clockrate                1.033597    0.004876    0.899310    1.172913    1.028565     32.80     44.76    1.000
      clockrate                1.116974    0.032537    0.806874    1.485960    1.090749    340.71    344.20    1.001
      clockrate                1.005165    0.003161    0.895648    1.115849    1.003221    204.60    227.67    1.000
      clockrate                0.973231    0.015984    0.761124    1.233274    0.953034     47.92     68.70    1.003
      clockrate                1.017758    0.009217    0.832839    1.205376    1.011998    138.24    154.94    1.003
      clockrate                0.929347    0.006887    0.772521    1.096752    0.924350    562.76    622.99    1.001
      clockrate                1.045595    0.024359    0.804561    1.387190    1.014292     48.98     81.69    1.005
      clockrate                1.096319    0.011853    0.901228    1.318160    1.083499    139.79    148.83    1.006
      clockrate                1.082654    0.003649    0.965623    1.202885    1.081044    395.07    568.73    1.002
      clockrate                1.079350    0.010868    0.883701    1.288352    1.069589     92.01    144.75    1.000
      clockrate                1.033610    0.009537    0.862076    1.240743    1.018946     15.05     20.78    1.011
      clockrate                1.010195    0.005899    0.866478    1.166620    1.005872    127.04    155.02    1.005
      clockrate                1.045287    0.005189    0.905482    1.188419    1.042107    227.11    260.13    1.002
      clockrate                0.950751    0.009424    0.773974    1.146753    0.941249     45.65    206.68    1.003
      clockrate                1.192303    0.005882    1.046031    1.347207    1.189091    406.63    563.33    1.000
      clockrate                1.602928    0.103081    1.022533    2.237267    1.573956    205.93    213.69    1.003
      clockrate                1.089534    0.007518    0.927894    1.262675    1.084710     92.50    418.43    1.110
      clockrate                0.991908    0.004295    0.868486    1.125397    0.986837     50.26     53.40    1.000
      clockrate                1.116217    0.017092    0.877929    1.373747    1.098718    103.06    131.41    1.000
      clockrate                1.101645    0.068911    0.728683    1.634097    1.040923     43.97     89.91    1.005
      clockrate                1.224999    0.038539    0.880556    1.616270    1.197230    161.92    250.72    1.002
      clockrate                1.003203    0.004196    0.878330    1.131088    1.000758    300.36    413.48    1.005
      clockrate                1.131319    0.009235    0.956634    1.321929    1.122141    129.98    148.11    1.003
      clockrate                1.059676    0.008593    0.885881    1.244688    1.051167    143.24    308.54    1.078
      clockrate                1.003127    0.003890    0.882246    1.123864    0.999674     64.35     79.31    1.012
      clockrate                1.180234    0.020261    0.931338    1.471235    1.160016    190.31    236.15    1.006
      clockrate                1.206568    0.017378    0.961500    1.463598    1.193561    200.15    228.61    1.001
      clockrate                1.145133    0.008812    0.959040    1.325249    1.139628    156.50    160.82    1.004
      clockrate                1.104264    0.036850    0.814230    1.508073    1.063057     57.71     67.07    1.013
      clockrate                0.998219    0.003290    0.884486    1.107887    0.996946    254.54    412.47    1.000
      clockrate                1.010492    0.005341    0.871206    1.153788    1.007373    167.55    272.99    1.001
      clockrate                0.935428    0.003988    0.814752    1.057840    0.929833     52.81     69.13    1.055
      clockrate                1.030287    0.005228    0.892255    1.172904    1.025959    167.09    172.67    1.017
      clockrate                1.150756    0.015464    0.944416    1.387522    1.136473    136.79    138.32    1.000
      clockrate                1.471698    0.179176    0.797908    2.290360    1.400116     92.20    101.76    1.010
      clockrate                1.263042    0.028853    1.005028    1.537173    1.241882    121.89    125.60    1.002
      clockrate                1.332063    0.030667    1.039378    1.700559    1.306340    189.22    206.73    1.011
      clockrate                1.141231    0.018805    0.899709    1.417960    1.124562     84.80    106.89    1.000
      clockrate                1.136880    0.004777    1.004184    1.274790    1.133645    356.16    402.02    1.018
      clockrate                0.993241    0.007607    0.827886    1.167527    0.986606    271.44    293.09    1.003
      clockrate                1.145484    0.007994    0.981353    1.329130    1.139744     78.12    182.54    1.021
      clockrate                1.218630    0.028094    0.941832    1.564220    1.186038     18.58     21.08    1.021
      clockrate                1.069538    0.007900    0.899529    1.242678    1.062255     93.43    166.34    1.002
      clockrate                1.278236    0.147579    0.709709    2.057298    1.193488    372.31    419.55    1.002
      clockrate                1.012804    0.004160    0.892214    1.144631    1.009858     46.30    104.62    1.005
      clockrate                1.140876    0.023488    0.886298    1.454807    1.115107     62.00     72.55    1.009
      clockrate                1.033212    0.005883    0.886962    1.187100    1.029076    162.52    229.78    1.002
      clockrate                1.276968    0.042983    0.934976    1.714161    1.245429    130.32    169.45    1.001
      clockrate                1.021283    0.005415    0.879055    1.165312    1.016735    139.72    245.21    1.005
      clockrate                0.982809    0.002503    0.888650    1.085521    0.981784    524.20    625.09    1.003
      clockrate                1.145338    0.007154    0.985309    1.314526    1.140954     63.83     99.37    1.005
      clockrate                1.118998    0.009083    0.947731    1.309758    1.110761     82.84    115.62    1.005
      clockrate                0.982394    0.009877    0.803497    1.171256    0.973406     66.07    143.54    1.008
      clockrate                1.093919    0.012234    0.905794    1.321553    1.076450     41.79     57.00    1.001
      clockrate                1.215269    0.028830    0.936440    1.574190    1.187226     45.80     55.54    1.009
      clockrate                1.022976    0.009426    0.842839    1.214964    1.015329    148.11    179.62    1.001
      clockrate                1.050286    0.009317    0.869658    1.242099    1.042902    307.12    336.29    1.007
      clockrate                1.071924    0.014792    0.861650    1.327818    1.057634     96.53    109.04    1.008
      clockrate                1.004759    0.003948    0.882370    1.127560    1.003532    407.86    478.72    1.003
      clockrate                1.116554    0.008296    0.948791    1.299364    1.108262     39.71     39.97    1.038
      clockrate                1.098943    0.004968    0.965797    1.240635    1.093812     61.19    210.03    1.049
      clockrate                2.464990    0.405245    1.456976    3.699305    2.352117     57.89    164.33    1.007
      clockrate                1.189659    0.009345    1.007530    1.384685    1.181217     48.95     57.45    1.034
      clockrate                1.068936    0.003734    0.954228    1.191954    1.067493    920.31   1261.85    1.000
      clockrate                0.988715    0.006539    0.837373    1.151709    0.983649     97.90    106.18    1.038
      clockrate                1.170573    0.027445    0.907927    1.516449    1.141043     31.64     71.28    1.003
      clockrate                1.118304    0.008124    0.956855    1.302734    1.108834     34.51    145.47    1.174
      clockrate                1.109303    0.007043    0.946300    1.274497    1.105192    317.71    368.42    1.008
