      age[0]                   0.944350    0.008110    0.833833    1.135991    0.916783    1.029    2
      age[0]                   0.987702    0.000426    0.955087    1.024518    0.984482    1.000    2
      age[0]                   1.002304    0.000960    0.948328    1.063675    0.999587    1.000    2
      age[0]                   1.014976    0.000869    0.958448    1.072071    1.013026    1.002    2
      age[0]                   0.989235    0.000522    0.946235    1.034271    0.987263    1.001    2
      age[0]                  0.970460    0.000856    0.916527    1.029406    0.968004    1.000    2
      age[0]                  0.982826    0.000261    0.954738    1.013610    0.981391    1.004    2
      age[0]                  0.784750    0.003770    0.723510    0.916043    0.762784    1.037    2
      age[0]                  0.989456    0.000541    0.945899    1.034638    0.987533    1.001    2
      age[0]                   0.951395    0.000837    0.902956    1.010166    0.946309    1.025    2
      age[0]                  0.929688    0.001605    0.866730    1.005172    0.922516    1.038    2
      age[0]                  0.874518    0.002426    0.831188    0.980316    0.856677    1.002    2
      age[0]                  0.921848    0.001837    0.857040    1.003507    0.915528    1.001    2
      age[0]                  0.915376    0.003622    0.817110    1.034254    0.905047    1.000    2
      age[0]                   0.979228    0.001671    0.903585    1.062495    0.975789    1.013    2
      age[0]                   0.959180    0.000466    0.918069    1.000832    0.957400    1.007    2
      age[0]                   1.001670    0.000481    0.967022    1.047994    0.997548    1.020    2
      age[0]                  0.950872    0.002069    0.862138    1.038869    0.947210    1.000    2
      age[0]                  0.816794    0.014414    0.621105    1.060745    0.799082    1.001    2
      age[0]                  1.017059    0.001919    0.951814    1.095401    1.012152    1.000    2
      age[0]                   0.987261    0.000982    0.930521    1.052117    0.984295    1.006    2
      age[0]                  1.025990    0.000997    0.979085    1.084502    1.020514    1.002    2
      age[0]                  0.970255    0.003334    0.862161    1.084130    0.964729    1.000    2
      age[0]                  0.952403    0.001413    0.881604    1.028549    0.949195    1.016    2
      age[0]                   0.963993    0.000800    0.912701    1.021438    0.961448    1.006    2
      age[0]                  0.957318    0.003592    0.848167    1.084958    0.950957    1.001    2
      age[0]                  0.930344    0.001346    0.862009    1.006648    0.928219    1.000    2
      age[0]                  1.004009    0.002525    0.911962    1.105680    0.998884    1.015    2
      age[0]                  0.999616    0.004759    0.873081    1.142535    0.996010    1.018    2
      age[0]                   1.080515    0.005667    0.942259    1.224670    1.075974    1.035    2
      age[0]                   0.989086    0.003907    0.884012    1.118730    0.978948    1.001    2
      age[0]                  1.023738    0.003737    0.914775    1.131986    1.018151    1.007    2
      age[0]                  1.021484    0.000801    0.965662    1.074906    1.018683    1.007    2
      age[0]                  1.020409    0.001943    0.970761    1.104312    1.008847    1.002    2
      age[0]                   0.988387    0.000618    0.942301    1.038401    0.986416    1.001    2
      age[0]                  1.001270    0.000775    0.949458    1.057941    0.999363    1.000    2
      age[0]                  1.007267    0.002923    0.903365    1.109824    1.005791    1.002    2
      age[0]                  0.912251    0.000540    0.882633    0.950529    0.907549    1.003    2
      age[0]                  0.994239    0.000354    0.965597    1.024989    0.991158    1.000    2
      age[0]                  1.011931    0.000766    0.961346    1.067776    1.010083    1.006    2
      age[0]                   0.966786    0.001425    0.900641    1.044705    0.962448    1.012    2
      age[0]                  0.980280    0.001444    0.909721    1.056260    0.976852    1.000    2
      age[0]                   0.933550    0.006612    0.769254    1.098309    0.928291    1.017    2
      age[0]                   0.990153    0.000969    0.929552    1.050638    0.988431    1.001    2
      age[0]                   0.993892    0.001358    0.947151    1.078351    0.982395    1.001    2
      age[0]                  1.035799    0.001102    0.972282    1.100257    1.033564    1.002    2
      age[0]                   0.970387    0.000577    0.925218    1.018089    0.968808    1.000    2
      age[0]                  0.964609    0.001484    0.915294    1.039103    0.955919    1.000    2
      age[0]                  1.016231    0.000587    0.972864    1.064189    1.013649    1.011    2
      age[0]                   0.970078    0.000297    0.943412    1.000584    0.967648    1.000    2
      age[0]                  0.961248    0.000438    0.922454    1.002375    0.959094    1.000    2
      age[0]                  0.955124    0.003841    0.844883    1.081267    0.947403    1.011    2
      age[0]                  0.923969    0.002411    0.829854    1.012004    0.919261    1.003    2
      age[0]                  0.990438    0.003499    0.888782    1.118902    0.986453    1.033    2
      age[0]                  0.974829    0.000648    0.927797    1.026839    0.973013    1.010    2
      age[0]                  1.003467    0.000755    0.966033    1.057672    0.997527    1.006    2
      age[0]                   1.029781    0.003420    0.940694    1.137303    1.020440    1.048    2
      age[0]                  1.020356    0.003449    0.911564    1.142287    1.015684    1.000    2
      age[0]                  0.945723    0.000952    0.886242    1.007198    0.943421    1.000    2
      age[0]                   0.954962    0.000417    0.927812    0.995381    0.949649    1.010    2
      age[0]                  0.988991    0.000727    0.956540    1.040821    0.982596    1.001    2
      age[0]                   1.029961    0.003023    0.938672    1.139899    1.021694    1.000    2
      age[0]                  1.039958    0.000905    0.982476    1.098060    1.037861    1.000    2
      age[0]                   1.037316    0.001997    0.953240    1.125135    1.035296    1.019    2
      age[0]                   0.950788    0.000619    0.905340    1.000016    0.948142    1.004    2
      age[0]                   0.963174    0.001536    0.889590    1.040312    0.960962    1.007    2
      age[0]                  0.880654    0.012119    0.698246    1.105386    0.862334    1.014    2
      age[0]                  0.977940    0.001890    0.918171    1.063406    0.969269    1.007    2
      age[0]                  0.942637    0.001824    0.858754    1.026432    0.939314    1.002    2
      age[0]                  1.006494    0.001113    0.945552    1.075237    1.003656    1.000    2
      age[0]                   0.981040    0.000945    0.924156    1.046619    0.979348    1.022    2
      age[0]                  1.003583    0.000906    0.950068    1.066550    1.000935    1.000    2
      age[0]                   0.953252    0.000841    0.902977    1.013209    0.949501    1.000    2
      age[0]                  0.941670    0.002700    0.841803    1.032311    0.938356    1.029    2
      age[0]                  1.015268    0.000927    0.958311    1.077674    1.012835    1.006    2
      age[0]                  0.919195    0.011808    0.792186    1.123883    0.894622    1.000    2
      age[0]                   1.029743    0.001912    0.950981    1.114438    1.024600    1.005    2
      age[0]                  0.964014    0.000871    0.909635    1.025176    0.962518    1.003    2
      age[0]                   0.998866    0.000664    0.949338    1.050462    0.996772    1.005    2
      age[0]                  0.954159    0.001130    0.889361    1.021302    0.952224    1.000    2
      age[0]                  0.988350    0.004475    0.862622    1.124036    0.981972    1.012    2
      age[0]                   1.066364    0.003842    0.948376    1.186030    1.060106    1.014    2
      age[0]                   1.029595    0.002214    0.938244    1.121183    1.025982    1.023    2
      age[0]                  0.968853    0.008510    0.790020    1.142169    0.966463    1.000    2
      age[0]                  1.001643    0.002040    0.918718    1.092418    0.998692    1.001    2
      age[0]                  1.008755    0.001664    0.929785    1.091972    1.005281    1.003    2
      age[0]                  0.815361    0.007092    0.654438    0.990503    0.809753    1.016    2
      age[0]                  0.985091    0.001639    0.909677    1.056201    0.981991    1.002    2
      age[0]                  0.972074    0.001113    0.911004    1.039103    0.969929    1.003    2
      age[0]                  0.998687    0.005706    0.857625    1.140538    0.990708    1.007    2
      age[0]                   0.971026    0.000612    0.934856    1.019021    0.966063    1.000    2
      age[0]                  1.032372    0.002156    0.949923    1.130778    1.026467    1.017    2
      age[0]                   0.931635    0.000364    0.902414    0.968206    0.928657    1.010    2
      age[0]                  0.876337    0.001678    0.828466    0.954339    0.865547    1.001    2
      age[0]                   0.948959    0.000923    0.893649    1.011810    0.945377    1.020    2
      age[0]                   0.984035    0.000349    0.950104    1.021069    0.981741    1.008    2
      age[0]                  1.017402    0.001400    0.956015    1.098439    1.009991    1.000    2
      age[0]                  0.998096    0.000356    0.962875    1.031314    0.995939    1.000    2
      age[0]                   0.975906    0.004161    0.862272    1.115069    0.967996    1.016    2
      age[0]                  0.950819    0.003474    0.847646    1.066743    0.943862    1.002    2
