      ilnvar                   0.073780    0.002655    0.002366    0.168005    0.064537     55.96     66.81    1.003
      ilnvar                   0.045449    0.001386    0.001135    0.116766    0.036874     35.32     48.58    1.000
      ilnvar                   0.017768    0.000705    0.000007    0.071193    0.006794     19.23     22.68    1.006
      ilnvar                   0.047073    0.001663    0.001115    0.123451    0.037213     39.11     59.68    1.004
      ilnvar                   0.013648    0.000310    0.000025    0.050380    0.006439     33.80     33.97    1.046
      ilnvar                   0.046890    0.002279    0.000149    0.134083    0.033274     98.63    148.45    1.021
      ilnvar                   0.014166    0.000397    0.000081    0.056016    0.005777     32.07     35.26    1.017
      ilnvar                   0.177579    0.018739    0.006090    0.447992    0.144402    123.77    130.54    1.002
      ilnvar                   0.038346    0.001704    0.000271    0.113717    0.025511     73.48     88.09    1.001
      ilnvar                   0.053770    0.001688    0.002279    0.133149    0.043621     40.56     45.37    1.016
      ilnvar                   0.041132    0.001596    0.000286    0.122403    0.028468     31.58     41.52    1.025
      ilnvar                   0.282267    0.039680    0.023944    0.660361    0.233770    439.95    441.25    1.000
      ilnvar                   0.062103    0.004150    0.000263    0.189033    0.042930     91.56    108.25    1.028
      ilnvar                   0.170158    0.033267    0.000134    0.506023    0.121884     68.56    116.61    1.000
      ilnvar                   0.020251    0.000804    0.000080    0.076260    0.009888     19.93     37.34    1.120
      ilnvar                   0.013452    0.000354    0.000019    0.052020    0.006226     19.74     30.86    1.004
      ilnvar                   0.021564    0.000858    0.000094    0.078107    0.010145     16.93     21.93    1.000
      ilnvar                   0.051956    0.003583    0.000054    0.164372    0.033336     59.06    102.47    1.016
      ilnvar                   0.337282    0.140146    0.000053    1.047975    0.224994    249.96    334.89    1.000
      ilnvar                   0.151247    0.014433    0.000295    0.368104    0.123420    150.33    237.87    1.004
      ilnvar                   0.041643    0.001612    0.000164    0.122613    0.029749     14.42     23.34    1.009
      ilnvar                   0.110475    0.009057    0.001639    0.288993    0.086728    118.59    150.29    1.000
      ilnvar                   0.090360    0.005776    0.002592    0.237038    0.070826    102.58    110.21    1.001
      ilnvar                   0.063051    0.004782    0.000513    0.197928    0.041376     37.61     71.30    1.001
      ilnvar                   0.024528    0.000731    0.000074    0.076922    0.015465     32.18     54.89    1.025
      ilnvar                   0.263839    0.023248    0.031806    0.572098    0.232455    167.97    195.81    1.000
      ilnvar                   0.113593    0.007837    0.002735    0.277257    0.093491     85.28     85.46    1.000
      ilnvar                   0.036769    0.001859    0.000238    0.122319    0.021029     46.23     59.07    1.031
      ilnvar                   0.102265    0.008033    0.001146    0.278739    0.080811     51.38     55.93    1.017
      ilnvar                   0.053015    0.002150    0.000162    0.139152    0.042119     19.49     40.73    1.015
      ilnvar                   0.036745    0.001667    0.000211    0.118139    0.022488     32.14     39.96    1.025
      ilnvar                   0.091189    0.003995    0.003102    0.214303    0.078703     82.37     98.02    1.001
      ilnvar                   0.015413    0.000461    0.000188    0.055299    0.007837     49.77     55.57    1.076
      ilnvar                   0.077321    0.005936    0.000703    0.223203    0.055136    189.04    232.24    1.000
      ilnvar                   0.022724    0.000710    0.000069    0.076472    0.013735     21.78     22.68    1.148
      ilnvar                   0.059089    0.004999    0.000001    0.197426    0.036540     24.94     46.04    1.029
      ilnvar                   0.038165    0.002136    0.000076    0.128989    0.023558     25.73     59.06    1.006
      ilnvar                   0.038020    0.002390    0.000019    0.133382    0.019783     49.12     63.54    1.003
      ilnvar                   0.049123    0.003000    0.000022    0.149186    0.033957     59.81    112.28    1.011
      ilnvar                   0.033098    0.001100    0.000161    0.096359    0.023178     96.03    114.38    1.010
      ilnvar                   0.041916    0.001682    0.000021    0.119728    0.033273     21.63     24.57    1.014
      ilnvar                   0.122052    0.007839    0.001754    0.290914    0.102701     64.49    113.46    1.000
      ilnvar                   0.078806    0.003595    0.002327    0.191539    0.064479     42.39     43.51    1.006
      ilnvar                   0.059594    0.002174    0.002288    0.144756    0.050485     17.57     29.27    1.001
      ilnvar                   0.055264    0.001969    0.000158    0.139698    0.045597     25.12     57.52    1.027
      ilnvar                   0.077332    0.004471    0.001786    0.208792    0.058685     75.48     86.17    1.000
      ilnvar                   0.038775    0.001340    0.000089    0.109816    0.030856     23.10     37.40    1.012
      ilnvar                   0.106723    0.006312    0.000868    0.255231    0.091248    139.64    143.08    1.002
      ilnvar                   0.064698    0.002863    0.000909    0.169565    0.051282     65.86     99.80    1.003
      ilnvar                   0.016477    0.000491    0.000136    0.061817    0.007393     17.32     22.19    1.008
      ilnvar                   0.053806    0.004699    0.000203    0.182785    0.031472     62.14     72.76    1.001
      ilnvar                   0.023615    0.001001    0.000034    0.085223    0.012202     75.23     90.88    1.007
      ilnvar                   0.124001    0.012600    0.002733    0.322032    0.095844    213.71    226.30    1.001
      ilnvar                   0.035269    0.002333    0.000076    0.121810    0.018593     34.44     43.76    1.042
      ilnvar                   0.069215    0.004209    0.000056    0.195207    0.052204     33.67     55.22    1.011
      ilnvar                   0.071481    0.003624    0.002198    0.189154    0.056204     52.96     58.12    1.018
      ilnvar                   0.037883    0.001764    0.000066    0.121508    0.023748     19.15     29.31    1.103
      ilnvar                   0.033567    0.001438    0.000083    0.108689    0.021102     63.87     85.23    1.000
      ilnvar                   0.338072    0.038602    0.060972    0.703227    0.295975    321.13    358.90    1.000
      ilnvar                   0.033187    0.001029    0.000006    0.094940    0.024191     47.91     51.97    1.002
      ilnvar                   0.068242    0.007304    0.000150    0.228977    0.039237    105.41    149.39    1.006
      ilnvar                   0.115851    0.003757    0.016771    0.236623    0.104240    141.88    141.94    1.002
      ilnvar                   0.035771    0.001562    0.000506    0.113528    0.023060     69.44     77.27    1.003
      ilnvar                   0.084376    0.003036    0.001280    0.186136    0.076184     35.86     79.14    1.013
      ilnvar                   0.018785    0.000534    0.000090    0.066887    0.010201     21.68     24.73    1.001
      ilnvar                   0.124576    0.009375    0.000401    0.299421    0.105184     21.75     64.14    1.021
      ilnvar                   0.079784    0.008193    0.000014    0.252063    0.053698     65.29     71.88    1.008
      ilnvar                   0.136860    0.024057    0.000218    0.444000    0.087458     56.38     60.16    1.010
      ilnvar                   0.024916    0.000796    0.000205    0.080843    0.015859     82.00     95.41    1.011
      ilnvar                   0.084780    0.005927    0.000256    0.226186    0.065326     97.29    116.16    1.015
      ilnvar                   0.087252    0.004286    0.001580    0.213175    0.070566     35.54     59.96    1.000
      ilnvar                   0.099254    0.005720    0.004172    0.244026    0.081222    106.28    129.62    1.000
      ilnvar                   0.058990    0.002569    0.001138    0.155484    0.045815     19.42     42.00    1.010
      ilnvar                   0.036946    0.002506    0.000040    0.128742    0.019703     44.65     54.62    1.008
      ilnvar                   0.086576    0.005302    0.000270    0.226845    0.069563     57.54     67.72    1.002
      ilnvar                   0.324246    0.117306    0.001945    0.979719    0.218300    684.65    757.41    1.000
      ilnvar                   0.025616    0.000595    0.000391    0.072409    0.018196     56.09     61.27    1.003
      ilnvar                   0.063798    0.005677    0.000283    0.209867    0.039123    115.05    117.04    1.001
      ilnvar                   0.008758    0.000211    0.000002    0.037908    0.002426     22.76     25.20    1.108
      ilnvar                   0.089736    0.011534    0.000703    0.289009    0.056475     80.71    101.55    1.001
      ilnvar                   0.021968    0.000788    0.000187    0.082831    0.011058     21.11     25.99    1.003
      ilnvar                   0.101807    0.003506    0.010706    0.215842    0.090065     85.60     91.10    1.003
      ilnvar                   0.017712    0.000365    0.000216    0.056814    0.010921     31.21     42.59    1.001
      ilnvar                   0.041272    0.002138    0.000294    0.135309    0.025495     39.65     45.67    1.000
      ilnvar                   0.256321    0.035727    0.012816    0.612476    0.210244    155.54    203.94    1.000
      ilnvar                   0.023215    0.000809    0.000055    0.080686    0.012972     34.62     41.03    1.009
      ilnvar                   0.066952    0.002833    0.000249    0.168833    0.055335     40.55     80.55    1.022
      ilnvar                   0.193606    0.023276    0.007248    0.477341    0.155858    198.55    215.33    1.001
      ilnvar                   0.020941    0.000736    0.000045    0.071781    0.011842     60.89     73.82    1.002
      ilnvar                   0.033730    0.001400    0.000574    0.101943    0.021780     86.27     87.31    1.000
      ilnvar                   0.042032    0.001569    0.000117    0.118053    0.032227     44.46     55.64    1.022
      ilnvar                   0.059261    0.002825    0.001517    0.164970    0.044269     26.96     34.66    1.006
      ilnvar                   0.069740    0.002697    0.001553    0.167132    0.060990     24.42     32.81    1.006
      ilnvar                   0.299277    0.083675    0.000761    0.864624    0.210933    153.39    179.19    1.001
      ilnvar                   0.092602    0.003799    0.002473    0.207526    0.081609     53.48     57.89    1.011
      ilnvar                   0.132240    0.009580    0.005242    0.289692    0.115518     48.70     61.46    1.019
      ilnvar                   0.009900    0.000179    0.000026    0.037079    0.004718     22.98     34.39    1.002
      ilnvar                   0.040574    0.001943    0.000275    0.123453    0.026890     52.60     66.22    1.000
      ilnvar                   0.044442    0.001368    0.000151    0.116154    0.034655     48.00     55.20    1.009
      ilnvar                   0.099587    0.005209    0.001587    0.231488    0.085427     90.71     98.18    1.002
