0.09302326
0.25
0.09090909
0.2045455
0.1363636
0.15
0.02564103
0.1818182
0.3103448
0.08888889
0.1052632
0.0625
0.08695652
0.0625
0.255814
0.04347826
0.2093023
0.05263158
0.4285714
0.125
0.06521739
0.08333333
0.06451613
0.1153846
0.05
0.1481481
0.2058824
0.1142857
0.1481481
0.1025641
0.2439024
0.2162162
0.05405405
0.2941176
0.1086957
0.05
0.07407407
0.04545455
0.1052632
0.24
0.2765957
0
0.1914894
0.2553191
0.1891892
0.1851852
0.2
0.125
0.1212121
0.1555556
0.08695652
0.05555556
0.1052632
0.1
0.21875
0.08571429
0.1428571
0.2272727
0.05
0.08108108
0.05555556
0.125
0.08
0.06666667
0.1162791
0.175
0.1764706
0.2727273
0.07692308
0.1923077
0.2
0.03703704
0.15
0.3043478
0.1538462
0
0.1794872
0.2
0.195122
0.2105263
0.1052632
0.06818182
0.1538462
0.08571429
0.1578947
0.07894737
0.3
0.25
0.1538462
0.1666667
0.1627907
0.02857143
0.06521739
0.1875
0.1
0.04347826
0.06666667
0.1428571
0.2368421
0.1612903
