      TL          8.011745    0.069108    7.507081    8.537241    8.007549   4828.80   6021.20    1.000
      TL          7.886199    0.074542    7.362790    8.432794    7.879013   5596.57   5799.25    1.000
      TL          8.380944    0.065224    7.870364    8.868887    8.378289  10386.38  10390.88    1.000
      TL          7.582280    0.058092    7.111280    8.048167    7.579241  10963.70  10992.42    1.000
      TL          8.371779    0.071147    7.857459    8.898454    8.367097   7235.12   7345.97    1.000
      TL          4.927274    0.047431    4.485278    5.343327    4.921986  10452.87  10878.33    1.000
      TL          7.527481    0.060795    7.064633    8.025614    7.521727   9545.98   9847.93    1.000
      TL          5.397905    0.065588    4.893900    5.898264    5.388424   6070.32   6274.82    1.000
      TL          6.604118    0.057604    6.149118    7.086451    6.600027   9364.90  10093.55    1.000
      TL          9.152820    0.080571    8.616333    9.722363    9.145761   8791.15   8905.22    1.000
      TL          7.112802    0.058987    6.644600    7.591626    7.108389   8037.25   8594.05    1.000
      TL          3.252547    0.040889    2.851826    3.640797    3.245995   5967.53   6493.49    1.000
      TL          5.739813    0.058288    5.260239    6.201304    5.736154   8801.87   9070.75    1.000
      TL          3.158142    0.032109    2.810401    3.508888    3.154338   9405.12  10697.66    1.000
      TL          9.498560    0.081067    8.938366   10.045870    9.493578   9096.92   9525.73    1.000
      TL          9.132180    0.074278    8.607131    9.681532    9.129399   8717.64   9100.85    1.000
      TL          8.111168    0.069896    7.602800    8.634511    8.107471   7169.07   7172.91    1.001
      TL          4.806816    0.049195    4.390716    5.250522    4.799784  10767.17  10793.67    1.000
      TL          3.052471    0.077255    2.534138    3.604150    3.034835   9128.45   9403.78    1.000
      TL          3.688625    0.037592    3.305437    4.062971    3.684623   9654.05   9824.56    1.000
      TL          8.626059    0.068424    8.127145    9.145255    8.623083   7965.84   8408.77    1.000
      TL          5.223999    0.049759    4.810042    5.681712    5.220223   8613.93   9633.74    1.000
      TL          6.796826    0.061893    6.308686    7.284927    6.792365   9151.79   9762.87    1.000
      TL          5.292732    0.048262    4.870446    5.729385    5.287243  10498.23  10660.39    1.000
      TL          7.643520    0.065415    7.141581    8.141251    7.639371   7076.17   7095.85    1.000
      TL          6.804368    0.068758    6.291901    7.311229    6.799298   3397.24   3514.49    1.000
      TL          8.177661    0.070985    7.670727    8.714066    8.174006  10188.80  10257.23    1.000
      TL          6.779636    0.057080    6.307708    7.241200    6.775399   8520.22   8990.96    1.000
      TL          6.500192    0.061447    6.006317    6.975599    6.495284   9491.74   9530.18    1.000
      TL          6.621529    0.054845    6.170857    7.084683    6.617133   7259.79   8091.58    1.000
      TL          7.759198    0.080929    7.229228    8.335980    7.755371   3188.47   3847.11    1.000
      TL          8.198928    0.077232    7.654481    8.747434    8.192944   5168.99   6465.45    1.000
      TL          7.004928    0.064123    6.521538    7.513934    6.999861   7297.74   7686.91    1.000
      TL          3.799643    0.038806    3.417394    4.185967    3.795296   9692.92   9705.87    1.000
      TL          7.384515    0.054596    6.934099    7.841834    7.380578   9070.41   9667.28    1.000
      TL          3.789909    0.037182    3.420484    4.170942    3.786144   9606.83  10245.91    1.000
      TL          4.635548    0.041152    4.242685    5.031875    4.632862   8390.86   8421.04    1.000
      TL          3.367238    0.036893    3.009998    3.764971    3.360279   6463.73   6634.97    1.000
      TL          4.469132    0.042849    4.076143    4.886419    4.466347  11822.69  11963.97    1.000
      TL          5.428111    0.050546    4.994873    5.873678    5.423486   8462.95   8628.59    1.000
      TL          8.575944    0.070787    8.068662    9.105077    8.570468   7666.59   7942.02    1.000
      TL          5.342881    0.043588    4.936302    5.752625    5.339396  10712.16  11542.85    1.000
      TL          8.335463    0.074093    7.815479    8.888130    8.330281   6388.37   6799.31    1.000
      TL          8.959399    0.071328    8.434025    9.478296    8.954739   8013.79   9230.47    1.000
      TL          7.794970    0.066757    7.294080    8.306563    7.792530   8838.11   9217.11    1.000
      TL          5.446344    0.044825    5.028920    5.858265    5.442502  11835.48  12115.27    1.000
      TL          6.346881    0.048256    5.917208    6.773360    6.344222  10249.25  10303.48    1.000
      TL          5.047385    0.055648    4.589729    5.514989    5.042247   6873.31   6928.67    1.000
      TL          7.141893    0.062183    6.654126    7.633085    7.136684   7608.83   8265.24    1.000
      TL          6.846180    0.051734    6.388576    7.275895    6.842270   9671.21   9699.42    1.000
      TL          4.921423    0.054212    4.479744    5.388301    4.915923   7406.21   7916.23    1.000
      TL          4.334951    0.042113    3.939930    4.741787    4.330786  10182.11  10835.89    1.000
      TL          3.938075    0.042194    3.543792    4.342980    3.932194  10052.99  10160.32    1.000
      TL          6.558192    0.057963    6.093548    7.034244    6.551577   9876.95  10463.15    1.000
      TL          6.843355    0.058900    6.373930    7.323378    6.838659   9798.97  10133.02    1.000
      TL          6.262253    0.053947    5.811000    6.717439    6.256428   6797.89   6799.04    1.000
      TL          9.124295    0.074244    8.594803    9.654664    9.120847   7948.76   8664.70    1.000
      TL          5.225359    0.055530    4.767721    5.685383    5.218909   5504.84   6030.74    1.000
      TL          4.998302    0.055124    4.558515    5.472127    4.993058   7567.47   7839.67    1.000
      TL          6.755610    0.056862    6.307412    7.237745    6.750224   9008.57   9019.73    1.000
      TL          3.134245    0.037754    2.770358    3.525503    3.127742   7630.78   7882.71    1.000
      TL          7.076008    0.055961    6.621237    7.546827    7.072041   8117.63   8368.93    1.000
      TL          4.933930    0.042979    4.527014    5.340466    4.929830  10837.95  10895.20    1.000
      TL          9.127231    0.075953    8.585309    9.664191    9.124378   8650.68   9007.56    1.000
      TL          8.385574    0.069770    7.863966    8.902430    8.380009   8430.98   8794.07    1.000
      TL          8.775630    0.077974    8.237397    9.330567    8.772025   9315.53   9634.86    1.000
      TL          4.172239    0.055496    3.716931    4.637090    4.163575   5460.41   6305.46    1.000
      TL          5.326587    0.059223    4.864869    5.812868    5.319258   7684.65   8258.15    1.000
      TL          6.684260    0.062117    6.187974    7.165442    6.679587  11069.07  11189.03    1.000
      TL          6.309085    0.054003    5.866220    6.778394    6.305454  11336.09  11496.11    1.000
      TL          6.974021    0.053784    6.544600    7.450474    6.971163   9745.15   9859.49    1.000
      TL          6.503712    0.055292    6.052597    6.975498    6.498354  10875.77  10960.05    1.000
      TL          8.238827    0.066179    7.740977    8.743579    8.234642   9170.35   9866.16    1.000
      TL          5.697633    0.058251    5.226823    6.167508    5.690355   8375.67   8883.62    1.000
      TL          5.021904    0.043462    4.600304    5.420250    5.017518  10434.19  10743.40    1.000
      TL          2.574449    0.054107    2.144584    3.044000    2.559397  10520.78  10570.29    1.000
      TL          7.809480    0.065791    7.312122    8.313676    7.805052   8737.74   9032.05    1.000
      TL          3.718070    0.036396    3.345518    4.090726    3.714105  11870.14  12081.33    1.000
      TL          7.873677    0.064883    7.381373    8.379368    7.868885   8118.23   8713.63    1.000
      TL          4.713893    0.043443    4.295557    5.112178    4.710281  12439.06  12628.90    1.000
      TL          7.821666    0.068215    7.315987    8.337210    7.817189   8208.67   8260.69    1.000
      TL          9.022832    0.073808    8.494628    9.555309    9.019718   9370.06   9823.03    1.000
      TL          7.271880    0.059330    6.794587    7.745359    7.268303   9512.46   9790.71    1.000
      TL          7.165920    0.071529    6.647596    7.689114    7.159696   5489.37   5750.81    1.000
      TL          5.321602    0.057868    4.854714    5.792450    5.314326   9085.33   9551.67    1.000
      TL          7.621974    0.065036    7.131728    8.128917    7.617619   8559.02   9084.26    1.000
      TL          5.914325    0.058608    5.453872    6.403577    5.906014   5778.28   6180.83    1.000
      TL          5.029724    0.052877    4.581120    5.478946    5.024027   9059.36   9350.33    1.000
      TL          5.109781    0.046266    4.689214    5.533594    5.106646   8410.66   8474.36    1.000
      TL          5.954041    0.054637    5.508256    6.415849    5.949087  10278.47  10313.86    1.000
      TL          8.310075    0.071054    7.787599    8.828941    8.304799   7699.39   8164.11    1.000
      TL          8.361268    0.073441    7.830455    8.890070    8.358840   9937.73  10747.17    1.000
      TL         10.084815    0.095269    9.461856   10.670270   10.079180   7281.63   7338.61    1.000
      TL          5.223566    0.092174    4.646440    5.824584    5.208664   5578.97   5916.95    1.000
      TL          8.725200    0.074645    8.202687    9.264599    8.719638   9235.18   9892.56    1.000
      TL          9.826707    0.081816    9.273009   10.393740    9.825287   7058.98   7239.07    1.000
      TL          4.405345    0.037511    4.017536    4.773436    4.400602  10317.91  10461.00    1.000
      TL          5.338916    0.043273    4.927906    5.741802    5.335710  10087.04  10873.17    1.000
      TL          8.652252    0.086272    8.065002    9.217251    8.649579   5399.39   5647.37    1.000
      TL          6.523064    0.060589    6.035670    6.998016    6.519731   8266.33   8562.99    1.000
