      age[0]                   0.926736    0.001348    0.859380    0.999776    0.923099    1.000    2
      age[0]                   1.079335    0.003676    0.967629    1.196009    1.073225    1.014    2
      age[0]                   1.080128    0.002453    0.990354    1.180225    1.075943    1.004    2
      age[0]                   1.076985    0.003098    0.975697    1.189799    1.071298    1.000    2
      age[0]                   1.015831    0.001256    0.951165    1.087800    1.012953    1.003    2
      age[0]                  1.033041    0.002200    0.947854    1.126653    1.028144    1.000    2
      age[0]                   1.102911    0.002101    1.018324    1.195157    1.098556    1.000    2
      age[0]                  0.762388    0.001851    0.723508    0.841156    0.748961    1.002    2
      age[0]                  1.074713    0.003130    0.976348    1.190269    1.069008    1.006    2
      age[0]                   0.974048    0.001606    0.900829    1.052513    0.969381    1.001    2
      age[0]                   0.978489    0.001611    0.902642    1.058483    0.975181    1.000    2
      age[0]                  0.899893    0.006812    0.831190    1.081455    0.870027    1.007    2
      age[0]                  0.940651    0.004013    0.857038    1.062784    0.927240    1.000    2
      age[0]                  0.903579    0.003756    0.803951    1.028360    0.891676    1.008    2
      age[0]                   1.100208    0.005949    0.956933    1.255937    1.094649    1.001    2
      age[0]                   1.009131    0.001429    0.941354    1.084786    1.006571    1.001    2
      age[0]                   1.037502    0.001516    0.970063    1.112281    1.032037    1.000    2
      age[0]                  1.021799    0.004748    0.890943    1.160315    1.015852    1.000    2
      age[0]                  0.779258    0.010902    0.604567    0.983071    0.762159    1.002    2
      age[0]                  1.062927    0.003878    0.951810    1.177583    1.056122    1.000    2
      age[0]                   0.980402    0.001555    0.910858    1.061539    0.976309    1.000    2
      age[0]                  1.011356    0.000629    0.979082    1.058433    1.005912    1.000    2
      age[0]                   0.844314    0.002054    0.763083    0.935280    0.838824    1.000    2
      age[0]                  0.948260    0.002232    0.861230    1.035010    0.942885    1.036    2
      age[0]                   0.989128    0.003221    0.898871    1.093921    0.981926    1.051    2
      age[0]                  0.860003    0.004249    0.749089    0.977950    0.851638    1.002    2
      age[0]                   0.901146    0.002250    0.815146    0.997111    0.897036    1.000    2
      age[0]                   0.943573    0.001972    0.861958    1.031933    0.939125    1.001    2
      age[0]                  0.846778    0.003316    0.736899    0.959698    0.843209    1.080    2
      age[0]                   0.975184    0.003423    0.867169    1.091786    0.970058    1.031    2
      age[0]                   0.965040    0.001725    0.889412    1.049338    0.960972    1.001    2
      age[0]                   0.949755    0.000747    0.914769    1.001199    0.944141    1.000    2
      age[0]                  1.099785    0.002581    1.007881    1.202409    1.093725    1.000    2
      age[0]                  1.001326    0.000947    0.970762    1.060651    0.992188    1.000    2
      age[0]                   0.969946    0.000820    0.917882    1.026584    0.967484    1.000    2
      age[0]                  1.014909    0.001579    0.943037    1.094042    1.010791    1.000    2
      age[0]                  0.962858    0.006132    0.807713    1.114014    0.962837    1.135    2
      age[0]                  0.955713    0.001412    0.892738    1.030845    0.949518    1.001    2
      age[0]                  1.024980    0.001187    0.965709    1.088605    1.019266    1.000    2
      age[0]                  1.062340    0.001779    0.987245    1.148417    1.058070    1.000    2
      age[0]                   0.991875    0.002630    0.896181    1.094679    0.987103    1.002    2
      age[0]                  0.963819    0.001823    0.886322    1.049336    0.959827    1.002    2
      age[0]                   0.901029    0.003888    0.785940    1.026719    0.896059    1.000    2
      age[0]                   0.975339    0.001538    0.903608    1.054706    0.971304    1.007    2
      age[0]                   1.079970    0.001815    1.003762    1.164911    1.075070    1.000    2
      age[0]                  1.058200    0.003177    0.957589    1.172455    1.052075    1.001    2
      age[0]                   0.964623    0.001176    0.903126    1.028925    0.960319    1.000    2
      age[0]                  0.987528    0.002824    0.915298    1.091625    0.977331    1.003    2
      age[0]                   1.029157    0.001547    0.958564    1.105922    1.024412    1.001    2
      age[0]                   1.041590    0.001620    0.967756    1.122560    1.037733    1.001    2
      age[0]                  0.980560    0.001543    0.909620    1.055860    0.975145    1.007    2
      age[0]                  0.909099    0.002505    0.822525    1.012534    0.901682    1.000    2
      age[0]                  0.881519    0.002048    0.827724    0.971566    0.870037    1.000    2
      age[0]                  1.018520    0.005749    0.875999    1.170344    1.012381    1.006    2
      age[0]                  0.990681    0.002541    0.900559    1.088341    0.985228    1.002    2
      age[0]                  0.994611    0.000539    0.966027    1.039987    0.989307    1.006    2
      age[0]                   1.012547    0.001625    0.942847    1.093907    1.006887    1.001    2
      age[0]                  1.080043    0.007417    0.931396    1.255472    1.068223    1.000    2
      age[0]                  1.033088    0.003559    0.920532    1.152313    1.029542    1.002    2
      age[0]                   1.040501    0.002720    0.949306    1.137331    1.034294    1.005    2
      age[0]                  1.004504    0.001907    0.956538    1.088996    0.992847    1.001    2
      age[0]                   0.912240    0.001006    0.858979    0.976423    0.907613    1.004    2
      age[0]                  1.004830    0.001041    0.946099    1.069572    1.001265    1.000    2
      age[0]                   0.977568    0.001220    0.912707    1.045961    0.973683    1.000    2
      age[0]                   0.991192    0.002398    0.898405    1.079386    0.987271    1.090    2
      age[0]                   1.048318    0.004376    0.917081    1.179951    1.043553    1.016    2
      age[0]                  0.854826    0.008309    0.696681    1.035491    0.842351    1.012    2
      age[0]                  1.005257    0.003557    0.905645    1.117018    0.997323    1.002    2
      age[0]                  0.927364    0.002717    0.837933    1.034845    0.919966    1.000    2
      age[0]                  1.045420    0.004108    0.927933    1.171269    1.038951    1.018    2
      age[0]                   1.039960    0.002019    0.958573    1.131771    1.036529    1.002    2
      age[0]                  0.996870    0.002178    0.911455    1.089752    0.991955    1.000    2
      age[0]                   1.039762    0.003343    0.931467    1.156438    1.034005    1.004    2
      age[0]                  0.991222    0.003380    0.886355    1.108263    0.985496    1.000    2
      age[0]                  1.074939    0.002720    0.978272    1.181749    1.069742    1.000    2
      age[0]                  0.887379    0.012091    0.792186    1.106635    0.851992    1.000    2
      age[0]                   0.922838    0.001375    0.857770    1.001083    0.918350    1.003    2
      age[0]                  0.960740    0.001593    0.887499    1.038708    0.955986    1.000    2
      age[0]                   1.011835    0.001296    0.945377    1.086576    1.008715    1.000    2
      age[0]                  0.961946    0.002446    0.874247    1.061396    0.956361    1.010    2
      age[0]                   0.929689    0.004157    0.809489    1.050511    0.924649    1.000    2
      age[0]                   0.892565    0.001701    0.815857    0.972879    0.888658    1.000    2
      age[0]                   0.973315    0.001196    0.925965    1.038845    0.966597    1.000    2
      age[0]                   0.786446    0.001709    0.710220    0.865973    0.782460    1.006    2
      age[0]                  0.912426    0.009477    0.775207    1.108081    0.887773    1.000    2
      age[0]                   1.014592    0.001956    0.934470    1.103702    1.009884    1.000    2
      age[0]                  0.667213    0.002181    0.577111    0.759615    0.664934    1.007    2
      age[0]                  0.963035    0.001590    0.905131    1.038080    0.955224    1.003    2
      age[0]                  0.950791    0.001997    0.869705    1.042503    0.946295    1.000    2
      age[0]                  0.981408    0.003896    0.865847    1.108324    0.975588    1.015    2
      age[0]                   1.051151    0.002324    0.962650    1.148605    1.046165    1.001    2
      age[0]                  0.959778    0.001335    0.902821    1.027722    0.954541    1.000    2
      age[0]                   0.993713    0.001908    0.914925    1.082672    0.987923    1.001    2
      age[0]                  0.932234    0.002392    0.846595    1.030473    0.924859    1.000    2
      age[0]                   0.951376    0.001866    0.872298    1.037419    0.947206    1.010    2
      age[0]                   1.061748    0.001743    0.985059    1.147134    1.057739    1.013    2
      age[0]                  1.011902    0.000855    0.958757    1.071568    1.009401    1.002    2
      age[0]                  1.034766    0.001265    0.972847    1.105258    1.030292    1.021    2
      age[0]                   0.945111    0.003432    0.837769    1.063599    0.940078    1.001    2
      age[0]                   0.912165    0.002446    0.822713    1.011370    0.906790    1.002    2
