0.2790698
0.3611111
0.2272727
0.2954545
0.1590909
0.25
0.1025641
0.2727273
0.2758621
0.2
0.2631579
0.3125
0.08695652
0.125
0.3023256
0.1304348
0.2093023
0.1578947
0.5714286
0.4375
0.3695652
0.2083333
0.1612903
0.1923077
0.2
0.3333333
0.2352941
0.2
0.1851852
0.2564103
0.3170732
0.1891892
0.2432432
0.1764706
0.1956522
0.25
0.1851852
0.2727273
0.3157895
0.24
0.2340426
0.2068966
0.212766
0.3404255
0.1621622
0.1851852
0.175
0.125
0.2121212
0.1111111
0.2608696
0.1111111
0.2105263
0.2
0.25
0.1714286
0.1666667
0.2272727
0.4
0.2702703
0.1111111
0.2
0.04
0.2444444
0.2325581
0.225
0.1176471
0.2727273
0.07692308
0.2307692
0.175
0.2962963
0.275
0.173913
0.07692308
0.5
0.2051282
0.2
0.2682927
0.2105263
0.1578947
0.2727273
0.1538462
0.3142857
0.2105263
0.1578947
0.3666667
0.45
0.1538462
0.1666667
0.09302326
0.05714286
0.2826087
0.1875
0.3
0.1521739
0.2333333
0.3214286
0.2631579
0.1612903
