      TL          7.239443    0.070381    6.736155    7.772491    7.235064   5875.89   6941.81    1.000
      TL          7.334822    0.083211    6.766075    7.894805    7.327625   4812.63   5764.75    1.000
      TL          7.724307    0.073062    7.199689    8.254140    7.720965   9982.06  10356.07    1.000
      TL          6.939147    0.064758    6.440103    7.434459    6.935577   8541.28   8855.96    1.000
      TL          7.544085    0.075397    7.004801    8.082928    7.540883   7622.23   8346.14    1.000
      TL          4.552472    0.054426    4.100072    5.013153    4.546875  10490.72  10832.43    1.000
      TL          6.655883    0.062093    6.179533    7.150167    6.652577   9784.86  10185.00    1.000
      TL          4.858116    0.063315    4.372504    5.352271    4.851878   8285.67   8528.27    1.000
      TL          5.906379    0.059910    5.422059    6.375229    5.902133   9937.34  10647.43    1.000
      TL          7.870095    0.075104    7.357864    8.431952    7.864928  10374.15  10436.86    1.000
      TL          6.393726    0.064129    5.891738    6.885661    6.389242   6934.05   7514.46    1.000
      TL          3.413560    0.067310    2.907502    3.917326    3.401393   5273.63   5625.40    1.000
      TL          4.624832    0.051539    4.187397    5.075693    4.622053  10880.25  11363.31    1.000
      TL          3.294199    0.045361    2.890243    3.724270    3.285931   9095.89   9584.17    1.000
      TL          9.267983    0.101897    8.647649    9.894923    9.263434   6472.67   6927.46    1.000
      TL          7.674422    0.070200    7.151843    8.192536    7.668191  10465.44  10831.62    1.000
      TL          7.165247    0.069475    6.660529    7.689640    7.159506   8070.76   8732.47    1.000
      TL          4.763655    0.060533    4.294004    5.252158    4.757559  11885.52  12072.13    1.000
      TL          2.808096    0.140728    2.128572    3.561715    2.771023   7509.49   7612.70    1.000
      TL          3.519964    0.049542    3.087950    3.958771    3.514987   9524.33   9539.12    1.000
      TL          7.338854    0.065910    6.841909    7.839637    7.333508   9300.86   9682.56    1.000
      TL          5.049519    0.061637    4.572883    5.545239    5.043558   8127.42   8269.14    1.000
      TL          6.056180    0.065464    5.569143    6.562872    6.052610  10037.11  10264.75    1.000
      TL          4.969643    0.054972    4.515525    5.429667    4.964548  10580.83  10668.20    1.000
      TL          6.536407    0.062469    6.051022    7.027081    6.534333   9753.25  10075.35    1.000
      TL          5.534148    0.058842    5.080574    6.028151    5.529210  11215.66  11783.45    1.000
      TL          7.287316    0.076487    6.746850    7.828615    7.283556  10878.71  11172.30    1.000
      TL          5.947747    0.056494    5.477860    6.407425    5.944250  10727.37  11139.69    1.000
      TL          5.664403    0.060474    5.181977    6.142163    5.659524  11338.51  11441.35    1.000
      TL          6.204156    0.059474    5.725541    6.682890    6.200232  11199.53  11327.39    1.000
      TL          7.077760    0.073001    6.555839    7.609066    7.072698   8477.90   8861.01    1.000
      TL          7.139323    0.069210    6.622708    7.650656    7.137318  10624.56  11166.14    1.000
      TL          6.086429    0.060678    5.595848    6.561063    6.081306   9262.02   9392.14    1.000
      TL          3.863019    0.054938    3.402222    4.316311    3.857216   8307.78   8899.91    1.000
      TL          6.871633    0.060693    6.389026    7.356177    6.867685   9547.13   9919.16    1.000
      TL          3.821892    0.049115    3.385924    4.251101    3.817116   9615.95   9908.70    1.000
      TL          4.771319    0.051642    4.335551    5.223012    4.766441   9802.33   9938.71    1.000
      TL          3.200637    0.036695    2.843254    3.594475    3.196087  10079.43  10482.14    1.000
      TL          4.532132    0.061344    4.059052    5.022419    4.524706   7115.36   7236.58    1.000
      TL          4.557605    0.047304    4.131095    4.975087    4.552288  10277.05  10993.09    1.000
      TL          7.841260    0.076030    7.306922    8.387230    7.837593   8103.37   8362.73    1.000
      TL          5.398715    0.058893    4.913789    5.863858    5.394156   2775.03   4230.71    1.000
      TL          7.541579    0.072394    7.021226    8.066228    7.537703   4974.63   5540.43    1.000
      TL          8.293355    0.076832    7.760626    8.842438    8.288666   9906.57  10885.01    1.000
      TL          7.806110    0.089664    7.227509    8.398085    7.797885   5067.33   5779.16    1.000
      TL          5.092119    0.051634    4.660206    5.546342    5.087394  11883.03  12024.14    1.000
      TL          5.410924    0.048499    5.005980    5.864139    5.408179  10475.70  10961.17    1.000
      TL          4.586229    0.056125    4.120426    5.049130    4.580599   9385.28  10138.43    1.000
      TL          6.656885    0.074860    6.104483    7.179171    6.652048   5971.05   6715.78    1.000
      TL          6.602117    0.059652    6.125098    7.070968    6.597743   8782.89   9797.39    1.000
      TL          4.529861    0.053737    4.079163    4.977541    4.524268   8625.75   9320.20    1.000
      TL          4.067447    0.053981    3.631941    4.538489    4.061927   9834.91  10550.24    1.000
      TL          4.276873    0.057529    3.811915    4.755769    4.269945   9276.45   9632.02    1.000
      TL          5.596225    0.055391    5.142685    6.061263    5.593836  11750.17  11925.16    1.000
      TL          5.326398    0.050923    4.902043    5.785599    5.321714  12366.07  12447.24    1.000
      TL          5.745182    0.056293    5.293768    6.218829    5.740135   8860.60   9394.88    1.000
      TL          8.357323    0.081820    7.785656    8.903694    8.352790   9646.30   9796.42    1.000
      TL          4.588634    0.052599    4.158931    5.057831    4.584826  11952.30  11963.72    1.000
      TL          4.510255    0.053781    4.053299    4.960186    4.507600  10398.07  10666.01    1.000
      TL          6.358943    0.066037    5.859402    6.866499    6.352896   7285.55   7524.27    1.000
      TL          2.942957    0.043865    2.547768    3.366746    2.936083   8938.39   9442.02    1.000
      TL          6.572350    0.062390    6.092753    7.075625    6.568599   9464.20   9635.22    1.000
      TL          5.006337    0.054651    4.552042    5.465196    5.000824  10296.34  10433.73    1.000
      TL          8.126594    0.078960    7.570113    8.664390    8.122732   8618.63   8657.51    1.000
      TL          7.116341    0.065381    6.610588    7.611582    7.114666   9663.71   9739.27    1.000
      TL          7.887918    0.085512    7.331339    8.478481    7.883224   4678.36   7124.57    1.000
      TL          3.860399    0.051054    3.420090    4.305191    3.856490  11326.27  11389.12    1.000
      TL          5.067051    0.068376    4.558654    5.579564    5.057919   8943.84   9151.04    1.000
      TL          6.128035    0.073701    5.591718    6.645668    6.121574   9797.18  10552.16    1.000
      TL          6.070532    0.066465    5.564083    6.568309    6.065581  10549.67  10551.36    1.000
      TL          6.241807    0.058014    5.761878    6.702726    6.240022   8364.83   9380.62    1.000
      TL          5.700222    0.061173    5.215926    6.184054    5.695044   9158.48   9790.79    1.000
      TL          7.785826    0.075012    7.247495    8.313659    7.783137  11829.38  11860.09    1.000
      TL          4.716544    0.054572    4.265390    5.174014    4.711132  10038.56  10411.99    1.000
      TL          4.904169    0.055200    4.458453    5.374443    4.898809  10567.65  10913.77    1.000
      TL          3.125379    0.181053    2.380209    3.990500    3.075437   8394.49   8740.82    1.000
      TL          7.474745    0.076067    6.940591    8.012947    7.469828   9355.20   9852.35    1.000
      TL          3.470680    0.044007    3.062320    3.880566    3.464666  12698.85  12750.18    1.000
      TL          6.878238    0.065114    6.391423    7.384625    6.872368   9412.44   9631.90    1.000
      TL          4.469469    0.050444    4.034722    4.913786    4.465523  13494.86  13693.77    1.000
      TL          6.729046    0.065764    6.229397    7.232025    6.724851   8643.67   8651.27    1.000
      TL          7.904602    0.074177    7.364849    8.433136    7.900644  10691.23  10966.79    1.000
      TL          6.428436    0.063989    5.948237    6.928336    6.424257   6468.52   7141.28    1.000
      TL          6.107094    0.061765    5.628848    6.604704    6.101504   8950.89   9153.24    1.000
      TL          4.922935    0.063125    4.424470    5.410030    4.917301  11578.63  11654.40    1.000
      TL          6.808659    0.064695    6.313209    7.312397    6.805511  10840.63  11232.02    1.000
      TL          5.544734    0.068164    5.037598    6.067710    5.536535   2625.22   2978.19    1.000
      TL          4.748165    0.064648    4.248134    5.244891    4.741939   7590.05   7829.63    1.000
      TL          4.714898    0.047433    4.287357    5.141931    4.712759  12003.07  12486.17    1.000
      TL          5.230138    0.056449    4.786501    5.716628    5.224134  11381.52  11659.78    1.000
      TL          7.648784    0.077235    7.113805    8.207945    7.645136   7157.00   7542.07    1.000
      TL          7.382207    0.075242    6.855361    7.927661    7.377130   9693.44  10429.25    1.000
      TL          8.176736    0.081210    7.634314    8.747486    8.171150   6672.78   7386.64    1.000
      TL          4.024555    0.056092    3.565597    4.493643    4.015744   9515.58  10747.51    1.000
      TL          7.541866    0.072845    7.016509    8.064606    7.538764   9257.95   9480.80    1.000
      TL          8.865324    0.086045    8.295272    9.444931    8.860565   8245.92   8867.87    1.000
      TL          4.136047    0.041048    3.749004    4.539557    4.130848  10238.07  10849.54    1.000
      TL          5.104526    0.051741    4.657868    5.548647    5.101593  11129.33  11568.09    1.000
      TL          7.243313    0.075966    6.725707    7.804297    7.236442   8179.00   8471.28    1.000
      TL          5.250136    0.052623    4.801580    5.701304    5.245330  11114.84  11179.58    1.000
