0.3023256
0.3888889
0.1136364
0.2045455
0.2727273
0.15
0.07692308
0.1818182
0.3793103
0.08888889
0.3157895
0.1875
0.3043478
0.125
0.2325581
0.1304348
0.372093
0.3157895
0
0.5625
0.326087
0.2916667
0.1290323
0.1923077
0.1
0.3333333
0.2666667
0.2
0.1111111
0.1794872
0.2195122
0.2702703
0.1891892
0.3529412
0.1086957
0.1
0.2222222
0.1363636
0.2105263
0.24
0.2765957
0.1034483
0.3404255
0.2765957
0.3513514
0.3703704
0.225
0.25
0.3333333
0.1555556
0.1304348
0.2222222
0.2105263
0.1333333
0.1875
0.05714286
0.2380952
0.2727273
0.25
0.1891892
0.05555556
0.275
0.08
0.1333333
0.1395349
0.25
0.1764706
0.4090909
0.1538462
0.1923077
0.3
0.2592593
0.2
0.2173913
0.1153846
0
0.2307692
0.2
0.2439024
0.1052632
0.2631579
0.1590909
0.2051282
0.2
0.3157895
0.2105263
0.3333333
0.2
0.1538462
0.2916667
0.09302326
0.3142857
0.2173913
0.0625
0.2
0.173913
0.2333333
0.1071429
0.2368421
0.1935484
