      alpha_symdir             4.173876    0.727457    2.732272    5.949995    4.062522   2026.76   2864.78    1.001
      alpha_symdir             2.586925    0.292516    1.651662    3.652665    2.506440    152.99    610.20    1.009
      alpha_symdir             3.759247    0.500899    2.508029    5.177302    3.659732   6105.18   6127.44    1.000
      alpha_symdir             3.725822    0.508740    2.464106    5.120288    3.629839   5966.15   6231.70    1.000
      alpha_symdir             4.737433    0.902008    3.110521    6.652778    4.612126   5308.00   5611.09    1.000
      alpha_symdir             3.037304    0.597930    1.772828    4.611657    2.906269   4034.82   4433.48    1.000
      alpha_symdir             3.904865    0.810485    2.386112    5.714963    3.771807   4136.22   4527.51    1.001
      alpha_symdir             3.222603    0.660605    1.903399    4.839924    3.083506   1454.46   1547.98    1.001
      alpha_symdir             3.610529    0.735572    2.115789    5.278778    3.480818   3631.39   3730.11    1.000
      alpha_symdir             3.702706    0.484764    2.510989    5.122123    3.602977   4291.07   4381.41    1.001
      alpha_symdir             3.057628    0.340492    2.059400    4.229463    2.978774   5580.18   5851.29    1.002
      alpha_symdir             2.711915    0.718274    1.383601    4.403502    2.553295   1176.43   1359.57    1.003
      alpha_symdir             3.435333    0.700889    2.063947    5.116070    3.296232    964.93   2526.48    1.000
      alpha_symdir             3.501233    0.947075    1.915866    5.445420    3.330013   4115.55   4453.55    1.000
      alpha_symdir             4.327486    0.677039    2.905144    6.003541    4.220689   3567.35   4260.12    1.000
      alpha_symdir             4.120268    0.644081    2.739350    5.755361    4.017956   5456.93   5680.58    1.000
      alpha_symdir             3.629220    0.566498    2.336440    5.138979    3.529380   3648.81   3737.62    1.000
      alpha_symdir             2.395990    0.242616    1.566170    3.382465    2.313973    353.90    376.68    1.000
      alpha_symdir             3.576114    1.290717    1.752934    5.854557    3.374966   4840.75   4934.50    1.000
      alpha_symdir             2.176278    0.243034    1.335451    3.125921    2.097017    464.79    987.39    1.002
      alpha_symdir             3.482762    0.563772    2.189301    4.991054    3.371163   2418.27   2682.76    1.000
      alpha_symdir             3.375933    0.567199    2.138650    4.913569    3.259484   5200.35   5303.07    1.000
      alpha_symdir             2.966311    0.317010    1.975885    4.082602    2.884932   2677.71   3462.26    1.000
      alpha_symdir             3.756408    1.002262    2.048761    5.699555    3.604273    325.80    561.21    1.000
      alpha_symdir             3.727394    0.655105    2.315248    5.332438    3.618749   4553.95   4688.62    1.000
      alpha_symdir             3.496994    0.617882    2.177202    5.082165    3.375262   2585.37   3452.58    1.001
      alpha_symdir             2.841501    0.281601    1.904149    3.885367    2.770828   4094.12   4226.58    1.000
      alpha_symdir             2.669718    0.286568    1.737485    3.747349    2.599079   3132.60   3992.42    1.003
      alpha_symdir             2.529022    0.243481    1.693991    3.534004    2.458255    212.20    567.77    1.006
      alpha_symdir             4.816458    1.401293    2.838217    7.154163    4.647769   5608.01   5729.37    1.000
      alpha_symdir             3.439017    0.464619    2.285622    4.832125    3.343350   1772.62   2294.35    1.001
      alpha_symdir             2.808049    0.295315    1.849126    3.861446    2.733064   2376.84   2568.17    1.003
      alpha_symdir             2.788792    0.299583    1.825439    3.871507    2.715288   4105.96   4127.01    1.002
      alpha_symdir             3.527333    1.165488    1.787297    5.684669    3.324287   2490.09   2850.59    1.000
      alpha_symdir             2.898186    0.270757    1.947867    3.920768    2.834890   6173.77   6240.78    1.000
      alpha_symdir             3.292975    0.811593    1.866374    5.106356    3.130507   2433.11   3707.12    1.000
      alpha_symdir             3.034319    0.618044    1.779231    4.631311    2.897099   4093.41   4301.98    1.000
      alpha_symdir             2.950633    0.812848    1.494616    4.741187    2.777964   3369.81   3629.20    1.000
      alpha_symdir             3.161202    0.766218    1.794214    4.939308    2.999031   2797.42   2802.30    1.001
      alpha_symdir             3.502569    0.746504    2.081268    5.269352    3.363596   2565.33   2911.95    1.000
      alpha_symdir             4.063869    0.560703    2.744868    5.544053    3.957166   5212.41   5227.96    1.000
      alpha_symdir             2.361988    0.189793    1.609484    3.249214    2.303116   1916.60   2047.72    1.001
      alpha_symdir             3.644562    0.447802    2.421917    4.958685    3.554975   3952.86   4075.56    1.000
      alpha_symdir             3.946227    0.599968    2.594659    5.516876    3.848581   3496.70   3602.46    1.000
      alpha_symdir             4.084455    0.751239    2.580644    5.812179    3.962687   4762.84   4867.75    1.000
      alpha_symdir             3.707048    0.976108    2.097813    5.704023    3.537271   4487.59   4799.21    1.000
      alpha_symdir             3.511440    0.606026    2.189748    5.073352    3.390312   5076.73   5259.96    1.000
      alpha_symdir             3.041198    0.706966    1.682589    4.732908    2.902801    126.42    157.40    1.000
      alpha_symdir             3.400565    0.529944    2.170941    4.864330    3.293405   3783.74   4165.78    1.001
      alpha_symdir             3.541302    0.568745    2.227986    5.052952    3.436134   4637.69   4947.81    1.000
      alpha_symdir             2.877581    0.498534    1.728868    4.286813    2.760726    327.71    458.07    1.000
      alpha_symdir             2.088984    0.247715    1.314555    3.045200    1.989205    105.97    182.68    1.028
      alpha_symdir             3.271298    0.939672    1.750288    5.224810    3.090195    912.96   1094.11    1.001
      alpha_symdir             4.396193    0.949673    2.760082    6.360253    4.242589   3585.00   4261.11    1.000
      alpha_symdir             2.944761    0.342340    1.914425    4.106358    2.868783   3942.88   4059.14    1.000
      alpha_symdir             2.755757    0.318961    1.803884    3.863632    2.670345   3223.27   3874.71    1.000
      alpha_symdir             3.944034    0.501729    2.694100    5.352497    3.855363   3700.68   4489.45    1.000
      alpha_symdir             2.161518    0.177680    1.422642    2.975117    2.104007   4459.89   4760.77    1.000
      alpha_symdir             2.617445    0.398713    1.586789    3.833621    2.507683    135.52    144.53    1.002
      alpha_symdir             3.553962    0.686581    2.156854    5.185687    3.424375   3932.50   4004.90    1.001
      alpha_symdir             4.166667    1.757633    1.972621    6.726645    3.924280   2502.17   3154.63    1.000
      alpha_symdir             2.885984    0.235162    1.996829    3.819524    2.827253   5802.81   5815.62    1.001
      alpha_symdir             4.302568    1.332721    2.365863    6.604679    4.110313   5114.21   5285.85    1.000
      alpha_symdir             2.894471    0.210894    2.109996    3.844280    2.838803   6181.64   6275.60    1.000
      alpha_symdir             3.321694    0.491589    2.134345    4.683756    3.213226    955.90   1514.60    1.011
      alpha_symdir             3.042133    0.289677    2.132650    4.135743    2.970246   3159.29   4033.53    1.000
      alpha_symdir             2.896922    0.636170    1.608114    4.459515    2.748208   2182.14   2658.97    1.000
      alpha_symdir             3.321238    0.634403    1.990483    4.929475    3.192790   1007.33   1045.19    1.000
      alpha_symdir             2.930349    0.409302    1.870499    4.220528    2.835233   1058.09   1646.16    1.000
      alpha_symdir             3.309420    0.701149    1.984702    4.955115    3.153747   1484.14   2082.98    1.000
      alpha_symdir             3.495698    0.538195    2.253691    4.974125    3.384056   5491.05   5911.52    1.000
      alpha_symdir             2.217756    0.141362    1.539512    2.947941    2.171273   1000.14   1115.42    1.000
      alpha_symdir             3.054977    0.304883    2.068123    4.160771    2.984938   3796.17   3879.05    1.001
      alpha_symdir             3.293439    0.683619    1.966368    4.964575    3.152691   1130.92   1132.79    1.000
      alpha_symdir             4.396198    1.199358    2.532416    6.538278    4.228348   5487.92   5666.66    1.000
      alpha_symdir             3.168269    1.228711    1.475127    5.404389    2.950690   3540.30   3848.36    1.000
      alpha_symdir             3.258209    0.428888    2.093838    4.545203    3.172977   5785.49   6128.40    1.000
      alpha_symdir             2.722708    0.550547    1.528171    4.183788    2.589105    646.79    694.12    1.001
      alpha_symdir             4.786234    1.471227    2.744121    7.176804    4.601766   4531.21   4602.18    1.000
      alpha_symdir             2.204351    0.323833    1.223522    3.332165    2.133803    341.17    502.90    1.001
      alpha_symdir             3.059995    0.241966    2.183938    4.041017    2.998104   2360.48   2865.82    1.000
      alpha_symdir             5.004723    0.970269    3.357035    7.069673    4.874230   2968.54   4989.87    1.003
      alpha_symdir             3.861449    0.782858    2.372057    5.636704    3.739319   3671.70   3712.78    1.000
      alpha_symdir             3.828276    0.614049    2.513597    5.405224    3.708643   3290.97   4147.35    1.001
      alpha_symdir             3.164876    0.666501    1.834185    4.786261    3.022107    175.35    294.16    1.001
      alpha_symdir             2.825765    0.329348    1.870165    3.983090    2.739831   2966.87   3246.32    1.000
      alpha_symdir             3.920768    0.777504    2.430174    5.676753    3.788835   3551.66   4107.02    1.001
      alpha_symdir             4.503091    1.423871    2.453364    6.887484    4.296881   1883.25   2320.52    1.000
      alpha_symdir             3.094729    0.492983    1.863566    4.459983    2.985014   5007.70   5163.47    1.001
      alpha_symdir             4.113198    1.001401    2.486259    6.182047    3.949127   2117.19   3483.81    1.000
      alpha_symdir             5.038339    1.140807    3.211904    7.195972    4.895947   3387.25   4562.09    1.001
      alpha_symdir             3.270230    0.377842    2.204951    4.484935    3.190332   4873.15   4910.04    1.000
      alpha_symdir             3.429611    0.381351    2.358473    4.667366    3.353745   1994.90   3057.36    1.003
      alpha_symdir             3.074471    0.529399    1.852168    4.515575    2.952768   1056.89   2649.47    1.001
      alpha_symdir             2.648839    0.212534    1.825266    3.554736    2.599271    588.40    762.80    1.000
      alpha_symdir             3.804094    0.536633    2.550598    5.291627    3.709745   4710.56   4861.46    1.000
      alpha_symdir             3.650829    1.009959    2.026558    5.684696    3.472242   4517.72   4794.64    1.000
      alpha_symdir             3.135117    0.905217    1.574408    5.025865    2.960194   2431.70   2640.88    1.000
      alpha_symdir             3.468767    0.503158    2.245564    4.881451    3.367111   3266.19   4109.86    1.000
      alpha_symdir             2.795337    0.364356    1.780235    3.991519    2.703105    745.00    872.54    1.000
