      clockrate                1.070633    0.009524    0.887917    1.262084    1.062200     93.69    109.25    1.001
      clockrate                1.079634    0.014686    0.863747    1.332352    1.068674     20.83     93.74    1.026
      clockrate                1.031312    0.005298    0.896472    1.179836    1.026490     85.61    217.61    1.029
      clockrate                0.964340    0.004862    0.830148    1.102710    0.959586    205.74    232.99    1.000
      clockrate                1.066471    0.004418    0.940423    1.199579    1.063146    186.67    231.58    1.012
      clockrate                0.957964    0.010756    0.762040    1.160440    0.948799    220.24    264.12    1.000
      clockrate                0.982505    0.005019    0.846296    1.120938    0.979842    163.43    778.16    1.008
      clockrate                1.173572    0.034316    0.851776    1.534205    1.148369     51.06     65.52    1.018
      clockrate                1.057000    0.010676    0.860397    1.258162    1.049514    148.52    158.86    1.000
      clockrate                1.114144    0.006398    0.966068    1.276892    1.108590    125.64    132.70    1.006
      clockrate                0.963214    0.004300    0.839360    1.092737    0.958972     47.41    387.36    1.050
      clockrate                1.101424    0.023373    0.829149    1.417628    1.088350     52.64    138.24    1.015
      clockrate                1.123691    0.017441    0.874928    1.390838    1.116182    174.41    241.88    1.000
      clockrate                1.776178    0.196574    0.993376    2.662159    1.712815    205.94    206.75    1.000
      clockrate                1.056264    0.008064    0.893057    1.242717    1.048628     56.24     76.66    1.004
      clockrate                0.991431    0.003902    0.870360    1.113468    0.989078    202.27    228.23    1.042
      clockrate                1.144999    0.008072    0.974739    1.326354    1.138540    109.16    139.05    1.002
      clockrate                1.723201    0.321882    0.848880    2.834291    1.640358     64.88     68.16    1.000
      clockrate                1.831234    0.326749    0.950557    3.032234    1.715500    473.78    488.19    1.003
      clockrate                1.436887    0.122534    0.911634    2.152347    1.348739    101.33    112.75    1.054
      clockrate                0.996233    0.006548    0.844602    1.161879    0.990892     67.37    126.92    1.000
      clockrate                1.155130    0.013901    0.938113    1.389052    1.144422    171.46    277.51    1.002
      clockrate                1.283235    0.021342    1.007514    1.575247    1.273021    142.09    181.60    1.000
      clockrate                1.147927    0.029666    0.845251    1.493052    1.120925     34.89     87.31    1.003
      clockrate                1.000070    0.004229    0.873809    1.129053    0.998541    420.90    598.80    1.000
      clockrate                1.057824    0.014861    0.832357    1.300228    1.046062    104.30    200.80    1.010
      clockrate                1.202927    0.020982    0.939268    1.498191    1.188176     47.91    118.93    1.004
      clockrate                1.018961    0.007015    0.862506    1.187419    1.014507    214.83    748.64    1.053
      clockrate                1.253661    0.059882    0.860894    1.740275    1.207674     37.07     43.33    1.014
      clockrate                1.002655    0.004766    0.867743    1.137639    1.000193    273.49    402.90    1.001
      clockrate                1.174425    0.019061    0.925695    1.451438    1.159590    105.64    123.78    1.015
      clockrate                1.056718    0.012294    0.857942    1.282743    1.042381     33.49     46.60    1.012
      clockrate                0.992409    0.005720    0.847445    1.143160    0.987850     43.62     67.21    1.021
      clockrate                0.994986    0.021103    0.732851    1.280043    0.981925    386.85    395.61    1.000
      clockrate                0.987432    0.003542    0.872049    1.104464    0.984846    155.69    170.37    1.000
      clockrate                0.925597    0.009173    0.750976    1.119053    0.916045     71.35     74.88    1.000
      clockrate                1.029804    0.010298    0.847655    1.235608    1.020183     56.20    180.32    1.000
      clockrate                1.244601    0.025218    0.967549    1.567029    1.224946     25.65    210.77    1.005
      clockrate                1.008437    0.018678    0.768383    1.285628    0.990904    458.01    475.09    1.003
      clockrate                1.077031    0.017242    0.846726    1.343514    1.057293     24.03     25.19    1.002
      clockrate                1.087411    0.005239    0.949058    1.233655    1.083201    151.38    222.64    1.003
      clockrate                1.368167    0.076204    0.898240    1.919952    1.331512     54.68     55.57    1.015
      clockrate                1.091993    0.008002    0.921943    1.268553    1.086690     48.04    131.87    1.000
      clockrate                1.128967    0.008932    0.947332    1.318658    1.122032     61.46     99.21    1.003
      clockrate                1.097782    0.006188    0.946392    1.252704    1.093409    287.44    362.99    1.001
      clockrate                0.827915    0.006536    0.677532    0.990395    0.823189    391.55    434.59    1.000
      clockrate                1.046543    0.006285    0.890536    1.199516    1.042995    160.10    246.94    1.000
      clockrate                1.198307    0.087953    0.727155    1.827138    1.136269     28.91     34.78    1.000
      clockrate                1.055574    0.007949    0.888067    1.233434    1.051548     93.72    174.31    1.010
      clockrate                1.128395    0.006442    0.975630    1.287427    1.122355     48.14     96.79    1.000
      clockrate                1.041757    0.019064    0.793251    1.326190    1.022805     23.61     29.09    1.000
      clockrate                1.852215    0.347566    0.824783    2.894808    1.857205     41.08     58.15    1.060
      clockrate                1.227206    0.059300    0.865347    1.724414    1.173591    122.10    124.09    1.016
      clockrate                1.127389    0.013797    0.921678    1.371955    1.111834     20.06     34.70    1.008
      clockrate                1.108678    0.011913    0.910882    1.328011    1.097843     39.23     59.67    1.014
      clockrate                1.073285    0.008561    0.899706    1.259372    1.067246     81.08     86.76    1.000
      clockrate                1.025489    0.005311    0.886691    1.170707    1.020710    173.46    268.59    1.002
      clockrate                1.069660    0.020613    0.818560    1.365517    1.053409     85.20    127.38    1.001
      clockrate                1.688086    0.144666    1.056797    2.414169    1.645558     39.89     42.38    1.004
      clockrate                0.904728    0.006539    0.747129    1.060914    0.898768    164.90    233.83    1.006
      clockrate                1.316181    0.070542    0.879979    1.861999    1.270415     96.47    106.57    1.000
      clockrate                1.090389    0.004666    0.958966    1.224262    1.087274     98.13    757.74    1.038
      clockrate                0.913431    0.005323    0.770744    1.057478    0.910379    298.98    531.23    1.002
      clockrate                0.962217    0.003266    0.850168    1.074754    0.959696    272.59    321.50    1.004
      clockrate                1.091622    0.010937    0.892963    1.297635    1.083516     48.80    136.65    1.047
      clockrate                1.233361    0.026524    0.950538    1.569739    1.208864     72.73     99.24    1.000
      clockrate                1.202537    0.040974    0.853091    1.601203    1.174770     37.47     43.17    1.000
      clockrate                1.263898    0.092223    0.840323    1.896839    1.192011     87.18     92.78    1.003
      clockrate                1.113857    0.023738    0.846733    1.421689    1.091823     58.97     93.89    1.000
      clockrate                1.119301    0.021527    0.851398    1.413843    1.104421    130.97    170.35    1.001
      clockrate                1.033953    0.004691    0.904838    1.170756    1.030647    173.59    220.84    1.000
      clockrate                1.189821    0.029187    0.882364    1.533101    1.168099     77.85    111.25    1.003
      clockrate                1.046027    0.008603    0.867759    1.226702    1.039139     72.86    355.69    1.022
      clockrate                1.070753    0.018793    0.830807    1.357188    1.050324     31.44     39.82    1.008
      clockrate                1.103711    0.012049    0.908551    1.331770    1.091067     60.30    138.29    1.025
      clockrate                1.574955    0.133926    0.969506    2.327813    1.516016    230.18    407.80    1.001
      clockrate                0.991629    0.003982    0.871229    1.118653    0.989610    131.75    202.23    1.000
      clockrate                1.007920    0.015288    0.778027    1.255405    0.997628     44.68     49.56    1.000
      clockrate                0.981834    0.005730    0.838348    1.132759    0.976450    100.69    122.27    1.001
      clockrate                1.500314    0.128356    0.977311    2.293582    1.417205    101.66    132.24    1.002
      clockrate                1.409645    0.027240    1.108878    1.746628    1.390674     60.84     76.03    1.008
      clockrate                1.163124    0.007445    1.003505    1.339081    1.153296     22.88     37.61    1.145
      clockrate                1.056200    0.007161    0.891079    1.222015    1.053043    132.92    217.55    1.005
      clockrate                1.173693    0.014296    0.957094    1.417291    1.163734     30.76     81.94    1.011
      clockrate                1.209923    0.092857    0.791389    1.844202    1.131603     45.62     53.48    1.001
      clockrate                1.003788    0.005111    0.865346    1.145405    1.001094    412.44   1026.33    1.002
      clockrate                1.329886    0.020521    1.073067    1.618777    1.311823     59.42     66.66    1.000
      clockrate                1.121260    0.036366    0.812593    1.489310    1.086014    102.99    106.35    1.002
      clockrate                1.115324    0.017313    0.873678    1.371795    1.099961     51.29    127.28    1.048
      clockrate                1.316449    0.061565    0.957912    1.826424    1.259319     65.96     73.63    1.005
      clockrate                1.121024    0.006797    0.960190    1.285685    1.116360     41.05    196.84    1.014
      clockrate                1.062170    0.007259    0.911954    1.240224    1.054321    132.13    147.12    1.010
      clockrate                1.085147    0.008836    0.905157    1.266527    1.078039     45.44    129.28    1.050
      clockrate                1.504238    0.104807    0.958295    2.128473    1.463983     16.93     69.99    1.014
      clockrate                1.263985    0.028544    0.972766    1.611423    1.245224     61.13     72.82    1.003
      clockrate                1.004394    0.004256    0.876912    1.132253    1.001905    163.57    302.17    1.000
      clockrate                0.938564    0.007800    0.776323    1.119645    0.932238     72.81     99.65    1.005
      clockrate                1.121754    0.026100    0.838111    1.452165    1.100950    116.26    131.79    1.000
      clockrate                0.912006    0.005746    0.767376    1.062812    0.907774     53.34     55.56    1.006
      clockrate                1.126765    0.023993    0.868727    1.444189    1.104045     51.06     67.43    1.003
