      age[0]                   0.916999    0.002748    0.834036    1.025765    0.906233    1.008    2
      age[0]                   1.009612    0.000960    0.955170    1.065159    1.005559    1.003    2
      age[0]                   0.961180    0.000461    0.923444    1.005550    0.958823    1.001    2
      age[0]                   0.985554    0.000880    0.929114    1.044460    0.983542    1.005    2
      age[0]                   0.975061    0.000520    0.932946    1.020648    0.973606    1.000    2
      age[0]                  1.011851    0.001285    0.945407    1.084046    1.009169    1.000    2
      age[0]                   1.011711    0.000955    0.963478    1.073610    1.005421    1.000    2
      age[0]                  0.823870    0.005183    0.723509    0.955381    0.816627    1.036    2
      age[0]                  1.015028    0.000784    0.962187    1.071442    1.013112    1.000    2
      age[0]                   0.973506    0.000765    0.923061    1.029812    0.971112    1.000    2
      age[0]                  1.004762    0.002494    0.910195    1.106844    1.004752    1.010    2
      age[0]                  0.861034    0.000981    0.831187    0.919451    0.852616    1.000    2
      age[0]                  0.899852    0.001339    0.857038    0.971177    0.890797    1.000    2
      age[0]                  0.913121    0.007914    0.796851    1.093923    0.889335    1.000    2
      age[0]                   1.033153    0.001488    0.960409    1.109854    1.030702    1.009    2
      age[0]                   0.987938    0.000633    0.942169    1.038884    0.985702    1.009    2
      age[0]                   0.992341    0.000431    0.961077    1.032436    0.988212    1.000    2
      age[0]                  0.923803    0.003553    0.824358    1.035718    0.915460    1.002    2
      age[0]                  0.853970    0.025757    0.604898    1.154054    0.822776    1.000    2
      age[0]                  0.985458    0.001007    0.951797    1.047644    0.976491    1.001    2
      age[0]                   1.002842    0.001085    0.944319    1.069495    0.999194    1.008    2
      age[0]                  1.001409    0.000636    0.979083    1.053317    0.993270    1.001    2
      age[0]                  0.918048    0.002965    0.824892    1.032420    0.910365    1.003    2
      age[0]                  0.975735    0.002095    0.886501    1.067994    0.972016    1.021    2
      age[0]                  0.984528    0.002093    0.904673    1.071614    0.978441    1.001    2
      age[0]                  0.965538    0.003579    0.854688    1.087100    0.959012    1.010    2
      age[0]                  0.959586    0.002461    0.865462    1.057913    0.956189    1.000    2
      age[0]                  0.971969    0.001707    0.895888    1.051562    0.967797    1.020    2
      age[0]                  0.914982    0.003973    0.795042    1.045058    0.911456    1.002    2
      age[0]                   0.909220    0.001426    0.843225    0.986619    0.904498    1.021    2
      age[0]                   0.991859    0.001524    0.918671    1.067143    0.988947    1.010    2
      age[0]                   1.001172    0.002881    0.914771    1.094563    1.001210    1.000    2
      age[0]                  1.005116    0.000641    0.960985    1.058221    1.002672    1.000    2
      age[0]                  1.019889    0.002015    0.970763    1.106427    1.007855    1.001    2
      age[0]                   0.987946    0.000736    0.936503    1.040665    0.986226    1.032    2
      age[0]                  1.011440    0.000653    0.962298    1.061705    1.009505    1.000    2
      age[0]                  0.993820    0.002783    0.896387    1.098986    0.988737    1.001    2
      age[0]                  0.882053    0.000159    0.872941    0.897148    0.879116    1.006    2
      age[0]                  1.019806    0.001019    0.974864    1.085157    1.012294    1.003    2
      age[0]                  0.973680    0.000523    0.933019    1.021954    0.972081    1.001    2
      age[0]                   0.952971    0.001560    0.883552    1.031394    0.948566    1.014    2
      age[0]                  0.995548    0.004741    0.868275    1.126972    0.991311    1.030    2
      age[0]                   0.914572    0.003347    0.805511    1.034125    0.909690    1.000    2
      age[0]                   1.001588    0.001856    0.929524    1.081488    0.996530    1.020    2
      age[0]                  0.973228    0.000486    0.938447    1.016169    0.968815    1.000    2
      age[0]                  1.031333    0.001085    0.972501    1.097572    1.027221    1.008    2
      age[0]                   0.991436    0.000786    0.938133    1.045491    0.989223    1.000    2
      age[0]                  1.020879    0.003863    0.915427    1.135208    1.012537    1.000    2
      age[0]                  1.025485    0.000562    0.982518    1.072371    1.023566    1.001    2
      age[0]                   0.970097    0.000334    0.943409    1.003740    0.967026    1.006    2
      age[0]                  1.030156    0.001493    0.959418    1.108090    1.025199    1.000    2
      age[0]                  0.897744    0.006002    0.790066    1.046525    0.878686    1.050    2
      age[0]                  0.903943    0.001819    0.827725    0.980740    0.898830    1.002    2
      age[0]                  0.994357    0.004957    0.858954    1.132957    0.989634    1.000    2
      age[0]                  0.991366    0.000761    0.939132    1.047359    0.989476    1.001    2
      age[0]                  1.006142    0.001579    0.966027    1.090842    0.994021    1.000    2
      age[0]                   0.996374    0.000715    0.949862    1.049214    0.993364    1.004    2
      age[0]                  0.980284    0.002618    0.882750    1.083713    0.977109    1.000    2
      age[0]                  0.924391    0.001748    0.866017    1.003049    0.916074    1.006    2
      age[0]                  1.038382    0.001407    0.969470    1.112766    1.034689    1.007    2
      age[0]                  0.992633    0.001128    0.956539    1.049404    0.984806    1.000    2
      age[0]                   0.969564    0.000754    0.920806    1.024661    0.965867    1.024    2
      age[0]                  1.018778    0.000763    0.969850    1.075970    1.016042    1.000    2
      age[0]                   1.013129    0.001939    0.933301    1.095844    1.010351    1.026    2
      age[0]                   1.009283    0.001886    0.925685    1.101059    1.005234    1.010    2
      age[0]                   0.931034    0.001710    0.850558    1.018548    0.927104    1.000    2
      age[0]                  0.923088    0.006451    0.773857    1.087885    0.916268    1.002    2
      age[0]                  1.014858    0.002999    0.923373    1.118439    1.007245    1.006    2
      age[0]                  1.022592    0.003440    0.910243    1.139657    1.019675    1.007    2
      age[0]                  0.978561    0.001264    0.914508    1.051299    0.973823    1.000    2
      age[0]                   1.019947    0.001231    0.955165    1.091973    1.017471    1.001    2
      age[0]                  0.998688    0.001618    0.928556    1.077510    0.994023    1.004    2
      age[0]                   1.007500    0.002673    0.913546    1.109951    1.001632    1.004    2
      age[0]                  0.974718    0.002624    0.876012    1.075294    0.971378    1.001    2
      age[0]                  0.970217    0.000559    0.930979    1.020923    0.966361    1.016    2
      age[0]                  0.889780    0.009166    0.792186    1.072626    0.864469    1.001    2
      age[0]                   1.032865    0.001721    0.960960    1.120539    1.028463    1.000    2
      age[0]                  0.984676    0.001318    0.922300    1.049711    0.980270    1.001    2
      age[0]                   1.013107    0.001024    0.956744    1.073625    1.009914    1.002    2
      age[0]                  0.949437    0.001297    0.883840    1.023762    0.945776    1.000    2
      age[0]                   0.887858    0.004969    0.753963    1.001420    0.880744    1.001    2
      age[0]                   1.004598    0.003127    0.890572    1.112298    1.000216    1.027    2
      age[0]                   0.961757    0.000682    0.925964    1.012555    0.956672    1.016    2
      age[0]                  0.885444    0.005686    0.751011    1.027269    0.875623    1.001    2
      age[0]                  0.942303    0.003537    0.831772    1.054124    0.938378    1.003    2
      age[0]                  0.968380    0.000719    0.920183    1.022410    0.966185    1.000    2
      age[0]                  0.856903    0.006781    0.689519    1.019056    0.852016    1.008    2
      age[0]                  0.975899    0.002116    0.905171    1.054612    0.971608    1.003    2
      age[0]                  0.953603    0.001291    0.887612    1.028699    0.950939    1.017    2
      age[0]                  0.913944    0.004135    0.797175    1.029526    0.907147    1.019    2
      age[0]                   1.007848    0.001540    0.939022    1.082216    1.001918    1.000    2
      age[0]                  0.975149    0.000868    0.921363    1.036363    0.972904    1.000    2
      age[0]                   0.986498    0.001510    0.917465    1.054984    0.981869    1.061    2
      age[0]                  0.929733    0.003479    0.845771    1.053064    0.914288    1.027    2
      age[0]                   0.963274    0.001976    0.882285    1.054439    0.956950    1.016    2
      age[0]                   0.982047    0.000331    0.947858    1.016533    0.980234    1.001    2
      age[0]                  1.024571    0.000836    0.973600    1.083407    1.021806    1.000    2
      age[0]                  0.999809    0.001012    0.962752    1.064692    0.990670    1.001    2
      age[0]                   0.914465    0.001783    0.835214    0.997768    0.912314    1.006    2
      age[0]                  0.921045    0.004923    0.792656    1.053412    0.918236    1.006    2
