      clockrate                0.982466    0.004793    0.853148    1.123184    0.978148     69.34    226.01    1.003
      clockrate                0.929870    0.004698    0.796369    1.065883    0.929010    292.13    377.62    1.006
      clockrate                0.964030    0.003290    0.857036    1.079999    0.961434    130.88    206.25    1.001
      clockrate                0.943432    0.002878    0.839730    1.050716    0.942304    598.54    832.17    1.006
      clockrate                0.788782    0.003344    0.680618    0.906849    0.784845     88.19    101.15    1.002
      clockrate                0.873227    0.005506    0.728847    1.018496    0.869325    674.33    881.00    1.000
      clockrate                0.886995    0.003142    0.780829    0.998630    0.884479    246.48    578.84    1.010
      clockrate                1.151890    0.012145    0.940306    1.371059    1.148197    305.83    376.12    1.001
      clockrate                1.042396    0.007427    0.880271    1.216863    1.036450    405.24    414.57    1.001
      clockrate                1.049672    0.013953    0.855492    1.293869    1.030644     26.26     31.72    1.000
      clockrate                0.899493    0.002880    0.793319    1.004311    0.897361    123.60    147.04    1.004
      clockrate                0.908232    0.037943    0.579298    1.308420    0.880118     36.13     86.25    1.013
      clockrate                1.052878    0.008659    0.871609    1.232571    1.048274     71.16    208.41    1.004
      clockrate                0.884269    0.033919    0.560710    1.235346    0.853592    179.21    195.78    1.007
      clockrate                0.898469    0.005685    0.761089    1.049543    0.891553     67.65     68.97    1.019
      clockrate                0.866532    0.001993    0.778473    0.952961    0.865318    941.23    945.46    1.000
      clockrate                1.032570    0.005221    0.898432    1.179600    1.026596     55.30    111.86    1.002
      clockrate                1.260065    0.089064    0.824862    1.861383    1.186914     42.73     55.15    1.003
      clockrate                1.208845    0.072570    0.738419    1.744997    1.174975     44.39     96.55    1.026
      clockrate                0.852472    0.010905    0.669407    1.053703    0.842358    189.46    193.31    1.004
      clockrate                1.075058    0.003528    0.958982    1.190897    1.073424    271.39    322.93    1.006
      clockrate                0.995495    0.011676    0.800412    1.211678    0.985205    234.12    279.44    1.007
      clockrate                1.056559    0.017451    0.813714    1.319653    1.044381     52.80     92.78    1.000
      clockrate                0.994945    0.006431    0.842802    1.156627    0.991217    284.71    390.66    1.001
      clockrate                0.974520    0.004314    0.843862    1.103018    0.971617    111.97    123.15    1.042
      clockrate                1.016181    0.010092    0.831969    1.221381    1.008020    129.42    138.67    1.000
      clockrate                1.128040    0.011597    0.927739    1.334144    1.120471    186.88    188.71    1.006
      clockrate                1.003662    0.013357    0.810125    1.248063    0.983983     23.46     30.79    1.058
      clockrate                1.140946    0.039350    0.822693    1.546580    1.106961     34.91     46.07    1.001
      clockrate                1.013697    0.003911    0.892215    1.136395    1.011242     95.63    153.46    1.002
      clockrate                1.179093    0.020149    0.912480    1.460254    1.168247     61.60     94.62    1.038
      clockrate                1.027542    0.005638    0.882622    1.176198    1.023977    206.29    296.88    1.010
      clockrate                0.924758    0.002690    0.825702    1.028049    0.922991    306.21    324.38    1.000
      clockrate                1.072252    0.015097    0.844088    1.318330    1.063761    214.74    339.73    1.002
      clockrate                1.025028    0.003926    0.905805    1.149825    1.022027     73.09    136.74    1.048
      clockrate                0.882701    0.007685    0.721094    1.056677    0.874321     59.21     76.58    1.007
      clockrate                1.009423    0.016895    0.794785    1.274672    0.989641     59.52     92.59    1.002
      clockrate                0.947941    0.007119    0.786725    1.114863    0.942482    168.46    276.50    1.011
      clockrate                0.854287    0.008348    0.678494    1.034874    0.847135    649.35    774.48    1.009
      clockrate                0.950700    0.004699    0.820350    1.085074    0.947066    208.55    250.01    1.000
      clockrate                0.979331    0.003714    0.859338    1.098573    0.978234    175.72    285.90    1.004
      clockrate                0.980507    0.017289    0.739646    1.239421    0.967520     79.00     90.77    1.003
      clockrate                1.060533    0.007697    0.899989    1.239627    1.052327     33.54     84.76    1.001
      clockrate                0.910802    0.004131    0.783047    1.033826    0.908999    309.65    321.98    1.000
      clockrate                0.929402    0.004755    0.794534    1.064137    0.926540    101.75    119.79    1.004
      clockrate                0.917675    0.005283    0.783921    1.066932    0.914583    912.63   1146.34    1.000
      clockrate                0.901855    0.004543    0.768794    1.033055    0.899652    352.73    493.93    1.007
      clockrate                0.937489    0.014861    0.722165    1.186482    0.922990    120.03    126.70    1.001
      clockrate                1.005882    0.006614    0.855479    1.169769    0.998491     55.38    152.67    1.030
      clockrate                0.972049    0.003766    0.849731    1.089849    0.970389    187.86    519.85    1.011
      clockrate                1.049957    0.013227    0.842245    1.267061    1.035428    123.42    161.04    1.022
      clockrate                1.106684    0.016795    0.859278    1.364791    1.097696     83.80     87.62    1.002
      clockrate                1.082142    0.040527    0.758153    1.501106    1.043396     88.78    109.66    1.004
      clockrate                0.966138    0.003790    0.847594    1.088145    0.963968    118.37    231.92    1.002
      clockrate                1.007619    0.005747    0.863986    1.160397    1.004544    171.32    262.11    1.000
      clockrate                1.007618    0.005716    0.862625    1.156651    1.003304    530.51    602.39    1.000
      clockrate                0.958018    0.002932    0.851681    1.062958    0.956614    151.81    169.90    1.000
      clockrate                0.960009    0.013415    0.755892    1.195957    0.945953    144.72    263.03    1.000
      clockrate                1.099894    0.014654    0.873080    1.339803    1.089630    266.40    344.83    1.001
      clockrate                0.972063    0.012763    0.769200    1.199989    0.959480     49.48     62.76    1.003
      clockrate                0.962296    0.023743    0.689886    1.271418    0.947236    104.60    134.24    1.002
      clockrate                1.038984    0.003467    0.930342    1.159731    1.036844     69.61    321.29    1.007
      clockrate                0.971225    0.005015    0.836758    1.113969    0.968429   1086.04   1142.02    1.002
      clockrate                0.987979    0.004157    0.866871    1.117283    0.982646     71.21    151.51    1.157
      clockrate                1.025630    0.004623    0.891012    1.157933    1.023939    339.25    360.32    1.000
      clockrate                0.983264    0.005053    0.848810    1.122685    0.978846    199.97    239.66    1.001
      clockrate                1.077450    0.034116    0.768606    1.448265    1.047384     79.60     94.41    1.002
      clockrate                1.189466    0.019157    0.932847    1.458015    1.174748    189.94    226.68    1.001
      clockrate                1.017015    0.008232    0.842219    1.192439    1.011342    336.70    383.63    1.007
      clockrate                1.045936    0.017371    0.806110    1.314514    1.032329    266.14    275.09    1.000
      clockrate                1.037233    0.004138    0.913353    1.164286    1.033956    139.11    166.34    1.000
      clockrate                1.015406    0.010007    0.834857    1.218242    1.004056    149.49    151.61    1.000
      clockrate                1.216642    0.011328    1.013825    1.428814    1.210440    299.62    368.62    1.002
      clockrate                0.951347    0.005731    0.801695    1.098708    0.947894    368.70    486.90    1.001
      clockrate                0.945553    0.006190    0.798557    1.099906    0.938450    217.06    220.77    1.001
      clockrate                1.259693    0.071868    0.729120    1.766364    1.242581    479.33    552.65    1.000
      clockrate                0.963490    0.005127    0.825549    1.105112    0.958022     71.26     75.01    1.008
      clockrate                1.083083    0.015479    0.861843    1.342822    1.067716    151.97    155.13    1.001
      clockrate                1.012320    0.003789    0.894170    1.132242    1.008711    154.11    181.50    1.003
      clockrate                0.756191    0.011894    0.563484    0.979105    0.743377    193.00    225.99    1.000
      clockrate                0.955043    0.006553    0.802604    1.115428    0.949334    147.88    149.97    1.003
      clockrate                0.958557    0.002785    0.856081    1.061587    0.956445    304.22    469.54    1.043
      clockrate                0.942331    0.007261    0.780766    1.111424    0.936664    164.39    312.48    1.002
      clockrate                1.046569    0.006181    0.898195    1.205570    1.041610    105.25    194.77    1.013
      clockrate                1.030808    0.007631    0.867693    1.202640    1.023818     65.27     79.67    1.018
      clockrate                0.955565    0.004622    0.824856    1.091224    0.951261    244.34    306.93    1.005
      clockrate                0.994599    0.011514    0.803326    1.221314    0.983809     78.38    101.56    1.001
      clockrate                0.872266    0.007575    0.711455    1.044045    0.865670    218.35    246.80    1.001
      clockrate                0.840030    0.006394    0.691564    1.001323    0.834546     96.68    238.58    1.001
      clockrate                1.048681    0.016476    0.848983    1.269895    1.030325     39.95    110.26    1.011
      clockrate                0.994973    0.005091    0.857070    1.135418    0.991130    119.28    140.98    1.000
      clockrate                0.949026    0.005160    0.813246    1.095211    0.945554    140.41    249.04    1.007
      clockrate                0.941845    0.003790    0.821887    1.062210    0.940572     63.66     86.09    1.018
      clockrate                1.113167    0.017123    0.872116    1.369939    1.099519    143.51    158.62    1.002
      clockrate                0.977149    0.005711    0.834883    1.127921    0.972447     33.39     81.45    1.000
      clockrate                0.972394    0.003459    0.860488    1.090148    0.969803    216.43    412.73    1.003
      clockrate                0.979723    0.006302    0.830297    1.137526    0.973652    134.24    134.49    1.018
      clockrate                1.028159    0.008039    0.858650    1.206904    1.022811    292.84    347.92    1.001
      clockrate                0.967317    0.003221    0.855379    1.077558    0.965370    141.18    199.39    1.016
      clockrate                1.077876    0.007928    0.906977    1.256149    1.072770    212.33    240.09    1.009
