0.1395349
0.3888889
0.1363636
0.2272727
0.1363636
0.15
0.1538462
0.09090909
0.137931
0.1333333
0.1315789
0.0625
0.08695652
0.125
0.2790698
0.04347826
0.2093023
0.1052632
0
0.1875
0.2826087
0.08333333
0.09677419
0.03846154
0.175
0.3333333
0.1176471
0.2
0.1481481
0.07692308
0.2682927
0.2432432
0.1621622
0.1764706
0.06521739
0.1
0.03703704
0.1818182
0.3157895
0.12
0.1914894
0.07142857
0.2340426
0.3404255
0.1891892
0.1481481
0.2
0.2916667
0.1515152
0.1555556
0.08695652
0.1666667
0.1052632
0.06666667
0.15625
0.1714286
0.0952381
0.2727273
0.2
0.260274
0
0.15
0.16
0.1555556
0.2093023
0.075
0.1764706
0.2272727
0.03846154
0.07692308
0.175
0.1851852
0.225
0.2173913
0.03846154
0.1666667
0.4615385
0.06666667
0.04878049
0.2105263
0.2105263
0.1136364
0.2307692
0.1428571
0.2105263
0.07894737
0.2
0.15
0.1153846
0.04166667
0.2325581
0.1428571
0.2173913
0
0.275
0.1956522
0.1666667
0.1428571
0.1842105
0.2903226
