      alpha_symdir{1}   2.177555    0.227097    1.318201    3.121231    2.117164  10197.18  10375.67    1.000
      alpha_symdir{1}   3.161214    0.899181    1.598373    5.020595    2.990650  10591.00  11097.91    1.000
      alpha_symdir{1}   1.656476    0.087964    1.152981    2.257907    1.614401  10745.66  11134.72    1.000
      alpha_symdir{1}   2.116790    0.266657    1.286450    3.170643    2.033564  10546.33  10670.99    1.000
      alpha_symdir{1}   2.880625    0.476866    1.730583    4.266719    2.772460  10214.78  10683.40    1.000
      alpha_symdir{1}   2.089863    0.351027    1.137516    3.253070    1.980516  11400.36  11700.85    1.000
      alpha_symdir{1}   1.648583    0.074617    1.172715    2.203981    1.613692   9863.15  10474.66    1.000
      alpha_symdir{1}   2.529963    0.592259    1.299629    4.039958    2.386135  11771.51  12153.70    1.000
      alpha_symdir{1}   2.262215    0.342353    1.294399    3.417516    2.165362  10941.61  11171.56    1.000
      alpha_symdir{1}   1.631620    0.110905    1.044124    2.296129    1.587864   9901.08   9945.53    1.000
      alpha_symdir{1}   1.517349    0.102369    0.983702    2.168807    1.465689   9991.60  10123.55    1.000
      alpha_symdir{1}   2.456522    1.045764    0.884339    4.743650    2.272332    404.94   1579.12    1.001
      alpha_symdir{1}   1.677731    0.170127    1.008460    2.512882    1.608124  10547.04  11342.36    1.000
      alpha_symdir{1}   1.965798    0.792078    0.000445    3.523806    1.865353    268.84    312.63    1.001
      alpha_symdir{1}   2.052522    0.186087    1.285861    2.906281    1.998403   8706.04   9251.73    1.000
      alpha_symdir{1}   1.706917    0.138181    1.087718    2.462880    1.652401   8210.72   8607.38    1.000
      alpha_symdir{1}   2.220977    0.355281    1.292080    3.434274    2.109241   9159.41   9436.11    1.000
      alpha_symdir{1}   3.916687    1.673826    1.830616    6.525602    3.684272  12500.91  12704.12    1.000
      alpha_symdir{1}   1.996070    1.014857    0.000045    3.854696    1.835141    364.08    624.21    1.002
      alpha_symdir{1}   1.389534    0.220202    0.584399    2.421176    1.328879  11171.07  11657.32    1.000
      alpha_symdir{1}   1.535186    0.102172    0.986298    2.183502    1.499645   8829.78   9227.21    1.000
      alpha_symdir{1}   2.231608    0.476862    1.163103    3.599877    2.097390  11187.55  11221.11    1.000
      alpha_symdir{1}   1.875209    0.161907    1.165966    2.660046    1.820306  10049.16  10516.39    1.000
      alpha_symdir{1}   1.922450    0.278313    1.087679    2.988617    1.830345  10644.02  10756.32    1.000
      alpha_symdir{1}   1.463914    0.079006    0.955191    2.016091    1.433285  10135.76  10482.90    1.000
      alpha_symdir{1}   1.582895    0.164446    0.896394    2.364779    1.512981   8267.27   8751.60    1.000
      alpha_symdir{1}   1.689247    0.150193    1.018633    2.462668    1.635252   9580.54   9887.45    1.000
      alpha_symdir{1}   1.897934    0.218810    1.124136    2.841614    1.819062   9924.02  10080.76    1.000
      alpha_symdir{1}   1.047026    0.039930    0.689940    1.442364    1.021118  11097.33  11102.82    1.000
      alpha_symdir{1}   1.686578    0.162313    0.953325    2.465697    1.634843   8636.45   8786.09    1.000
      alpha_symdir{1}   0.949049    0.031059    0.665425    1.297035    0.923613   1737.57   5892.73    1.000
      alpha_symdir{1}   1.292519    0.068623    0.822436    1.815900    1.262651   9147.23   9267.45    1.000
      alpha_symdir{1}   0.977561    0.072303    0.332259    1.410807    1.000631   8568.52   8857.24    1.000
      alpha_symdir{1}   2.425577    0.662463    1.176485    4.035701    2.251032  12350.07  12382.58    1.000
      alpha_symdir{1}   1.653998    0.106070    1.067185    2.282122    1.612751  10694.42  10781.22    1.000
      alpha_symdir{1}   2.016541    0.490696    0.922031    3.411698    1.890157   4588.21   8322.40    1.000
      alpha_symdir{1}   2.103755    0.521718    0.961104    3.535220    1.976149  11369.41  11623.83    1.000
      alpha_symdir{1}   0.568805    0.050242    0.238973    1.015701    0.522982  11850.50  12097.43    1.000
      alpha_symdir{1}   1.709348    0.268857    0.860874    2.735701    1.624203  11088.18  11165.90    1.000
      alpha_symdir{1}   1.943827    0.356292    0.977309    3.121621    1.835378  10802.73  11268.27    1.000
      alpha_symdir{1}   2.394009    0.280010    1.482533    3.449367    2.317853   9264.63  10101.04    1.000
      alpha_symdir{1}   2.345124    0.360879    1.390788    3.563310    2.243795  11250.88  11296.34    1.000
      alpha_symdir{1}   1.282725    0.065010    0.835027    1.776960    1.245341   7473.59   7783.52    1.000
      alpha_symdir{1}   1.659298    0.089739    1.131154    2.262116    1.623935   8864.05   9615.92    1.000
      alpha_symdir{1}   1.376917    0.121341    0.781528    2.048147    1.330771   8440.27   9132.98    1.000
      alpha_symdir{1}   1.566829    0.140853    0.926389    2.331570    1.509615  11554.26  11739.95    1.000
      alpha_symdir{1}   1.851986    0.276086    0.879856    2.871057    1.791387   8747.09   9103.80    1.000
      alpha_symdir{1}   1.731032    0.273293    0.900623    2.750873    1.630075   8123.85   8505.44    1.000
      alpha_symdir{1}   1.855374    0.174434    1.148709    2.685247    1.791271   9214.21   9251.30    1.000
      alpha_symdir{1}   1.418866    0.056558    0.996095    1.894783    1.390175  10098.66  10637.99    1.000
      alpha_symdir{1}   1.531664    0.182528    0.823294    2.376436    1.462879  11347.26  11373.81    1.000
      alpha_symdir{1}   1.860904    0.364426    0.953956    3.033643    1.740274  10319.17  10603.89    1.000
      alpha_symdir{1}   2.584873    0.762173    1.245818    4.329971    2.407446  12165.56  12398.14    1.000
      alpha_symdir{1}   2.111129    0.272710    1.267165    3.158803    2.024186  11932.72  12140.19    1.000
      alpha_symdir{1}   1.503811    0.126759    0.945774    2.199925    1.437972   8391.06   8913.86    1.000
      alpha_symdir{1}   1.789775    0.201783    1.071088    2.677181    1.704222   8568.41   8895.29    1.000
      alpha_symdir{1}   2.226709    0.245133    1.407104    3.217462    2.148452  10825.00  10913.27    1.000
      alpha_symdir{1}   1.264871    0.074149    0.799002    1.838479    1.239768  10293.54  10808.62    1.000
      alpha_symdir{1}   1.770793    0.371566    0.927970    2.965790    1.628736   8653.92   9037.12    1.000
      alpha_symdir{1}   1.866981    0.212763    1.049654    2.771186    1.802469   9155.10   9349.87    1.000
      alpha_symdir{1}   2.899053    1.187841    1.240292    5.077817    2.670610  13273.70  13900.60    1.000
      alpha_symdir{1}   2.832932    0.753706    1.449792    4.537012    2.666038  10040.17  10523.94    1.000
      alpha_symdir{1}   2.764833    0.772950    1.339303    4.469660    2.594793  10451.36  11347.30    1.000
      alpha_symdir{1}   1.640354    0.070168    1.182557    2.182570    1.608318   9945.19  10079.03    1.000
      alpha_symdir{1}   1.382895    0.080927    0.883434    1.960926    1.342225   9491.16   9533.98    1.000
      alpha_symdir{1}   1.496271    0.089263    0.980140    2.095719    1.452377   8863.89   9456.73    1.000
      alpha_symdir{1}   2.302898    1.587599    0.000090    4.352576    2.309181      8.62   5999.32    1.095
      alpha_symdir{1}   2.418270    0.523847    1.283692    3.867391    2.283690  11747.38  11892.80    1.000
      alpha_symdir{1}   2.284739    0.384465    1.282569    3.513630    2.175368  10392.56  10954.83    1.000
      alpha_symdir{1}   2.294635    0.492482    1.202696    3.693459    2.153348  11113.55  11284.97    1.000
      alpha_symdir{1}   2.278760    0.456839    1.177488    3.618267    2.159602  10052.34  10506.47    1.000
      alpha_symdir{1}   1.273231    0.077963    0.787711    1.839697    1.241835   9045.33   9633.59    1.000
      alpha_symdir{1}   1.599519    0.080833    1.095345    2.177815    1.564110  10882.95  11020.35    1.000
      alpha_symdir{1}   2.590861    0.779816    1.216453    4.379300    2.420860  11021.40  11784.82    1.000
      alpha_symdir{1}   2.652438    0.773061    1.324807    4.438213    2.474117  12109.37  12369.83    1.000
      alpha_symdir{1}   1.581394    1.134539    0.000024    3.488718    1.492335    997.50   1323.44    1.000
      alpha_symdir{1}   1.933447    0.161700    1.258976    2.741109    1.871150  10900.68  11257.10    1.000
      alpha_symdir{1}   0.997023    0.130475    0.270603    1.644869    0.972259  10208.99  10535.16    1.000
      alpha_symdir{1}   1.917229    0.230010    1.141508    2.913021    1.842273   9855.67  10440.94    1.000
      alpha_symdir{1}   0.703933    0.478919    0.077914    1.939917    0.473342      8.58    188.75    1.459
      alpha_symdir{1}   1.706420    0.092719    1.173864    2.314357    1.663895  10429.43  10871.01    1.000
      alpha_symdir{1}   2.380776    0.345822    1.406217    3.543881    2.287688   9040.56   9708.09    1.000
      alpha_symdir{1}   1.863844    0.170888    1.177882    2.707016    1.798671   9745.68  10560.70    1.000
      alpha_symdir{1}   1.364824    0.074206    0.889794    1.927622    1.332774   8916.55   8918.55    1.000
      alpha_symdir{1}   2.673158    0.819070    1.256714    4.507414    2.504484  11327.58  11526.68    1.000
      alpha_symdir{1}   1.764307    0.244164    0.966020    2.740396    1.669614   7247.12   7545.77    1.000
      alpha_symdir{1}   2.104956    0.462192    0.998839    3.429395    1.981452   6111.45   6588.96    1.000
      alpha_symdir{1}   1.877790    0.302479    1.001192    2.963664    1.776094  11334.38  11451.95    1.000
      alpha_symdir{1}   1.765539    0.316672    0.912369    2.863760    1.650934  10880.18  11220.82    1.000
      alpha_symdir{1}   2.695324    0.722734    1.372913    4.369813    2.529545  11471.40  11754.85    1.000
      alpha_symdir{1}   1.483843    0.081904    0.979914    2.061660    1.448427   9595.29   9711.37    1.000
      alpha_symdir{1}   2.701286    0.515847    1.510624    4.126899    2.582643  10594.44  10816.01    1.000
      alpha_symdir{1}   1.876305    0.181315    1.191419    2.737769    1.806214   7477.32   7571.29    1.000
      alpha_symdir{1}   0.104602    0.000098    0.086124    0.124688    0.104000  10288.21  10810.63    1.000
      alpha_symdir{1}   1.466263    0.064385    1.027082    1.994497    1.437776  10408.75  10457.83    1.000
      alpha_symdir{1}   2.434525    0.257249    1.568583    3.460157    2.367144  10519.88  10941.46    1.000
      alpha_symdir{1}   2.012563    0.326561    1.121782    3.166676    1.901031  10931.75  10955.92    1.000
      alpha_symdir{1}   1.417350    0.095388    0.921949    2.042069    1.366176   9960.02  10466.10    1.000
      alpha_symdir{1}   1.388662    0.101240    0.832429    2.028915    1.342442   8812.16   9085.02    1.000
      alpha_symdir{1}   1.455885    0.143172    0.805524    2.215562    1.403167   8155.81   8349.27    1.000
