      ilnvar                   0.075220    0.007762    0.000420    0.245158    0.044212     30.80     30.89    1.001
      ilnvar                   0.194810    0.028318    0.001487    0.527471    0.151365     58.47     62.73    1.000
      ilnvar                   0.000965    0.000006    0.000001    0.005694    0.000082     13.20     14.72    1.011
      ilnvar                   0.004367    0.000216    0.000001    0.023272    0.000138     18.70     20.84    1.125
      ilnvar                   0.008788    0.000504    0.000006    0.039553    0.001545     26.61     32.08    1.023
      ilnvar                   0.080398    0.010618    0.000072    0.255187    0.048956    116.94    118.21    1.001
      ilnvar                   0.000115    0.000000    0.000001    0.000651    0.000013     21.09     23.80    1.016
      ilnvar                   0.989778    0.477133    0.018515    2.320459    0.820898     55.58    103.78    1.003
      ilnvar                   0.047876    0.007777    0.000004    0.191759    0.008983     13.58     21.73    1.068
      ilnvar                   0.001430    0.000035    0.000001    0.005322    0.000051     15.37     21.91    1.038
      ilnvar                   0.000278    0.000001    0.000001    0.001259    0.000016     15.95     25.43    1.005
      ilnvar                   0.312637    0.123022    0.001117    0.966177    0.211007    231.85    256.78    1.001
      ilnvar                   0.216430    0.062464    0.000363    0.661441    0.141392    113.30    129.77    1.004
      ilnvar                   0.359954    0.117103    0.000743    1.027567    0.263927     70.39    138.65    1.002
      ilnvar                   0.008508    0.000746    0.000001    0.047616    0.000138     10.94     11.06    1.033
      ilnvar                   0.000394    0.000002    0.000001    0.001785    0.000043     13.83     24.74    1.017
      ilnvar                   0.000371    0.000002    0.000001    0.002177    0.000020     21.77     28.32    1.064
      ilnvar                   0.516203    0.133286    0.006677    1.188035    0.438572    179.52    260.40    1.000
      ilnvar                   0.186671    0.082394    0.000063    0.709082    0.091438    366.57    522.15    1.000
      ilnvar                   0.027018    0.004747    0.000001    0.135754    0.002215     65.50     80.49    1.033
      ilnvar                   0.056120    0.008626    0.000001    0.260968    0.003449     17.92     19.02    1.603
      ilnvar                   0.049307    0.005568    0.000081    0.180318    0.024875     77.79     81.99    1.004
      ilnvar                   0.209161    0.089465    0.000070    0.868136    0.089965     22.74     33.42    1.009
      ilnvar                   0.026884    0.003270    0.000006    0.136517    0.004092     31.91     45.34    1.023
      ilnvar                   0.017272    0.000993    0.000001    0.078448    0.002371     19.17     23.21    1.189
      ilnvar                   0.171117    0.027302    0.002055    0.483955    0.123996     44.71     61.17    1.006
      ilnvar                   0.016387    0.001387    0.000001    0.080478    0.002748     27.76     28.13    1.056
      ilnvar                   0.012679    0.000741    0.000003    0.059111    0.001894     28.67     31.12    1.007
      ilnvar                   0.229932    0.089005    0.000569    0.806323    0.127934     28.95     52.93    1.049
      ilnvar                   0.013923    0.000601    0.000001    0.060324    0.004581     28.14     33.46    1.169
      ilnvar                   0.004431    0.000367    0.000001    0.019000    0.000348     30.50     34.02    1.028
      ilnvar                   0.015646    0.000899    0.000002    0.073195    0.002648     11.57     16.72    1.018
      ilnvar                   0.000152    0.000000    0.000001    0.000714    0.000022     21.96     24.06    1.002
      ilnvar                   0.070443    0.018604    0.000019    0.279687    0.025818    107.48    123.43    1.016
      ilnvar                   0.001370    0.000013    0.000001    0.006555    0.000149     13.18     18.32    1.045
      ilnvar                   0.010994    0.000941    0.000001    0.057631    0.001010     53.45     71.51    1.002
      ilnvar                   0.057488    0.008938    0.000002    0.245867    0.016352     21.74     38.83    1.028
      ilnvar                   0.163752    0.024972    0.000225    0.463952    0.122873     37.22    143.59    1.005
      ilnvar                   0.027120    0.003274    0.000002    0.114925    0.006944     79.77     97.81    1.024
      ilnvar                   0.001809    0.000039    0.000001    0.008936    0.000081     31.47     36.94    1.007
      ilnvar                   0.001960    0.000037    0.000001    0.009541    0.000093     18.09     21.34    1.153
      ilnvar                   0.046844    0.009028    0.000002    0.209073    0.010738     24.70     27.44    1.002
      ilnvar                   0.001718    0.000051    0.000001    0.004307    0.000167     17.61     19.85    1.072
      ilnvar                   0.054016    0.003514    0.000019    0.170456    0.036491     11.47     27.59    1.091
      ilnvar                   0.074958    0.006460    0.000377    0.229741    0.050727     41.17     51.25    1.015
      ilnvar                   0.023421    0.001674    0.000019    0.104294    0.007744     45.30     52.30    1.018
      ilnvar                   0.010732    0.000677    0.000002    0.065648    0.000849     18.59     21.03    1.070
      ilnvar                   0.080985    0.012370    0.000052    0.303895    0.040617     39.00     44.00    1.002
      ilnvar                   0.040041    0.003716    0.000008    0.144912    0.018182     27.82     31.56    1.003
      ilnvar                   0.010872    0.000523    0.000004    0.049752    0.002223     18.05     20.84    1.001
      ilnvar                   0.237910    0.054347    0.000404    0.665421    0.187783     32.97     86.61    1.034
      ilnvar                   0.313432    0.077697    0.000006    0.832272    0.251033    108.03    109.59    1.000
      ilnvar                   0.248605    0.039409    0.007078    0.619383    0.198182    271.52    315.86    1.000
      ilnvar                   0.010757    0.001221    0.000001    0.062999    0.000227     19.48     22.48    1.007
      ilnvar                   0.008817    0.000372    0.000001    0.042275    0.001769     20.61     24.83    1.019
      ilnvar                   0.006890    0.000295    0.000001    0.038307    0.000498     14.24     22.46    1.040
      ilnvar                   0.013951    0.000770    0.000001    0.070643    0.002723     11.33     20.34    1.005
      ilnvar                   0.043218    0.005328    0.000001    0.187979    0.010955     25.79     44.22    1.042
      ilnvar                   0.044769    0.005380    0.000006    0.176235    0.020339     43.16     80.98    1.001
      ilnvar                   0.141960    0.030401    0.000074    0.445325    0.088520     26.50     47.13    1.035
      ilnvar                   0.494361    0.219682    0.000342    1.369910    0.375555    177.17    199.44    1.011
      ilnvar                   0.005539    0.000541    0.000001    0.024509    0.000060     13.49     22.06    1.043
      ilnvar                   0.069979    0.011831    0.000028    0.268612    0.031004     54.78     70.35    1.000
      ilnvar                   0.005205    0.000386    0.000001    0.026994    0.000060     21.79     27.96    1.100
      ilnvar                   0.026393    0.001105    0.000026    0.094342    0.014503     15.43     18.60    1.001
      ilnvar                   0.318874    0.123110    0.000029    1.005225    0.225058     12.92     17.85    1.197
      ilnvar                   0.356631    0.157329    0.000236    1.131909    0.228931     51.35     63.68    1.018
      ilnvar                   0.129711    0.030878    0.000443    0.466748    0.064628     70.99     81.22    1.022
      ilnvar                   0.050067    0.012200    0.000003    0.262006    0.007510     41.08     43.50    1.033
      ilnvar                   0.115424    0.034462    0.000203    0.384972    0.064391     73.83     86.79    1.000
      ilnvar                   0.026744    0.001584    0.000106    0.107808    0.009394     24.93     28.43    1.016
      ilnvar                   0.196447    0.050778    0.000008    0.617038    0.141536     16.13     56.09    1.082
      ilnvar                   0.007515    0.000223    0.000001    0.036369    0.001696     18.91     27.95    1.007
      ilnvar                   0.006027    0.001036    0.000001    0.017542    0.000066     25.09     26.65    1.038
      ilnvar                   0.108213    0.019045    0.000016    0.356531    0.062573     40.87     48.79    1.014
      ilnvar                   0.127540    0.047119    0.000011    0.473207    0.058669    606.34    629.28    1.000
      ilnvar                   0.004526    0.000055    0.000010    0.019531    0.001384     23.00     27.33    1.000
      ilnvar                   0.136425    0.037727    0.000006    0.516136    0.057586     53.89     58.64    1.007
      ilnvar                   0.012517    0.000998    0.000001    0.072779    0.000571     18.46     20.36    1.123
      ilnvar                   0.264631    0.063724    0.004120    0.733793    0.195090    154.23    154.67    1.002
      ilnvar                   0.006657    0.000212    0.000001    0.033481    0.000773     41.54     46.59    1.118
      ilnvar                   0.003166    0.000064    0.000001    0.018768    0.000220     14.33     24.34    1.012
      ilnvar                   0.014816    0.000383    0.000038    0.053635    0.007841     31.91     37.65    1.008
      ilnvar                   0.037085    0.003816    0.000003    0.162223    0.007100     14.44     15.71    1.003
      ilnvar                   0.695509    0.548320    0.002961    2.188889    0.418610     40.16     48.27    1.050
      ilnvar                   0.040438    0.004708    0.000026    0.165902    0.009351     20.16     21.56    1.067
      ilnvar                   0.145041    0.034985    0.000069    0.536856    0.073315     18.81     21.65    1.027
      ilnvar                   0.502971    0.177918    0.005749    1.334917    0.387895     75.90    119.85    1.003
      ilnvar                   0.032145    0.003579    0.000008    0.131797    0.011502     34.98     37.35    1.008
      ilnvar                   0.018564    0.002147    0.000001    0.092878    0.001595     34.63     51.51    1.016
      ilnvar                   0.000432    0.000002    0.000001    0.002009    0.000066     24.08     25.53    1.060
      ilnvar                   0.025383    0.001764    0.000001    0.106898    0.007037     17.96     23.30    1.011
      ilnvar                   0.027811    0.002993    0.000033    0.130039    0.005205     15.31     15.55    1.031
      ilnvar                   0.337003    0.198263    0.000007    1.174398    0.206666     31.92     36.74    1.026
      ilnvar                   0.341049    0.094439    0.010828    0.937033    0.251992     20.91     26.20    1.001
      ilnvar                   0.016936    0.001302    0.000023    0.084890    0.003732     12.56     23.33    1.006
      ilnvar                   0.000482    0.000002    0.000001    0.002297    0.000070     36.15     44.30    1.012
      ilnvar                   0.161420    0.034478    0.000007    0.511692    0.107800     29.75     40.72    1.001
      ilnvar                   0.025087    0.002504    0.000008    0.133889    0.002542     13.17     14.47    1.010
      ilnvar                   0.013205    0.000721    0.000002    0.061633    0.002216     19.84     38.34    1.000
