      alpha_symdir{1}   1.345108    0.129214    0.712608    2.086534    1.300956   8520.63   8564.89    1.000
      alpha_symdir{1}   0.714682    0.035091    0.371977    1.127123    0.689836  10355.52  10424.67    1.000
      alpha_symdir{1}   1.077081    0.080153    0.611063    1.670996    1.035106   5668.33   5985.00    1.000
      alpha_symdir{1}   0.819391    0.034958    0.514615    1.215818    0.787844   6426.75   7332.49    1.000
      alpha_symdir{1}   0.611008    0.009485    0.419093    0.799973    0.611327  10105.16  10208.25    1.000
      alpha_symdir{1}   0.980181    0.289101    0.216111    2.017702    0.904425   7358.98   7369.73    1.000
      alpha_symdir{1}   1.116190    0.082992    0.656043    1.724396    1.074545   5889.10   7018.45    1.000
      alpha_symdir{1}   0.952635    0.176978    0.240564    1.642806    0.956196   7563.13   7849.23    1.000
      alpha_symdir{1}   0.784786    0.086485    0.261959    1.313606    0.775361  10944.99  11326.94    1.000
      alpha_symdir{1}   0.429693    0.057786    0.208490    0.861262    0.280538    643.10    659.51    1.002
      alpha_symdir{1}   0.697407    0.075476    0.233151    1.147327    0.717287   7737.99   7815.81    1.000
      alpha_symdir{1}   0.973849    0.252473    0.206247    1.850034    0.953368   8223.72   8505.91    1.000
      alpha_symdir{1}   0.803408    0.134920    0.272019    1.567504    0.736236   8968.15   9143.91    1.000
      alpha_symdir{1}   1.140999    0.557179    0.000491    2.510285    1.025597   4128.29   4673.39    1.000
      alpha_symdir{1}   0.819647    0.048926    0.291554    1.210587    0.811273   8488.20   8529.57    1.000
      alpha_symdir{1}   0.735421    0.041319    0.396138    1.168152    0.698874   9337.55   9595.94    1.000
      alpha_symdir{1}   0.907138    0.047497    0.517668    1.374529    0.882700   9968.70  10389.99    1.000
      alpha_symdir{1}   0.699107    0.135075    0.203731    1.299926    0.728304   8572.84   8656.54    1.000
      alpha_symdir{1}   1.018116    0.585845    0.001860    2.436387    0.861986   8144.06   8599.01    1.000
      alpha_symdir{1}   1.584305    1.085792    0.000133    3.481849    1.455113    528.47    716.81    1.000
      alpha_symdir{1}   1.207876    0.099175    0.697105    1.911503    1.168046   6908.07   7151.92    1.000
      alpha_symdir{1}   0.964144    0.159133    0.232340    1.663356    0.936427  10013.41  10224.45    1.000
      alpha_symdir{1}   0.818926    0.076128    0.231151    1.283138    0.819705   9934.79  10127.07    1.000
      alpha_symdir{1}   0.836321    0.107749    0.253829    1.446572    0.789239   9628.56   9847.03    1.000
      alpha_symdir{1}   0.776657    0.046725    0.265431    1.129218    0.787136   9063.19   9504.87    1.000
      alpha_symdir{1}   1.074620    0.096832    0.304169    1.627264    1.057430   7057.35   7838.28    1.000
      alpha_symdir{1}   0.704867    0.036720    0.254314    1.032348    0.717517   9901.82  10049.60    1.000
      alpha_symdir{1}   0.780328    0.068231    0.235556    1.179488    0.808361   6801.53   7186.84    1.000
      alpha_symdir{1}   0.597082    0.030420    0.277489    0.952156    0.599984   9968.42  10501.88    1.000
      alpha_symdir{1}   1.090726    0.097428    0.307530    1.632268    1.079466   8435.62   8542.94    1.000
      alpha_symdir{1}   0.861065    0.061877    0.279499    1.290550    0.860916   9004.37   9608.66    1.000
      alpha_symdir{1}   0.549791    0.069335    0.249822    1.045283    0.428506   8802.09   9090.09    1.000
      alpha_symdir{1}   1.061713    0.101625    0.309700    1.632338    1.041399   7800.18   8143.44    1.000
      alpha_symdir{1}   0.962956    0.243076    0.204364    1.845001    0.932051   8357.72   8438.81    1.000
      alpha_symdir{1}   0.589104    0.058145    0.235222    0.977385    0.624204   4291.35   4953.87    1.000
      alpha_symdir{1}   0.522888    0.073775    0.171112    0.995787    0.500523   8659.39   9112.77    1.000
      alpha_symdir{1}   0.782223    0.110138    0.216074    1.263259    0.841006   5203.54   5332.38    1.000
      alpha_symdir{1}   0.506941    0.054275    0.091622    0.878962    0.504626   7291.68   7348.02    1.000
      alpha_symdir{1}   1.989659    1.540735    0.000021    4.148533    1.924991     68.10    128.38    1.003
      alpha_symdir{1}   0.800235    0.119954    0.209733    1.306748    0.853583   4991.76   5078.71    1.000
      alpha_symdir{1}   1.013140    0.042757    0.681267    1.456768    0.994820   6398.15   6671.00    1.000
      alpha_symdir{1}   0.743171    0.149097    0.212062    1.300005    0.853241   1904.22   1974.05    1.001
      alpha_symdir{1}   0.742660    0.031853    0.233065    0.983543    0.767655   1853.95   2133.04    1.000
      alpha_symdir{1}   0.337619    0.034361    0.185994    0.770967    0.253377   4188.37   4467.25    1.000
      alpha_symdir{1}   1.202636    0.249710    0.071560    2.073411    1.136886   1179.66   1319.53    1.000
      alpha_symdir{1}   0.598037    0.074918    0.220305    1.074824    0.557047   9735.15  10130.35    1.000
      alpha_symdir{1}   1.226793    0.101358    0.702332    1.869904    1.178357   7120.51   7240.93    1.000
      alpha_symdir{1}   0.661916    0.110763    0.085658    1.245360    0.615662   7550.42   7693.37    1.000
      alpha_symdir{1}   0.570131    0.079382    0.207436    1.024429    0.592064   5834.51   6113.63    1.000
      alpha_symdir{1}   0.562836    0.080650    0.212875    1.008448    0.555556   4594.47   4614.46    1.000
      alpha_symdir{1}   1.045891    0.164120    0.231840    1.729382    1.011627   8506.08   8615.45    1.000
      alpha_symdir{1}   0.809662    0.155962    0.220299    1.506896    0.801425   8722.44   9424.48    1.000
      alpha_symdir{1}   0.312573    0.033320    0.151033    0.740164    0.233094   7259.18   7444.91    1.000
      alpha_symdir{1}   0.931483    0.159608    0.245289    1.517812    0.999050   3381.73   3475.79    1.000
      alpha_symdir{1}   0.994222    0.093524    0.305885    1.555822    0.967385   7899.67   8301.32    1.000
      alpha_symdir{1}   0.966663    0.117639    0.362298    1.692714    0.900771   4249.25   6459.20    1.000
      alpha_symdir{1}   0.554714    0.029135    0.210905    0.822794    0.576914   7496.13   7775.10    1.000
      alpha_symdir{1}   1.230607    0.306896    0.272807    2.276398    1.168640   2189.37   4985.03    1.000
      alpha_symdir{1}   1.153657    0.261090    0.249935    2.126388    1.073842   9319.14   9559.18    1.000
      alpha_symdir{1}   0.870142    0.035589    0.577160    1.296917    0.850086   7833.50   7966.71    1.000
      alpha_symdir{1}   1.032720    0.374616    0.232259    2.196118    0.988608   6907.46   7029.81    1.000
      alpha_symdir{1}   0.658797    0.048007    0.232493    1.030273    0.663711   6543.38   7199.36    1.000
      alpha_symdir{1}   1.730106    0.441406    0.814875    3.106662    1.585028   3934.64   6490.27    1.000
      alpha_symdir{1}   1.110803    0.046122    0.738276    1.553290    1.083269   8787.66   9149.15    1.000
      alpha_symdir{1}   0.893664    0.179095    0.260664    1.461628    1.033909    558.30    581.32    1.000
      alpha_symdir{1}   0.951238    0.074513    0.286873    1.451037    0.928231   8418.03   8486.87    1.000
      alpha_symdir{1}   1.467204    0.430184    0.272823    2.817777    1.366340   1986.19   5046.69    1.000
      alpha_symdir{1}   2.769393    1.180758    1.133657    4.967654    2.532968  12749.43  12959.35    1.000
      alpha_symdir{1}   1.272683    0.105483    0.752621    1.969539    1.227154   8689.34   8982.24    1.000
      alpha_symdir{1}   0.891241    0.078736    0.239099    1.369515    0.877711   9608.45   9672.08    1.000
      alpha_symdir{1}   0.546669    0.063703    0.215798    0.940060    0.546115   4852.75   5705.08    1.000
      alpha_symdir{1}   1.005982    0.108433    0.272699    1.497540    1.039829   7066.90   7307.82    1.000
      alpha_symdir{1}   1.075842    0.084453    0.601968    1.723701    1.035129   7296.96   7705.08    1.000
      alpha_symdir{1}   0.853374    0.137689    0.213197    1.417111    0.902104   5813.29   6007.47    1.000
      alpha_symdir{1}   1.324417    0.271016    0.255881    2.258328    1.242705   9386.46   9613.90    1.000
      alpha_symdir{1}   1.328159    1.175127    0.000040    3.383737    1.147117   4060.46   4543.39    1.000
      alpha_symdir{1}   1.170704    0.140958    0.565812    1.939068    1.131468   6278.94   6364.61    1.000
      alpha_symdir{1}   1.312101    0.393375    0.234251    2.589526    1.236363   6889.58   7420.25    1.000
      alpha_symdir{1}   0.539089    0.032084    0.247099    0.883109    0.508768   6677.79   6954.82    1.000
      alpha_symdir{1}   0.835875    0.133741    0.180148    1.465746    0.831676   8706.17   9343.87    1.000
      alpha_symdir{1}   1.343978    0.211419    0.697242    2.292225    1.239956   5091.86   6700.40    1.000
      alpha_symdir{1}   0.923619    0.028930    0.633758    1.280742    0.910176   7423.18   7452.89    1.000
      alpha_symdir{1}   0.848868    0.164603    0.262980    1.526477    0.860190   6090.37   6142.16    1.000
      alpha_symdir{1}   0.769535    0.047313    0.331181    1.229222    0.746157   9588.29   9651.28    1.000
      alpha_symdir{1}   0.980031    0.225268    0.204395    1.868547    0.924734   8623.68   8970.33    1.000
      alpha_symdir{1}   0.388078    0.045377    0.211859    0.895193    0.294290   4510.78   4642.21    1.000
      alpha_symdir{1}   0.853233    0.105816    0.255167    1.387088    0.864717   7953.79   8538.16    1.000
      alpha_symdir{1}   1.260764    0.233372    0.269865    2.086514    1.221829   7839.63   8156.78    1.000
      alpha_symdir{1}   1.090877    0.170768    0.283197    1.850994    1.030860   9094.99   9129.66    1.000
      alpha_symdir{1}   1.721244    0.420143    0.609975    3.165457    1.616015   7977.46   8725.66    1.000
      alpha_symdir{1}   0.792330    0.065040    0.418860    1.363291    0.723961   5053.70   5585.68    1.000
      alpha_symdir{1}   1.664294    0.300468    0.846711    2.772009    1.562227   7974.65   8550.51    1.000
      alpha_symdir{1}   0.613425    0.028599    0.193682    0.843019    0.643745   4608.68   5538.61    1.000
      alpha_symdir{1}   0.891138    0.208402    0.212417    1.692501    0.895975   8720.59   8886.50    1.000
      alpha_symdir{1}   0.860906    0.056604    0.247741    1.205959    0.883910   6826.65   7251.17    1.000
      alpha_symdir{1}   0.766087    0.040756    0.276069    1.099195    0.776621   8211.81   8737.85    1.000
      alpha_symdir{1}   0.497193    0.060317    0.167416    0.861637    0.565126   4010.29   4291.23    1.001
      alpha_symdir{1}   0.533716    0.070483    0.210324    1.007765    0.424704   8543.33   8926.51    1.000
      alpha_symdir{1}   0.584516    0.090760    0.246473    1.102628    0.401443   4978.14   5436.25    1.000
      alpha_symdir{1}   0.740796    0.103099    0.224987    1.169169    0.839075   1451.07   1545.71    1.000
