0.4651163
0.6388889
0.3409091
0.5909091
0.6136364
0.45
0.3333333
0.4090909
0.5862069
0.4666667
0.3684211
0.4375
0.4347826
0.3125
0.627907
0.4130435
0.4651163
0.3684211
0.1428571
0.6875
0.4782609
0.4583333
0.483871
0.6538462
0.325
0.3703704
0.3823529
0.3714286
0.3333333
0.4102564
0.5365854
0.4594595
0.3513514
0.3529412
0.4782609
0.35
0.4814815
0.7272727
0.5263158
0.56
0.6170213
0.4482759
0.4680851
0.4255319
0.4054054
0.4814815
0.5
0.25
0.6060606
0.3555556
0.4782609
0.1666667
0.3684211
0.4666667
0.53125
0.5142857
0.5714286
0.3636364
0.6
0.3513514
0.2222222
0.525
0.44
0.5555556
0.6046512
0.475
0.5882353
0.5
0.6538462
0.4230769
0.3
0.4444444
0.5
0.6521739
0.6923077
0.5
0.5128205
0.4
0.6829268
0.5263158
0.4473684
0.3863636
0.5384615
0.3142857
0.6315789
0.6052632
0.6
0.65
0.4230769
0.625
0.5348837
0.3714286
0.6521739
0.625
0.375
0.4130435
0.6333333
0.4642857
0.5526316
0.4516129
