      TL             6.834712    0.082757    6.283128    7.408042    6.826312   4305.26   4923.90    1.000
      TL             7.575785    0.167393    6.808343    8.401409    7.555979   2510.99   2684.23    1.000
      TL             7.992446    0.115054    7.342295    8.666955    7.984848   6699.59   6769.89    1.000
      TL             7.464986    0.095557    6.854580    8.069580    7.457963   4173.83   4194.32    1.000
      TL             7.954311    0.133652    7.255974    8.687873    7.940518   3203.63   3282.26    1.000
      TL             4.448237    0.070530    3.931560    4.973849    4.438685   8488.86   8757.20    1.000
      TL             7.141374    0.093397    6.549301    7.744826    7.136350   6869.46   7302.07    1.000
      TL             4.031349    0.071907    3.531671    4.575099    4.014359   3210.49   3251.15    1.000
      TL             5.574263    0.089554    5.010290    6.171781    5.565594   6817.46   6910.38    1.000
      TL             7.400492    0.092716    6.811986    8.001267    7.393739   5495.35   5580.82    1.000
      TL             6.949032    0.112310    6.315125    7.623070    6.938889   3487.53   3946.54    1.000
      TL             2.791010    0.073235    2.279652    3.332913    2.772583   4760.81   4884.15    1.000
      TL             5.477453    0.109426    4.846693    6.136877    5.464209   5503.76   5730.16    1.000
      TL             3.054977    0.052499    2.609884    3.501105    3.042842   7442.84   7540.57    1.000
      TL             8.666057    0.140944    7.947944    9.419569    8.658067   3465.98   3475.58    1.000
      TL             7.838699    0.105580    7.187868    8.460743    7.830406   4955.66   5306.24    1.000
      TL             7.395977    0.110224    6.769951    8.081818    7.387312   5327.00   5618.63    1.000
      TL             4.630944    0.122217    3.975024    5.334162    4.607981   3529.10   3923.31    1.000
      TL             2.196735    0.077399    1.676628    2.746887    2.170814   9550.83   9993.47    1.000
      TL             3.876496    0.072435    3.370171    4.419684    3.864249   4709.02   6860.20    1.000
      TL             7.554644    0.105562    6.911664    8.182762    7.547526   5164.08   5433.72    1.000
      TL             4.527987    0.065536    4.038007    5.037028    4.519833   5510.36   5660.01    1.000
      TL             6.071578    0.093724    5.487100    6.678233    6.060045   5664.17   5823.95    1.000
      TL             4.507110    0.068236    4.014115    5.037394    4.497125   7564.79   7952.10    1.000
      TL             6.646676    0.087292    6.062725    7.218298    6.640960   6208.72   6455.76    1.000
      TL             6.334532    0.146362    5.598317    7.092672    6.313379   2242.76   2494.80    1.001
      TL             7.348538    0.128758    6.663844    8.066328    7.338623   3169.43   3192.27    1.000
      TL             6.288279    0.084243    5.728825    6.859852    6.278379   6304.98   6379.16    1.000
      TL             6.157049    0.122589    5.482674    6.853668    6.140957   3305.44   4063.35    1.000
      TL             5.911542    0.083967    5.350670    6.482718    5.904589   5140.53   5870.39    1.000
      TL             7.106485    0.118692    6.419693    7.765015    7.093482   2255.53   2564.15    1.000
      TL             7.071890    0.140493    6.362186    7.818211    7.056724   3028.41   3157.13    1.000
      TL             5.878868    0.068858    5.359686    6.390271    5.873079   8540.58   8682.95    1.000
      TL             3.058706    0.044027    2.643935    3.465092    3.052652  10912.66  11111.37    1.000
      TL             7.050129    0.075956    6.518144    7.599807    7.043954   8922.13   9062.16    1.000
      TL             3.411337    0.055525    2.976415    3.896311    3.401902   2760.23   3162.74    1.000
      TL             4.520100    0.065690    4.037251    5.033771    4.512236   7626.46   7659.31    1.000
      TL             3.125912    0.044135    2.725535    3.544557    3.119558   6150.94   6399.63    1.000
      TL             4.032771    0.057072    3.558659    4.492207    4.023083  10165.54  10620.20    1.000
      TL             5.073087    0.073603    4.551421    5.612215    5.064726   6953.10   7386.55    1.000
      TL             7.491092    0.102591    6.880665    8.134867    7.482871   4016.35   4158.65    1.000
      TL             5.342587    0.084164    4.793896    5.926145    5.331774   5632.80   6053.21    1.000
      TL             7.745782    0.107063    7.113219    8.389396    7.735698   3579.79   3664.67    1.000
      TL             8.673457    0.129086    7.974300    9.380076    8.665358   5665.80   6020.98    1.000
      TL             7.240986    0.126196    6.552598    7.941219    7.228151   3614.20   3846.52    1.000
      TL             5.526362    0.089218    4.957903    6.118141    5.517796   4077.58   4317.11    1.000
      TL             5.370783    0.071454    4.851489    5.892074    5.364686   4850.07   5418.76    1.000
      TL             3.970443    0.067184    3.475576    4.480290    3.961107   5915.33   6428.22    1.000
      TL             6.143621    0.084847    5.577110    6.719706    6.136223   4432.60   4770.39    1.000
      TL             6.821019    0.078304    6.280277    7.374335    6.815770   7524.47   7878.60    1.000
      TL             4.787915    0.089919    4.217385    5.384004    4.773449   5514.26   5801.09    1.000
      TL             4.432798    0.071162    3.918906    4.962314    4.423398   8913.18   8942.21    1.000
      TL             3.630666    0.072773    3.115456    4.163607    3.616639   6899.90   7016.78    1.000
      TL             6.005735    0.084281    5.451358    6.591508    5.997662   7311.45   7622.61    1.000
      TL             6.493764    0.102537    5.871535    7.125334    6.483208   5409.35   5441.90    1.000
      TL             6.150013    0.083475    5.591255    6.725267    6.142691   4802.70   5408.96    1.000
      TL             8.525598    0.119799    7.859828    9.219238    8.516644   5243.30   5404.07    1.000
      TL             4.370017    0.063180    3.885061    4.862999    4.362956   8139.60   8308.03    1.000
      TL             4.893841    0.103904    4.291049    5.550730    4.874424   4461.89   4736.40    1.000
      TL             5.938493    0.084053    5.364691    6.494151    5.930154   4705.49   4874.90    1.000
      TL             2.882788    0.060999    2.420198    3.379687    2.868815   4770.35   4859.49    1.000
      TL             6.915569    0.116316    6.272529    7.601072    6.905476   3763.60   3871.95    1.000
      TL             4.833998    0.073596    4.304898    5.370618    4.824479   8178.23   8193.27    1.000
      TL             8.510673    0.127143    7.810367    9.195853    8.503198   5125.60   5206.92    1.000
      TL             7.663089    0.100938    7.038360    8.276614    7.655467   8446.93   8625.93    1.000
      TL             8.115821    0.137981    7.392814    8.846069    8.105816   3669.09   3831.05    1.000
      TL             3.827850    0.084371    3.282451    4.410659    3.812146   5547.63   5921.88    1.000
      TL             5.242719    0.122540    4.589125    5.940893    5.219408   2747.69   3313.45    1.000
      TL             5.352874    0.076167    4.798651    5.880208    5.344906  10148.65  10205.31    1.000
      TL             5.360125    0.068578    4.868373    5.889397    5.354126   8906.95   9486.99    1.000
      TL             6.333921    0.076458    5.777903    6.862574    6.327647   7410.20   7807.87    1.000
      TL             6.610812    0.122788    5.934973    7.303402    6.592627   4386.31   4576.98    1.000
      TL             7.898896    0.143060    7.181675    8.674364    7.885691   2358.61   2663.88    1.001
      TL             5.002452    0.077057    4.475198    5.562486    4.993716   7328.65   7329.72    1.000
      TL             4.832704    0.071314    4.323272    5.363035    4.824951   7220.67   7391.98    1.000
      TL             2.431063    0.135214    1.795548    3.158002    2.380815   4361.68   4701.90    1.001
      TL             7.732396    0.134580    7.019580    8.452199    7.720237   3631.75   3961.81    1.000
      TL             3.261342    0.044299    2.845181    3.669403    3.254165  12526.66  12750.82    1.000
      TL             7.405338    0.109873    6.768559    8.074298    7.396408   6028.78   6152.59    1.000
      TL             4.709894    0.091902    4.132493    5.322031    4.695753   7232.25   7716.31    1.000
      TL             7.169733    0.118751    6.496843    7.843538    7.157026   3062.15   3211.47    1.000
      TL             8.579657    0.119781    7.914194    9.264190    8.570685   5629.88   5729.30    1.000
      TL             6.585836    0.088857    6.016073    7.179373    6.576451   5455.72   5789.09    1.000
      TL             6.160972    0.111120    5.521547    6.824143    6.148897   2596.40   2865.34    1.000
      TL             4.714050    0.092469    4.133517    5.320851    4.701325   7308.42   7367.83    1.000
      TL             6.969873    0.110860    6.339123    7.643235    6.957476   3597.62   4184.05    1.002
      TL             5.738774    0.115202    5.097238    6.421721    5.722241   2570.71   2628.67    1.000
      TL             4.816794    0.105291    4.204257    5.470840    4.797525   3985.08   4700.51    1.000
      TL             5.060716    0.070588    4.545481    5.584450    5.053964   9562.91   9955.39    1.000
      TL             5.398103    0.088214    4.831599    5.988191    5.386977   7146.90   7423.63    1.000
      TL             7.582934    0.108266    6.958659    8.244650    7.577162   4658.83   5401.72    1.000
      TL             6.938573    0.107518    6.307678    7.598229    6.927563   4387.00   5020.61    1.001
      TL             8.933438    0.168500    8.118765    9.723417    8.919441   2356.42   2401.56    1.000
      TL             4.011924    0.100806    3.426624    4.655819    3.989698   3980.89   4068.24    1.000
      TL             7.753482    0.117149    7.098926    8.438142    7.743576   4769.21   5144.20    1.000
      TL             8.339104    0.112065    7.699208    9.011353    8.331137   5918.25   6315.07    1.000
      TL             3.978844    0.049016    3.554164    4.418411    3.973160   8196.55   8227.41    1.000
      TL             4.622383    0.066028    4.134806    5.133238    4.613462   3971.37   5126.12    1.000
      TL             7.081571    0.110841    6.427764    7.724109    7.071845   4198.23   4331.02    1.000
      TL             6.400625    0.131051    5.707529    7.119891    6.386210   1806.24   2385.51    1.002
