      alpha_symdir{1}   1.003575    0.038553    0.687303    1.406098    0.979776   6007.70   6223.70    1.000
      alpha_symdir{1}   0.896943    0.177950    0.188148    1.733535    0.797317   5282.99   5654.63    1.000
      alpha_symdir{1}   1.741061    0.218177    0.975862    2.684478    1.667193   4326.34   4984.69    1.000
      alpha_symdir{1}   0.419217    0.039876    0.214905    0.842692    0.327076   7859.75   7890.14    1.000
      alpha_symdir{1}   1.067657    0.065571    0.697476    1.577096    1.019910   6602.28   6745.77    1.000
      alpha_symdir{1}   0.546360    0.077693    0.215130    1.075483    0.434718  11284.76  11326.84    1.000
      alpha_symdir{1}   0.982376    0.123522    0.270115    1.440278    1.063966   1733.25   1951.30    1.001
      alpha_symdir{1}   0.824061    0.148841    0.213129    1.435372    0.844712   7967.98   8278.48    1.000
      alpha_symdir{1}   0.784065    0.091250    0.215618    1.266334    0.804788   8804.82   8875.79    1.000
      alpha_symdir{1}   0.808706    0.050705    0.244667    1.148147    0.830074   6008.98   6197.52    1.000
      alpha_symdir{1}   1.472177    0.393314    0.375457    2.680399    1.444712   4043.44   4517.84    1.001
      alpha_symdir{1}   0.938314    0.281672    0.092219    1.874582    0.870191   8892.12   9109.34    1.000
      alpha_symdir{1}   0.966832    0.321511    0.069611    1.952902    0.930148   2802.37   3183.07    1.000
      alpha_symdir{1}   0.610483    0.104926    0.177826    1.172732    0.612539   8524.42   8618.27    1.000
      alpha_symdir{1}   0.704274    0.023286    0.409499    1.004075    0.694331   9873.57  10273.94    1.000
      alpha_symdir{1}   1.021163    0.063369    0.591866    1.631552    1.010111   6525.40   6661.76    1.000
      alpha_symdir{1}   0.651807    0.070227    0.230908    1.031513    0.728871   5224.41   5255.46    1.000
      alpha_symdir{1}   1.118972    0.237949    0.246400    2.046882    1.039858   8174.66   9198.25    1.000
      alpha_symdir{1}   1.013391    0.540595    0.000313    2.386553    0.882930   8363.90   8402.88    1.000
      alpha_symdir{1}   1.232431    0.489699    0.004094    2.472666    1.129325   5244.82   6273.50    1.000
      alpha_symdir{1}   0.665871    0.028771    0.250878    0.948782    0.675484   8101.89   8511.18    1.000
      alpha_symdir{1}   0.727821    0.103968    0.232901    1.285197    0.731260  10135.13  10187.18    1.000
      alpha_symdir{1}   0.865168    0.093932    0.256191    1.388132    0.859873   8767.58   9387.48    1.000
      alpha_symdir{1}   0.536691    0.039369    0.139303    0.856731    0.554414   9099.40   9848.30    1.000
      alpha_symdir{1}   0.898210    0.095938    0.240936    1.312163    0.958201   1900.08   2098.17    1.000
      alpha_symdir{1}   1.452360    0.316581    0.281052    2.515087    1.347219   4968.02   5706.85    1.000
      alpha_symdir{1}   0.755979    0.133222    0.234130    1.274686    0.872565   2428.12   2674.40    1.000
      alpha_symdir{1}   0.597063    0.055076    0.209945    0.965635    0.628917   8522.85   8657.55    1.000
      alpha_symdir{1}   0.759548    0.096069    0.210453    1.230862    0.797979   6580.34   6907.70    1.000
      alpha_symdir{1}   0.690805    0.074272    0.294082    1.258185    0.639214   7540.78   7729.96    1.000
      alpha_symdir{1}   1.003096    0.118328    0.274162    1.579782    0.991726   5626.26   6300.67    1.000
      alpha_symdir{1}   0.600889    0.051292    0.208132    0.967533    0.621785   9129.72   9360.62    1.000
      alpha_symdir{1}   0.836845    0.104095    0.261065    1.409401    0.825326   7767.96   7941.30    1.000
      alpha_symdir{1}   1.133713    0.347505    0.236321    2.261530    1.086818   7675.05   8063.66    1.000
      alpha_symdir{1}   1.088465    0.039405    0.771011    1.481443    1.062811   7075.58   7448.56    1.000
      alpha_symdir{1}   0.363529    0.048902    0.138737    0.817052    0.254211   8707.46   8727.03    1.000
      alpha_symdir{1}   0.514754    0.090926    0.190619    1.045128    0.338303   5161.95   5784.44    1.000
      alpha_symdir{1}   0.476179    0.083340    0.188264    1.017056    0.302493   6118.51   6473.26    1.000
      alpha_symdir{1}   1.024116    0.448950    0.068798    2.214013    0.965310   1823.07   2659.97    1.000
      alpha_symdir{1}   0.567041    0.082022    0.183458    1.051123    0.555458   9011.44   9314.13    1.000
      alpha_symdir{1}   0.901316    0.087673    0.282922    1.470717    0.859218   6817.84   7531.09    1.000
      alpha_symdir{1}   0.673514    0.162748    0.075323    1.348918    0.643085   3059.58   3209.15    1.000
      alpha_symdir{1}   0.633645    0.093572    0.220412    1.039674    0.764780    342.06    355.36    1.000
      alpha_symdir{1}   0.886359    0.074175    0.277299    1.368561    0.867762   6753.40   6777.49    1.000
      alpha_symdir{1}   0.653711    0.025053    0.228966    0.919045    0.651721   9478.72  10205.56    1.000
      alpha_symdir{1}   1.370242    0.314546    0.274200    2.417569    1.266160   7116.54   7382.61    1.000
      alpha_symdir{1}   0.971647    0.097511    0.264220    1.523242    0.943692   7158.44   7366.29    1.000
      alpha_symdir{1}   0.727317    0.168403    0.192551    1.398364    0.752354   6163.63   6334.87    1.000
      alpha_symdir{1}   0.578680    0.107310    0.204442    1.074416    0.626403    526.54    586.57    1.000
      alpha_symdir{1}   0.571859    0.079902    0.246255    1.121194    0.451653   5954.87   6046.88    1.000
      alpha_symdir{1}   1.195389    0.325145    0.224542    2.271302    1.102917   2747.43   4718.50    1.000
      alpha_symdir{1}   1.144722    0.622843    0.002107    2.582224    1.014242   3881.56   4133.01    1.000
      alpha_symdir{1}   1.955515    0.745864    0.000147    3.553626    1.803687   1173.61   2458.83    1.001
      alpha_symdir{1}   0.913855    0.100858    0.228228    1.448036    0.898502   7380.39   8317.02    1.000
      alpha_symdir{1}   0.708533    0.031988    0.315164    1.089790    0.697385  10849.74  11218.38    1.000
      alpha_symdir{1}   0.639633    0.072572    0.293402    1.237172    0.573050   7775.89   7895.34    1.000
      alpha_symdir{1}   0.724128    0.048172    0.234707    1.042120    0.761547   8069.50   8383.43    1.000
      alpha_symdir{1}   0.702396    0.114701    0.190234    1.247178    0.723351   8111.62   8211.47    1.000
      alpha_symdir{1}   0.713780    0.154374    0.199282    1.318286    0.780855   5138.04   5207.91    1.000
      alpha_symdir{1}   0.701613    0.064372    0.231570    1.143593    0.699057   9639.33  10140.43    1.000
      alpha_symdir{1}   1.818587    0.794632    0.000930    3.461872    1.664104    723.28   3230.50    1.000
      alpha_symdir{1}   0.897353    0.064667    0.251432    1.301689    0.903600   5346.02   6162.28    1.000
      alpha_symdir{1}   0.688040    0.109766    0.181343    1.176749    0.735981   5333.28   5651.49    1.000
      alpha_symdir{1}   0.521848    0.022653    0.260379    0.792035    0.520229   8635.24   8746.80    1.000
      alpha_symdir{1}   1.014660    0.087929    0.565092    1.721231    0.967234   7395.02   7547.83    1.000
      alpha_symdir{1}   0.757340    0.020174    0.505404    1.058613    0.748335   9658.74   9715.54    1.000
      alpha_symdir{1}   1.080151    0.550048    0.000175    2.415516    0.986976   2922.45   3721.38    1.000
      alpha_symdir{1}   1.137263    0.268037    0.253377    2.130756    1.042371   8266.35   8429.88    1.000
      alpha_symdir{1}   1.069058    0.116521    0.256735    1.627151    1.061080   6646.98   7240.70    1.000
      alpha_symdir{1}   0.463522    0.080474    0.193493    1.004809    0.298064   5347.66   5676.43    1.000
      alpha_symdir{1}   0.835373    0.066356    0.436642    1.506000    0.796385   7247.15   7776.95    1.000
      alpha_symdir{1}   0.965824    0.176992    0.233702    1.625365    0.994807   5465.29   5864.04    1.000
      alpha_symdir{1}   0.902064    0.082693    0.322060    1.406064    0.898452   8905.45   9255.22    1.000
      alpha_symdir{1}   1.403151    0.408712    0.065748    2.573423    1.296274   4728.51   5142.95    1.000
      alpha_symdir{1}   0.612515    0.087660    0.223477    1.143290    0.542066   9638.42   9770.44    1.000
      alpha_symdir{1}   1.525676    2.202379    0.000061    4.222546    1.428286    136.51    208.96    1.001
      alpha_symdir{1}   0.961773    0.098900    0.251819    1.405374    1.003866   3218.41   3277.92    1.000
      alpha_symdir{1}   1.188112    0.405138    0.004265    2.310328    1.093115   5568.11   6641.08    1.000
      alpha_symdir{1}   0.524299    0.037644    0.105194    0.756821    0.578043    898.83   1069.90    1.000
      alpha_symdir{1}   0.665218    0.111205    0.199863    1.224870    0.677397   9090.50   9125.95    1.000
      alpha_symdir{1}   0.894285    0.044796    0.225857    1.215229    0.895851   3366.89   3851.68    1.000
      alpha_symdir{1}   1.089348    0.074166    0.637987    1.635701    1.054823   7078.30   7773.57    1.000
      alpha_symdir{1}   0.746789    0.056616    0.230411    1.108241    0.773037   6567.64   7569.11    1.000
      alpha_symdir{1}   0.977425    0.098538    0.246332    1.537607    0.932742   6979.33   7024.75    1.000
      alpha_symdir{1}   0.603290    0.111662    0.208459    1.268655    0.480220  11015.26  11556.15    1.000
      alpha_symdir{1}   1.037240    0.088393    0.599693    1.847435    1.003625   6247.69   6354.47    1.000
      alpha_symdir{1}   0.727423    0.082648    0.205738    1.230197    0.712263   9208.57   9981.50    1.000
      alpha_symdir{1}   1.372433    0.470092    0.052723    2.623408    1.286272   2571.90   3739.94    1.000
      alpha_symdir{1}   0.728019    0.082883    0.175642    1.197689    0.724905   8990.09   9061.66    1.000
      alpha_symdir{1}   0.822028    0.130550    0.216244    1.399796    0.837190   6881.22   7265.38    1.000
      alpha_symdir{1}   1.074400    0.059847    0.616491    1.586347    1.055461   8958.35   9116.92    1.000
      alpha_symdir{1}   0.421194    0.055965    0.192425    0.844402    0.274174   3516.28   3730.52    1.000
      alpha_symdir{1}   0.924721    0.083710    0.402021    1.536188    0.870376   7685.58   7724.60    1.000
      alpha_symdir{1}   2.208494    1.848020    0.000013    4.567719    2.133634     48.45     53.91    1.002
      alpha_symdir{1}   0.990576    0.064763    0.250937    1.390402    0.986609   4392.11   4703.16    1.000
      alpha_symdir{1}   0.941635    0.040067    0.607288    1.447912    0.952425   2237.06   2501.50    1.000
      alpha_symdir{1}   0.696797    0.127897    0.219742    1.271184    0.745400   5707.53   5955.79    1.000
      alpha_symdir{1}   0.897388    0.092592    0.214000    1.381378    0.896209   6204.64   6608.72    1.000
      alpha_symdir{1}   0.561608    0.062809    0.245356    1.048652    0.460859   7886.59   8165.86    1.000
      alpha_symdir{1}   0.830770    0.066005    0.267104    1.277962    0.820610   9734.03   9989.54    1.000
