      alpha_symdir   7.822837    3.422447    4.578690   11.470010    7.569580   8513.30   9524.67    1.000
      alpha_symdir   7.720777    3.349829    4.572952   11.425410    7.487712  11711.83  11763.98    1.000
      alpha_symdir   7.365844    2.998659    4.362001   10.807560    7.142892  10530.85  10629.69    1.000
      alpha_symdir   7.526907    3.270017    4.385997   11.100780    7.272291  11267.59  11486.54    1.000
      alpha_symdir   6.611237    2.568377    3.840671    9.814040    6.381008  10728.32  10913.58    1.000
      alpha_symdir   5.280329    2.327127    2.732318    8.324325    5.043238  10254.43  10513.91    1.000
      alpha_symdir   5.091116    1.432467    3.040227    7.466576    4.906680   9846.14  10158.01    1.000
      alpha_symdir   4.579426    1.804294    2.339658    7.250798    4.353892   7718.83   7928.08    1.000
      alpha_symdir   5.849656    2.396665    3.236082    8.921777    5.624939   9281.08   9537.15    1.000
      alpha_symdir   7.180160    2.773476    4.186642   10.427150    6.979583   9488.47   9914.22    1.000
      alpha_symdir   7.838251    3.528136    4.574925   11.622090    7.593022  11479.55  11680.98    1.000
      alpha_symdir   5.760118    2.914565    2.898475    9.166148    5.503219  11843.48  11947.99    1.000
      alpha_symdir   7.634734    3.828545    4.325940   11.696200    7.379865   9407.56  10066.33    1.000
      alpha_symdir   5.576891    2.674165    2.904837    8.928502    5.329975   9695.16  10031.77    1.000
      alpha_symdir   8.620252    3.690226    5.149272   12.446210    8.381608  10581.93  10752.10    1.000
      alpha_symdir   7.167520    2.681596    4.272814   10.424450    6.974911  10800.47  11315.48    1.000
      alpha_symdir   7.650152    3.192727    4.602208   11.315840    7.418814  12088.79  12346.57    1.000
      alpha_symdir   4.859051    2.091257    2.442289    7.762018    4.615312   8417.14   8541.05    1.000
      alpha_symdir   3.863982    1.788111    1.767723    6.550769    3.623111  11350.11  11471.98    1.000
      alpha_symdir   4.170015    1.747458    2.010435    6.785435    3.940046  10558.52  10584.92    1.000
      alpha_symdir   7.969523    3.325262    4.767370   11.654120    7.733775  10755.36  11143.30    1.000
      alpha_symdir   4.745893    1.786094    2.562915    7.424935    4.522226  10498.70  11031.65    1.000
      alpha_symdir   7.636036    3.515092    4.359536   11.393840    7.397613  11817.84  11932.83    1.000
      alpha_symdir   8.138757    3.897280    4.680315   12.052110    7.881943  12491.98  12568.60    1.000
      alpha_symdir   7.589274    3.364771    4.453382   11.305930    7.342921  11349.03  11735.86    1.000
      alpha_symdir   6.538235    2.794124    3.728097    9.909575    6.303542   9488.08   9752.65    1.000
      alpha_symdir   7.207909    3.086501    4.153388   10.720020    6.976377   9638.15  10197.85    1.000
      alpha_symdir   6.824923    2.648497    4.011373   10.061510    6.595707  10916.38  10992.59    1.000
      alpha_symdir   6.281980    2.607393    3.565224    9.575015    6.048871   9526.36  10284.70    1.000
      alpha_symdir   6.480141    2.860644    3.534763    9.845749    6.246890  11594.65  11754.74    1.000
      alpha_symdir   8.146005    3.840614    4.732903   12.048090    7.899276  10193.74  10720.73    1.000
      alpha_symdir   6.270384    2.247131    3.706514    9.327332    6.050179   6977.78   7681.75    1.000
      alpha_symdir   8.091703    3.734405    4.706786   12.012440    7.858563  10738.58  11598.41    1.000
      alpha_symdir   5.840632    2.751601    3.111506    9.246178    5.597458  12377.00  12391.55    1.000
      alpha_symdir   7.868298    3.287444    4.662422   11.481570    7.629933   9716.01  10590.84    1.000
      alpha_symdir   5.344955    2.349471    2.759968    8.378715    5.101924  11571.56  11868.28    1.000
      alpha_symdir   5.804729    2.553922    3.085758    8.988010    5.567797  12001.54  12159.83    1.000
      alpha_symdir   4.856368    2.308485    2.289882    7.877096    4.599469  11600.70  11720.18    1.000
      alpha_symdir   5.005247    1.932995    2.701579    7.827125    4.788824  10926.64  11117.29    1.000
      alpha_symdir   5.999914    2.641911    3.129868    9.194236    5.758837  12212.90  12292.10    1.000
      alpha_symdir   9.193090    4.068432    5.613116   13.243790    8.963176  11106.76  11307.38    1.000
      alpha_symdir   6.335883    2.693546    3.450898    9.578425    6.094813  11395.68  11917.72    1.000
      alpha_symdir   8.321746    3.696178    4.951549   12.248800    8.086773  10360.53  10368.78    1.000
      alpha_symdir   7.557183    3.243764    4.395568   11.183770    7.323500  10439.47  10637.96    1.000
      alpha_symdir   7.307348    3.123493    4.252962   10.820970    7.070012  11021.63  11151.24    1.000
      alpha_symdir   6.043704    2.581786    3.295847    9.271847    5.808678  11231.10  11289.63    1.000
      alpha_symdir   5.882172    2.272584    3.360147    8.901811    5.662040  10135.06  10512.46    1.000
      alpha_symdir   5.191112    2.438289    2.495206    8.280573    4.956854   8945.13   9103.58    1.000
      alpha_symdir   6.445308    2.509330    3.744753    9.651845    6.227574  10688.78  10898.09    1.000
      alpha_symdir   6.146458    2.251038    3.497258    9.098212    5.930675   9326.53  10749.39    1.000
      alpha_symdir   5.344291    2.347799    2.827867    8.477060    5.109677  10293.66  10339.99    1.000
      alpha_symdir   5.172066    2.115280    2.818957    8.159323    4.941156  11599.29  11638.27    1.000
      alpha_symdir   4.934001    2.089196    2.574589    7.863818    4.689896  10113.18  10425.27    1.000
      alpha_symdir   3.607164    0.810755    2.021904    5.373269    3.463480   7252.99   7647.39    1.000
      alpha_symdir   5.506005    1.945608    3.086821    8.268309    5.291878   9081.00   9441.66    1.000
      alpha_symdir   5.246434    1.923982    2.944550    8.027779    5.022834  10448.10  10561.16    1.000
      alpha_symdir   9.284520    4.259010    5.571884   13.370130    9.064883  10781.56  11344.74    1.001
      alpha_symdir   5.203840    2.081002    2.811234    8.132346    4.967246  11738.41  11974.99    1.000
      alpha_symdir   5.188381    1.970768    2.862348    8.069317    4.970364  10147.33  10169.25    1.000
      alpha_symdir   5.441381    1.974785    3.129906    8.307466    5.223225   9806.36  10163.75    1.000
      alpha_symdir   4.540965    2.023187    2.223881    7.372620    4.294831  11367.62  11456.34    1.000
      alpha_symdir   6.821438    2.614464    3.988255   10.035190    6.593230  11558.73  11858.63    1.000
      alpha_symdir   5.799089    2.556581    3.083353    8.991809    5.556627  10868.35  11521.28    1.000
      alpha_symdir   8.649997    3.809444    5.213140   12.595900    8.435726  10320.57  10693.78    1.000
      alpha_symdir   6.543485    2.597703    3.721736    9.744335    6.337607   9500.50   9875.79    1.000
      alpha_symdir   7.039064    2.850764    4.190271   10.490760    6.792448   7689.64   8057.81    1.000
      alpha_symdir   5.618629    2.526966    2.991266    8.870488    5.385542  11182.67  11415.65    1.000
      alpha_symdir   5.616599    2.253862    2.965673    8.522059    5.383087  10973.82  11319.78    1.000
      alpha_symdir   5.176128    1.817736    2.954561    7.911759    4.957242   8154.95   8216.52    1.000
      alpha_symdir   6.364470    2.990787    3.397653    9.886607    6.109734   8358.83   9062.91    1.000
      alpha_symdir   7.316349    3.224306    4.218125   10.969630    7.096309  12185.22  12251.13    1.000
      alpha_symdir   6.975207    3.174638    3.900172   10.496050    6.727211   9079.70   9832.79    1.000
      alpha_symdir   7.149495    2.749361    4.317149   10.507090    6.939523   9991.60  10133.16    1.000
      alpha_symdir   4.739813    1.750693    2.553535    7.409568    4.517905   2357.82   4516.54    1.001
      alpha_symdir   5.520761    2.195346    3.015428    8.504546    5.299414  11324.98  11835.94    1.000
      alpha_symdir   3.912537    1.839024    1.714487    6.590821    3.662423  11294.89  11402.36    1.000
      alpha_symdir   7.196484    2.904939    4.276679   10.714930    6.974096  11074.78  11380.27    1.000
      alpha_symdir   5.115331    2.342413    2.554346    8.187902    4.876761  11418.86  11742.92    1.000
      alpha_symdir   7.555181    3.223646    4.392750   11.150240    7.329398  10807.64  11164.72    1.000
      alpha_symdir   4.524763    1.762875    2.304454    7.167182    4.298804   9513.16   9770.61    1.000
      alpha_symdir   7.766759    3.355797    4.508364   11.372460    7.530579   9068.55  10176.88    1.000
      alpha_symdir   9.443933    4.174931    5.744682   13.455220    9.206272  11563.98  11907.13    1.000
      alpha_symdir   6.574347    2.486375    3.874840    9.717279    6.343887   9938.78  10149.78    1.000
      alpha_symdir   7.288183    3.033262    4.235305   10.709850    7.054173  10482.36  11124.18    1.000
      alpha_symdir   6.588348    2.897424    3.677434   10.009860    6.355638  12337.37  12558.49    1.000
      alpha_symdir   7.782972    3.630163    4.471899   11.614050    7.526368   9543.25  10102.45    1.000
      alpha_symdir   5.857075    2.590343    3.181638    9.123297    5.603926   9387.75  10036.13    1.000
      alpha_symdir   4.594515    1.673362    2.480816    7.197501    4.383802   9827.18   9948.19    1.000
      alpha_symdir   5.766199    2.489610    3.064394    8.934327    5.535351  10779.65  11533.46    1.000
      alpha_symdir   4.691718    1.775446    2.491663    7.376923    4.474308   8234.32   8414.85    1.000
      alpha_symdir   7.922560    3.460449    4.674102   11.682980    7.680538  10923.89  11343.44    1.000
      alpha_symdir   6.455834    2.466578    3.777696    9.586532    6.243871   8890.78   9149.36    1.000
      alpha_symdir   8.438232    3.751160    5.044851   12.367640    8.199731  10196.56  10215.97    1.000
      alpha_symdir   4.423340    1.569091    2.392623    6.964923    4.208816   9514.13   9970.85    1.000
      alpha_symdir   7.078587    2.739660    4.108945   10.306560    6.833158   9853.99  10005.07    1.000
      alpha_symdir   7.283553    2.615523    4.487881   10.571460    7.075915  10081.20  10653.85    1.000
      alpha_symdir   6.690660    3.270024    3.580629   10.339170    6.426724  11602.87  12273.63    1.000
      alpha_symdir   5.623826    2.467649    2.968499    8.768236    5.373016   9681.95   9997.53    1.000
      alpha_symdir   8.843313    4.105588    5.253592   12.903730    8.576993  10912.46  11929.64    1.000
      alpha_symdir   5.840534    2.031579    3.399154    8.710346    5.637450  10935.70  11144.30    1.000
