      TL{all}           6.951740    0.106489    6.312410    7.595021    6.942867   8614.48   9418.05    1.000
      TL{all}           6.297178    0.099037    5.690528    6.927300    6.291313  11680.28  11756.07    1.000
      TL{all}           6.896639    0.097059    6.298697    7.518185    6.887843   9871.67  10557.99    1.000
      TL{all}           6.576307    0.095860    5.971809    7.185454    6.569888  10060.46  10075.35    1.000
      TL{all}           6.800968    0.095601    6.206427    7.424636    6.795528  11550.77  11749.41    1.000
      TL{all}           4.808595    0.111050    4.153535    5.454970    4.798178  12052.59  12185.29    1.000
      TL{all}           6.520105    0.105466    5.885740    7.156524    6.512753  10116.52  10215.49    1.000
      TL{all}           4.540492    0.100249    3.914722    5.151796    4.530383  12237.71  12468.48    1.000
      TL{all}           5.452948    0.100312    4.846414    6.083210    5.443138  13098.92  13257.74    1.000
      TL{all}           7.769870    0.120596    7.103090    8.462469    7.761480   9068.38   9411.05    1.000
      TL{all}           5.922436    0.086557    5.342525    6.492767    5.913044  10841.41  11340.34    1.000
      TL{all}           2.687780    0.075132    2.175456    3.243721    2.676961  10100.91  10132.24    1.000
      TL{all}           5.234004    0.126125    4.559866    5.949767    5.219813   9480.31  10186.49    1.000
      TL{all}           3.728483    0.094349    3.145990    4.340149    3.714315  12756.61  12977.42    1.000
      TL{all}           8.189210    0.134491    7.491283    8.919145    8.182074   9833.08   9945.91    1.000
      TL{all}           7.077384    0.096981    6.474502    7.689125    7.071789  11829.52  12602.98    1.000
      TL{all}           6.766025    0.094860    6.169074    7.378287    6.759079  11161.88  12014.62    1.000
      TL{all}           4.389723    0.096527    3.764203    4.980940    4.378402  15390.91  15425.15    1.000
      TL{all}           2.614049    0.200798    1.802894    3.517536    2.569737  10987.06  11218.13    1.000
      TL{all}           3.363689    0.078971    2.828696    3.924808    3.355123  14467.44  14606.33    1.000
      TL{all}           7.056542    0.095159    6.457686    7.668681    7.049381  11457.50  11879.84    1.000
      TL{all}           4.568091    0.095469    3.984837    5.191601    4.558147   8435.86   9454.80    1.000
      TL{all}           5.991948    0.107929    5.348677    6.627323    5.983154  10964.02  11204.25    1.000
      TL{all}           4.806704    0.091046    4.235080    5.409184    4.800344  12438.77  12734.57    1.000
      TL{all}           6.114566    0.094294    5.520804    6.719799    6.106812   9328.99  10217.10    1.000
      TL{all}           6.246388    0.144635    5.492204    6.983695    6.234177   7686.08   8058.77    1.000
      TL{all}           6.255900    0.105846    5.641106    6.914147    6.247107  11944.48  12023.51    1.000
      TL{all}           5.836804    0.088630    5.270066    6.433568    5.830964  11717.07  11933.11    1.000
      TL{all}           5.442915    0.101562    4.846372    6.091085    5.435442  12572.62  12729.15    1.000
      TL{all}           5.389424    0.078650    4.840233    5.933407    5.384184  12930.18  13155.68    1.000
      TL{all}           5.976402    0.089553    5.405463    6.571406    5.971620  10749.99  11539.56    1.000
      TL{all}           6.697108    0.108502    6.055456    7.342579    6.691685  11043.58  11128.60    1.000
      TL{all}           5.018047    0.069024    4.514065    5.545196    5.012013  11228.41  11980.62    1.000
      TL{all}           3.307941    0.086117    2.751023    3.902422    3.295985  10201.30  10432.51    1.000
      TL{all}           6.219016    0.083203    5.651339    6.781292    6.216142  11325.84  11492.13    1.000
      TL{all}           3.432593    0.071321    2.931104    3.967336    3.424983  10532.70  11277.05    1.000
      TL{all}           3.679062    0.059327    3.214887    4.165558    3.673327  13499.61  14122.97    1.000
      TL{all}           3.049773    0.065446    2.562853    3.565140    3.042432   9122.64   9770.45    1.000
      TL{all}           4.408648    0.102046    3.804944    5.045800    4.394632  11643.90  12255.55    1.000
      TL{all}           4.140692    0.071047    3.621572    4.662383    4.132834  14177.02  14445.96    1.000
      TL{all}           6.544691    0.092934    5.946050    7.141558    6.537371   9675.64  10444.55    1.000
      TL{all}           5.026230    0.085339    4.469769    5.613767    5.018558  12588.44  13127.30    1.000
      TL{all}           6.511324    0.093920    5.922379    7.118942    6.506451   9922.62  10129.27    1.000
      TL{all}           7.241224    0.110459    6.587893    7.883335    7.232607   8259.31   8555.85    1.000
      TL{all}           6.330838    0.100216    5.744500    6.988523    6.322975  11137.79  11355.14    1.000
      TL{all}           4.793696    0.088824    4.225342    5.383351    4.783447   9444.03   9518.71    1.000
      TL{all}           5.621684    0.085069    5.051618    6.194272    5.615977  10743.02  10902.45    1.000
      TL{all}           4.056810    0.085772    3.483708    4.630040    4.044868  10811.60  11429.40    1.000
      TL{all}           5.784423    0.097537    5.184572    6.398421    5.778530  12357.43  12411.24    1.000
      TL{all}           5.671285    0.074203    5.140628    6.209205    5.665950  13327.36  13329.28    1.000
      TL{all}           4.282558    0.088485    3.715720    4.876376    4.273984  10311.26  10895.87    1.000
      TL{all}           3.806991    0.084915    3.244287    4.381121    3.797979  12186.13  13168.64    1.000
      TL{all}           3.545039    0.083664    2.977234    4.107102    3.535485  12991.22  13042.07    1.000
      TL{all}           5.276696    0.085224    4.713475    5.859586    5.270579  12188.34  12784.07    1.000
      TL{all}           5.554791    0.094228    4.974136    6.176143    5.546759  12376.06  12433.92    1.000
      TL{all}           5.294203    0.081006    4.745978    5.853487    5.286020  11821.31  11946.01    1.000
      TL{all}           7.532302    0.116909    6.875277    8.219624    7.524853  10785.09  10899.60    1.000
      TL{all}           4.185073    0.083225    3.637776    4.764383    4.176992  14429.13  14885.30    1.000
      TL{all}           4.212684    0.090708    3.634303    4.811094    4.203338  14024.85  14137.36    1.000
      TL{all}           5.546943    0.082636    4.994875    6.113122    5.539743  11645.19  12190.64    1.000
      TL{all}           2.950885    0.074379    2.416348    3.479981    2.939555  10733.40  11203.82    1.000
      TL{all}           5.704916    0.081646    5.136345    6.257212    5.700432  12760.42  12909.39    1.000
      TL{all}           4.439488    0.085557    3.874842    5.016449    4.433113  12991.15  13007.90    1.000
      TL{all}           7.374456    0.108771    6.721283    8.018539    7.366798   7340.35   7384.69    1.000
      TL{all}           6.773999    0.097237    6.156186    7.371866    6.770198  10139.76  11426.17    1.000
      TL{all}           7.188710    0.121000    6.508550    7.866237    7.177394   8998.95   9948.18    1.000
      TL{all}           3.479524    0.084895    2.898714    4.031622    3.468629  10808.67  11186.28    1.000
      TL{all}           4.491994    0.104409    3.881373    5.142079    4.480826  10790.23  11216.78    1.000
      TL{all}           5.472710    0.110909    4.807028    6.116006    5.462507  10463.79  10668.14    1.000
      TL{all}           5.436698    0.096077    4.813522    6.035600    5.425070  12482.10  12771.25    1.000
      TL{all}           5.772197    0.079776    5.218125    6.321842    5.766809  11251.25  12006.10    1.000
      TL{all}           6.222036    0.139954    5.525640    6.991218    6.209886  11064.05  11245.13    1.000
      TL{all}           6.897958    0.103982    6.276668    7.548451    6.890829  12064.17  12341.28    1.000
      TL{all}           5.011974    0.112059    4.370838    5.677459    5.001367  10388.63  10448.15    1.000
      TL{all}           4.374037    0.077726    3.848333    4.938081    4.366591   7489.63   7522.47    1.000
      TL{all}           3.479939    0.502020    2.244759    4.893135    3.374636   7341.43   7342.20    1.000
      TL{all}           6.419272    0.097324    5.794115    7.020439    6.413489  11921.67  12625.13    1.000
      TL{all}           3.389026    0.087255    2.816128    3.969959    3.376347  14067.06  14145.67    1.000
      TL{all}           6.665138    0.108602    6.038807    7.326496    6.655964   9814.36   9952.28    1.000
      TL{all}           4.397859    0.100747    3.810260    5.049653    4.386811  12254.70  12292.68    1.000
      TL{all}           6.623157    0.110512    5.969782    7.271761    6.615097   7775.30   8376.24    1.000
      TL{all}           7.644038    0.114289    6.983794    8.301053    7.635645  12171.50  12409.63    1.000
      TL{all}           6.024169    0.087250    5.439465    6.600074    6.018105   9440.58   9934.37    1.000
      TL{all}           6.046955    0.102645    5.434815    6.682979    6.038407   8044.10   8876.48    1.000
      TL{all}           4.616771    0.108345    3.982582    5.263441    4.606170  13246.03  13484.64    1.000
      TL{all}           6.189370    0.093668    5.586491    6.786578    6.181168  10883.35  11633.25    1.000
      TL{all}           5.188355    0.097653    4.584487    5.806101    5.178498   8685.52   9290.37    1.000
      TL{all}           4.158171    0.087472    3.573142    4.728398    4.149240  13735.74  13753.35    1.000
      TL{all}           3.966848    0.069408    3.448507    4.480928    3.960326  12367.52  13758.59    1.000
      TL{all}           4.894508    0.097800    4.298237    5.523202    4.884611  13407.69  13573.68    1.000
      TL{all}           6.595024    0.094799    5.997086    7.207024    6.588662  10279.09  10853.89    1.000
      TL{all}           6.831412    0.113113    6.183494    7.494119    6.822868  11178.42  11733.98    1.000
      TL{all}           7.794891    0.119217    7.132219    8.483297    7.786554   7891.70   8718.93    1.000
      TL{all}           3.739413    0.098130    3.140026    4.357871    3.726472  11660.68  12310.94    1.000
      TL{all}           7.157333    0.114891    6.502041    7.827042    7.150646   9696.12  10059.53    1.000
      TL{all}           8.370326    0.130357    7.655527    9.067089    8.365084  11133.97  11376.24    1.000
      TL{all}           4.038741    0.068198    3.526095    4.545678    4.032755  12981.74  13101.38    1.000
      TL{all}           4.817823    0.081510    4.251025    5.369684    4.810911  13164.76  13424.58    1.000
      TL{all}           6.610200    0.104291    5.987886    7.250059    6.601728  11680.57  11969.67    1.000
      TL{all}           5.693431    0.105923    5.057961    6.323720    5.683403  10520.67  10646.68    1.000
