      alpha_symdir{1}               1.231134    0.081379    0.744753    1.797881    1.189929   4569.26   4928.04    1.000
      alpha_symdir{1}               2.331474    1.034754    0.804879    4.321052    2.113549   2612.35   2787.42    1.001
      alpha_symdir{1}               1.465545    0.128313    0.910895    2.186029    1.398020   5004.54   5135.55    1.000
      alpha_symdir{1}               1.366042    0.139790    0.762886    2.101488    1.299504   4353.30   4401.22    1.000
      alpha_symdir{1}               1.412189    0.101563    0.899748    2.043486    1.360689   4890.00   5047.68    1.000
      alpha_symdir{1}               1.013401    0.186888    0.236240    1.820055    0.993783   1044.57   1089.75    1.000
      alpha_symdir{1}               1.316576    0.101642    0.812468    1.929322    1.255947   5046.54   5374.38    1.000
      alpha_symdir{1}               1.220699    0.453875    0.003867    2.403630    1.133827     95.94    103.41    1.002
      alpha_symdir{1}               0.927406    0.081461    0.253346    1.387002    0.940132   1901.22   1960.86    1.000
      alpha_symdir{1}               1.296004    0.049854    0.919594    1.757847    1.265077   6163.25   6202.96    1.000
      alpha_symdir{1}               1.108876    0.057038    0.707596    1.648576    1.093320   2309.12   2476.30    1.000
      alpha_symdir{1}               1.455317    0.790346    0.000478    3.031205    1.356987     14.25   1241.86    1.032
      alpha_symdir{1}               1.853457    0.493207    0.765467    3.247182    1.709549    873.80   2068.49    1.001
      alpha_symdir{1}               1.108688    0.468840    0.071438    2.364387    1.026926    272.84    391.89    1.000
      alpha_symdir{1}               1.531125    0.124962    0.969914    2.233680    1.472450   4783.76   5276.21    1.000
      alpha_symdir{1}               1.306562    0.089289    0.841824    1.889747    1.250622   4421.71   4537.61    1.000
      alpha_symdir{1}               1.425314    0.157051    0.791000    2.229602    1.350191   3956.67   4029.63    1.000
      alpha_symdir{1}               0.850283    0.135541    0.214730    1.446844    0.869633   1076.37   1126.11    1.000
      alpha_symdir{1}               1.337984    0.946066    0.000885    3.122359    1.195469    538.03    681.72    1.001
      alpha_symdir{1}               2.797506    1.520688    1.013712    5.270741    2.522841   3028.90   3076.80    1.000
      alpha_symdir{1}               1.207145    0.145002    0.539531    1.961197    1.168118   3602.54   3609.84    1.000
      alpha_symdir{1}               3.169616    1.375960    1.320836    5.527660    2.938253   3878.84   4100.77    1.000
      alpha_symdir{1}               2.326804    0.631547    1.114993    3.924348    2.166007   3154.11   3480.91    1.000
      alpha_symdir{1}               1.767170    0.715547    0.632621    3.522807    1.552071    296.87    813.65    1.003
      alpha_symdir{1}               1.017786    0.079791    0.604204    1.626289    0.964509   4095.09   4243.68    1.000
      alpha_symdir{1}               1.429356    0.133187    0.822208    2.118723    1.368902   3872.13   4291.00    1.000
      alpha_symdir{1}               2.005529    0.479650    0.917672    3.391176    1.870674   3199.70   3502.39    1.000
      alpha_symdir{1}               1.736042    0.347381    0.844541    2.910875    1.615633   3840.19   3940.30    1.001
      alpha_symdir{1}               1.945592    0.512544    0.876569    3.377820    1.790299   2587.99   2662.05    1.002
      alpha_symdir{1}               1.241198    0.101950    0.710359    1.920213    1.200915   1037.71   1800.89    1.000
      alpha_symdir{1}               1.297165    0.144614    0.697915    2.028238    1.229900   2996.77   3295.64    1.000
      alpha_symdir{1}               1.176917    0.046755    0.828058    1.622899    1.147256   2203.53   2851.59    1.000
      alpha_symdir{1}               1.819982    0.379018    0.898277    3.032569    1.693373   3807.87   3922.67    1.000
      alpha_symdir{1}               1.801260    0.724811    0.641245    3.764672    1.599553   2108.87   2266.27    1.000
      alpha_symdir{1}               1.310225    0.061644    0.891464    1.794728    1.273329   4760.54   5550.16    1.000
      alpha_symdir{1}               1.831604    0.588310    0.783272    3.459109    1.651641   3278.98   3373.79    1.000
      alpha_symdir{1}               2.165028    0.692993    0.934300    3.869127    1.987670   2840.07   3298.73    1.003
      alpha_symdir{1}               2.335232    1.098140    0.874454    4.514119    2.087945   3152.45   3190.16    1.002
      alpha_symdir{1}               1.246550    0.861160    0.000078    2.791885    1.286239      8.61     31.57    1.087
      alpha_symdir{1}               1.747825    0.333312    0.827476    2.914332    1.635059   3080.20   3781.92    1.003
      alpha_symdir{1}               1.332862    0.131552    0.659050    2.045190    1.311317   3821.15   3917.78    1.000
      alpha_symdir{1}               1.427123    0.282442    0.665822    2.478997    1.310010   3207.57   3257.59    1.001
      alpha_symdir{1}               1.057614    0.064341    0.641038    1.572389    1.014008   4821.24   5087.16    1.012
      alpha_symdir{1}               1.131338    0.054119    0.749140    1.612908    1.095888   3507.41   4324.22    1.000
      alpha_symdir{1}               1.738383    0.281574    0.880470    2.770269    1.640276   1634.49   1905.67    1.000
      alpha_symdir{1}               1.508339    0.189306    0.837931    2.388271    1.422810   4243.80   4270.10    1.000
      alpha_symdir{1}               1.309718    0.159266    0.714308    2.128360    1.231972   3524.67   3716.52    1.000
      alpha_symdir{1}               1.785449    0.427848    0.768268    3.238501    1.661835   2971.79   3092.85    1.000
      alpha_symdir{1}               1.118722    0.088267    0.657482    1.722292    1.066386   3689.61   4126.04    1.000
      alpha_symdir{1}               0.914569    0.065947    0.521234    1.442874    0.863308   3186.23   3221.35    1.002
      alpha_symdir{1}               1.509978    0.548837    0.606791    3.048633    1.306614    270.78    776.28    1.070
      alpha_symdir{1}               2.295256    0.944211    0.911135    4.427347    2.084696   1179.43   1227.74    1.000
      alpha_symdir{1}               0.861533    0.186992    0.213220    1.558656    0.867109    724.08    789.07    1.003
      alpha_symdir{1}               0.791923    0.228050    0.072480    1.576082    0.784980     19.87    224.72    1.123
      alpha_symdir{1}               1.154443    0.092583    0.669112    1.796916    1.114425   2798.73   3276.77    1.000
      alpha_symdir{1}               1.958535    0.562498    0.825792    3.463996    1.804285   2478.53   2703.94    1.000
      alpha_symdir{1}               1.158010    0.046948    0.796507    1.587372    1.127955   1598.02   3550.54    1.000
      alpha_symdir{1}               0.865012    0.509487    0.051502    2.156001    0.823109     86.13    101.76    1.004
      alpha_symdir{1}               0.706360    0.173408    0.080111    1.441670    0.645588    459.37    731.27    1.000
      alpha_symdir{1}               0.791128    0.049813    0.207436    1.141426    0.794218   1828.89   1953.57    1.000
      alpha_symdir{1}               2.321017    1.064248    0.738170    4.384192    2.102178   2334.96   2775.06    1.000
      alpha_symdir{1}               1.205684    0.066869    0.797180    1.726601    1.162286   4247.56   4751.19    1.000
      alpha_symdir{1}               1.255823    0.182665    0.599022    2.230628    1.186219   2405.18   2656.48    1.003
      alpha_symdir{1}               1.551792    0.170274    0.858576    2.361662    1.482543   4138.08   4531.28    1.000
      alpha_symdir{1}               1.526295    0.180826    0.840041    2.357351    1.453775   3381.63   3792.18    1.001
      alpha_symdir{1}               0.830159    0.034323    0.370686    1.195513    0.832182   3887.46   4106.06    1.000
      alpha_symdir{1}               1.107698    0.295760    0.223414    2.244702    1.073495    661.60    858.22    1.000
      alpha_symdir{1}               0.409148    0.056307    0.191251    0.920246    0.299532   1110.63   1154.52    1.004
      alpha_symdir{1}               0.969994    0.111021    0.244966    1.554112    0.940945   1451.13   1731.46    1.000
      alpha_symdir{1}               1.666554    0.208035    0.932967    2.581632    1.585948   3121.39   3690.04    1.000
      alpha_symdir{1}               1.473477    0.131746    0.854521    2.233821    1.423644   3304.08   3966.00    1.000
      alpha_symdir{1}               1.509477    0.226787    0.821981    2.453330    1.416877   2572.39   3017.84    1.000
      alpha_symdir{1}               1.297556    0.116021    0.758104    1.975109    1.238815   4108.91   4507.76    1.001
      alpha_symdir{1}               1.646080    0.419544    0.599674    2.958922    1.522289   1096.85   1941.45    1.001
      alpha_symdir{1}               1.480006    0.251103    0.631598    2.511022    1.404540   3526.77   3781.13    1.001
      alpha_symdir{1}               1.383275    1.727094    0.000006    3.836849    1.209298     64.74     69.98    1.001
      alpha_symdir{1}               1.865508    0.449616    0.838829    3.221262    1.732109   3270.45   3492.29    1.000
      alpha_symdir{1}               1.924512    0.699243    0.768188    3.717429    1.736135   1575.60   1745.72    1.000
      alpha_symdir{1}               1.968398    0.301162    1.097393    3.052487    1.866623   4705.00   4705.26    1.000
      alpha_symdir{1}               0.994979    0.197896    0.083240    1.792417    0.941511   1804.37   1985.91    1.000
      alpha_symdir{1}               1.282504    0.147711    0.685710    2.058416    1.217502   3504.39   3579.28    1.001
      alpha_symdir{1}               1.192424    0.049905    0.798758    1.657085    1.167024   5440.35   5648.24    1.000
      alpha_symdir{1}               1.210412    0.118872    0.671108    1.881285    1.151620   3389.65   3702.48    1.000
      alpha_symdir{1}               1.276655    0.126839    0.713205    1.983719    1.212246   3940.48   4074.38    1.000
      alpha_symdir{1}               1.082928    0.165506    0.257840    1.730310    1.086363    457.57    727.50    1.002
      alpha_symdir{1}               1.120758    0.079355    0.606408    1.711168    1.098855   4179.08   4182.28    1.000
      alpha_symdir{1}               1.942693    0.552226    0.896752    3.391388    1.771039   2220.62   2323.31    1.000
      alpha_symdir{1}               1.640506    0.381147    0.761159    2.924586    1.516801   2782.55   2986.40    1.002
      alpha_symdir{1}               1.980468    0.583182    0.902818    3.528930    1.795564   3810.93   3819.43    1.000
      alpha_symdir{1}               1.015648    0.112141    0.273039    1.611904    0.976331   2715.04   2958.64    1.000
      alpha_symdir{1}               1.083065    0.055470    0.690152    1.551940    1.044090   4494.82   4597.22    1.000
      alpha_symdir{1}               1.370085    0.099433    0.879143    2.058502    1.340799   1032.86   1143.35    1.001
      alpha_symdir{1}               1.451581    0.152102    0.892612    2.214225    1.369720   2931.11   3634.04    1.001
      alpha_symdir{1}               2.008143    0.547093    0.858487    3.599865    1.868591   1723.74   2347.70    1.000
      alpha_symdir{1}               1.659618    0.380552    0.556158    2.763756    1.609178   2951.58   3131.97    1.000
      alpha_symdir{1}               1.347304    0.073167    0.897177    1.892718    1.309419   5057.75   5271.80    1.000
      alpha_symdir{1}               1.327221    0.188645    0.728362    2.238698    1.236948   2581.40   2754.32    1.000
      alpha_symdir{1}               1.891114    0.479966    0.855947    3.261249    1.742090   4237.93   4258.80    1.000
      alpha_symdir{1}               1.499588    0.134789    0.915419    2.235721    1.437642   5039.45   5085.49    1.000
      alpha_symdir{1}               0.531685    0.057237    0.225091    0.948002    0.460219   1819.30   1828.21    1.002
