      clockrate{all}                0.832451    0.003965    0.706064    0.951844    0.830867    832.62    990.56    1.000
      clockrate{all}                0.691092    0.005854    0.552775    0.845675    0.683697    104.84    142.55    1.009
      clockrate{all}                0.789923    0.003158    0.682803    0.903029    0.788598    378.63    502.77    1.000
      clockrate{all}                0.781176    0.007859    0.627169    0.960712    0.767710     30.74     36.55    1.000
      clockrate{all}                0.639322    0.002574    0.539016    0.737655    0.638114    633.35    648.33    1.000
      clockrate{all}                0.677078    0.012583    0.475575    0.895483    0.664539     42.58    113.79    1.005
      clockrate{all}                0.862023    0.003582    0.744005    0.979597    0.860572    889.67   1081.58    1.001
      clockrate{all}                0.981462    0.039022    0.637985    1.380428    0.950075     28.61    107.98    1.022
      clockrate{all}                0.844888    0.012281    0.633539    1.061907    0.834534    178.30    201.13    1.001
      clockrate{all}                0.815038    0.004477    0.684338    0.944406    0.813074    503.42    548.35    1.000
      clockrate{all}                0.759661    0.003533    0.647741    0.879850    0.758576    229.33    290.22    1.003
      clockrate{all}                0.951863    0.049291    0.575661    1.410807    0.917447    366.98    440.82    1.005
      clockrate{all}                0.790367    0.016758    0.553048    1.052234    0.778882     26.56     90.25    1.014
      clockrate{all}                1.093384    0.100642    0.596070    1.720564    1.035315     75.37     97.34    1.005
      clockrate{all}                0.729478    0.003053    0.623270    0.838273    0.727814    542.42    629.02    1.003
      clockrate{all}                0.615551    0.002622    0.517446    0.716966    0.614051   1087.33   1108.22    1.000
      clockrate{all}                0.642941    0.003263    0.533499    0.755097    0.640064    258.63    358.42    1.002
      clockrate{all}                0.829396    0.030548    0.518272    1.185640    0.808530    146.58    301.61    1.004
      clockrate{all}                1.438788    0.154595    0.781231    2.229899    1.374690    806.15    897.04    1.001
      clockrate{all}                0.743498    0.018888    0.514928    0.992546    0.724246     76.42     97.99    1.003
      clockrate{all}                0.689599    0.002728    0.586272    0.790064    0.687497    972.72    987.42    1.000
      clockrate{all}                0.759862    0.010583    0.566976    0.963408    0.751033    141.59    162.49    1.001
      clockrate{all}                0.920694    0.012478    0.704918    1.139433    0.912644     49.48     64.25    1.018
      clockrate{all}                0.704165    0.036430    0.422630    1.109227    0.658188     19.51     49.40    1.039
      clockrate{all}                0.760758    0.003987    0.636352    0.883495    0.758262    283.60    641.31    1.004
      clockrate{all}                0.870580    0.009184    0.686368    1.057290    0.865261     91.92    135.44    1.001
      clockrate{all}                0.861785    0.014448    0.657524    1.116810    0.844245     39.73     44.36    1.004
      clockrate{all}                0.799448    0.005283    0.662457    0.945524    0.797050    925.03   1020.99    1.000
      clockrate{all}                0.833711    0.018853    0.606122    1.121034    0.810639     29.49     38.60    1.022
      clockrate{all}                0.730286    0.005190    0.591429    0.872659    0.726121     36.23    284.55    1.020
      clockrate{all}                0.706441    0.010893    0.508812    0.913091    0.695407    114.21    149.62    1.004
      clockrate{all}                0.769465    0.006812    0.623237    0.930012    0.761731     78.66     94.71    1.024
      clockrate{all}                0.642503    0.002912    0.540797    0.751478    0.640987    199.44    305.50    1.001
      clockrate{all}                0.718070    0.015791    0.499099    0.949848    0.705297    130.34    163.80    1.000
      clockrate{all}                0.723160    0.003401    0.608321    0.836524    0.719750     43.89    150.49    1.001
      clockrate{all}                0.851120    0.012196    0.648568    1.070098    0.840871     26.64    149.72    1.007
      clockrate{all}                0.813669    0.013267    0.609748    1.037825    0.799498     88.27    117.17    1.060
      clockrate{all}                0.713525    0.012609    0.520451    0.931346    0.697563    112.54    151.40    1.026
      clockrate{all}                0.894517    0.048406    0.553806    1.342981    0.849330     59.03     88.26    1.029
      clockrate{all}                0.762525    0.007494    0.599452    0.931977    0.755793    126.64    390.52    1.014
      clockrate{all}                0.667640    0.003518    0.554888    0.786270    0.664585   1055.50   1084.77    1.000
      clockrate{all}                0.760361    0.017626    0.546212    1.031457    0.738452     49.26     65.99    1.000
      clockrate{all}                0.851470    0.024151    0.617627    1.187057    0.813297     56.08    190.35    1.441
      clockrate{all}                0.857762    0.004618    0.726748    0.990908    0.855542    556.00    627.93    1.005
      clockrate{all}                0.802476    0.009988    0.621658    1.001068    0.788551     43.73     46.78    1.013
      clockrate{all}                0.954773    0.024742    0.678854    1.272941    0.934020     45.72     65.22    1.017
      clockrate{all}                0.890974    0.007967    0.724747    1.071590    0.886641    606.11    648.95    1.000
      clockrate{all}                1.083877    0.027932    0.781562    1.419468    1.066796    130.63    142.05    1.008
      clockrate{all}                0.731201    0.004779    0.598831    0.868019    0.728765    222.58    877.51    1.000
      clockrate{all}                0.712961    0.003160    0.603540    0.822589    0.711137   1379.68   1402.12    1.002
      clockrate{all}                0.832139    0.037617    0.547593    1.234156    0.782463     43.29     49.30    1.223
      clockrate{all}                0.896492    0.019563    0.646452    1.175501    0.877246     28.09     33.35    1.000
      clockrate{all}                0.846080    0.048241    0.506769    1.297727    0.798717     22.55     38.93    1.033
      clockrate{all}                0.846596    0.016081    0.626128    1.099270    0.828456     33.54     46.53    1.003
      clockrate{all}                0.616835    0.003560    0.503238    0.735016    0.614737   1117.21   1136.44    1.002
      clockrate{all}                0.743275    0.011830    0.547595    0.961199    0.730080     47.66     81.24    1.005
      clockrate{all}                0.680423    0.003181    0.570215    0.790469    0.678927    562.76    676.74    1.001
      clockrate{all}                0.729558    0.009569    0.548568    0.920070    0.721023     52.47    116.75    1.007
      clockrate{all}                1.086789    0.074645    0.627299    1.643676    1.046005     58.80     94.17    1.006
      clockrate{all}                0.796703    0.006619    0.645172    0.961582    0.792385    441.41    597.76    1.002
      clockrate{all}                0.881217    0.032957    0.581393    1.262809    0.848172    130.06    149.55    1.004
      clockrate{all}                0.760493    0.003441    0.643976    0.873967    0.758912   1210.15   1286.32    1.000
      clockrate{all}                0.850977    0.010977    0.660063    1.061721    0.841214    127.66    182.91    1.041
      clockrate{all}                0.769186    0.004869    0.639182    0.905108    0.764814     42.26    116.10    1.000
      clockrate{all}                0.616067    0.003593    0.504024    0.737831    0.611906    120.06    128.77    1.004
      clockrate{all}                0.796146    0.004689    0.662106    0.929071    0.793567    283.63    298.27    1.000
      clockrate{all}                0.880108    0.021599    0.617298    1.175166    0.861955     85.94    116.64    1.029
      clockrate{all}                1.006708    0.088550    0.523476    1.591496    0.956643     34.38     91.63    1.022
      clockrate{all}                0.752470    0.008171    0.585084    0.927326    0.746370     58.45    242.41    1.001
      clockrate{all}                0.875661    0.044889    0.537920    1.308019    0.835554     85.36     95.38    1.018
      clockrate{all}                0.678495    0.004036    0.558201    0.804752    0.676848    338.08    401.44    1.001
      clockrate{all}                0.939196    0.026122    0.652604    1.263180    0.916788     27.77     72.75    1.003
      clockrate{all}                0.865689    0.005153    0.727575    1.008921    0.864109    220.42    737.36    1.009
      clockrate{all}                0.729847    0.013191    0.518356    0.948548    0.718595     32.36    143.34    1.008
      clockrate{all}                0.806315    0.007469    0.644410    0.979057    0.800683    297.08    332.73    1.013
      clockrate{all}                1.540054    0.196585    0.792902    2.422235    1.470111    230.27    721.82    1.004
      clockrate{all}                0.641835    0.003560    0.520955    0.754268    0.640977     74.18    124.89    1.002
      clockrate{all}                0.839819    0.023791    0.586282    1.138873    0.813508     37.05     40.33    1.000
      clockrate{all}                0.758751    0.002853    0.654834    0.863752    0.756929    778.44    929.75    1.000
      clockrate{all}                0.869156    0.036522    0.547185    1.247735    0.838733     70.49    116.35    1.010
      clockrate{all}                0.781463    0.009130    0.604276    0.967597    0.773020     66.48    132.24    1.030
      clockrate{all}                0.785236    0.003671    0.668534    0.904524    0.783569    423.63    495.96    1.000
      clockrate{all}                0.736523    0.007496    0.576595    0.910222    0.729521     52.84     88.79    1.007
      clockrate{all}                0.792213    0.005162    0.659927    0.937606    0.789626    239.78    293.46    1.003
      clockrate{all}                0.984532    0.070983    0.595702    1.521013    0.927589     24.16     25.14    1.007
      clockrate{all}                0.716402    0.003835    0.598224    0.841596    0.714946    634.24    679.87    1.000
      clockrate{all}                1.069039    0.043251    0.728305    1.492168    1.028462     14.53     21.91    1.046
      clockrate{all}                0.752567    0.022243    0.519036    1.043466    0.723141     28.69     30.99    1.045
      clockrate{all}                0.752459    0.010453    0.558195    0.950175    0.742319     97.87    156.33    1.002
      clockrate{all}                0.821937    0.026054    0.556779    1.139704    0.795233     77.12    103.69    1.007
      clockrate{all}                0.753616    0.004094    0.629685    0.879530    0.752006   1115.29   1381.67    1.000
      clockrate{all}                0.641767    0.003665    0.528146    0.763916    0.639155   1042.78   1283.06    1.002
      clockrate{all}                0.632522    0.004048    0.510886    0.760073    0.629700    158.65    199.29    1.011
      clockrate{all}                1.149772    0.088122    0.645446    1.749933    1.105079    113.80    142.77    1.004
      clockrate{all}                0.684737    0.012350    0.498178    0.908505    0.666338     23.19     46.19    1.143
      clockrate{all}                0.798258    0.004635    0.666012    0.932823    0.796421    269.27    374.20    1.003
      clockrate{all}                0.753290    0.006178    0.601496    0.906330    0.749046    373.17    507.25    1.000
      clockrate{all}                0.794715    0.007872    0.630520    0.967654    0.786874    136.11    195.52    1.006
      clockrate{all}                0.753422    0.003824    0.635722    0.878878    0.751392    446.55    508.66    1.000
      clockrate{all}                1.051796    0.026352    0.760913    1.367250    1.029556     13.84     15.65    1.023
