0.3488372
0.4098361
0.2272727
0.2727273
0.3409091
0.45
0.1794872
0.1363636
0.4137931
0.3111111
0.3157895
0.1875
0.2173913
0.0625
0.4418605
0.173913
0.2325581
0.3157895
0
0.25
0.326087
0.3333333
0.1612903
0.3076923
0.225
0.4444444
0.2647059
0.2571429
0.1111111
0.2820513
0.4146341
0.4054054
0.2162162
0.1764706
0.1086957
0.3
0.2830189
0.2727273
0.05263158
0.28
0.3617021
0.137931
0.3829787
0.3829787
0.1351351
0.3703704
0.4
0.2916667
0.3030303
0.1555556
0.2608696
0.1111111
0.1578947
0.2666667
0.25
0.08571429
0.3333333
0.2272727
0.3
0.1621622
0.2222222
0.2
0.2
0.1777778
0.255814
0.1
0.05882353
0.4545455
0.2307692
0.3846154
0.325
0.2222222
0.275
0.173913
0.1923077
0
0.3076923
0.2666667
0.1707317
0.1052632
0.2368421
0.2272727
0.2820513
0.2857143
0.05263158
0.3421053
0.3
0.25
0.3076923
0.2083333
0.2790698
0.1142857
0.326087
0.125
0.275
0.1521739
0.2666667
0.2142857
0.3157895
0.2903226
