      TL             6.960651    0.152050    6.202443    7.720947    6.947569    498.39    615.60    1.000
      TL             7.074579    0.190234    6.255169    7.959782    7.056783    654.95    684.99    1.002
      TL             7.651661    0.151312    6.879537    8.402081    7.642364   1254.21   1292.91    1.000
      TL             6.148499    0.134840    5.450953    6.887624    6.132476     84.42    294.50    1.000
      TL             7.939576    0.161971    7.161428    8.735297    7.929357    392.29    619.59    1.001
      TL             4.803410    0.111035    4.167088    5.469045    4.792282   1107.71   1189.51    1.001
      TL             7.028155    0.148547    6.290992    7.803058    7.020354   1115.28   1156.14    1.001
      TL             5.052689    0.172790    4.259758    5.890016    5.028384    533.40    641.57    1.003
      TL             5.986180    0.168530    5.188657    6.796435    5.969817    967.49    992.44    1.003
      TL             7.647737    0.176138    6.821574    8.463355    7.637353    378.36    408.27    1.001
      TL             7.255366    0.139426    6.539085    7.994561    7.244431   1187.90   1377.89    1.001
      TL             3.134215    0.101771    2.527198    3.769810    3.112150   1382.21   1606.73    1.001
      TL             5.058027    0.172111    4.232276    5.855705    5.041316    201.95    499.10    1.000
      TL             3.251004    0.098505    2.660081    3.881647    3.232953    539.35    745.21    1.000
      TL             8.849544    0.232052    7.896711    9.784769    8.837219    618.02    730.63    1.001
      TL             7.474489    0.159944    6.708630    8.270583    7.462360    602.07    686.97    1.000
      TL             7.599323    0.162472    6.830202    8.400986    7.586178    895.01    898.97    1.000
      TL             5.621436    0.272581    4.646045    6.660048    5.579283    793.99    805.10    1.000
      TL             2.377868    0.144150    1.681540    3.124282    2.337601   1146.77   1400.01    1.003
      TL             3.378240    0.099209    2.787409    4.021166    3.362414    388.95    571.94    1.001
      TL             7.484121    0.158004    6.732093    8.283590    7.472876    702.80    894.90    1.000
      TL             5.189469    0.141165    4.449587    5.910444    5.177826    905.76   1077.33    1.000
      TL             6.819779    0.179295    5.999302    7.645276    6.806482    850.09    899.33    1.000
      TL             5.125322    0.133881    4.433811    5.856408    5.111297   1066.48   1160.39    1.000
      TL             6.818080    0.126441    6.129226    7.517486    6.809659   1186.80   1348.53    1.001
      TL             5.734083    0.174603    4.914523    6.560637    5.728599    457.62    533.12    1.000
      TL             7.623232    0.221687    6.739001    8.587253    7.603516    739.12    747.63    1.001
      TL             6.243887    0.166334    5.461720    7.045586    6.225974    533.33    648.62    1.001
      TL             5.921757    0.166820    5.149770    6.750584    5.904475   1131.01   1187.39    1.001
      TL             5.657935    0.119667    4.983827    6.338370    5.646327    624.41    648.70    1.000
      TL             6.865698    0.161923    6.099163    7.679335    6.851745    816.30    939.15    1.000
      TL             6.735303    0.232193    5.823219    7.695670    6.715728    430.92    451.82    1.001
      TL             5.926489    0.149387    5.186981    6.692637    5.915034    376.36    400.13    1.000
      TL             3.879274    0.111039    3.250259    4.548312    3.859862   1428.51   1463.16    1.000
      TL             6.229647    0.098614    5.633525    6.861133    6.223557    833.51    930.12    1.000
      TL             2.776475    0.067524    2.296914    3.301320    2.764022    637.46    717.16    1.000
      TL             3.896792    0.098994    3.303371    4.530449    3.885871    670.13    996.36    1.000
      TL             3.398492    0.079105    2.870107    3.968375    3.383990    252.94    556.36    1.000
      TL             4.400776    0.111903    3.761048    5.059723    4.386129    525.57    762.25    1.005
      TL             4.545774    0.105566    3.912020    5.181384    4.534367    695.38    702.30    1.003
      TL             7.286582    0.157537    6.512420    8.068385    7.280111    814.16    886.98    1.000
      TL             4.685677    0.107578    4.054937    5.334795    4.676179    420.75    546.26    1.002
      TL             7.341039    0.172074    6.558214    8.180920    7.325894    489.59    575.18    1.000
      TL             7.831389    0.181322    6.994582    8.656070    7.822694    620.40    659.59    1.000
      TL             7.097171    0.166737    6.301115    7.897570    7.084529    809.25    848.00    1.002
      TL             4.742224    0.139807    4.024310    5.484834    4.725349    342.33    564.85    1.001
      TL             5.232890    0.089276    4.641592    5.813183    5.224416    925.96   1005.32    1.000
      TL             4.215217    0.102570    3.602730    4.861879    4.202592    268.07    703.57    1.001
      TL             6.743983    0.179331    5.942958    7.587867    6.728271    650.24    740.37    1.003
      TL             5.942153    0.117213    5.283583    6.632316    5.933244    813.56   1062.17    1.001
      TL             4.238866    0.160623    3.480304    5.057311    4.214166    562.26    685.75    1.000
      TL             4.265919    0.132531    3.574936    4.993008    4.242911    720.77    754.66    1.000
      TL             4.089995    0.105424    3.480486    4.744050    4.074902   1039.37   1512.60    1.002
      TL             6.049497    0.173923    5.251955    6.891992    6.039336    348.43    430.70    1.000
      TL             6.803361    0.178122    5.971087    7.624616    6.791166    746.02    864.97    1.000
      TL             5.797243    0.130963    5.067213    6.485511    5.794912    309.39    432.25    1.002
      TL             8.784131    0.189303    7.923259    9.627930    8.772461   1139.83   1189.15    1.000
      TL             4.987575    0.123985    4.325344    5.698565    4.972518    734.95   1039.52    1.000
      TL             5.071293    0.182834    4.259052    5.916432    5.051973    525.55    701.17    1.001
      TL             6.264819    0.156069    5.489918    7.033395    6.249555    438.63    695.21    1.001
      TL             2.898894    0.071441    2.388544    3.428230    2.886495    940.62   1040.79    1.000
      TL             6.511792    0.121428    5.839976    7.198985    6.500645   1457.40   1627.86    1.000
      TL             4.679371    0.110181    4.022030    5.326021    4.670505    748.61    894.84    1.000
      TL             7.175899    0.153241    6.454688    7.981892    7.165145    618.61    866.00    1.001
      TL             6.819428    0.140487    6.084619    7.552351    6.808583    450.98    625.03    1.001
      TL             9.192635    0.247335    8.218995   10.176590    9.174406    890.48    935.44    1.000
      TL             3.996913    0.154622    3.257805    4.789842    3.972209    885.87    899.60    1.002
      TL             5.245069    0.148967    4.518889    6.023209    5.224820   1140.36   1172.31    1.000
      TL             6.511841    0.188614    5.688870    7.381276    6.492778   1035.87   1171.05    1.000
      TL             5.769669    0.222048    4.878725    6.723213    5.752924    467.99    606.58    1.000
      TL             6.161086    0.125835    5.463362    6.854799    6.155995    617.71    710.00    1.001
      TL             6.492726    0.228362    5.570708    7.438162    6.476638    730.32    757.92    1.000
      TL             7.752931    0.182275    6.915012    8.580741    7.740765    615.57    664.95    1.002
      TL             5.062678    0.145062    4.337403    5.821788    5.041234   1071.65   1073.80    1.000
      TL             4.837072    0.149521    4.082159    5.599050    4.823691    328.95    534.29    1.001
      TL             2.989843    0.280556    2.054861    4.036980    2.919941   1399.78   1476.10    1.001
      TL             7.422768    0.172951    6.612772    8.253471    7.415025    724.79    774.37    1.000
      TL             3.660005    0.085855    3.105429    4.244696    3.644399    770.07    869.91    1.000
      TL             7.244688    0.151327    6.511108    8.023164    7.236075   1185.89   1189.18    1.001
      TL             5.532356    0.187060    4.702965    6.391627    5.512532    787.67    950.84    1.000
      TL             7.418766    0.192304    6.612759    8.336898    7.402351    512.65    579.86    1.002
      TL             8.862698    0.207236    8.005006    9.777830    8.848211    975.48    990.65    1.000
      TL             6.465998    0.129697    5.781493    7.181872    6.459018    847.52   1004.07    1.001
      TL             6.259250    0.186425    5.430934    7.110734    6.246460    170.80    441.40    1.005
      TL             4.764979    0.152109    4.003045    5.532868    4.753198    481.20    706.07    1.002
      TL             6.316869    0.138027    5.596151    7.050017    6.304425    590.14    900.49    1.001
      TL             5.614956    0.165349    4.837528    6.421990    5.594819    705.29    748.49    1.000
      TL             5.296565    0.220512    4.417891    6.234295    5.260461    820.18    880.52    1.000
      TL             4.154027    0.093545    3.576641    4.772333    4.142309    574.62    775.81    1.000
      TL             5.081067    0.132425    4.375439    5.798588    5.064496    907.37    932.45    1.002
      TL             8.041595    0.192162    7.201941    8.909980    8.023416    662.08    691.08    1.002
      TL             7.368376    0.179529    6.549981    8.211353    7.354403    702.94    786.18    1.000
      TL             7.993486    0.256154    7.021989    9.007865    7.972055    364.48    411.80    1.000
      TL             4.406714    0.173364    3.629076    5.239211    4.375379    783.67    796.50    1.001
      TL             8.412420    0.192528    7.569604    9.284472    8.398141   1288.21   1333.52    1.000
      TL             9.630129    0.226397    8.709934   10.567210    9.621299    457.00    592.14    1.000
      TL             3.850162    0.077277    3.329024    4.412919    3.838153    654.38    803.57    1.000
      TL             4.698822    0.115572    4.042228    5.370895    4.685488    699.21    881.00    1.000
      TL             7.088250    0.240389    6.145445    8.067477    7.060997    372.56    403.69    1.001
      TL             6.060038    0.164451    5.286236    6.865091    6.044848    446.01    452.58    1.000
