      clockrate                0.499650    0.002515    0.405541    0.600725    0.495023     86.54    122.42    1.040
      clockrate                0.581365    0.003853    0.469347    0.710529    0.576213     86.97    124.77    1.009
      clockrate                0.718470    0.003869    0.604139    0.846113    0.713320     81.32    116.23    1.001
      clockrate                0.571896    0.002667    0.475424    0.674613    0.567535    233.56    258.77    1.005
      clockrate                0.590499    0.003338    0.478635    0.704334    0.589291     84.85     88.14    1.003
      clockrate                0.607991    0.008420    0.446618    0.793871    0.596843    112.73    150.06    1.000
      clockrate                0.534291    0.002186    0.444246    0.628115    0.531345    102.11    123.33    1.001
      clockrate                0.738146    0.023172    0.460729    1.035493    0.718093    145.77    194.98    1.002
      clockrate                0.610495    0.004659    0.483650    0.742732    0.603500    256.26    265.98    1.016
      clockrate                0.655551    0.002753    0.553191    0.757253    0.652383     72.91     84.53    1.001
      clockrate                0.687559    0.004261    0.573118    0.822864    0.680964     54.79     62.39    1.045
      clockrate                0.583043    0.012905    0.378237    0.810423    0.570684    399.34    406.38    1.001
      clockrate                0.567406    0.009016    0.394309    0.760484    0.559689    268.25    268.99    1.000
      clockrate                0.625146    0.024803    0.363699    0.947170    0.599421    225.95    263.75    1.001
      clockrate                0.608364    0.003939    0.487882    0.732949    0.601874     90.73    101.62    1.007
      clockrate                0.560751    0.003858    0.446213    0.682749    0.556081     45.48     50.42    1.001
      clockrate                0.625654    0.002561    0.527772    0.727524    0.625289    186.72    269.98    1.001
      clockrate                0.637681    0.025218    0.390285    0.973468    0.604958    135.92    159.52    1.000
      clockrate                0.724354    0.055527    0.386930    1.205344    0.671442    223.27    268.09    1.002
      clockrate                0.713581    0.008612    0.544849    0.901390    0.703610     71.28    129.41    1.013
      clockrate                0.587565    0.003606    0.478035    0.711070    0.582265     91.81    111.92    1.001
      clockrate                0.636141    0.005965    0.494186    0.793748    0.629253    293.23    339.49    1.001
      clockrate                0.501820    0.005066    0.371684    0.645921    0.495019     92.89    147.63    1.001
      clockrate                0.640786    0.008558    0.480133    0.826814    0.627205     54.80    104.27    1.006
      clockrate                0.622751    0.002518    0.529548    0.726086    0.619919    219.09    245.05    1.001
      clockrate                0.551422    0.006480    0.407656    0.716067    0.541883    243.06    255.64    1.004
      clockrate                0.558925    0.004249    0.441584    0.694537    0.552649     93.92    148.53    1.000
      clockrate                0.580862    0.004477    0.457129    0.713788    0.573819    121.60    142.98    1.001
      clockrate                0.521507    0.005508    0.388627    0.668833    0.512886     81.23    121.81    1.000
      clockrate                0.560315    0.002418    0.469229    0.657220    0.556474     77.92    262.34    1.000
      clockrate                0.605512    0.007602    0.449172    0.781214    0.595123     60.53     74.61    1.004
      clockrate                0.639740    0.003724    0.515601    0.758206    0.637861    125.79    205.70    1.000
      clockrate                0.532423    0.002088    0.444164    0.621489    0.529860    218.56    326.46    1.003
      clockrate                0.501501    0.004560    0.380055    0.639362    0.496257    415.57    490.84    1.001
      clockrate                0.616458    0.001794    0.536181    0.701384    0.614537    217.87    253.61    1.001
      clockrate                0.608972    0.009906    0.430038    0.807264    0.596761    180.08    222.15    1.001
      clockrate                0.777407    0.015812    0.570372    1.042952    0.754565    125.55    125.84    1.001
      clockrate                0.774966    0.009794    0.595062    0.972743    0.764792    293.16    395.47    1.000
      clockrate                0.508650    0.003584    0.395599    0.629656    0.505308    307.56    678.68    1.000
      clockrate                0.591653    0.004609    0.465935    0.727208    0.585458    344.74    358.81    1.002
      clockrate                0.637737    0.003422    0.526183    0.753976    0.633894    145.07    203.62    1.000
      clockrate                0.650118    0.005033    0.519655    0.795512    0.644768    268.45    371.25    1.001
      clockrate                0.615137    0.003062    0.508677    0.722934    0.613189    157.01    199.31    1.001
      clockrate                0.650348    0.005715    0.513651    0.801132    0.642992     25.52     93.64    1.008
      clockrate                0.575631    0.004019    0.458865    0.705862    0.569974    183.74    209.73    1.000
      clockrate                0.538026    0.003978    0.418302    0.664063    0.533266    170.79    200.59    1.002
      clockrate                0.649304    0.004691    0.522834    0.791114    0.643803     97.22    119.08    1.000
      clockrate                0.678906    0.011454    0.481389    0.890348    0.666845    226.70    251.87    1.000
      clockrate                0.549293    0.002608    0.448558    0.648303    0.547105    304.76    336.91    1.000
      clockrate                0.542112    0.003067    0.441116    0.651238    0.537534    166.55    187.17    1.019
      clockrate                0.559293    0.005709    0.424894    0.708768    0.549316    106.39    153.30    1.016
      clockrate                0.661544    0.017352    0.423839    0.922857    0.645823    146.92    147.85    1.003
      clockrate                0.696826    0.020855    0.440962    0.982805    0.674833    213.46    218.15    1.000
      clockrate                0.562979    0.003244    0.458005    0.676754    0.557742    186.90    254.93    1.004
      clockrate                0.554054    0.002052    0.466508    0.642521    0.551998    463.51    518.03    1.000
      clockrate                0.607508    0.003595    0.494838    0.726002    0.603818    469.62    494.66    1.001
      clockrate                0.480877    0.001208    0.414287    0.549693    0.479953    209.27    251.81    1.001
      clockrate                0.623438    0.036291    0.287823    0.945118    0.633450     65.08     73.63    1.061
      clockrate                0.616930    0.007506    0.462233    0.796950    0.607700    374.92    408.31    1.001
      clockrate                0.594650    0.006723    0.445234    0.760576    0.584809    144.85    145.12    1.002
      clockrate                0.686267    0.017894    0.451482    0.962609    0.671099    236.67    267.16    1.003
      clockrate                0.566800    0.002054    0.479116    0.657167    0.564672    126.37    178.73    1.001
      clockrate                0.569640    0.005856    0.432901    0.731469    0.562417    120.38    221.88    1.001
      clockrate                0.586583    0.002004    0.501825    0.678376    0.584648     77.85    100.98    1.010
      clockrate                0.667459    0.004729    0.540866    0.805222    0.660885     63.81     75.11    1.000
      clockrate                0.658701    0.007398    0.501102    0.825755    0.647654     61.85    108.19    1.000
      clockrate                0.655581    0.018250    0.429544    0.934007    0.633882    190.38    197.36    1.003
      clockrate                0.697769    0.013195    0.499905    0.924714    0.681860    169.40    196.91    1.004
      clockrate                0.509488    0.004990    0.379834    0.653190    0.502297    264.52    300.39    1.000
      clockrate                0.601023    0.008537    0.434957    0.787529    0.590063    107.34    127.98    1.003
      clockrate                0.528839    0.002386    0.437057    0.626287    0.524274     93.70    102.97    1.001
      clockrate                0.575638    0.008380    0.409505    0.757798    0.565344    206.36    256.76    1.001
      clockrate                0.622497    0.004085    0.506039    0.753944    0.617788     79.75    129.65    1.000
      clockrate                0.521373    0.003991    0.406195    0.649852    0.515728    219.00    239.20    1.000
      clockrate                0.577917    0.003052    0.472131    0.685441    0.574007    379.51    395.25    1.004
      clockrate                0.603333    0.031244    0.314927    0.939288    0.574741    176.21    352.79    1.002
      clockrate                0.532502    0.002248    0.441909    0.627775    0.529675    138.08    148.57    1.015
      clockrate                0.632829    0.009974    0.455960    0.824892    0.620064    390.49    422.02    1.001
      clockrate                0.658450    0.005202    0.523786    0.802675    0.650884    178.85    198.16    1.002
      clockrate                0.738313    0.027289    0.467520    1.081323    0.708311    187.16    202.35    1.000
      clockrate                0.726898    0.007276    0.575675    0.902999    0.718295     75.80     76.12    1.004
      clockrate                0.556159    0.002520    0.458910    0.652934    0.552250     71.28    148.53    1.007
      clockrate                0.589707    0.005000    0.460103    0.730509    0.583790     52.53     81.11    1.001
      clockrate                0.677951    0.004447    0.554866    0.814659    0.672846    202.63    266.78    1.001
      clockrate                0.572807    0.010352    0.394769    0.774706    0.558070    102.52    160.39    1.015
      clockrate                0.613607    0.003785    0.496392    0.736223    0.607850    182.49    203.71    1.005
      clockrate                0.802319    0.010717    0.619328    1.013207    0.792046     72.60    133.87    1.001
      clockrate                0.451411    0.006165    0.304874    0.604910    0.442843    203.21    218.10    1.008
      clockrate                0.640230    0.004361    0.514167    0.770423    0.636577    241.06    430.63    1.000
      clockrate                0.546240    0.004753    0.415747    0.672418    0.539911    131.21    257.89    1.004
      clockrate                0.533138    0.002611    0.436932    0.635754    0.528151     57.10     63.44    1.000
      clockrate                0.530163    0.002622    0.435247    0.633421    0.526253    142.23    211.46    1.002
      clockrate                0.541587    0.001495    0.469390    0.618681    0.539808    144.09    182.87    1.001
      clockrate                0.659798    0.018502    0.421919    0.930399    0.643470    174.32    177.81    1.000
      clockrate                0.742776    0.015139    0.536400    0.993103    0.728992     42.14     64.40    1.006
      clockrate                0.535083    0.003475    0.424657    0.649865    0.529228    119.40    163.50    1.004
      clockrate                0.594791    0.003117    0.490148    0.707546    0.590458    207.12    295.68    1.000
      clockrate                0.816188    0.023896    0.554409    1.120629    0.791426     30.35     49.29    1.000
      clockrate                0.607323    0.005427    0.471558    0.753474    0.600134     75.23     77.94    1.003
      clockrate                0.704671    0.006202    0.557372    0.863684    0.697373    198.17    245.43    1.003
