0.1627907
0.3333333
0.06818182
0.2727273
0.3181818
0.1
0.1538462
0.1363636
0.1724138
0.1777778
0.2105263
0.125
0.2173913
0.125
0.3488372
0.1521739
0.1162791
0.2631579
0.1428571
0.06666667
0.1304348
0.125
0.2580645
0.3076923
0.15
0.2962963
0.2352941
0.4
0.2222222
0.2307692
0.1463415
0.1891892
0.2702703
0.2352941
0.1521739
0.3
0.07407407
0.3181818
0.2631579
0.24
0.3191489
0.1724138
0.1914894
0.2978723
0.1891892
0.2222222
0.175
0.125
0.3333333
0.1111111
0.173913
0.05555556
0.05263158
0.2333333
0.125
0.2285714
0.1904762
0.1818182
0.3
0.1081081
0.1111111
0.25
0.4
0.2
0.1627907
0.125
0.05882353
0.3181818
0.4230769
0.1923077
0.25
0.3333333
0.1
0.2608696
0.07692308
0.1666667
0.2307692
0.2
0.1463415
0.1578947
0.3421053
0.1818182
0.1794872
0.2
0.2631579
0.1052632
0.1333333
0.15
0.1153846
0.1666667
0.255814
0.1142857
0.326087
0.125
0.325
0.2359551
0.1666667
0.2857143
0.2368421
0.2258065
