      age[0]                   0.987579    0.002109    0.901671    1.077520    0.984232    1.037    2
      age[0]                   1.064118    0.001481    0.993026    1.140389    1.060522    1.000    2
      age[0]                   1.019294    0.001352    0.951272    1.090067    1.016235    1.002    2
      age[0]                   1.080125    0.002362    0.989289    1.178453    1.076978    1.009    2
      age[0]                   1.074792    0.002105    0.990590    1.165691    1.070790    1.001    2
      age[0]                  1.058695    0.003336    0.948110    1.171724    1.055214    1.000    2
      age[0]                   1.057024    0.001273    0.991936    1.127662    1.053519    1.006    2
      age[0]                  0.817530    0.003058    0.728293    0.922449    0.809273    1.005    2
      age[0]                  1.021952    0.001144    0.958356    1.089745    1.019201    1.005    2
      age[0]                   0.955636    0.000678    0.906755    1.005949    0.953378    1.005    2
      age[0]                   0.974341    0.001238    0.906717    1.039873    0.972181    1.015    2
      age[0]                  0.926539    0.003174    0.834688    1.031786    0.916114    1.000    2
      age[0]                  0.946883    0.003328    0.857060    1.055538    0.937166    1.000    2
      age[0]                  0.969710    0.004567    0.855973    1.107177    0.959471    1.000    2
      age[0]                   0.983366    0.001661    0.907449    1.063934    0.979923    1.000    2
      age[0]                   1.065176    0.002090    0.979138    1.155050    1.060845    1.000    2
      age[0]                   1.057958    0.000899    1.003785    1.117689    1.054830    1.001    2
      age[0]                  1.060169    0.007925    0.895665    1.234999    1.051362    1.000    2
      age[0]                  0.869433    0.011105    0.673165    1.072996    0.862188    1.010    2
      age[0]                  0.997877    0.000961    0.951794    1.055916    0.992855    1.001    2
      age[0]                   1.019512    0.001639    0.945506    1.100245    1.015621    1.003    2
      age[0]                  1.039970    0.001426    0.979087    1.111729    1.033310    1.000    2
      age[0]                  0.964015    0.003537    0.852553    1.081079    0.959001    1.000    2
      age[0]                  0.957003    0.002042    0.874296    1.042621    0.953604    1.004    2
      age[0]                  0.944168    0.000709    0.898870    0.993322    0.940776    1.000    2
      age[0]                  1.014425    0.005820    0.870027    1.164105    1.009790    1.008    2
      age[0]                  0.957075    0.001820    0.874897    1.041464    0.954207    1.000    2
      age[0]                  0.969629    0.002525    0.875303    1.068717    0.966130    1.009    2
      age[0]                  0.963029    0.004316    0.834747    1.091455    0.958648    1.000    2
      age[0]                   0.955683    0.002006    0.871930    1.046552    0.953041    1.001    2
      age[0]                   1.027254    0.002981    0.926888    1.143973    1.024485    1.018    2
      age[0]                   0.985504    0.001192    0.929126    1.054392    0.979037    1.000    2
      age[0]                  1.081533    0.001401    1.007973    1.153085    1.080228    1.016    2
      age[0]                  1.014514    0.001499    0.970761    1.089878    1.004150    1.000    2
      age[0]                   0.988270    0.000726    0.936541    1.038475    0.985718    1.000    2
      age[0]                  1.068843    0.002611    0.975035    1.171964    1.063622    1.000    2
      age[0]                  0.940766    0.002810    0.843296    1.048462    0.937775    1.000    2
      age[0]                  0.911270    0.000257    0.883217    0.942721    0.909067    1.000    2
      age[0]                  1.031648    0.000985    0.980669    1.092336    1.026310    1.000    2
      age[0]                  1.060611    0.001615    0.986028    1.141058    1.056800    1.002    2
      age[0]                   0.949553    0.001341    0.881136    1.022647    0.946567    1.000    2
      age[0]                  1.015908    0.002331    0.926479    1.114884    1.012177    1.007    2
      age[0]                   0.869965    0.002070    0.785834    0.960844    0.865065    1.004    2
      age[0]                   0.989349    0.001336    0.919265    1.060878    0.986464    1.001    2
      age[0]                  1.071082    0.001432    1.002007    1.149694    1.067408    1.000    2
      age[0]                  1.067377    0.001995    0.985791    1.157941    1.062130    1.001    2
      age[0]                   0.997390    0.001087    0.935493    1.062665    0.994863    1.000    2
      age[0]                  1.003840    0.002267    0.917529    1.093585    0.997975    1.001    2
      age[0]                  0.995922    0.000841    0.948167    1.049832    0.991204    1.003    2
      age[0]                   1.027783    0.001333    0.964671    1.101456    1.022891    1.002    2
      age[0]                  1.041743    0.001693    0.962582    1.121483    1.039379    1.011    2
      age[0]                  0.963241    0.005070    0.842742    1.105492    0.952320    1.001    2
      age[0]                  0.913335    0.002940    0.827731    1.016043    0.904896    1.000    2
      age[0]                  0.992748    0.004299    0.867743    1.118983    0.986640    1.001    2
      age[0]                  1.025225    0.001131    0.964151    1.093919    1.022300    1.001    2
      age[0]                  1.027522    0.000841    0.974807    1.084888    1.024946    1.001    2
      age[0]                   1.044134    0.001085    0.981680    1.108274    1.041294    1.000    2
      age[0]                  1.007458    0.010142    0.863013    1.207563    0.980214    1.035    2
      age[0]                  1.025774    0.002739    0.928037    1.130164    1.021519    1.000    2
      age[0]                  1.014629    0.001704    0.942682    1.092993    1.011201    1.007    2
      age[0]                  1.012994    0.001781    0.956539    1.092580    1.004252    1.002    2
      age[0]                   1.002714    0.001249    0.936524    1.075568    1.000444    1.000    2
      age[0]                  1.075303    0.002172    0.986488    1.165574    1.071703    1.001    2
      age[0]                   1.053912    0.001866    0.974186    1.139695    1.049658    1.000    2
      age[0]                   0.982967    0.001450    0.914858    1.060032    0.978149    1.002    2
      age[0]                   0.986782    0.003130    0.883411    1.098218    0.982218    1.002    2
      age[0]                  0.962563    0.009105    0.786401    1.144933    0.954990    1.002    2
      age[0]                  1.036894    0.002192    0.949565    1.129685    1.032647    1.002    2
      age[0]                  1.053728    0.004123    0.934140    1.179712    1.048245    1.000    2
      age[0]                  1.049539    0.002931    0.958092    1.159002    1.041939    1.000    2
      age[0]                   1.068143    0.002126    0.981742    1.162295    1.065275    1.000    2
      age[0]                  1.009249    0.002480    0.921096    1.108282    1.003455    1.004    2
      age[0]                   1.032898    0.002024    0.951292    1.123688    1.029308    1.001    2
      age[0]                  0.959177    0.001947    0.878431    1.048481    0.955347    1.000    2
      age[0]                  1.056229    0.001638    0.980110    1.135467    1.052584    1.003    2
      age[0]                  0.923630    0.009616    0.792186    1.107416    0.906991    1.002    2
      age[0]                   1.054651    0.002296    0.961795    1.149967    1.050259    1.030    2
      age[0]                  1.073699    0.003105    0.971579    1.186512    1.069421    1.000    2
      age[0]                  1.027053    0.001537    0.953434    1.101222    1.023790    1.000    2
      age[0]                  1.036950    0.003758    0.917811    1.154494    1.031866    1.000    2
      age[0]                   0.864171    0.003217    0.760175    0.977840    0.859193    1.016    2
      age[0]                   0.957813    0.002348    0.867446    1.056551    0.954366    1.001    2
      age[0]                   1.017534    0.002315    0.930429    1.108888    1.012495    1.000    2
      age[0]                  0.848439    0.002212    0.759919    0.942415    0.844756    1.002    2
      age[0]                  1.091578    0.007772    0.933133    1.270492    1.085017    1.021    2
      age[0]                  1.046733    0.002227    0.954058    1.137144    1.043989    1.001    2
      age[0]                  0.717056    0.002842    0.610815    0.819530    0.714200    1.001    2
      age[0]                  1.073561    0.005326    0.950449    1.216348    1.063547    1.004    2
      age[0]                  1.042151    0.002464    0.946539    1.142652    1.039253    1.000    2
      age[0]                  0.953277    0.002135    0.869193    1.047352    0.949059    1.000    2
      age[0]                   1.058234    0.001693    0.979803    1.140504    1.055941    1.000    2
      age[0]                  1.002810    0.001460    0.935936    1.082796    0.998964    1.000    2
      age[0]                   1.041140    0.001727    0.965438    1.127892    1.037993    1.000    2
      age[0]                  0.993396    0.004079    0.883217    1.123023    0.984512    1.000    2
      age[0]                   1.044645    0.004856    0.912261    1.180993    1.038421    1.028    2
      age[0]                   1.115848    0.002290    1.028109    1.212045    1.111881    1.002    2
      age[0]                  1.029763    0.000809    0.976414    1.085285    1.027513    1.002    2
      age[0]                  1.021641    0.000723    0.973229    1.075131    1.018600    1.001    2
      age[0]                  0.966292    0.003903    0.843897    1.089750    0.963527    1.007    2
      age[0]                  0.860516    0.001526    0.791427    0.936858    0.854586    1.001    2
