      alpha_symdir   0.701809    0.011571    0.365335    0.871594    0.708943   4169.67   4371.20    1.000
      alpha_symdir   0.502347    0.007473    0.360794    0.673285    0.486627   4379.57   4819.77    1.000
      alpha_symdir   0.796576    0.005082    0.674586    0.927745    0.795670    328.78   6313.95    1.001
      alpha_symdir   0.721917    0.005462    0.585609    0.874837    0.718245  10708.27  11131.50    1.000
      alpha_symdir   0.697909    0.020413    0.370661    0.923660    0.725407   4464.26   4809.41    1.000
      alpha_symdir   0.565016    0.009024    0.369117    0.752372    0.563854  14540.71  14898.55    1.000
      alpha_symdir   0.396307    0.014330    0.313948    0.445055    0.373368     56.15    132.90    1.003
      alpha_symdir   0.892717    0.037693    0.549908    1.288403    0.870637   8630.25   8772.46    1.000
      alpha_symdir   0.738806    0.011268    0.544211    0.964291    0.746071  12258.80  12324.38    1.000
      alpha_symdir   1.007255    0.007785    0.842097    1.183907    1.000321  12813.88  12963.56    1.000
      alpha_symdir   0.675843    0.008082    0.499455    0.855539    0.670371   8508.99   8832.17    1.000
      alpha_symdir   1.054998    0.091912    0.326171    1.605617    1.028657   7989.15   8304.64    1.000
      alpha_symdir   0.652121    0.017533    0.418106    0.924778    0.633703  10376.25  11346.32    1.000
      alpha_symdir   0.579933    0.077357    0.296692    1.185467    0.457668   4406.19   4698.65    1.000
      alpha_symdir   0.990411    0.006852    0.833010    1.154802    0.985386   9211.34   9476.82    1.000
      alpha_symdir   0.729761    0.006750    0.606412    0.872881    0.735214   1300.39   1364.36    1.000
      alpha_symdir   0.779176    0.005425    0.642186    0.926132    0.772571  10136.95  10420.64    1.000
      alpha_symdir   0.549906    0.016782    0.358347    0.816789    0.519423  11478.12  11551.73    1.000
      alpha_symdir   0.503188    0.046403    0.096310    0.886170    0.449871  13204.55  14029.38    1.000
      alpha_symdir   0.462666    0.009631    0.326475    0.640333    0.441588  15401.38  15646.16    1.000
      alpha_symdir   0.769363    0.002939    0.666383    0.878231    0.766115  12453.42  12603.11    1.000
      alpha_symdir   0.430413    0.009143    0.304721    0.591506    0.408754  10676.23  11026.68    1.000
      alpha_symdir   0.864356    0.008539    0.699084    1.045068    0.860369   9104.34   9123.64    1.000
      alpha_symdir   0.773445    0.025197    0.323340    1.022806    0.791271   8986.95   8987.11    1.000
      alpha_symdir   0.750244    0.005362    0.616713    0.895447    0.746741  11017.40  11114.34    1.000
      alpha_symdir   0.740638    0.008510    0.582997    0.918571    0.740225  10219.71  10340.22    1.000
      alpha_symdir   0.841259    0.004487    0.713782    0.976037    0.838636  14715.43  15551.90    1.000
      alpha_symdir   0.523096    0.054383    0.312596    1.006192    0.405392    732.61    815.11    1.001
      alpha_symdir   0.625249    0.013235    0.390626    0.830416    0.635899   6922.77   7265.07    1.000
      alpha_symdir   0.913218    0.008208    0.749140    1.096280    0.905706  10591.66  10741.34    1.000
      alpha_symdir   0.852725    0.006636    0.703028    1.016254    0.849668  10625.57  11488.99    1.000
      alpha_symdir   0.665496    0.005681    0.532955    0.818038    0.656221  10336.11  10675.50    1.000
      alpha_symdir   0.704331    0.004586    0.579366    0.842918    0.701588  14470.92  14752.13    1.000
      alpha_symdir   0.734433    0.034769    0.297198    1.036636    0.747328  12951.10  13200.17    1.000
      alpha_symdir   0.782987    0.004154    0.661729    0.913187    0.778707  14395.20  14402.75    1.000
      alpha_symdir   0.536390    0.030737    0.231185    0.815172    0.559821  10710.32  11110.90    1.000
      alpha_symdir   0.508126    0.010004    0.328830    0.705861    0.497804  13494.14  14182.89    1.000
      alpha_symdir   0.738017    0.076606    0.296515    1.230920    0.710862   4783.85   4834.42    1.000
      alpha_symdir   0.500161    0.004722    0.370024    0.637378    0.495263  14762.44  15670.29    1.000
      alpha_symdir   0.543830    0.042348    0.318786    0.976193    0.450611   7400.67   7576.93    1.000
      alpha_symdir   0.892384    0.011097    0.705919    1.103864    0.877935   4952.89   5058.81    1.000
      alpha_symdir   0.566005    0.018663    0.348061    0.808325    0.547095   8194.07   8225.49    1.000
      alpha_symdir   0.853376    0.006680    0.699457    1.019092    0.848403   7473.86   7869.12    1.000
      alpha_symdir   0.611407    0.003476    0.495827    0.733130    0.611677   9049.76   9271.40    1.000
      alpha_symdir   0.839176    0.007411    0.672481    1.006103    0.833460  13388.07  13694.56    1.000
      alpha_symdir   0.579151    0.017548    0.326123    0.801122    0.587078  12280.81  12799.55    1.000
      alpha_symdir   0.927584    0.017767    0.724730    1.176282    0.932190    207.70    567.92    1.003
      alpha_symdir   1.141338    0.052674    0.759702    1.666381    1.143380   4946.13   5031.42    1.000
      alpha_symdir   0.645059    0.025396    0.359936    0.940343    0.631310   8500.68   8820.07    1.000
      alpha_symdir   0.730967    0.022073    0.305669    0.925442    0.756473   2997.29   3081.17    1.000
      alpha_symdir   0.834805    0.023464    0.590044    1.206210    0.842754   5073.30   5411.96    1.000
      alpha_symdir   0.597303    0.008555    0.402577    0.773988    0.602902  12715.08  12718.88    1.000
      alpha_symdir   1.096905    0.078548    0.630449    1.665524    1.046703   6126.05   6521.05    1.000
      alpha_symdir   0.389616    0.013013    0.276756    0.733450    0.360171   2334.32   2586.18    1.001
      alpha_symdir   0.581847    0.013263    0.369366    0.799521    0.577076   5048.69   5718.18    1.000
      alpha_symdir   0.697040    0.021386    0.498458    1.068321    0.660235   3666.14   3804.52    1.000
      alpha_symdir   0.656398    0.022832    0.374040    0.926260    0.653710   5070.34   5212.62    1.000
      alpha_symdir   1.195053    0.050480    0.788725    1.649993    1.174647   6324.56   6687.96    1.000
      alpha_symdir   0.819623    0.014376    0.608441    1.061204    0.819799  12264.53  12361.90    1.000
      alpha_symdir   0.847918    0.011701    0.652451    1.061851    0.835279   8111.42   8312.15    1.000
      alpha_symdir   0.655359    0.068885    0.264478    1.158615    0.580426   3566.99   3916.26    1.000
      alpha_symdir   0.697201    0.003647    0.580335    0.814311    0.696583   8061.23   9535.62    1.000
      alpha_symdir   0.958441    0.017330    0.703354    1.218271    0.953431   8573.31  10135.58    1.000
      alpha_symdir   1.070856    0.010448    0.876661    1.270986    1.069938   9851.77  10034.49    1.000
      alpha_symdir   0.847793    0.007502    0.680630    1.019407    0.843607   6797.23   7714.30    1.000
      alpha_symdir   0.440047    0.018504    0.305318    0.741971    0.378474   4819.36   5073.09    1.000
      alpha_symdir   0.711455    0.015281    0.484713    0.977283    0.711670  13008.63  13253.99    1.000
      alpha_symdir   0.666098    0.021432    0.370528    0.956153    0.649542  10008.17  10245.68    1.000
      alpha_symdir   0.830928    0.037796    0.311938    1.082817    0.865874   1922.81   2041.07    1.000
      alpha_symdir   0.855554    0.014664    0.650578    1.097839    0.857257   8241.74   8838.57    1.000
      alpha_symdir   0.689676    0.002388    0.596552    0.787046    0.688478  13467.13  13812.97    1.000
      alpha_symdir   0.545864    0.053947    0.326221    1.023766    0.427210   4254.80   4365.05    1.000
      alpha_symdir   0.525728    0.039706    0.294486    0.924473    0.458100   5086.59   5239.01    1.000
      alpha_symdir   0.826910    0.014462    0.612684    1.062796    0.812447   9179.94   9395.58    1.000
      alpha_symdir   0.673363    0.009051    0.497807    0.868699    0.668147  15189.43  15702.23    1.000
      alpha_symdir   0.535969    0.059087    0.109837    0.926644    0.515172   9747.63  10204.50    1.000
      alpha_symdir   0.406983    0.018744    0.283382    0.772962    0.359307   3084.48   3269.79    1.000
      alpha_symdir   0.470278    0.017742    0.278868    0.752623    0.432590  17377.03  17716.10    1.000
      alpha_symdir   0.781359    0.005179    0.643375    0.925465    0.779491   9927.42  10212.98    1.000
      alpha_symdir   0.685703    0.012568    0.457318    0.909201    0.687183  18214.11  18747.37    1.000
      alpha_symdir   0.734920    0.005539    0.592816    0.883036    0.731121  11838.77  11855.55    1.000
      alpha_symdir   0.840059    0.003269    0.726320    0.951751    0.838023  13993.21  15218.93    1.000
      alpha_symdir   0.753276    0.048109    0.291206    1.016150    0.819045   1679.25   1766.29    1.000
      alpha_symdir   0.873953    0.007612    0.714478    1.049236    0.865363  11355.64  11639.15    1.000
      alpha_symdir   0.497371    0.024535    0.278788    0.823437    0.458892   6522.57   7707.95    1.000
      alpha_symdir   0.917152    0.007693    0.754739    1.095870    0.910055  11641.53  12028.07    1.000
      alpha_symdir   0.876030    0.009216    0.699797    1.064095    0.867576   9505.89  11338.94    1.000
      alpha_symdir   0.514572    0.005341    0.390948    0.666920    0.503613  17080.29  17167.46    1.000
      alpha_symdir   0.863356    0.013088    0.658638    1.090525    0.850451  11535.31  11605.65    1.000
      alpha_symdir   0.933999    0.021406    0.681083    1.235300    0.935677   8859.71   9050.35    1.000
      alpha_symdir   0.371823    0.008166    0.278372    0.462161    0.352587   1018.98   1029.06    1.000
      alpha_symdir   0.705687    0.004189    0.585466    0.838929    0.701621  15765.90  16652.41    1.000
      alpha_symdir   0.808666    0.006304    0.663657    0.953887    0.810533   1341.57   1851.89    1.001
      alpha_symdir   0.691441    0.024932    0.301797    0.953026    0.703751  15822.61  16607.64    1.000
      alpha_symdir   0.683017    0.006738    0.531578    0.848649    0.676905   9042.75  10013.28    1.000
      alpha_symdir   0.816315    0.003299    0.702850    0.927778    0.813537  10866.05  11284.38    1.000
      alpha_symdir   0.669660    0.009045    0.494051    0.865528    0.660094  12550.35  12855.10    1.000
      alpha_symdir   1.007578    0.046032    0.332891    1.316709    1.021999   2498.03   3108.34    1.000
      alpha_symdir   0.677182    0.004071    0.561064    0.809072    0.672969  12646.78  12654.96    1.000
      alpha_symdir   0.388366    0.011700    0.271014    0.646608    0.348144   2011.32   2067.26    1.001
