      TL             7.977427    0.215028    7.071616    8.889050    7.964402   4581.73   4587.90    1.000
      TL             8.554164    0.434284    7.317031    9.882991    8.510418   2147.35   2225.77    1.001
      TL             8.402862    0.208861    7.523809    9.310658    8.386865   6379.40   7423.29    1.000
      TL             8.029924    0.218861    7.133282    8.961383    8.015784   3580.66   4182.84    1.000
      TL             9.408352    0.337293    8.305361   10.567620    9.382265   3201.66   3466.24    1.000
      TL             4.871081    0.188626    4.032574    5.725226    4.844887   5721.40   6175.54    1.000
      TL             7.341340    0.201810    6.473433    8.246524    7.331956    591.88   1666.47    1.000
      TL             5.460632    0.268989    4.454688    6.475831    5.441288   5464.96   5602.57    1.000
      TL             7.812015    0.384696    6.646660    9.071570    7.777876   4528.37   4663.23    1.000
      TL             9.824513    0.326965    8.718187   10.958020    9.799746   2098.76   2190.30    1.000
      TL             7.978675    0.278316    6.953510    9.025914    7.960140   2786.41   2943.74    1.000
      TL             2.946224    0.147661    2.213663    3.699283    2.918049   6506.75   6614.70    1.000
      TL             6.096423    0.351234    4.969241    7.284224    6.060313   5389.76   5575.98    1.000
      TL             3.444576    0.201048    2.572639    4.321335    3.422323   3425.69   3626.09    1.000
      TL             9.183740    0.305112    8.133994   10.285240    9.161191   2028.92   2395.49    1.000
      TL             8.615778    0.255952    7.627627    9.600979    8.595698   3982.69   4071.44    1.000
      TL             7.392889    0.191604    6.551019    8.267126    7.384427   5706.16   6226.96    1.000
      TL             5.079499    0.275126    4.074019    6.105312    5.041884   5110.15   5308.63    1.000
      TL             1.930193    0.127148    1.291703    2.652570    1.891765  13216.84  13865.06    1.000
      TL             3.713197    0.161163    2.945747    4.508004    3.686189   6973.96   7006.67    1.000
      TL             8.355935    0.200579    7.496053    9.245847    8.343378   6374.21   6655.56    1.000
      TL             5.604617    0.225350    4.696290    6.545662    5.581746   5651.38   5797.23    1.000
      TL             6.972444    0.296107    5.944590    8.061122    6.944225   3667.40   3829.48    1.000
      TL             5.945410    0.263983    4.965005    6.978670    5.925587   6063.98   6354.64    1.000
      TL             7.853774    0.245240    6.890751    8.831161    7.837682   4466.54   4893.87    1.000
      TL             6.872513    0.320532    5.814200    8.008548    6.837638   3353.35   3509.85    1.000
      TL             8.887576    0.378087    7.741051   10.129910    8.856897   3047.57   3576.73    1.000
      TL             7.648430    0.349070    6.513432    8.812645    7.623992    877.47   1108.41    1.000
      TL             6.314657    0.292001    5.284663    7.386813    6.279099   3075.69   3644.76    1.000
      TL             6.341452    0.162344    5.557370    7.131532    6.328020   4336.14   4612.16    1.000
      TL             7.570386    0.219171    6.687027    8.517884    7.553908   3764.12   3888.75    1.000
      TL             8.559643    0.351745    7.428632    9.750659    8.533444   2261.79   2416.86    1.001
      TL             6.925011    0.208410    6.045140    7.824297    6.907346   3696.28   3881.11    1.000
      TL             3.406427    0.105485    2.776063    4.038549    3.393890   9364.58   9740.58    1.000
      TL             6.895923    0.120965    6.220986    7.578556    6.888866   9878.81  11296.85    1.000
      TL             3.565130    0.134367    2.865162    4.295972    3.547023   6194.49   6698.06    1.000
      TL             5.133389    0.145210    4.392664    5.887624    5.117604   8092.61   8257.98    1.000
      TL             3.046953    0.088449    2.468626    3.624098    3.034111   4526.30   4619.32    1.000
      TL             4.470228    0.234331    3.574791    5.454107    4.437018   6670.78   6843.49    1.000
      TL             4.739107    0.148748    3.993674    5.501798    4.727244   8359.49   8444.42    1.000
      TL             8.773846    0.312099    7.654428    9.866757    8.771109   2277.69   2444.11    1.000
      TL             4.876284    0.147221    4.141117    5.637975    4.860506   9186.33   9222.70    1.000
      TL             7.659440    0.244257    6.703693    8.636105    7.642254   2865.94   2885.06    1.000
      TL             9.088838    0.277709    8.092685   10.146560    9.073445   4254.98   4344.55    1.000
      TL             8.846958    0.322489    7.762610    9.981937    8.823153   3926.05   4536.49    1.000
      TL             5.356919    0.202606    4.513940    6.262979    5.334279   5442.72   5922.20    1.000
      TL             6.354102    0.169065    5.570997    7.172063    6.337584   6200.77   6374.35    1.000
      TL             5.188591    0.253441    4.240188    6.190125    5.161689   3254.00   3530.32    1.000
      TL             6.928366    0.240724    6.000286    7.918063    6.908642   4098.20   4311.50    1.000
      TL             6.804228    0.176291    5.981608    7.623092    6.790284   3942.13   4293.89    1.000
      TL             4.336146    0.141345    3.614490    5.071700    4.316399   6207.14   7168.64    1.000
      TL             4.047341    0.152746    3.319848    4.852914    4.028686  10264.42  10533.60    1.000
      TL             4.499003    0.193223    3.677849    5.391060    4.471575   2910.71   3117.25    1.000
      TL             7.089585    0.300752    6.019708    8.169757    7.070052   3652.80   4189.36    1.000
      TL             7.480997    0.292852    6.440786    8.548748    7.449507   2440.35   3137.10    1.000
      TL             6.384867    0.206286    5.493799    7.304260    6.385009   1754.29   2245.60    1.000
      TL             9.858612    0.320746    8.748567   10.967180    9.841239   3306.93   3605.41    1.000
      TL             4.507711    0.172336    3.724320    5.331494    4.477616   4659.06   4995.83    1.000
      TL             5.016996    0.229350    4.112255    5.972441    4.986641   5679.68   5817.32    1.000
      TL             6.741767    0.200901    5.880736    7.638883    6.729357   4485.86   4756.45    1.000
      TL             2.517059    0.120049    1.826252    3.181040    2.509245   4031.12   4034.86    1.000
      TL             7.668737    0.217414    6.774516    8.593685    7.652742   5110.80   5201.87    1.000
      TL             5.026252    0.163164    4.263328    5.837548    5.003635   5875.67   6308.65    1.000
      TL             8.872657    0.234531    7.921822    9.822534    8.853897   3868.13   4115.83    1.001
      TL             8.981579    0.304517    7.917971   10.077460    8.963322   2266.11   2930.38    1.000
      TL             9.233234    0.373285    8.071025   10.452800    9.206929   3938.78   4129.32    1.001
      TL             4.322725    0.252608    3.392630    5.328098    4.278910   5234.65   5516.98    1.000
      TL             5.469765    0.311799    4.411035    6.596763    5.437692   4565.85   4749.40    1.000
      TL             7.274894    0.539854    5.870736    8.733162    7.234343   2965.43   3036.84    1.000
      TL             7.554289    0.360859    6.403976    8.738983    7.518196   3509.24   3867.05    1.000
      TL             7.127349    0.190858    6.288704    7.995906    7.109563   4733.30   4857.20    1.000
      TL             7.123120    0.303410    6.066734    8.223804    7.101989   4557.64   4787.95    1.000
      TL             9.423984    0.379361    8.215324   10.630810    9.399294   1562.53   1891.43    1.000
      TL             5.373545    0.253221    4.407515    6.378534    5.351681   4892.23   4998.93    1.000
      TL             5.714818    0.205442    4.845534    6.607126    5.686782   3326.86   3686.31    1.000
      TL             2.351202    0.259233    1.434882    3.339504    2.281615  11919.30  12154.62    1.000
      TL             8.781901    0.367054    7.588631    9.971632    8.765304   3187.47   3288.71    1.000
      TL             3.772003    0.130731    3.082719    4.492246    3.752916   4919.76   5991.04    1.000
      TL             8.829823    0.299935    7.779523    9.918981    8.808485   4384.55   4817.12    1.000
      TL             4.916990    0.216423    4.053156    5.861187    4.887797   9927.75  10414.25    1.000
      TL             7.919587    0.293377    6.877659    8.987758    7.895965   3519.17   3898.39    1.000
      TL            10.041443    0.332889    8.926247   11.178870   10.019290   3138.87   3206.41    1.000
      TL             7.011674    0.210300    6.132398    7.919457    6.998555   4234.64   4395.84    1.000
      TL             6.281249    0.193805    5.429213    7.157171    6.262888   4176.68   4795.86    1.000
      TL             4.696453    0.232833    3.783154    5.660720    4.664660   4455.46   4474.54    1.000
      TL             7.315533    0.205531    6.454701    8.220582    7.299779   4897.22   5843.22    1.000
      TL             5.302679    0.129120    4.617571    6.010549    5.288126   3484.02   4183.01    1.000
      TL             4.831091    0.183219    4.036973    5.691425    4.801509   2558.93   2929.97    1.000
      TL             4.648763    0.125740    3.967989    5.352104    4.635378   6085.24   8050.44    1.000
      TL             6.280183    0.303964    5.238862    7.399145    6.251842   5374.53   5619.01    1.000
      TL             8.524825    0.294777    7.455318    9.586792    8.503475   2783.78   3863.59    1.000
      TL             8.699707    0.341399    7.589319    9.858548    8.667998   2619.34   3420.31    1.000
      TL             9.443418    0.417626    8.186870   10.702520    9.411127   2684.81   2747.23    1.000
      TL             4.027061    0.166465    3.268761    4.850009    4.001575   8094.82   8272.07    1.000
      TL             9.440031    0.320619    8.338833   10.555600    9.419436   3706.73   4437.13    1.000
      TL             9.408687    0.275901    8.391124   10.439920    9.387874   3161.43   3844.53    1.000
      TL             4.624781    0.109676    3.992034    5.286916    4.611634   9737.87  10030.46    1.000
      TL             5.404690    0.183468    4.599442    6.273582    5.377533   4841.96   5323.41    1.000
      TL             7.996254    0.289844    6.967906    9.067782    7.970776   2783.13   3292.78    1.000
      TL             6.806655    0.299087    5.764535    7.902660    6.775355   3549.01   3634.97    1.000
