      clockrate                1.073100    0.008791    0.892255    1.254639    1.066132     51.60    440.16    1.010
      clockrate                1.221503    0.034718    0.914508    1.585984    1.189824     41.13     41.31    1.020
      clockrate                1.088363    0.006202    0.935228    1.242328    1.084958   1102.24   1407.62    1.001
      clockrate                1.130243    0.019741    0.901690    1.429699    1.103928     24.64    406.42    1.092
      clockrate                1.028570    0.005670    0.882883    1.178812    1.025584    649.81    723.66    1.000
      clockrate                1.336571    0.041401    0.984824    1.748871    1.309208     84.70     99.91    1.003
      clockrate                1.044966    0.007318    0.879258    1.213515    1.041661    344.73    634.38    1.001
      clockrate                1.623034    0.257871    0.927193    2.546357    1.489998     23.23     26.39    1.000
      clockrate                1.203969    0.019010    0.948052    1.474671    1.189504    113.67    148.82    1.024
      clockrate                1.217108    0.007373    1.047312    1.382278    1.214970   1557.32   1617.81    1.000
      clockrate                0.936976    0.004461    0.808137    1.068803    0.934526    443.33    520.55    1.000
      clockrate                1.122822    0.050476    0.747680    1.582676    1.083741    134.63    244.22    1.017
      clockrate                1.184480    0.036827    0.874562    1.583942    1.151327     99.67    104.19    1.004
      clockrate                1.421228    0.202340    0.808821    2.320241    1.315896     71.37     82.04    1.006
      clockrate                1.127283    0.035168    0.863975    1.536746    1.075288     38.01    541.41    1.419
      clockrate                1.024052    0.004947    0.886495    1.161585    1.022165    436.15    637.75    1.004
      clockrate                1.074366    0.008994    0.889379    1.258815    1.070693   1244.66   1400.04    1.000
      clockrate                1.675979    0.353554    0.822637    2.861118    1.545683     50.16     76.55    1.001
      clockrate                2.193945    0.719818    0.927742    3.916818    2.014446    951.19   1014.57    1.001
      clockrate                1.159335    0.064361    0.773496    1.676039    1.102836     38.87     48.83    1.000
      clockrate                1.075933    0.006219    0.925625    1.235357    1.072822    692.88   1222.89    1.000
      clockrate                1.000831    0.014285    0.774049    1.239160    0.992535    138.54    223.66    1.012
      clockrate                1.139638    0.020600    0.870875    1.414361    1.126599     53.69    628.06    1.013
      clockrate                1.469522    0.018684    1.205560    1.737343    1.462808    491.22    534.58    1.001
      clockrate                1.119702    0.007481    0.952638    1.291256    1.116574    896.08   1083.98    1.000
      clockrate                1.507647    0.123976    0.930755    2.201417    1.452866    164.60    184.72    1.004
      clockrate                1.413371    0.049852    1.045549    1.868846    1.372693     29.54     36.29    1.000
      clockrate                1.213845    0.012064    0.994731    1.425705    1.209710    196.38    491.74    1.003
      clockrate                1.425862    0.038832    1.095489    1.778448    1.402825     52.72    667.88    1.032
      clockrate                1.031889    0.007040    0.871712    1.199288    1.028909    796.03   1149.98    1.000
      clockrate                1.423383    0.054950    1.051706    1.928019    1.375085     29.38     33.61    1.008
      clockrate                1.170527    0.011214    0.969213    1.376727    1.163919    251.90   1009.36    1.003
      clockrate                0.962909    0.005726    0.818149    1.113742    0.960175    487.11    610.27    1.001
      clockrate                1.090306    0.029752    0.779882    1.423047    1.070017    166.34    286.42    1.012
      clockrate                1.053894    0.005265    0.913334    1.196987    1.051754   1225.86   1383.47    1.000
      clockrate                1.106217    0.017975    0.861450    1.376664    1.095593    131.28    153.68    1.012
      clockrate                1.060404    0.010413    0.864751    1.263786    1.056033   1243.22   1305.30    1.002
      clockrate                1.051911    0.023013    0.781950    1.340583    1.031981     96.54    124.73    1.013
      clockrate                1.235139    0.042898    0.878573    1.650993    1.201299     81.32     93.83    1.004
      clockrate                1.028749    0.009325    0.846566    1.222894    1.023717    812.45   1247.23    1.006
      clockrate                1.047011    0.005884    0.897825    1.196598    1.044344    753.69    769.30    1.000
      clockrate                1.001978    0.024231    0.742640    1.300686    0.975895    107.87    329.56    1.146
      clockrate                1.118609    0.006839    0.958673    1.281046    1.116611    358.77    392.28    1.009
      clockrate                1.299090    0.009797    1.111738    1.496718    1.294121    644.54    663.74    1.000
      clockrate                0.994773    0.007062    0.829582    1.158547    0.991492    565.25    577.02    1.001
      clockrate                1.152267    0.078249    0.766911    1.742744    1.086600     53.65     54.11    1.005
      clockrate                1.199350    0.013984    0.972996    1.434211    1.194407    242.49    669.80    1.002
      clockrate                1.541998    0.171717    0.925246    2.394977    1.438451     52.47     75.73    1.010
      clockrate                1.296383    0.069146    0.847236    1.803731    1.270458     22.13    124.55    1.108
      clockrate                0.929857    0.005269    0.789829    1.073865    0.927407    354.61    401.34    1.001
      clockrate                1.362968    0.104596    0.883618    2.028483    1.288122     26.32     28.80    1.001
      clockrate                1.768509    0.332337    0.958251    2.906115    1.650695     23.96    114.89    1.131
      clockrate                1.737415    0.330743    0.912378    2.893271    1.604806     29.30     36.97    1.013
      clockrate                1.511657    0.054833    1.112913    1.978591    1.480923    160.88    303.30    1.001
      clockrate                1.153867    0.030052    0.867561    1.460178    1.128224     40.75     45.02    1.004
      clockrate                1.087800    0.010562    0.891460    1.290711    1.081722    491.14    549.81    1.001
      clockrate                1.127161    0.007080    0.965146    1.291457    1.124120   1160.76   1697.24    1.001
      clockrate                1.035289    0.035075    0.742528    1.403718    0.999809    187.16    244.35    1.000
      clockrate                2.614719    0.794132    1.138197    4.427871    2.451191     49.95     53.67    1.009
      clockrate                1.092840    0.019249    0.848498    1.366805    1.075473     37.99    595.83    1.055
      clockrate                1.081386    0.051434    0.704261    1.533392    1.045794    391.17    448.09    1.000
      clockrate                1.024794    0.005879    0.876510    1.176252    1.022044    489.93    499.79    1.003
      clockrate                1.033845    0.010580    0.846377    1.229485    1.027292    126.59   1233.59    1.003
      clockrate                1.064577    0.005619    0.921665    1.213405    1.062315    450.72    567.92    1.000
      clockrate                1.252460    0.014500    1.030085    1.488052    1.241545     53.15    305.12    1.027
      clockrate                1.508538    0.115289    1.005290    2.200385    1.433000     66.19     87.83    1.000
      clockrate                1.908998    0.424872    1.010344    3.186596    1.761808     24.15     66.28    1.157
      clockrate                2.095909    0.452210    1.094531    3.491491    1.939084     64.55    119.83    1.000
      clockrate                1.570344    0.218399    0.875411    2.477092    1.493343     36.11     56.82    1.001
      clockrate                1.175138    0.029825    0.857623    1.517505    1.157929    126.84    248.05    1.000
      clockrate                1.168499    0.011633    0.956159    1.376647    1.163469    627.11    772.72    1.000
      clockrate                1.224749    0.021840    0.960703    1.527739    1.212190    230.83    242.25    1.004
      clockrate                0.991795    0.008167    0.818321    1.170548    0.987945    361.80    722.61    1.000
      clockrate                1.245944    0.083889    0.848526    1.855184    1.161168     26.00     27.98    1.035
      clockrate                1.146897    0.013005    0.932349    1.374529    1.139167    232.81    838.47    1.000
      clockrate                1.423625    0.219873    0.687499    2.357235    1.337780    166.07    525.29    1.002
      clockrate                1.034229    0.005866    0.887462    1.185988    1.031402    239.41    242.56    1.001
      clockrate                1.169965    0.039025    0.837754    1.568439    1.135429     60.25     64.33    1.001
      clockrate                0.989445    0.005614    0.847859    1.140905    0.986524   1259.39   1463.28    1.002
      clockrate                1.839025    0.912441    0.796436    3.987644    1.467743     50.16     50.57    1.026
      clockrate                1.187793    0.012149    0.976169    1.407167    1.183181    226.97    282.37    1.002
      clockrate                0.985175    0.004404    0.855463    1.114472    0.983522    456.44    487.64    1.000
      clockrate                0.974938    0.014709    0.770739    1.218883    0.957189     36.30     46.87    1.001
      clockrate                1.040330    0.021744    0.789327    1.340222    1.013645     40.06     49.20    1.058
      clockrate                2.871109    1.676119    0.946113    5.202386    2.823188     27.68     40.51    1.001
      clockrate                1.048686    0.007134    0.888765    1.219932    1.046176   1482.93   1639.49    1.000
      clockrate                1.952176    0.331216    1.106329    3.117590    1.823633     62.09     76.31    1.000
      clockrate                1.665522    0.414817    0.893844    2.973269    1.415753     22.96     23.53    1.002
      clockrate                1.144064    0.014771    0.910015    1.375340    1.136390    152.42    437.86    1.003
      clockrate                1.252412    0.045848    0.911287    1.692987    1.214136     56.32     60.77    1.015
      clockrate                1.011026    0.006643    0.850655    1.169595    1.008136    580.28    970.24    1.002
      clockrate                1.100226    0.010014    0.911735    1.302194    1.094564    251.57    480.62    1.000
      clockrate                1.197581    0.009615    1.013878    1.398648    1.193045    348.25    404.25    1.000
      clockrate                2.755435    1.050547    1.283032    4.852510    2.508842     90.18    100.20    1.004
      clockrate                1.146748    0.009367    0.961574    1.341790    1.143543    368.02    480.64    1.002
      clockrate                1.209369    0.008595    1.024906    1.386716    1.206884   1286.66   1388.02    1.000
      clockrate                0.950672    0.008703    0.774655    1.136178    0.945896    744.74    748.78    1.003
      clockrate                1.565017    0.052311    1.145035    2.018964    1.537376    101.50    141.34    1.000
      clockrate                1.197320    0.015971    0.971308    1.414130    1.185457     40.71    265.55    1.045
      clockrate                1.276188    0.039398    0.949331    1.677192    1.240017     24.96     40.66    1.059
