      age[0]                   0.977186    0.002832    0.880128    1.086281    0.971107    1.007    2
      age[0]                   0.999167    0.000764    0.954744    1.050879    0.994988    1.002    2
      age[0]                   1.002306    0.000806    0.949820    1.059248    1.001205    1.000    2
      age[0]                   1.020067    0.001540    0.948107    1.097918    1.017158    1.002    2
      age[0]                   1.033629    0.001092    0.974252    1.102658    1.031360    1.000    2
      age[0]                  1.017358    0.001909    0.936621    1.104919    1.013616    1.003    2
      age[0]                   1.008118    0.000630    0.960840    1.058431    1.005922    1.001    2
      age[0]                  0.752576    0.001007    0.723507    0.817935    0.742682    1.027    2
      age[0]                  1.003595    0.001059    0.945755    1.069872    1.000178    1.004    2
      age[0]                   0.960958    0.001124    0.899826    1.027692    0.958487    1.000    2
      age[0]                   1.001466    0.002527    0.907435    1.092951    0.997021    1.031    2
      age[0]                  0.903153    0.008821    0.831186    1.100179    0.865949    1.074    2
      age[0]                  0.983972    0.004769    0.857623    1.109793    0.976892    1.014    2
      age[0]                  0.954744    0.007528    0.810906    1.129492    0.939143    1.000    2
      age[0]                   1.031988    0.002393    0.942739    1.132331    1.029569    1.070    2
      age[0]                   0.960882    0.000722    0.909907    1.014211    0.958244    1.000    2
      age[0]                   1.076572    0.002087    0.994709    1.170572    1.071938    1.011    2
      age[0]                  1.011931    0.005854    0.870097    1.165610    1.003871    1.000    2
      age[0]                  0.869138    0.024789    0.607963    1.171410    0.844411    1.000    2
      age[0]                  0.983388    0.000752    0.951793    1.037746    0.976411    1.000    2
      age[0]                   0.978456    0.001156    0.915592    1.045318    0.975271    1.004    2
      age[0]                  1.003170    0.000671    0.979083    1.049320    0.995701    1.006    2
      age[0]                  0.894112    0.005067    0.760113    1.029890    0.888201    1.000    2
      age[0]                  0.968828    0.002797    0.860117    1.058219    0.968690    1.025    2
      age[0]                   0.957222    0.001829    0.898853    1.039478    0.947619    1.000    2
      age[0]                  0.980498    0.006225    0.833642    1.143760    0.976211    1.001    2
      age[0]                   0.984310    0.003282    0.877653    1.101042    0.981468    1.001    2
      age[0]                  1.020738    0.002961    0.925116    1.135015    1.015323    1.000    2
      age[0]                  0.889306    0.002513    0.797986    0.989460    0.884193    1.001    2
      age[0]                   0.993273    0.002626    0.900605    1.096353    0.989531    1.001    2
      age[0]                   0.981625    0.001826    0.902815    1.064188    0.977831    1.001    2
      age[0]                   0.977485    0.001080    0.920485    1.041474    0.973050    1.001    2
      age[0]                   0.957917    0.000507    0.916369    1.001954    0.955398    1.010    2
      age[0]                  1.022352    0.002064    0.970761    1.113314    1.010089    1.001    2
      age[0]                   1.010030    0.001103    0.946801    1.071411    1.008972    1.001    2
      age[0]                  1.016680    0.002044    0.937205    1.102644    1.011217    1.004    2
      age[0]                  0.965389    0.002471    0.868530    1.062684    0.962423    1.000    2
      age[0]                  0.922457    0.000495    0.885321    0.966116    0.919376    1.003    2
      age[0]                  0.999786    0.000824    0.965621    1.051976    0.993216    1.001    2
      age[0]                  1.023906    0.001881    0.943945    1.112206    1.019778    1.008    2
      age[0]                   0.932564    0.001161    0.871468    1.003417    0.929413    1.002    2
      age[0]                  0.975932    0.001820    0.894682    1.060348    0.972119    1.000    2
      age[0]                   0.879675    0.001970    0.795796    0.969932    0.877927    1.006    2
      age[0]                   0.942853    0.000809    0.890837    0.999807    0.939813    1.003    2
      age[0]                   0.989653    0.000905    0.941085    1.047813    0.984138    1.004    2
      age[0]                  1.035005    0.001584    0.963590    1.115380    1.030951    1.000    2
      age[0]                   0.973010    0.001131    0.908961    1.035220    0.970085    1.000    2
      age[0]                  0.984289    0.001984    0.915304    1.066842    0.977545    1.000    2
      age[0]                   0.999680    0.001654    0.948143    1.072485    0.996275    1.204    2
      age[0]                   1.025709    0.001433    0.954536    1.097828    1.023073    1.001    2
      age[0]                  1.005073    0.002146    0.924794    1.098002    0.999079    1.002    2
      age[0]                  0.886460    0.003845    0.791918    1.006438    0.874414    1.000    2
      age[0]                  0.856980    0.000634    0.827725    0.906796    0.850360    1.001    2
      age[0]                  0.983873    0.003458    0.872089    1.100584    0.980546    1.000    2
      age[0]                  0.971363    0.001074    0.912849    1.037567    0.968414    1.000    2
      age[0]                   1.035701    0.001322    0.967037    1.102259    1.031871    1.003    2
      age[0]                   1.011472    0.001144    0.953293    1.076995    1.007328    1.000    2
      age[0]                  0.942637    0.001861    0.863897    1.026697    0.938822    1.000    2
      age[0]                  0.987241    0.003529    0.882851    1.105880    0.980003    1.002    2
      age[0]                   0.953657    0.000435    0.927808    0.994894    0.948530    1.005    2
      age[0]                  1.016772    0.001920    0.956540    1.099035    1.008045    1.000    2
      age[0]                   0.970319    0.001651    0.899886    1.049141    0.965904    1.003    2
      age[0]                  1.043046    0.001379    0.976055    1.121003    1.039028    1.001    2
      age[0]                   1.060802    0.002910    0.958806    1.166628    1.057029    1.000    2
      age[0]                   0.964077    0.001516    0.898626    1.034384    0.959306    1.000    2
      age[0]                   1.053801    0.003033    0.953568    1.178141    1.049808    1.001    2
      age[0]                  0.885821    0.007474    0.726271    1.052652    0.879874    1.014    2
      age[0]                  0.979230    0.002182    0.902584    1.065648    0.972463    1.001    2
      age[0]                  0.936322    0.001861    0.856741    1.021138    0.932230    1.002    2
      age[0]                  1.021961    0.001936    0.944062    1.113739    1.017187    1.003    2
      age[0]                   1.005513    0.001126    0.944504    1.074234    1.003111    1.008    2
      age[0]                  0.963073    0.001499    0.894045    1.040325    0.958143    1.003    2
      age[0]                   0.964249    0.001473    0.895457    1.042228    0.960047    1.004    2
      age[0]                  0.926262    0.001954    0.847184    1.011514    0.920792    1.000    2
      age[0]                  1.017262    0.001558    0.942175    1.096116    1.014716    1.002    2
      age[0]                  0.953599    0.026973    0.792186    1.259153    0.908012    1.001    2
      age[0]                   0.963996    0.001026    0.903627    1.026076    0.961876    1.004    2
      age[0]                  1.053868    0.002687    0.960442    1.161294    1.050408    1.000    2
      age[0]                   1.039715    0.001440    0.966658    1.116768    1.036772    1.013    2
      age[0]                  1.019855    0.005208    0.897924    1.168746    1.007200    1.003    2
      age[0]                   0.820499    0.001823    0.740489    0.906490    0.817983    1.000    2
      age[0]                   1.003636    0.002782    0.900168    1.104003    1.000008    1.026    2
      age[0]                   0.972945    0.001249    0.925969    1.041850    0.965859    1.000    2
      age[0]                   0.948607    0.005201    0.817361    1.091209    0.942353    1.002    2
      age[0]                  0.890513    0.001154    0.830103    0.960805    0.886682    1.000    2
      age[0]                   0.959356    0.001154    0.897922    1.028890    0.956031    1.002    2
      age[0]                  0.765927    0.007220    0.612026    0.931367    0.757982    1.003    2
      age[0]                  1.009123    0.005778    0.905130    1.145507    1.003186    1.154    2
      age[0]                  0.972332    0.001940    0.892284    1.061866    0.967812    1.000    2
      age[0]                  0.944433    0.002789    0.843879    1.052089    0.941325    1.006    2
      age[0]                   1.005962    0.001067    0.942549    1.065924    1.003453    1.001    2
      age[0]                  0.962768    0.001268    0.902823    1.027989    0.957829    1.008    2
      age[0]                   1.045686    0.002125    0.959816    1.137557    1.041220    1.002    2
      age[0]                  0.899071    0.001376    0.835436    0.971597    0.892749    1.073    2
      age[0]                   1.078544    0.002713    0.980120    1.179118    1.076250    1.001    2
      age[0]                   1.001442    0.000490    0.961159    1.047509    0.999225    1.002    2
      age[0]                  1.001743    0.001038    0.942314    1.067782    0.998852    1.004    2
      age[0]                  1.012706    0.000965    0.963120    1.070596    1.007497    1.000    2
      age[0]                   0.957625    0.002713    0.856592    1.058623    0.953614    1.000    2
      age[0]                  0.929849    0.003137    0.822716    1.041510    0.926170    1.001    2
