0.25
0.1830986
0.1325301
0.15
0.1264368
0.2105263
0.05263158
0.1
0.2363636
0.2
0.1506849
0.3333333
0.1818182
0
0.195122
0.1460674
0.225
0.2571429
0.4285714
0.0625
0.2857143
0.2608696
0.08196721
0.1428571
0.07692308
0.2244898
0.25
0.2307692
0.1320755
0.12
0.175
0.2777778
0.1388889
0.125
0.1685393
0.05
0.12
0.2195122
0.2972973
0.08
0.255814
0.1428571
0.2727273
0.1235955
0.1549296
0.24
0.2162162
0.173913
0.15625
0.1011236
0.04545455
0.08571429
0.2777778
0.3207547
0.09677419
0.08571429
0.1604938
0.0952381
0.1578947
0.04109589
0.3142857
0.1538462
0.08695652
0.2235294
0.2682927
0.1168831
0.2258065
0.2682927
0.1428571
0.04
0.1842105
0.1698113
0.1621622
0.1555556
0.1372549
0
0.5277778
0.1034483
0.07894737
0.08108108
0.2112676
0.1190476
0.1267606
0.1515152
0.05263158
0.1944444
0.1428571
0.1891892
0.1764706
0.1914894
0.1604938
0.1176471
0.1162791
0.09677419
0.3150685
0.1494253
0.0877193
0.1764706
0.2112676
0.1525424
