      TL          7.389415    0.058766    6.926443    7.876223    7.388090   6750.72   6764.63    1.000
      TL          7.189260    0.061591    6.702940    7.673142    7.184678   4672.44   4804.48    1.000
      TL          7.525805    0.055944    7.069779    7.998002    7.523410  10451.34  10678.67    1.000
      TL          7.060669    0.053742    6.602021    7.507714    7.056207   9516.85  10005.95    1.000
      TL          7.749372    0.061159    7.265770    8.229128    7.745063   7713.90   7945.81    1.000
      TL          4.345487    0.036703    3.964066    4.713462    4.342162  11107.06  11727.33    1.000
      TL          6.715951    0.050863    6.270251    7.150726    6.711764   9727.60  10352.27    1.000
      TL          4.536717    0.045245    4.132191    4.960499    4.532037   7986.65   8193.80    1.000
      TL          5.814343    0.044737    5.409995    6.235705    5.811436  11328.76  11843.36    1.000
      TL          7.856733    0.059456    7.373709    8.329664    7.852353  10977.13  11456.98    1.000
      TL          6.500123    0.052415    6.066722    6.964593    6.496178   5054.83   5958.49    1.000
      TL          3.039559    0.044242    2.643654    3.463452    3.031340   6399.42   6752.55    1.000
      TL          4.610231    0.041825    4.205476    5.001945    4.607286   9362.44  10044.94    1.000
      TL          3.139939    0.032112    2.792024    3.492502    3.136063  10237.93  10645.32    1.000
      TL          8.904830    0.072305    8.386725    9.433788    8.900335   9372.86   9797.38    1.000
      TL          7.907634    0.058657    7.427333    8.375740    7.902972  11828.03  11992.16    1.000
      TL          7.217428    0.057078    6.760173    7.689144    7.213371   7510.69   7828.89    1.000
      TL          4.626613    0.045831    4.211090    5.044925    4.623394  11768.16  11952.62    1.000
      TL          2.515192    0.061165    2.033266    2.996777    2.500946   7182.83   7304.28    1.000
      TL          3.225419    0.031534    2.877709    3.573249    3.222005  11060.36  11422.01    1.000
      TL          7.488068    0.054933    7.015115    7.938931    7.485369   9649.50  10367.90    1.000
      TL          4.889511    0.043887    4.485367    5.303886    4.884598  11094.78  11105.16    1.000
      TL          5.981704    0.050999    5.540007    6.418059    5.977844   9702.04  10059.64    1.000
      TL          4.731998    0.038609    4.348570    5.115816    4.731165  12454.82  12761.89    1.000
      TL          6.483609    0.049288    6.054807    6.919104    6.479486   9566.13  10299.59    1.000
      TL          5.498666    0.045724    5.086784    5.922612    5.494716  10538.63  10853.64    1.000
      TL          7.342471    0.059205    6.871990    7.823275    7.340002  10810.39  11044.07    1.000
      TL          5.941830    0.046230    5.510360    6.353889    5.938585  11112.94  11761.00    1.000
      TL          5.581917    0.046968    5.157328    6.003726    5.579633  10295.89  11217.31    1.000
      TL          6.176737    0.046300    5.755249    6.597795    6.172785  10845.24  10857.58    1.000
      TL          6.960959    0.056444    6.501815    7.432917    6.957881   9096.41   9678.53    1.000
      TL          7.074273    0.053617    6.632410    7.532206    7.073581   9767.46  10128.39    1.000
      TL          5.966834    0.046997    5.551936    6.403553    5.963842   7775.71   8763.43    1.000
      TL          3.684429    0.038100    3.306921    4.069332    3.679379   9613.86   9872.36    1.000
      TL          6.802409    0.048523    6.370219    7.228587    6.798767  11554.11  11839.10    1.000
      TL          3.597097    0.034111    3.233346    3.959175    3.593423  10360.15  10737.81    1.000
      TL          4.597788    0.037902    4.224227    4.985338    4.593340   9731.30   9772.11    1.000
      TL          3.014117    0.026270    2.700462    3.334873    3.010687   9547.30   9758.12    1.000
      TL          4.380621    0.042801    3.978555    4.792993    4.377459  10612.67  10867.10    1.000
      TL          4.520746    0.037337    4.131799    4.890557    4.517211  10045.62  11378.67    1.000
      TL          7.890264    0.061605    7.410496    8.378330    7.885182   6641.36   6914.96    1.000
      TL          5.307708    0.044371    4.901236    5.722271    5.303795   9222.01  10140.37    1.000
      TL          7.597162    0.061005    7.119662    8.087794    7.592579   6667.04   6790.18    1.000
      TL          8.115390    0.059732    7.636314    8.593725    8.111695  10706.17  11479.45    1.000
      TL          7.502617    0.062627    7.008816    7.982129    7.497630   8338.25   8656.95    1.000
      TL          4.781024    0.036673    4.414363    5.160620    4.779277  11903.68  12283.87    1.000
      TL          5.337483    0.037321    4.970425    5.725010    5.333357  11638.80  11687.18    1.000
      TL          4.516467    0.041223    4.120921    4.919553    4.512114  10925.73  11238.97    1.000
      TL          6.626305    0.056489    6.168435    7.094951    6.623532   8699.93   8719.92    1.000
      TL          6.440440    0.047263    6.017314    6.865182    6.438019  10603.91  11073.43    1.000
      TL          4.438391    0.043755    4.035985    4.851281    4.432267   4503.69   5426.19    1.000
      TL          3.878068    0.037487    3.507882    4.270796    3.873529  11473.41  11686.18    1.000
      TL          3.961586    0.037777    3.588674    4.341808    3.955863  10417.42  10446.62    1.000
      TL          5.539133    0.044000    5.136485    5.957239    5.538040  10394.85  10833.78    1.000
      TL          5.250882    0.038278    4.866976    5.631938    5.248465  12186.64  12526.22    1.000
      TL          5.639193    0.043913    5.231203    6.050578    5.634986  10519.03  10840.39    1.000
      TL          8.419938    0.066480    7.912076    8.919170    8.416840   8378.13   8528.67    1.000
      TL          4.476209    0.039903    4.083858    4.861381    4.472038  10900.31  11039.09    1.000
      TL          4.555919    0.041989    4.172528    4.967383    4.551710  11245.27  11538.16    1.000
      TL          6.326625    0.055204    5.865939    6.790602    6.321566   5913.25   6049.86    1.000
      TL          2.823314    0.031869    2.482931    3.176700    2.817484   9655.20   9945.57    1.000
      TL          6.499671    0.049064    6.073473    6.940488    6.499180   9530.15   9685.65    1.000
      TL          4.768265    0.039726    4.392207    5.172442    4.764679  11454.16  11562.85    1.000
      TL          8.093534    0.063854    7.604621    8.591138    8.087603   7436.55   8124.42    1.000
      TL          7.338361    0.054527    6.880945    7.797591    7.335535  10266.96  10303.13    1.000
      TL          8.183493    0.070877    7.659634    8.700860    8.179141   9661.27   9837.77    1.000
      TL          3.726423    0.035221    3.351812    4.088894    3.722536  10714.12  11507.10    1.000
      TL          5.146923    0.053361    4.706014    5.610733    5.142289   9692.36  10113.06    1.000
      TL          6.097023    0.053691    5.649205    6.552803    6.091349  10428.25  10959.39    1.000
      TL          5.875135    0.050870    5.447557    6.328649    5.872137   9988.31  10445.50    1.000
      TL          6.157578    0.044833    5.726407    6.558104    6.155274   9495.14   9925.27    1.000
      TL          5.573675    0.044769    5.160650    5.988378    5.568998  12233.23  12264.70    1.000
      TL          7.725098    0.057121    7.258772    8.195645    7.720726  11727.78  12069.11    1.000
      TL          4.664326    0.040989    4.278607    5.072031    4.661246  10775.26  11400.60    1.000
      TL          4.656863    0.037427    4.270140    5.023662    4.653596  11708.08  12015.41    1.000
      TL          2.435986    0.057468    1.993416    2.925141    2.420788   9823.16  10433.85    1.000
      TL          7.399173    0.059487    6.924730    7.879695    7.394570   8713.27   9084.72    1.000
      TL          3.283468    0.029734    2.952659    3.626699    3.280912  11628.53  12286.13    1.000
      TL          6.908291    0.052734    6.464142    7.361159    6.905241  10111.79  10231.94    1.000
      TL          4.485340    0.039024    4.099424    4.870031    4.482251  12566.75  12587.24    1.000
      TL          6.788812    0.053968    6.329127    7.241359    6.786627   9228.07   9342.82    1.000
      TL          7.996823    0.061475    7.531898    8.502509    7.992925  10006.09  10739.10    1.000
      TL          6.394423    0.048727    5.957991    6.824723    6.391191   9476.07  10399.71    1.000
      TL          6.056521    0.049946    5.632847    6.508211    6.050477   7144.08   7615.44    1.000
      TL          4.697736    0.045511    4.277543    5.109425    4.692817  10803.33  11389.71    1.000
      TL          6.831578    0.052892    6.397121    7.291698    6.827114  11817.89  11845.54    1.000
      TL          5.435208    0.050577    4.994868    5.878446    5.428921   5841.79   6114.08    1.000
      TL          4.575483    0.045074    4.164784    4.995729    4.570513   9511.91   9761.18    1.000
      TL          4.629160    0.037910    4.241883    5.001194    4.626575   9967.28  11278.29    1.000
      TL          5.065877    0.042192    4.680832    5.480391    5.061824  10626.48  11356.20    1.000
      TL          7.886622    0.066336    7.403311    8.412555    7.883175   8389.36   8577.42    1.000
      TL          7.210784    0.057012    6.733437    7.670417    7.206592  10931.34  11671.73    1.000
      TL          8.211193    0.066426    7.704220    8.715265    8.208003   8181.55   8456.29    1.000
      TL          3.811297    0.039370    3.421525    4.199870    3.808047  11520.77  11656.14    1.000
      TL          7.378674    0.056338    6.914646    7.840790    7.373105  11905.79  12180.05    1.000
      TL          8.817680    0.069203    8.283398    9.312206    8.814055   8277.13   8601.13    1.000
      TL          4.154479    0.031986    3.817482    4.517231    4.150472  11009.77  11150.56    1.000
      TL          4.984222    0.039470    4.599054    5.371708    4.982028  10552.32  10605.70    1.000
      TL          7.150346    0.060370    6.668484    7.630495    7.147113   9219.96   9392.43    1.000
      TL          5.246287    0.043028    4.836860    5.649353    5.243370   8641.17   9126.35    1.000
