      age[0]                   0.916549    0.002273    0.841418    1.012374    0.908158    1.008    2
      age[0]                   0.974005    0.000237    0.954719    1.004224    0.970497    1.001    2
      age[0]                   1.012148    0.001364    0.946951    1.086743    1.006879    1.002    2
      age[0]                   1.011456    0.001272    0.945748    1.083850    1.009542    1.001    2
      age[0]                   1.031539    0.001070    0.964876    1.090925    1.029392    1.015    2
      age[0]                  0.999554    0.001828    0.921268    1.076067    0.995424    1.002    2
      age[0]                   0.995711    0.000452    0.957335    1.036960    0.993049    1.001    2
      age[0]                  0.768634    0.002172    0.723508    0.866511    0.751160    1.006    2
      age[0]                  0.977116    0.001219    0.914017    1.048896    0.973646    1.007    2
      age[0]                   0.962125    0.000979    0.904206    1.024511    0.959532    1.016    2
      age[0]                   0.931163    0.000782    0.880147    0.988415    0.927718    1.001    2
      age[0]                  0.890411    0.004458    0.831195    1.030997    0.868335    1.001    2
      age[0]                  0.968279    0.003456    0.857055    1.070369    0.963996    1.013    2
      age[0]                  0.906469    0.002314    0.812770    1.000254    0.902304    1.047    2
      age[0]                   1.012771    0.002385    0.920249    1.106658    1.010445    1.032    2
      age[0]                   0.976165    0.000597    0.929591    1.026027    0.973971    1.000    2
      age[0]                   1.028250    0.001334    0.961203    1.094775    1.023599    1.007    2
      age[0]                  0.928729    0.005120    0.816189    1.064436    0.915720    1.001    2
      age[0]                  0.867281    0.017000    0.640612    1.125292    0.850398    1.002    2
      age[0]                  1.001694    0.002183    0.951793    1.092531    0.989439    1.001    2
      age[0]                   0.970479    0.000796    0.918124    1.024955    0.968102    1.006    2
      age[0]                  1.021470    0.001521    0.979088    1.099398    1.010515    1.010    2
      age[0]                  0.896934    0.003095    0.794531    1.013178    0.892646    1.005    2
      age[0]                  0.896453    0.001064    0.859138    0.962143    0.888080    1.027    2
      age[0]                   0.933671    0.000696    0.898863    0.983666    0.927955    1.000    2
      age[0]                  0.879416    0.002611    0.785075    0.979690    0.874056    1.004    2
      age[0]                  0.934319    0.002473    0.839675    1.031678    0.931789    1.001    2
      age[0]                  0.883522    0.001091    0.834448    0.943597    0.879449    1.000    2
      age[0]                  0.820192    0.002237    0.736412    0.919263    0.815800    1.014    2
      age[0]                   1.027410    0.005824    0.881535    1.178113    1.023827    1.016    2
      age[0]                   0.950168    0.000965    0.893592    1.015981    0.947307    1.000    2
      age[0]                   1.015444    0.005374    0.914774    1.149999    1.004201    1.010    2
      age[0]                  1.016138    0.000666    0.964675    1.068371    1.013951    1.002    2
      age[0]                  1.086442    0.009031    0.970769    1.263471    1.068209    1.002    2
      age[0]                   0.954526    0.000514    0.913798    0.999798    0.952571    1.000    2
      age[0]                  1.004172    0.000978    0.947647    1.064061    1.001513    1.001    2
      age[0]                  0.902774    0.006677    0.756881    1.075008    0.890144    1.009    2
      age[0]                  0.926477    0.000670    0.888756    0.974997    0.921176    1.004    2
      age[0]                  1.015450    0.001359    0.965607    1.091036    1.004895    1.007    2
      age[0]                  0.980464    0.001007    0.919423    1.042077    0.978964    1.000    2
      age[0]                   0.974517    0.002768    0.882647    1.082883    0.971403    1.091    2
      age[0]                  1.032952    0.003580    0.923598    1.155378    1.029890    1.002    2
      age[0]                   0.933126    0.006190    0.806654    1.100874    0.918833    1.000    2
      age[0]                   0.970816    0.001142    0.910928    1.036862    0.967215    1.003    2
      age[0]                  1.010880    0.001654    0.949541    1.095165    1.001580    1.007    2
      age[0]                  1.017722    0.001962    0.939803    1.111551    1.011602    1.012    2
      age[0]                   0.998422    0.001565    0.926607    1.078814    0.994971    1.017    2
      age[0]                  0.964749    0.001416    0.915302    1.041389    0.957556    1.002    2
      age[0]                  0.987433    0.000428    0.950514    1.026585    0.985013    1.001    2
      age[0]                   1.023925    0.001497    0.949776    1.101082    1.018848    1.059    2
      age[0]                  0.979447    0.001410    0.910189    1.049864    0.974347    1.006    2
      age[0]                  0.906430    0.006650    0.789419    1.061363    0.889365    1.020    2
      age[0]                  0.906070    0.002845    0.827725    1.002666    0.898995    1.012    2
      age[0]                  0.863466    0.001236    0.798227    0.934661    0.860925    1.001    2
      age[0]                  0.959777    0.000645    0.915065    1.011598    0.957000    1.007    2
      age[0]                  0.992390    0.000742    0.966029    1.045835    0.984496    1.001    2
      age[0]                   1.018958    0.001422    0.953314    1.091599    1.013149    1.076    2
      age[0]                  0.907764    0.001440    0.855273    0.977262    0.901012    1.001    2
      age[0]                  0.966719    0.004331    0.866012    1.085913    0.959323    1.001    2
      age[0]                   1.006921    0.001419    0.944874    1.082384    1.002361    1.001    2
      age[0]                  0.989361    0.000787    0.956541    1.043878    0.982456    1.002    2
      age[0]                   0.954081    0.001198    0.896390    1.032197    0.947889    1.001    2
      age[0]                  1.055018    0.001373    0.985827    1.130203    1.051537    1.008    2
      age[0]                   0.973540    0.000968    0.919008    1.038010    0.969749    1.002    2
      age[0]                   0.949542    0.001112    0.898411    1.014007    0.943106    1.000    2
      age[0]                   0.956771    0.001480    0.885685    1.034635    0.953690    1.004    2
      age[0]                  0.903482    0.006099    0.753411    1.044269    0.901153    1.009    2
      age[0]                  0.980495    0.001087    0.921424    1.049251    0.976605    1.000    2
      age[0]                  0.977730    0.003891    0.865593    1.104126    0.969696    1.000    2
      age[0]                  0.969617    0.000973    0.911849    1.030522    0.966864    1.016    2
      age[0]                   0.982241    0.001950    0.904706    1.079575    0.978134    1.005    2
      age[0]                  1.015742    0.002027    0.934457    1.107388    1.011481    1.003    2
      age[0]                   0.983398    0.002102    0.903368    1.071353    0.979011    1.000    2
      age[0]                  0.941551    0.002460    0.852827    1.045250    0.936267    1.007    2
      age[0]                  0.976291    0.000992    0.921361    1.038153    0.972888    1.006    2
      age[0]                  0.861080    0.005549    0.792186    1.008640    0.838979    1.001    2
      age[0]                   1.063176    0.003493    0.951506    1.182383    1.059531    1.009    2
      age[0]                  0.982051    0.002517    0.886175    1.076494    0.978235    1.002    2
      age[0]                   1.059481    0.002110    0.975630    1.149115    1.055091    1.020    2
      age[0]                  0.966428    0.001442    0.893923    1.042531    0.963259    1.000    2
      age[0]                   0.875111    0.003667    0.751603    0.991867    0.874849    1.008    2
      age[0]                   0.977814    0.004639    0.849303    1.107587    0.971022    1.111    2
      age[0]                   0.967348    0.001182    0.925964    1.036134    0.958487    1.009    2
      age[0]                  0.915386    0.004836    0.782109    1.055531    0.910394    1.021    2
      age[0]                  1.012623    0.003101    0.910838    1.122081    1.007455    1.002    2
      age[0]                  1.047794    0.002892    0.951364    1.157505    1.041595    1.000    2
      age[0]                  0.800405    0.006542    0.631055    0.951332    0.798690    1.096    2
      age[0]                  0.956467    0.002555    0.905131    1.056354    0.940432    1.021    2
      age[0]                  0.945205    0.001246    0.877432    1.012560    0.942203    1.000    2
      age[0]                  1.029630    0.004232    0.905540    1.164148    1.025460    1.012    2
      age[0]                   0.996667    0.000804    0.946109    1.053697    0.994378    1.006    2
      age[0]                  0.984523    0.001565    0.913707    1.062259    0.980813    1.000    2
      age[0]                   0.984319    0.001373    0.922614    1.064743    0.980836    1.023    2
      age[0]                  0.925772    0.003768    0.842364    1.050455    0.909804    1.011    2
      age[0]                   0.983724    0.001392    0.911627    1.052929    0.981404    1.013    2
      age[0]                   1.048839    0.000905    0.991028    1.107045    1.046944    1.000    2
      age[0]                  1.001867    0.000645    0.956965    1.055640    1.000465    1.001    2
      age[0]                  0.993475    0.000296    0.963204    1.025100    0.991149    1.000    2
      age[0]                   0.970482    0.003663    0.864936    1.082554    0.961458    1.001    2
      age[0]                  0.974936    0.006344    0.826818    1.129060    0.970040    1.001    2
