      clockrate{all}                0.949957    0.004342    0.823716    1.080613    0.948011    186.98    453.10    1.002
      clockrate{all}                0.931349    0.005807    0.785574    1.082606    0.928811    865.48    969.30    1.003
      clockrate{all}                0.928189    0.007061    0.767727    1.095650    0.921551     50.36    107.73    1.003
      clockrate{all}                0.856357    0.003740    0.738929    0.976936    0.853152    100.54    287.59    1.019
      clockrate{all}                0.925127    0.006914    0.772202    1.093060    0.916536     28.20     34.52    1.072
      clockrate{all}                0.865647    0.008595    0.688555    1.047152    0.858610    242.13    370.49    1.000
      clockrate{all}                0.875198    0.002877    0.769478    0.978959    0.873818    650.89    851.61    1.000
      clockrate{all}                1.179631    0.038933    0.831932    1.577914    1.153602    186.09    194.07    1.000
      clockrate{all}                0.999331    0.007318    0.842062    1.178350    0.995098    426.37    658.77    1.002
      clockrate{all}                1.006921    0.006748    0.848740    1.165121    1.001302     92.22    391.62    1.033
      clockrate{all}                0.822410    0.005438    0.685327    0.972662    0.815904     37.44     49.13    1.000
      clockrate{all}                1.014331    0.029930    0.709534    1.360378    0.997786    464.76    558.84    1.003
      clockrate{all}                0.986947    0.009111    0.810726    1.180874    0.981382    127.78    183.68    1.001
      clockrate{all}                1.195571    0.123077    0.564281    1.866929    1.149766     65.77     69.60    1.000
      clockrate{all}                0.817196    0.005739    0.674972    0.971014    0.811387    111.87    158.88    1.000
      clockrate{all}                0.927084    0.003294    0.815380    1.039109    0.925167    234.43    371.05    1.006
      clockrate{all}                0.870176    0.004690    0.740124    1.007378    0.865484    221.00    291.35    1.003
      clockrate{all}                1.169889    0.080041    0.708645    1.758696    1.117323    151.40    181.35    1.000
      clockrate{all}                1.492379    0.163484    0.819795    2.331402    1.422096    554.91    646.37    1.001
      clockrate{all}                1.067994    0.043289    0.717344    1.471460    1.037786     23.10     85.77    1.077
      clockrate{all}                0.865439    0.003882    0.746456    0.990677    0.863646    834.25    945.21    1.020
      clockrate{all}                0.819531    0.007994    0.656051    1.000909    0.812010    341.35    375.88    1.000
      clockrate{all}                0.820916    0.014811    0.599933    1.062269    0.807314    133.40    156.98    1.000
      clockrate{all}                1.068096    0.018336    0.825239    1.326625    1.051161     81.54     86.46    1.008
      clockrate{all}                1.011228    0.004606    0.884924    1.150675    1.009268   1055.59   1123.48    1.000
      clockrate{all}                1.058525    0.026004    0.773888    1.378744    1.038228    155.31    158.23    1.008
      clockrate{all}                0.885285    0.007092    0.726460    1.055759    0.879807    282.81    300.92    1.000
      clockrate{all}                0.931995    0.008378    0.758320    1.113255    0.924075    110.02    126.09    1.036
      clockrate{all}                1.112432    0.043414    0.756642    1.534011    1.085409    122.29    149.92    1.000
      clockrate{all}                0.875628    0.007237    0.719491    1.047163    0.867689     98.08    107.08    1.000
      clockrate{all}                1.058677    0.014362    0.842581    1.301967    1.046816     29.63    115.27    1.068
      clockrate{all}                0.973014    0.010359    0.775208    1.171797    0.967297    103.38    126.96    1.009
      clockrate{all}                0.805535    0.003875    0.682066    0.925220    0.804121    127.70    137.50    1.041
      clockrate{all}                1.058930    0.035801    0.745204    1.446386    1.030326    206.49    278.63    1.002
      clockrate{all}                0.836792    0.003119    0.728912    0.946813    0.835064    671.95    776.48    1.003
      clockrate{all}                0.953250    0.019687    0.702138    1.232667    0.936499     50.47     69.46    1.021
      clockrate{all}                1.096754    0.014640    0.873601    1.337517    1.084770     82.04    102.10    1.003
      clockrate{all}                1.022191    0.009722    0.838927    1.221058    1.016436    565.76    674.97    1.001
      clockrate{all}                1.096096    0.039201    0.771993    1.501759    1.061706    136.69    166.95    1.002
      clockrate{all}                0.920575    0.006910    0.760899    1.084848    0.916350    387.50    416.20    1.007
      clockrate{all}                0.955686    0.006583    0.809788    1.126571    0.948181    107.73    297.58    1.109
      clockrate{all}                0.829715    0.005972    0.685146    0.980807    0.825354    326.71    501.06    1.006
      clockrate{all}                0.936746    0.007598    0.773594    1.113439    0.930940     70.01    101.29    1.005
      clockrate{all}                0.971310    0.006971    0.820528    1.141272    0.963020     69.91     97.55    1.003
      clockrate{all}                0.934374    0.004667    0.800804    1.068853    0.932585    167.66    416.86    1.002
      clockrate{all}                0.827621    0.009642    0.637658    1.014545    0.820169    240.62    311.21    1.001
      clockrate{all}                0.957027    0.006406    0.806740    1.119893    0.952801    259.18    270.73    1.005
      clockrate{all}                0.902721    0.018424    0.658630    1.179484    0.887230    262.24    275.74    1.005
      clockrate{all}                0.902920    0.008081    0.734450    1.082067    0.895644     95.24    197.11    1.028
      clockrate{all}                0.813562    0.003821    0.694362    0.936133    0.812180     57.61    171.69    1.004
      clockrate{all}                0.821557    0.009028    0.647035    1.009793    0.812893    160.68    218.55    1.001
      clockrate{all}                0.743790    0.012262    0.550319    0.966480    0.728017     40.02     65.28    1.014
      clockrate{all}                1.080512    0.019484    0.825792    1.364723    1.067761    211.55    367.94    1.007
      clockrate{all}                0.870635    0.006741    0.718875    1.036706    0.864425    102.52    143.31    1.006
      clockrate{all}                0.859578    0.005846    0.715450    1.010104    0.854615    156.36    219.34    1.002
      clockrate{all}                0.957415    0.007108    0.796029    1.122872    0.950828    126.36    168.61    1.000
      clockrate{all}                0.914048    0.003261    0.802157    1.025756    0.911743    158.30    507.51    1.003
      clockrate{all}                0.850176    0.012214    0.648392    1.070438    0.839139    335.33    388.80    1.000
      clockrate{all}                0.971769    0.019297    0.720472    1.250827    0.957442    232.34    239.42    1.002
      clockrate{all}                0.941786    0.021020    0.716013    1.242398    0.910127     47.33    141.25    1.276
      clockrate{all}                1.150960    0.046087    0.764842    1.568223    1.126787    112.26    121.29    1.000
      clockrate{all}                0.878222    0.003706    0.758686    0.996829    0.876861    414.85    637.62    1.002
      clockrate{all}                0.845757    0.006901    0.689044    1.011271    0.841378    506.16    529.80    1.004
      clockrate{all}                0.972543    0.012985    0.791044    1.211794    0.946428     28.71    369.50    1.496
      clockrate{all}                1.054663    0.008675    0.874492    1.238391    1.048570    182.75    243.38    1.001
      clockrate{all}                0.910652    0.010981    0.730065    1.129381    0.895845     80.91     95.42    1.007
      clockrate{all}                1.140074    0.028419    0.844021    1.474910    1.117689     98.50    190.50    1.001
      clockrate{all}                1.319292    0.056928    0.928630    1.800442    1.275490     47.67     67.36    1.000
      clockrate{all}                1.115424    0.042415    0.772286    1.529394    1.083654    117.43    118.00    1.000
      clockrate{all}                1.061641    0.020090    0.810043    1.360087    1.045494     87.01    116.38    1.000
      clockrate{all}                0.970590    0.004618    0.842807    1.108093    0.968397    278.99    281.76    1.000
      clockrate{all}                0.855207    0.012335    0.656548    1.084376    0.843703    219.03    256.71    1.000
      clockrate{all}                1.018739    0.007430    0.852685    1.187827    1.013367     39.90    457.07    1.040
      clockrate{all}                0.778007    0.006992    0.618047    0.942176    0.772917    402.37    509.20    1.002
      clockrate{all}                0.973328    0.010224    0.787922    1.173304    0.963064    224.89    248.97    1.003
      clockrate{all}                1.166516    0.114496    0.612693    1.837309    1.106517    346.84    450.81    1.009
      clockrate{all}                0.919506    0.004740    0.785847    1.056061    0.916376    152.10    238.25    1.003
      clockrate{all}                0.968759    0.011620    0.773676    1.186639    0.958778    119.07    146.85    1.001
      clockrate{all}                0.953362    0.005744    0.810598    1.108083    0.949299    105.11    153.58    1.019
      clockrate{all}                0.890599    0.015393    0.665981    1.145175    0.879630    328.32    417.14    1.000
      clockrate{all}                0.943746    0.008487    0.768791    1.124812    0.936793     44.31     86.88    1.003
      clockrate{all}                0.898549    0.002968    0.792796    1.004861    0.896745    270.00    312.97    1.010
      clockrate{all}                0.973675    0.005762    0.830697    1.127171    0.969575    511.44    612.26    1.023
      clockrate{all}                0.978832    0.008276    0.813149    1.162149    0.971892     94.53    101.54    1.009
      clockrate{all}                0.815202    0.007270    0.656660    0.988515    0.810133    445.70    553.64    1.001
      clockrate{all}                0.747382    0.003752    0.629467    0.868446    0.743889    129.56    372.55    1.003
      clockrate{all}                1.048989    0.019992    0.796138    1.338248    1.029767     27.23     58.83    1.003
      clockrate{all}                0.800216    0.011423    0.616597    1.027846    0.786843     92.33    130.73    1.001
      clockrate{all}                0.925180    0.008248    0.754346    1.104663    0.918557     99.08    240.63    1.006
      clockrate{all}                0.819553    0.015602    0.608234    1.078396    0.803828     56.81     63.42    1.000
      clockrate{all}                0.971548    0.004599    0.841631    1.105664    0.969970    216.02    304.67    1.003
      clockrate{all}                1.047124    0.007524    0.880829    1.220028    1.043431    101.59    407.20    1.006
      clockrate{all}                0.981174    0.019679    0.724922    1.253304    0.970173     21.43     24.63    1.004
      clockrate{all}                1.171995    0.060905    0.784388    1.699323    1.118142     68.14     75.74    1.004
      clockrate{all}                1.249083    0.045041    0.890046    1.683532    1.225344     49.45     68.38    1.002
      clockrate{all}                0.922869    0.005934    0.784629    1.083644    0.916876    152.30    152.98    1.013
      clockrate{all}                0.928132    0.008170    0.756004    1.106757    0.921696     33.90     46.32    1.000
      clockrate{all}                0.983282    0.011601    0.784045    1.195689    0.973592    119.72    142.00    1.016
      clockrate{all}                0.911692    0.009135    0.733931    1.103697    0.901809     48.54     70.31    1.000
      clockrate{all}                1.004365    0.015970    0.783367    1.265561    0.987786     51.62     60.26    1.001
