      TL          4.564976    0.135251    3.853103    5.293636    4.555685  19707.55  21145.66    1.000
      TL          4.536599    0.141839    3.788174    5.259817    4.524879  19101.03  20513.90    1.000
      TL          4.870857    0.143254    4.146267    5.625815    4.860390  23513.66  24303.69    1.000
      TL          3.661922    0.105579    3.048639    4.316106    3.653049  21555.28  22479.16    1.000
      TL          4.541150    0.134667    3.826076    5.259157    4.529996  20552.96  21330.77    1.000
      TL          2.818538    0.103297    2.217433    3.470351    2.805485  25121.60  26745.58    1.000
      TL          4.650289    0.143214    3.899763    5.378292    4.639133  21257.02  21860.25    1.000
      TL          3.115646    0.126223    2.426087    3.809981    3.099883  18540.12  19349.51    1.000
      TL          4.013105    0.132879    3.318998    4.742010    4.002782  24468.91  24611.62    1.000
      TL          4.663955    0.136448    3.962626    5.416878    4.654216  21963.90  23360.56    1.000
      TL          4.291847    0.129184    3.583616    4.990560    4.281634  23252.29  24303.57    1.000
      TL          1.730391    0.071794    1.221547    2.266091    1.716962  29187.61  29900.68    1.000
      TL          3.225059    0.121591    2.541133    3.898066    3.209784  23921.30  24282.96    1.000
      TL          1.738236    0.078313    1.217407    2.302076    1.722406  25418.05  26138.14    1.000
      TL          5.195770    0.159773    4.434835    6.002329    5.185158  18684.41  19720.06    1.000
      TL          4.510668    0.132179    3.803758    5.223475    4.498325  22000.05  23025.74    1.000
      TL          4.142061    0.121499    3.471005    4.835920    4.132946  22609.05  24078.34    1.000
      TL          2.273097    0.085602    1.717051    2.848821    2.260423  26274.69  27525.42    1.000
      TL          1.497639    0.097134    0.924163    2.118820    1.471768  30193.71  30384.56    1.000
      TL          2.311710    0.098740    1.711868    2.934128    2.296306  26230.21  26455.73    1.000
      TL          5.056238    0.154501    4.288687    5.823743    5.042611  21049.20  21689.34    1.000
      TL          3.860503    0.142076    3.133597    4.608077    3.847619  22217.26  22359.62    1.000
      TL          3.183080    0.105248    2.568735    3.833706    3.171875  23515.28  24626.64    1.000
      TL          3.183307    0.110118    2.566994    3.861834    3.170953  25760.92  26610.86    1.000
      TL          3.914265    0.116465    3.251054    4.588348    3.902808  21237.37  22179.93    1.000
      TL          3.244740    0.108776    2.595096    3.886162    3.232971  22798.14  24313.90    1.000
      TL          4.812673    0.161762    4.048988    5.618203    4.801705  14635.75  15082.34    1.000
      TL          4.553473    0.148632    3.823742    5.337014    4.539442  22902.94  23295.35    1.000
      TL          3.487119    0.117222    2.821335    4.162782    3.475195  25454.17  26179.11    1.000
      TL          3.713314    0.115458    3.054037    4.379910    3.702380  17618.63  20246.99    1.000
      TL          4.855654    0.154173    4.108386    5.646545    4.842435  15175.04  16714.96    1.000
      TL          4.530411    0.144536    3.816241    5.304006    4.518272  20063.72  20474.43    1.000
      TL          3.735963    0.115127    3.083752    4.408830    3.726507  24847.01  26507.17    1.000
      TL          2.169588    0.084132    1.613637    2.747086    2.156419  29533.51  30457.27    1.000
      TL          4.302849    0.126995    3.594175    4.990838    4.292756  17072.33  17333.59    1.000
      TL          2.223476    0.083195    1.665620    2.789033    2.210689  24833.65  27163.01    1.000
      TL          3.503740    0.115615    2.857814    4.182008    3.490880  27276.21  28614.70    1.000
      TL          2.060781    0.074826    1.546800    2.611276    2.049186  25935.21  26170.13    1.000
      TL          2.679166    0.097753    2.096934    3.315753    2.666906  29959.63  30052.64    1.000
      TL          3.167939    0.106204    2.527552    3.800503    3.155855  25513.87  26308.50    1.000
      TL          5.199371    0.153553    4.442245    5.965756    5.188972  22168.55  22472.19    1.000
      TL          2.986425    0.097279    2.393018    3.609233    2.974963  23728.72  24311.95    1.000
      TL          4.119969    0.117157    3.451905    4.786402    4.111239  23668.57  23802.96    1.000
      TL          5.850486    0.178798    5.024580    6.679990    5.837634  20685.33  20860.83    1.000
      TL          4.203099    0.128062    3.514071    4.912276    4.191921  21267.47  23536.75    1.000
      TL          2.501697    0.083037    1.956665    3.078625    2.490837  28287.61  29210.98    1.000
      TL          2.963818    0.087291    2.408538    3.559254    2.954617  24096.84  24754.03    1.000
      TL          2.895582    0.108734    2.263715    3.549956    2.881404  22313.60  22503.09    1.000
      TL          3.988940    0.126293    3.305140    4.702794    3.977028  22188.70  23252.80    1.000
      TL          4.413381    0.133201    3.715192    5.144732    4.403805  17716.79  18378.70    1.000
      TL          2.703690    0.096579    2.102282    3.312337    2.691623  22080.87  24426.34    1.000
      TL          2.560455    0.100072    1.955431    3.191712    2.547397  27997.56  28068.99    1.000
      TL          2.117495    0.082593    1.556402    2.674456    2.104114  26074.75  26354.77    1.000
      TL          3.869177    0.127044    3.180909    4.578181    3.857594  17054.43  18176.02    1.000
      TL          3.644017    0.115486    2.995122    4.323078    3.633088  20665.67  22575.05    1.000
      TL          3.765366    0.119659    3.099907    4.447331    3.753305  22944.12  23236.57    1.000
      TL          4.025174    0.118943    3.367342    4.716169    4.014681  21834.16  21978.12    1.000
      TL          3.292209    0.131396    2.602476    4.015676    3.277335  19998.58  20803.84    1.000
      TL          2.970779    0.111681    2.321827    3.626202    2.958581  25567.95  26088.10    1.000
      TL          3.879120    0.119889    3.208092    4.566878    3.867470  20558.23  21289.38    1.000
      TL          1.304102    0.055114    0.869205    1.781578    1.290199  28711.68  29372.38    1.000
      TL          3.880305    0.115442    3.219385    4.544790    3.869645  22031.61  22198.61    1.000
      TL          3.351495    0.119830    2.683181    4.040026    3.338695  24193.28  24520.01    1.000
      TL          5.325903    0.161723    4.539866    6.112013    5.315348  17543.60  18874.23    1.000
      TL          4.930469    0.152849    4.161166    5.695171    4.918284  14141.46  15903.87    1.000
      TL          3.539093    0.106360    2.907123    4.179508    3.528099  17313.32  19508.89    1.000
      TL          2.667204    0.115637    2.009913    3.331401    2.651879  23672.02  23870.46    1.000
      TL          2.837576    0.104753    2.217245    3.480291    2.825467  26742.26  27124.07    1.000
      TL          3.787950    0.133857    3.073217    4.498124    3.774396  23463.90  24563.81    1.000
      TL          3.796348    0.127973    3.108804    4.507662    3.783644  24530.17  25484.69    1.000
      TL          3.328738    0.098049    2.728006    3.953475    3.320339  22746.18  23612.30    1.000
      TL          3.900631    0.130700    3.206525    4.612977    3.889534  26662.64  27186.01    1.000
      TL          4.740547    0.143414    4.007398    5.487882    4.729154  21180.87  21937.64    1.000
      TL          3.735559    0.140446    3.002905    4.467329    3.720279  21318.77  21396.47    1.000
      TL          2.950544    0.099324    2.337258    3.570314    2.939654  26620.15  27652.43    1.000
      TL          1.670205    0.138517    0.986017    2.407705    1.634174  26056.56  26327.25    1.000
      TL          3.780147    0.112705    3.133096    4.443299    3.770038  17350.02  18717.39    1.000
      TL          2.389030    0.099022    1.786468    3.013943    2.374232  29297.29  29973.44    1.000
      TL          3.710548    0.110888    3.056992    4.364381    3.700443  17428.33  18821.60    1.000
      TL          2.576167    0.098515    1.973721    3.197055    2.562797  24303.76  25353.37    1.000
      TL          4.663939    0.154832    3.907201    5.442251    4.650677  17713.87  18852.79    1.000
      TL          5.023681    0.149493    4.266107    5.774698    5.014614  22066.18  22790.38    1.000
      TL          4.062757    0.124622    3.377468    4.763289    4.052916  18775.82  19149.08    1.000
      TL          4.065577    0.129542    3.370408    4.776799    4.053225  20437.23  20787.30    1.000
      TL          3.065757    0.118040    2.400361    3.740813    3.051408  25377.47  25732.79    1.000
      TL          4.470513    0.142557    3.739548    5.223687    4.456908  18734.54  18992.27    1.000
      TL          3.195883    0.104974    2.567141    3.836924    3.186686  23766.39  24799.35    1.000
      TL          2.866475    0.109226    2.228253    3.520363    2.853655  27359.30  27517.53    1.000
      TL          2.877239    0.097806    2.276676    3.497017    2.866093  24263.58  24351.60    1.000
      TL          3.174837    0.109468    2.533342    3.827398    3.161952  25376.90  26050.20    1.000
      TL          4.520087    0.133588    3.813120    5.246829    4.509443  22460.43  22531.70    1.000
      TL          4.450388    0.139419    3.735774    5.194526    4.438909  24215.23  25698.07    1.000
      TL          5.216559    0.157356    4.437369    5.989457    5.205548  19623.92  19745.36    1.000
      TL          2.472209    0.107121    1.856362    3.128718    2.457141  25290.33  25637.15    1.000
      TL          4.444344    0.138309    3.725648    5.181854    4.431101  14578.07  16027.23    1.000
      TL          4.896845    0.144598    4.166896    5.654680    4.885183  20980.12  21702.40    1.000
      TL          2.845680    0.092061    2.249917    3.433672    2.835428  25330.30  26972.79    1.000
      TL          3.641493    0.124186    2.975525    4.352811    3.629189  24196.24  24801.62    1.000
      TL          3.303283    0.101076    2.697557    3.939757    3.294063  19720.92  21817.99    1.000
      TL          3.126635    0.098847    2.520939    3.744732    3.114948  24844.99  25293.36    1.000
