      clockrate                0.740327    0.002576    0.641499    0.839919    0.738969    437.36    590.87    1.007
      clockrate                0.699437    0.007239    0.551095    0.879451    0.689439     38.96     57.49    1.043
      clockrate                0.729313    0.002578    0.630473    0.828438    0.727456    585.70    614.13    1.000
      clockrate                0.721709    0.002828    0.621710    0.829047    0.721002    360.05    435.34    1.000
      clockrate                0.735358    0.002780    0.632024    0.838023    0.734528    698.76    776.02    1.000
      clockrate                0.786148    0.008956    0.601024    0.969045    0.779638    135.05    343.69    1.003
      clockrate                0.727354    0.002340    0.634650    0.823236    0.726901   1582.27   1854.45    1.000
      clockrate                0.981104    0.033611    0.670140    1.334043    0.953028     35.27     40.05    1.000
      clockrate                0.861948    0.010340    0.679328    1.058456    0.853598    100.35    187.44    1.001
      clockrate                0.796818    0.002850    0.693765    0.903509    0.795914    790.75    943.73    1.001
      clockrate                0.760338    0.002778    0.656484    0.860858    0.758784    170.54    358.90    1.004
      clockrate                0.873397    0.043233    0.510768    1.292726    0.849176     86.52    196.96    1.003
      clockrate                0.847349    0.022218    0.571900    1.135765    0.831111    250.92    291.29    1.000
      clockrate                1.168023    0.063981    0.754407    1.677723    1.120311    111.78    124.09    1.003
      clockrate                0.739424    0.002467    0.646083    0.840543    0.738604    467.59    527.32    1.003
      clockrate                0.767419    0.002382    0.672983    0.864823    0.766328    354.72    412.61    1.003
      clockrate                0.723081    0.002683    0.620550    0.821641    0.721161    208.73    678.36    1.003
      clockrate                1.097204    0.074214    0.670113    1.664190    1.041763     60.01     82.01    1.000
      clockrate                1.235524    0.135433    0.597144    1.946652    1.176646    103.76    405.75    1.001
      clockrate                0.826031    0.010547    0.638738    1.029963    0.816802    129.85    175.68    1.008
      clockrate                0.783583    0.003168    0.674717    0.893319    0.780702     65.53    757.40    1.021
      clockrate                0.799749    0.008939    0.633581    0.991513    0.790035    138.84    345.72    1.048
      clockrate                0.695106    0.011564    0.504073    0.912804    0.681625     92.25     94.36    1.002
      clockrate                0.776637    0.006904    0.620536    0.943135    0.771667     88.83    141.87    1.000
      clockrate                0.810848    0.003377    0.696517    0.923967    0.809932   1285.75   1315.79    1.001
      clockrate                0.971737    0.025070    0.709195    1.298142    0.943145     58.20     63.63    1.000
      clockrate                0.912136    0.017573    0.678677    1.174586    0.893004     50.73     67.72    1.002
      clockrate                0.784250    0.004880    0.656053    0.925379    0.778640     82.36    484.82    1.038
      clockrate                0.745811    0.010442    0.573164    0.945311    0.734686    120.82    137.50    1.015
      clockrate                0.788701    0.003853    0.666169    0.906311    0.786438    264.28    278.33    1.012
      clockrate                0.730927    0.006965    0.580110    0.902847    0.721009     67.82     94.43    1.113
      clockrate                0.888542    0.009147    0.714776    1.084251    0.879346     27.95     41.55    1.003
      clockrate                0.699792    0.002523    0.603214    0.800460    0.698553    316.22    354.20    1.000
      clockrate                0.899647    0.017756    0.668815    1.175181    0.883739    255.48    265.68    1.001
      clockrate                0.788515    0.002681    0.686101    0.888676    0.786986   1221.05   1241.42    1.000
      clockrate                0.848126    0.010972    0.656914    1.049974    0.838136     73.65     75.54    1.007
      clockrate                0.879302    0.017051    0.657043    1.131997    0.860083    102.39    130.96    1.002
      clockrate                0.826755    0.009737    0.638244    1.018904    0.819091    431.02    500.48    1.013
      clockrate                0.833311    0.014919    0.622544    1.079494    0.817760    242.86    298.64    1.002
      clockrate                0.717436    0.008078    0.546074    0.892363    0.709758     82.59    111.75    1.005
      clockrate                0.717982    0.002960    0.613023    0.825317    0.715393    404.48    480.40    1.000
      clockrate                0.788535    0.010285    0.613897    1.000500    0.774027     38.27     47.11    1.009
      clockrate                0.704043    0.002836    0.602774    0.811838    0.702080    336.38    403.60    1.004
      clockrate                0.696618    0.002488    0.600368    0.794922    0.695551    760.21    777.36    1.000
      clockrate                0.801428    0.003741    0.687818    0.925825    0.798886    192.07    903.28    1.002
      clockrate                0.863740    0.012087    0.668283    1.083363    0.849159     61.57     82.38    1.003
      clockrate                0.824306    0.005259    0.687424    0.970912    0.821640    266.08    440.39    1.000
      clockrate                0.900211    0.014600    0.674720    1.138839    0.891420    157.83    353.67    1.011
      clockrate                0.817267    0.010160    0.641528    1.018724    0.802785     26.54     50.80    1.033
      clockrate                0.730922    0.003179    0.619541    0.840307    0.729526    392.20    592.76    1.006
      clockrate                0.875793    0.015093    0.644939    1.118643    0.861894     44.23     44.77    1.000
      clockrate                0.756286    0.009482    0.574260    0.950286    0.748691    207.46    296.67    1.013
      clockrate                1.203209    0.083380    0.726068    1.788009    1.158757    256.97    278.27    1.000
      clockrate                0.833757    0.011803    0.638477    1.046694    0.819378     39.79     70.30    1.000
      clockrate                0.871297    0.015356    0.669879    1.132988    0.847903     37.09     55.62    1.179
      clockrate                0.877392    0.011200    0.689284    1.089540    0.863364     77.05     95.56    1.002
      clockrate                0.622302    0.001658    0.541034    0.701352    0.621413    304.70    521.20    1.002
      clockrate                0.903349    0.018244    0.662037    1.175474    0.885422     44.63     78.71    1.000
      clockrate                0.981376    0.016173    0.755726    1.236629    0.966755     57.76     80.14    1.000
      clockrate                0.774954    0.003996    0.652306    0.897991    0.771896    174.11    601.48    1.010
      clockrate                1.064655    0.063129    0.632009    1.559831    1.031953     43.47     47.78    1.001
      clockrate                0.740831    0.003029    0.635364    0.848762    0.739459    501.31    506.00    1.005
      clockrate                0.803057    0.007500    0.644241    0.970257    0.795768     33.70     66.65    1.013
      clockrate                0.606239    0.002255    0.511953    0.698078    0.604643    117.04    178.69    1.019
      clockrate                0.819371    0.006396    0.675207    0.984303    0.811327     73.94     79.77    1.001
      clockrate                0.680925    0.003576    0.569212    0.799328    0.675361     58.83     81.43    1.000
      clockrate                1.312962    0.113591    0.789114    2.006653    1.246015    109.71    119.77    1.010
      clockrate                0.878886    0.022788    0.621949    1.182855    0.859897    144.14    189.04    1.000
      clockrate                0.737091    0.008286    0.567318    0.915434    0.729223     77.25     96.69    1.015
      clockrate                1.043172    0.039406    0.708112    1.451735    1.013145    190.23    236.39    1.004
      clockrate                0.849430    0.003294    0.741071    0.964834    0.847401    747.63    812.43    1.000
      clockrate                0.802854    0.017242    0.565308    1.065415    0.787471     45.37    115.29    1.018
      clockrate                0.750781    0.002939    0.644930    0.856115    0.749463    675.34    764.46    1.001
      clockrate                1.042688    0.081311    0.626928    1.614908    0.981475     19.43     23.88    1.000
      clockrate                0.857312    0.014466    0.663611    1.100131    0.837284     46.28     54.84    1.012
      clockrate                1.490052    0.237057    0.684365    2.447636    1.416108    358.99    461.51    1.001
      clockrate                0.694080    0.003334    0.587194    0.811891    0.692531    236.67    294.84    1.000
      clockrate                1.036400    0.059836    0.671018    1.534061    0.982836    209.55    229.49    1.001
      clockrate                0.760843    0.003252    0.651607    0.871306    0.758581    356.68    482.55    1.005
      clockrate                0.927197    0.032632    0.627194    1.287466    0.896848    116.87    123.23    1.000
      clockrate                0.847561    0.016249    0.623765    1.104837    0.833233     16.93     67.02    1.053
      clockrate                0.700202    0.004911    0.578459    0.841256    0.689181     70.10    348.72    1.234
      clockrate                0.600051    0.005229    0.462355    0.742972    0.593503    165.99    199.63    1.008
      clockrate                0.891397    0.014394    0.677827    1.140801    0.875225     43.16     61.82    1.004
      clockrate                0.912902    0.019583    0.668428    1.165970    0.895797     39.36     58.98    1.012
      clockrate                0.773492    0.005140    0.637816    0.915262    0.767680     83.85     86.15    1.025
      clockrate                1.371815    0.132857    0.785368    2.104855    1.309740     29.88     33.40    1.016
      clockrate                0.851981    0.034982    0.556196    1.241316    0.811930     23.86     67.44    1.009
      clockrate                0.801315    0.010068    0.616646    0.999607    0.790406    132.26    211.31    1.056
      clockrate                0.867356    0.025720    0.621911    1.179074    0.835275     38.22     49.47    1.068
      clockrate                0.654717    0.002640    0.556927    0.756841    0.653407    709.41    738.86    1.000
      clockrate                0.669844    0.004368    0.548952    0.804801    0.664765     70.70    119.29    1.012
      clockrate                0.758841    0.015241    0.551637    1.002091    0.739361     13.36     26.91    1.199
      clockrate                1.331397    0.194914    0.731732    2.169834    1.225909     40.03     45.27    1.006
      clockrate                0.674931    0.002586    0.575101    0.773387    0.672654    107.16    289.61    1.001
      clockrate                0.664230    0.002442    0.567986    0.761247    0.663188    373.02    424.44    1.000
      clockrate                0.807664    0.006487    0.656952    0.968550    0.802753    154.94    232.78    1.001
      clockrate                0.946189    0.008757    0.758355    1.121742    0.941614    208.60    612.40    1.002
      clockrate                0.600254    0.002816    0.497301    0.705144    0.598303    204.59    366.68    1.015
      clockrate                0.863195    0.010129    0.675118    1.057550    0.851097     51.45     80.84    1.000
