      alpha_symdir   8.339631    3.380354    5.169082   12.027000    8.110873    179.29    180.63    1.000
      alpha_symdir   8.944765    3.560639    5.471094   12.629140    8.726861    139.59    149.08    1.010
      alpha_symdir   8.116452    3.180598    5.073464   11.729470    7.912536     97.31    113.26    1.001
      alpha_symdir   7.649645    2.646150    4.799428   10.958660    7.460076     76.11    137.52    1.002
      alpha_symdir   8.921128    3.898221    5.386026   12.809350    8.655445    130.33    141.46    1.010
      alpha_symdir   5.549123    1.947561    3.123819    8.326343    5.369329     93.19     95.57    1.007
      alpha_symdir   6.892930    2.608863    4.047390   10.139730    6.651835    131.36    135.77    1.002
      alpha_symdir   4.804231    1.952190    2.537474    7.596864    4.575411     60.14     87.06    1.001
      alpha_symdir   5.237359    1.941814    2.954621    8.063798    5.025845     68.88     87.32    1.018
      alpha_symdir   8.545969    3.503401    5.321441   12.298140    8.275108    129.37    135.53    1.001
      alpha_symdir   9.059284    3.838643    5.609712   12.911250    8.821484    129.59    154.46    1.001
      alpha_symdir   4.702954    1.841852    2.518352    7.459529    4.487029     68.94     81.18    1.000
      alpha_symdir   7.280774    3.472583    4.154946   10.964500    7.050241    115.14    117.12    1.006
      alpha_symdir   4.397238    1.729230    2.184786    7.023698    4.147185     39.38     55.49    1.009
      alpha_symdir   8.409128    2.843710    5.522622   11.945450    8.211280    165.71    186.85    1.008
      alpha_symdir   8.283550    3.337267    4.974121   11.813720    8.098440    127.79    145.29    1.000
      alpha_symdir   7.432752    2.754917    4.506548   10.690840    7.217166    142.71    143.43    1.001
      alpha_symdir   6.230518    2.658097    3.406942    9.391298    6.018802    109.67    112.44    1.000
      alpha_symdir   1.777077    1.493233    0.107189    3.718022    1.932675      6.23     47.11    1.421
      alpha_symdir   3.499929    0.933115    1.829128    5.443410    3.348838     41.64     65.10    1.002
      alpha_symdir   7.303163    2.161084    4.663997   10.231980    7.157761    191.16    240.34    1.002
      alpha_symdir   5.824554    2.417792    3.192502    8.828289    5.581033     74.43     91.26    1.000
      alpha_symdir   7.901494    3.390579    4.618872   11.582620    7.669473     85.02    110.43    1.001
      alpha_symdir   6.987438    3.182412    3.907833   10.566970    6.725027     66.61     87.77    1.014
      alpha_symdir   7.071653    2.677049    4.223871   10.305040    6.828836     99.46    125.65    1.007
      alpha_symdir   6.571997    2.515207    3.851810    9.698456    6.374926     73.60     83.70    1.003
      alpha_symdir   7.450475    3.251482    4.440444   11.078440    7.149508    121.02    124.58    1.002
      alpha_symdir   7.482275    2.873290    4.482645   10.886930    7.283233    103.94    121.57    1.002
      alpha_symdir   6.754734    2.725838    3.862323   10.070640    6.500023    121.39    122.94    1.006
      alpha_symdir   6.616775    2.433459    3.766948    9.621825    6.444546     75.48     91.77    1.003
      alpha_symdir   8.761730    3.901664    5.349792   12.728620    8.521381    127.97    132.16    1.000
      alpha_symdir   7.263421    3.304728    4.076576   10.980280    6.998582    128.60    129.23    1.004
      alpha_symdir   7.557506    3.031665    4.506797   11.130660    7.323125    114.85    115.65    1.000
      alpha_symdir   5.289826    2.048578    2.834218    8.094930    5.104627     81.80    110.28    1.000
      alpha_symdir   8.287379    3.419209    5.026038   12.055030    8.074507     85.69    107.13    1.007
      alpha_symdir   5.034507    1.907588    2.658414    7.717097    4.822209     92.45    100.76    1.000
      alpha_symdir   5.805183    2.052823    3.247796    8.582463    5.661310     88.39    130.89    1.011
      alpha_symdir   4.658257    1.767724    2.384703    7.257159    4.457745     78.14     79.46    1.011
      alpha_symdir   4.336126    1.459816    2.243761    6.766207    4.169838     60.77     64.88    1.004
      alpha_symdir   5.477612    1.776021    3.190507    8.196669    5.315557    111.82    121.43    1.009
      alpha_symdir   9.610163    4.336511    5.895782   13.699560    9.329261    177.15    179.76    1.000
      alpha_symdir   7.780715    3.461577    4.584982   11.569040    7.502022    112.41    129.67    1.006
      alpha_symdir   7.754596    2.908837    4.736271   11.246470    7.550808    119.70    122.73    1.000
      alpha_symdir   8.904251    3.720223    5.568604   12.834990    8.667688    170.08    171.16    1.002
      alpha_symdir   8.580769    3.637732    5.124201   12.310330    8.413200     81.12    107.03    1.003
      alpha_symdir   4.287504    1.411389    2.452516    6.369371    4.087450     74.26     76.14    1.002
      alpha_symdir   5.991043    2.360711    3.323556    8.999791    5.775131     75.62     95.15    1.000
      alpha_symdir   6.060521    2.848121    3.265531    9.587381    5.792883     70.84     92.17    1.001
      alpha_symdir   6.870217    2.740878    4.004111   10.208310    6.645922    103.41    106.56    1.000
      alpha_symdir   7.342852    2.945227    4.366380   10.836090    7.116527     83.07     94.27    1.020
      alpha_symdir   6.501519    2.855999    3.639644    9.966212    6.222322     69.78     89.66    1.001
      alpha_symdir   6.202910    2.715246    3.423360    9.583672    5.954515     97.08     97.16    1.000
      alpha_symdir   5.840464    2.554253    3.144490    8.918801    5.617916     67.16     89.33    1.006
      alpha_symdir   6.079687    2.142092    3.561846    9.111487    5.862924     96.86    103.16    1.003
      alpha_symdir   6.061084    2.050001    3.373657    8.847399    5.890863     63.45     73.26    1.000
      alpha_symdir   5.091910    1.540848    2.899122    7.674443    4.907933     84.94     84.94    1.000
      alpha_symdir   9.551221    4.107802    5.891556   13.648790    9.346145    122.28    151.56    1.007
      alpha_symdir   5.232266    2.163081    2.743860    8.101785    4.976413     70.75     77.41    1.004
      alpha_symdir   5.362178    1.785362    2.944281    7.987037    5.197227     97.07    121.21    1.002
      alpha_symdir   5.865073    1.825412    3.534908    8.602599    5.650429    129.00    134.96    1.002
      alpha_symdir   4.395953    1.837510    2.092036    7.039561    4.162763    104.00    113.17    1.001
      alpha_symdir   7.074556    2.627372    4.335921   10.340530    6.843769    142.19    177.71    1.000
      alpha_symdir   6.479129    2.856190    3.516061    9.643523    6.299543     61.97    100.29    1.010
      alpha_symdir   9.115543    3.680533    5.731711   12.951940    8.880910    113.59    123.26    1.001
      alpha_symdir   7.126072    2.623281    4.221935   10.432960    6.928049    105.81    126.35    1.002
      alpha_symdir   7.465853    2.643640    4.588987   10.695700    7.253285    133.18    146.50    1.004
      alpha_symdir   5.177529    1.845154    2.895858    7.989134    4.984345     95.86     96.38    1.002
      alpha_symdir   4.508646    1.441377    2.426536    6.850913    4.327623     71.55     97.81    1.009
      alpha_symdir   7.355298    2.906915    4.360240   10.762730    7.141030    103.38    121.00    1.002
      alpha_symdir   7.231476    3.067925    4.135013   10.624530    6.997706     86.65    108.91    1.000
      alpha_symdir   7.933734    2.811427    4.950258   11.292740    7.723457    132.09    148.37    1.002
      alpha_symdir   7.052654    2.729836    4.165201   10.311640    6.832652     62.53    104.30    1.002
      alpha_symdir   6.740643    2.418085    4.101111    9.839430    6.507326     94.87    116.26    1.005
      alpha_symdir   5.758647    2.095044    3.273670    8.555021    5.560485     89.15    111.48    1.000
      alpha_symdir   6.076633    2.339660    3.550702    9.270526    5.857984     41.96     61.63    1.012
      alpha_symdir   0.417956    0.604589    0.098995    2.415977    0.130076      6.39   1276.85    1.217
      alpha_symdir   7.655363    2.953269    4.614630   11.149390    7.405531     68.76     97.37    1.008
      alpha_symdir   4.673302    2.061183    2.401306    7.579139    4.384778     56.94     73.55    1.008
      alpha_symdir   6.962478    2.919260    4.093339   10.400800    6.702055     94.84    108.17    1.003
      alpha_symdir   5.800236    2.534818    2.961435    8.915658    5.600306     75.79     85.44    1.062
      alpha_symdir   9.179882    4.552309    5.236736   13.189730    8.865025    137.55    159.17    1.010
      alpha_symdir   9.146205    3.781662    5.664400   13.042280    8.914797    111.27    142.44    1.000
      alpha_symdir   7.196414    2.641231    4.504726   10.479520    6.929558     71.79     96.46    1.001
      alpha_symdir   7.210878    3.154964    4.085903   10.830340    6.941958     49.26     88.30    1.001
      alpha_symdir   5.627632    2.191705    3.099836    8.605259    5.386214     86.15     86.16    1.001
      alpha_symdir   6.864727    2.673963    4.109970   10.227150    6.653567     69.60    107.22    1.000
      alpha_symdir   6.143247    2.535346    3.311712    9.242060    5.934549    100.06    117.47    1.004
      alpha_symdir   4.539116    1.628332    2.418315    7.045752    4.316522     63.77     80.08    1.000
      alpha_symdir   5.737434    2.226039    3.211577    8.687022    5.520720    111.35    115.93    1.001
      alpha_symdir   5.707882    2.019078    3.243905    8.536714    5.512297     64.52     87.06    1.001
      alpha_symdir   8.095650    3.017864    4.925035   11.483290    7.920719     98.76    132.95    1.002
      alpha_symdir   6.129506    1.960851    3.605396    8.876791    5.956582    134.65    141.40    1.000
      alpha_symdir   9.047798    3.695079    5.713323   13.039240    8.822913    141.25    145.41    1.004
      alpha_symdir   4.521610    1.415923    2.450219    6.890353    4.365084     84.57     91.18    1.001
      alpha_symdir   6.896127    2.262698    4.356723    9.970776    6.671256    105.19    126.32    1.018
      alpha_symdir   7.476037    2.836880    4.591991   10.936010    7.228333     87.36     91.67    1.014
      alpha_symdir   7.142601    3.243086    4.016923   10.721630    6.914549     90.94     93.88    1.000
      alpha_symdir   5.429373    1.956701    3.116405    8.359970    5.241264     80.75     90.25    1.001
      alpha_symdir   8.836640    3.512525    5.484771   12.563270    8.628230    133.63    136.25    1.007
      alpha_symdir   7.219150    2.975671    4.240833   10.922300    6.986639     82.12    108.31    1.002
