      TL             7.432946    0.063354    6.939816    7.928848    7.426352   4027.37   4573.50    1.000
      TL             7.366453    0.067220    6.857337    7.869829    7.361467   5180.26   5416.11    1.001
      TL             7.876652    0.064486    7.368528    8.359753    7.872412   7026.51   7332.23    1.000
      TL             7.229308    0.058882    6.766453    7.717555    7.224217   6891.70   8202.35    1.000
      TL             7.737527    0.064196    7.242860    8.235717    7.733437   5797.07   6339.34    1.000
      TL             4.499112    0.044891    4.090059    4.917965    4.494454   6298.86   7072.05    1.000
      TL             7.252871    0.064761    6.757050    7.753441    7.247702   4206.35   4301.18    1.000
      TL             4.566169    0.060591    4.097292    5.058834    4.557125   1288.64   1671.80    1.000
      TL             6.069015    0.062096    5.590181    6.567930    6.064024   2277.59   2804.62    1.000
      TL             8.440210    0.071695    7.917357    8.967597    8.434407   5419.85   5628.36    1.000
      TL             7.008477    0.059670    6.525911    7.486855    7.006332   6434.03   6598.42    1.000
      TL             2.887892    0.040968    2.506263    3.291782    2.880130   4462.59   4528.65    1.000
      TL             5.293382    0.062038    4.818608    5.790341    5.285622   4174.36   4323.33    1.000
      TL             3.688664    0.051807    3.255351    4.139044    3.680090   4930.51   5117.33    1.000
      TL             9.539955    0.093730    8.949688   10.148530    9.531762   4502.84   4775.49    1.001
      TL             7.804243    0.064371    7.317399    8.311502    7.800560   7165.46   7338.30    1.000
      TL             7.606180    0.066269    7.115681    8.116626    7.602948   6116.79   6182.28    1.000
      TL             4.277276    0.045943    3.864571    4.708019    4.271756   6138.04   6656.28    1.000
      TL             3.078219    0.202643    2.274856    3.969953    3.020938     88.99   1397.40    1.030
      TL             3.305895    0.037741    2.929402    3.691128    3.300945   5449.33   5881.47    1.000
      TL             7.782851    0.061878    7.298879    8.273870    7.778195   7529.76   7737.57    1.000
      TL             4.948029    0.051387    4.510569    5.393658    4.941464   5957.39   6185.00    1.000
      TL             6.285661    0.058742    5.805112    6.749345    6.279700   6553.83   6741.61    1.000
      TL             4.972827    0.050101    4.530619    5.402969    4.968098   6025.97   6738.42    1.000
      TL             6.841311    0.059234    6.353669    7.305235    6.837263   6227.17   6611.39    1.000
      TL             6.657075    0.080325    6.110714    7.216349    6.648878   2509.96   2802.17    1.000
      TL             7.521646    0.070615    7.010028    8.052084    7.517857   5583.41   5887.20    1.000
      TL             6.887213    0.065093    6.391938    7.388005    6.882247   5595.66   5842.25    1.000
      TL             6.160549    0.066107    5.660166    6.663372    6.153077   4263.19   4395.86    1.000
      TL             5.820667    0.046767    5.396324    6.243289    5.816322   7379.33   7434.38    1.000
      TL             7.038866    0.061760    6.549237    7.524026    7.035318   5506.76   5567.40    1.000
      TL             7.689770    0.076073    7.158332    8.238669    7.684618   3299.45   3717.67    1.000
      TL             5.866751    0.047464    5.457599    6.310113    5.863449   8597.83   9014.09    1.000
      TL             3.508619    0.039270    3.138624    3.912455    3.503555   6574.21   6996.85    1.000
      TL             6.897804    0.052011    6.449075    7.342297    6.895502   7340.70   7698.96    1.000
      TL             3.735977    0.041904    3.344061    4.141982    3.729364   6082.22   6217.68    1.000
      TL             4.078855    0.033771    3.720252    4.437731    4.076194   8453.19   8636.32    1.000
      TL             2.938463    0.029028    2.618018    3.289189    2.932973   6800.55   6818.08    1.000
      TL             4.391590    0.049102    3.964189    4.830715    4.385731   4843.47   5367.88    1.000
      TL             4.706648    0.045944    4.293363    5.132404    4.702025   4732.29   5352.09    1.000
      TL             7.908820    0.064940    7.425661    8.426202    7.903556   6931.27   6975.37    1.000
      TL             5.240214    0.049582    4.795751    5.665504    5.236786   6813.50   6955.99    1.000
      TL             7.719834    0.073170    7.194995    8.249875    7.714614   3740.42   3980.19    1.000
      TL             7.991189    0.061894    7.501608    8.474559    7.988484   8064.87   8195.89    1.000
      TL             7.048909    0.059687    6.564944    7.520437    7.044438   6720.10   7517.88    1.000
      TL             5.219435    0.056033    4.772716    5.698426    5.211629   3146.41   3405.07    1.000
      TL             6.040997    0.048661    5.610244    6.471178    6.038067   5955.46   6422.32    1.000
      TL             4.238660    0.044088    3.837272    4.655199    4.234351   4801.47   5160.57    1.000
      TL             6.861330    0.065796    6.356214    7.359411    6.857315   4179.74   4488.95    1.000
      TL             6.443993    0.051512    5.981979    6.869207    6.441443   7035.33   7334.13    1.000
      TL             4.600028    0.050814    4.165452    5.047303    4.591534   5303.63   5316.70    1.000
      TL             4.432278    0.051513    3.994367    4.877507    4.427502   4333.56   4589.08    1.000
      TL             3.786236    0.043874    3.383719    4.203273    3.781270   6079.86   6541.22    1.000
      TL             5.797143    0.053981    5.352687    6.257076    5.792375   4853.05   5083.01    1.000
      TL             6.178778    0.057483    5.714245    6.649895    6.172656   5302.66   5846.81    1.000
      TL             5.942126    0.056179    5.468731    6.395776    5.937681   3747.11   3862.15    1.000
      TL             8.567943    0.074091    8.060928    9.127619    8.563932   5839.15   6391.36    1.000
      TL             4.436644    0.044093    4.035044    4.856917    4.432399   6786.36   6837.31    1.000
      TL             4.811279    0.056948    4.346733    5.279038    4.804250   4004.54   4070.07    1.000
      TL             6.046732    0.054796    5.590984    6.510820    6.042411   5165.88   5258.32    1.000
      TL             3.338970    0.049779    2.901574    3.775950    3.331580   4524.46   4644.86    1.000
      TL             6.779343    0.056669    6.323995    7.253937    6.774273   7018.14   7159.72    1.000
      TL             4.571775    0.041663    4.185651    4.980959    4.568668   8199.32   8674.29    1.000
      TL             8.355250    0.071839    7.838048    8.887821    8.350481   5817.44   6508.69    1.000
      TL             7.634529    0.064006    7.154855    8.145119    7.630345   5147.26   5796.06    1.000
      TL             8.252391    0.076495    7.714883    8.797090    8.249015   5465.02   5925.88    1.000
      TL             4.311359    0.066104    3.814915    4.820714    4.299172   3483.53   3666.33    1.000
      TL             4.894721    0.072178    4.382000    5.432382    4.885040   2176.75   2511.85    1.000
      TL             6.084758    0.061542    5.626312    6.599310    6.078155   5467.43   5877.01    1.000
      TL             5.924459    0.058785    5.465568    6.415172    5.919956   4525.94   5286.25    1.000
      TL             6.479562    0.050239    6.048803    6.930193    6.477456   8175.73   8931.80    1.000
      TL             6.577446    0.068810    6.076543    7.104328    6.570180   3605.57   3636.96    1.000
      TL             8.016547    0.074076    7.479591    8.536849    8.011950   3229.78   3776.11    1.000
      TL             5.480694    0.070218    4.978452    6.009599    5.469381   2925.84   3209.18    1.000
      TL             4.679199    0.045927    4.271984    5.111607    4.674095   5090.66   5300.83    1.000
      TL             3.033232    0.298371    2.016696    4.107646    2.977365     13.76    619.26    1.067
      TL             7.500980    0.066047    7.004977    8.012973    7.497816   6030.10   6354.57    1.000
      TL             3.602844    0.039941    3.210197    3.989274    3.599203   6704.32   7317.69    1.000
      TL             7.243617    0.064500    6.758270    7.759836    7.239430   4433.91   4620.23    1.000
      TL             4.761680    0.052276    4.324978    5.218046    4.755432   2068.82   4188.32    1.001
      TL             7.374849    0.073169    6.859730    7.916614    7.370416   3992.33   4659.81    1.000
      TL             8.579847    0.071652    8.065020    9.110238    8.576137   6147.99   6827.45    1.000
      TL             7.124036    0.061189    6.659236    7.624845    7.120639   6250.28   6621.71    1.000
      TL             6.571046    0.070094    6.054597    7.083423    6.562573   2331.48   2647.10    1.001
      TL             4.916732    0.060430    4.437764    5.394749    4.909408   6141.37   6621.58    1.000
      TL             7.105878    0.063611    6.615860    7.602482    7.100735   4378.71   4615.13    1.000
      TL             5.573290    0.060893    5.086749    6.045286    5.567600   2167.86   2750.99    1.000
      TL             4.592203    0.054555    4.150189    5.062673    4.585274   3729.34   3981.03    1.000
      TL             4.478490    0.041949    4.091845    4.891400    4.474198   6649.04   6903.34    1.000
      TL             5.082676    0.048232    4.662765    5.524617    5.078416   6606.43   6880.59    1.000
      TL             7.833307    0.070339    7.321053    8.362455    7.828897   5191.69   5600.45    1.000
      TL             7.688976    0.075012    7.156105    8.227168    7.682221   4402.65   4925.15    1.000
      TL             8.983254    0.081603    8.417872    9.540543    8.979842   4591.49   4807.96    1.000
      TL             4.632427    0.083445    4.090967    5.209558    4.616905   1521.86   2137.53    1.001
      TL             7.862489    0.068990    7.370311    8.395920    7.859513   5847.45   6090.39    1.000
      TL             9.349005    0.086020    8.771131    9.915616    9.344403   4070.41   4278.14    1.000
      TL             4.130268    0.034687    3.762994    4.493880    4.127523   8218.96   8421.63    1.000
      TL             5.205003    0.050855    4.761091    5.645026    5.200991   3958.55   4485.02    1.000
      TL             7.813226    0.081457    7.257755    8.378110    7.806763   3379.30   3742.48    1.000
      TL             6.676716    0.080740    6.122880    7.234006    6.670041   2200.39   2411.99    1.000
