reso  sja  d_qt  d_ci  d_rf
0.6511628 0.9354348 0.1314367 0.3759673 0.5134686
0.3888889 0.9643039 0.3116558 0.5769656 0.653261
0.6136364 0.9853374 0.1191966 0.3664466 0.4601806
0.7045455 0.9207839 0.1277997 0.3192299 0.484228
0.5227273 0.9361112 0.1967454 0.4971669 0.6887036
0.35 0.9599259 0.1915302 0.5615784 0.686578
0.5897436 0.9754542 0.2376485 0.3796206 0.4796866
0.6818182 0.8972628 0.2441502 0.3673224 0.4879216
0.4137931 0.9861327 0.2387375 0.5502826 0.590772
0.6666667 0.7044916 0.3368229 0.4528834 0.6491386
0.4736842 0.9873003 0.1991557 0.4787402 0.5726899
0.9375 0.9693188 0.03431373 0.1451757 0.1687577
0.7391304 0.9342402 0.1007023 0.2327972 0.3016524
0.875 0.9642857 0.04385965 0.172914 0.1825498
0.5813953 0.9394682 0.2218035 0.4462762 0.6174253
0.6956522 0.9735985 0.1095287 0.3065719 0.4599993
0.6046512 0.9803797 0.1112541 0.3215852 0.425094
0.5789474 0.973146 0.1362953 0.3848825 0.442067
0.4285714 0.9435484 0.2380952 0.5010017 0.5542023
0.625 0.9929855 0.2098813 0.3093925 0.3441972
0.6304348 0.881401 0.1553951 0.4142395 0.540214
0.5416667 0.9051201 0.229943 0.4916001 0.6685388
0.7741935 0.8936144 0.149765 0.3179434 0.4853725
0.6153846 0.8968507 0.2532946 0.4518913 0.5664224
0.525 0.9912591 0.1976055 0.4184722 0.4923207
0.6666667 0.9361277 0.1172961 0.2635986 0.3712717
0.5 0.9237681 0.3243395 0.5624867 0.702991
0.4857143 0.9203196 0.1892772 0.4322939 0.495164
0.7777778 0.8046543 0.2224594 0.3351832 0.507156
0.6410256 0.9723615 0.09430001 0.3020188 0.3784543
0.6341463 0.9732856 0.0930785 0.3486794 0.4176993
0.5675676 0.9531572 0.1246416 0.3757395 0.4967569
0.8108108 0.9303141 0.1091859 0.2632347 0.3597026
0.8823529 0.927012 0.08823529 0.194266 0.335887
0.7173913 0.9182351 0.1394165 0.3427606 0.4753636
0.65 0.9648712 0.09649915 0.2691642 0.3012279
0.6296296 0.964653 0.1076263 0.3395255 0.4349051
0.6818182 0.9655629 0.1109881 0.3128845 0.3609206
0.8421053 0.9774382 0.0429255 0.2014153 0.2419815
0.44 0.9226519 0.2347253 0.5093716 0.6079307
0.5106383 0.8393419 0.2452063 0.5421213 0.7260562
0.7241379 0.9142145 0.1625695 0.3663525 0.5254969
0.6170213 0.9816977 0.08344551 0.3418692 0.4473071
0.5531915 0.9573548 0.1178615 0.3704391 0.4930995
0.4864865 0.9617968 0.1629828 0.4254351 0.4976446
0.5185185 0.9278782 0.1718117 0.47844 0.5854505
0.75 0.9077438 0.1635362 0.3801829 0.7133305
0.7083333 0.9858988 0.07982906 0.2042844 0.2906531
0.6363636 0.9452187 0.1323063 0.3676542 0.5120068
0.8 0.9703733 0.1004317 0.278222 0.3332879
0.4782609 0.9475666 0.1739799 0.5090117 0.5498267
0.8333333 0.9931741 0.06541353 0.1696807 0.1871627
0.5789474 0.9453393 0.1447027 0.3406888 0.3976836
0.7666667 0.7570018 0.2672287 0.4258467 0.6098328
0.6875 0.9421151 0.1803953 0.3082288 0.4086496
0.7714286 0.7854526 0.2414008 0.3268699 0.5763233
0.4047619 0.9430809 0.3788416 0.6200612 0.7174614
0.8636364 0.9713768 0.06778656 0.1733489 0.2556402
0.55 0.9913267 0.1545455 0.3114259 0.3708567
0.8648649 0.9766872 0.03350476 0.1616408 0.2133776
0.7777778 0.9828995 0.07535505 0.1973425 0.2624788
0.5 0.9740045 0.09634146 0.4145641 0.4904335
0.8 0.910652 0.1262515 0.2587594 0.3980372
0.6888889 0.9406049 0.07842276 0.3496945 0.5542762
0.7209302 0.9525134 0.09636915 0.3770908 0.5520979
0.475 0.9315938 0.2365043 0.5541413 0.7460151
0.5882353 0.9685567 0.1247678 0.3572447 0.4508586
0.6363636 0.9525995 0.1414625 0.3805752 0.4601914
0.6538462 0.9340129 0.09845901 0.2871494 0.3797098
0.5384615 0.9498573 0.1947918 0.4911736 0.5807491
0.575 0.8800081 0.2109432 0.4118791 0.55774
0.3703704 0.9785013 0.2457946 0.5651501 0.6163792
0.55 0.982515 0.209752 0.4115603 0.4759456
0.5217391 0.9193279 0.1978595 0.4930074 0.6929971
0.5384615 0.9217004 0.2886615 0.4685852 0.51441
0.6666667 0.9122807 0.1269841 0.2671631 0.3348977
0.4102564 0.9613108 0.2918476 0.5361046 0.714845
0.8666667 0.8852843 0.1235294 0.1967446 0.3094674
0.5365854 0.9861351 0.1887684 0.3858695 0.4652907
0.5789474 1 0.1192071 0.2667246 0.2657601
0.5526316 0.9690595 0.1417695 0.3780989 0.4612654
0.6590909 0.8089996 0.2455555 0.3905669 0.6003865
0.6153846 0.989403 0.1426829 0.4109998 0.4944881
0.6285714 0.9280127 0.1315722 0.3309695 0.4941298
0.6842105 0.930509 0.1485304 0.4033097 0.4902269
0.6315789 0.9732289 0.1545621 0.3997846 0.5081879
0.5666667 0.995006 0.07851906 0.3498589 0.4136139
0.85 0.9196354 0.1049125 0.2691414 0.3959805
0.7307692 0.9696297 0.117174 0.3531093 0.4265776
0.7083333 0.9114785 0.1313105 0.3091146 0.3528309
0.6976744 0.9574264 0.08559304 0.2805737 0.3799696
0.6571429 0.9151977 0.1780397 0.3120859 0.4612617
0.5 0.8780712 0.2320815 0.4700757 0.6360913
0.75 0.8150791 0.2380031 0.2770684 0.329751
0.5 0.9977593 0.1543878 0.4498799 0.50807
0.6086957 0.9458156 0.3158546 0.4439848 0.5596766
0.6666667 0.7857296 0.2386119 0.4675 0.590628
0.75 0.8953901 0.1497219 0.3258518 0.4928883
0.4736842 0.9002585 0.2248346 0.4550723 0.5863745
0.5483871 0.749573 0.2952066 0.4545335 0.5924153
