      TL          5.809496    0.069843    5.299095    6.334172    5.802701  16663.74  17365.95    1.000
      TL          5.902555    0.085220    5.345846    6.484232    5.895401   7471.84   8792.72    1.000
      TL          5.700738    0.070004    5.187904    6.223130    5.696643  16451.35  17116.68    1.000
      TL          5.550209    0.064468    5.049889    6.041857    5.546574  10560.56  11499.82    1.000
      TL          6.623606    0.101221    6.003192    7.249607    6.617710   9341.61   9540.16    1.000
      TL          3.563338    0.067725    3.062865    4.082140    3.556117  16910.15  17396.04    1.000
      TL          5.751107    0.080867    5.208421    6.321632    5.744242  14323.06  15076.03    1.000
      TL          3.595889    0.068930    3.083049    4.109442    3.586974  19843.10  20108.50    1.000
      TL          4.546303    0.073201    4.013777    5.075237    4.539641  16686.50  16991.15    1.000
      TL          6.321578    0.087713    5.752314    6.908743    6.313513  11043.85  12803.06    1.000
      TL          5.492529    0.081756    4.927763    6.046800    5.484658  10906.05  11347.20    1.000
      TL          2.549219    0.044959    2.136113    2.964486    2.541774  22106.20  22451.44    1.000
      TL          4.165517    0.079053    3.623485    4.721093    4.156971  14290.31  15057.79    1.000
      TL          2.743936    0.053287    2.307551    3.208778    2.734566  20745.75  21992.12    1.000
      TL          6.309109    0.081018    5.763446    6.878457    6.301619   7790.79   9946.49    1.000
      TL          6.034319    0.082777    5.475546    6.601882    6.028719  11204.86  12028.18    1.000
      TL          5.364130    0.064084    4.873287    5.861428    5.359575  13596.14  13614.24    1.000
      TL          3.602188    0.066932    3.097568    4.106109    3.592247  17240.96  19235.35    1.000
      TL          2.872442    0.245661    1.969356    3.856628    2.818638  23023.07  23209.87    1.000
      TL          3.164701    0.063437    2.686593    3.672594    3.155001  22366.59  22564.70    1.000
      TL          6.302638    0.076853    5.755378    6.841187    6.299031  13465.79  14310.00    1.000
      TL          4.104434    0.069828    3.587103    4.621443    4.095424  17729.64  18626.58    1.000
      TL          4.506758    0.060285    4.032230    4.991831    4.500458  15992.79  16150.04    1.000
      TL          4.092511    0.066416    3.587362    4.594778    4.084890  11937.68  12966.55    1.000
      TL          4.946281    0.063125    4.457127    5.442155    4.940608  13513.71  13680.45    1.000
      TL          4.542220    0.071239    4.016836    5.062066    4.536149  18854.99  19021.55    1.000
      TL          5.920956    0.097753    5.334348    6.551435    5.912136  13277.56  13324.74    1.000
      TL          5.300478    0.075870    4.775914    5.853133    5.294189  14483.60  14504.26    1.000
      TL          4.748811    0.077768    4.210893    5.297202    4.742228  19703.19  19912.63    1.000
      TL          4.652823    0.055297    4.197552    5.116936    4.647316  17492.92  18496.81    1.000
      TL          5.388223    0.064273    4.896359    5.888959    5.383076  16081.79  16845.08    1.000
      TL          5.405318    0.073478    4.879188    5.938234    5.399877  15180.62  16246.27    1.000
      TL          5.231365    0.075805    4.687765    5.765112    5.223970  14609.80  14908.31    1.000
      TL          2.569018    0.043725    2.163957    2.980329    2.563248  24843.58  25082.03    1.000
      TL          5.572420    0.067410    5.072834    6.085080    5.568389  14934.87  14992.98    1.000
      TL          3.163611    0.063123    2.674623    3.658834    3.155240  20191.37  20341.69    1.000
      TL          3.990755    0.068959    3.490387    4.515548    3.984790  16940.27  17272.00    1.000
      TL          2.751036    0.049423    2.317146    3.187332    2.741966   9663.38   9957.90    1.000
      TL          3.601498    0.068324    3.103816    4.122300    3.593389  22499.04  23105.30    1.000
      TL          5.141606    0.112576    4.486113    5.799095    5.129489  11166.35  11900.87    1.000
      TL          6.472448    0.093067    5.887070    7.078076    6.464264   7416.72   7896.91    1.000
      TL          4.533952    0.066593    4.021744    5.031527    4.527854  15575.27  16251.18    1.000
      TL          6.312233    0.075677    5.769414    6.846283    6.308024  14075.17  14462.52    1.000
      TL          6.038113    0.078690    5.486473    6.584352    6.032051  13160.06  13196.72    1.000
      TL          5.596853    0.074675    5.066930    6.133270    5.591572  14512.74  14565.79    1.000
      TL          4.412022    0.067123    3.917365    4.928657    4.403277  16303.08  17001.96    1.000
      TL          4.526450    0.054317    4.073477    4.986229    4.521066  14933.54  15254.79    1.000
      TL          3.400697    0.054486    2.942292    3.856292    3.393498  22200.42  22839.84    1.000
      TL          5.474278    0.073803    4.938306    6.002124    5.468300  17940.86  18095.06    1.000
      TL          5.370968    0.062851    4.884066    5.865173    5.366733  13738.13  14261.25    1.000
      TL          3.542019    0.054963    3.096060    4.010947    3.536131  20462.23  21632.49    1.000
      TL          3.783625    0.079295    3.247565    4.349177    3.773701  20133.71  20487.15    1.000
      TL          3.414150    0.062880    2.939075    3.918931    3.404630  19940.94  20165.78    1.000
      TL          4.545767    0.063258    4.057279    5.039562    4.539543  18295.93  18630.75    1.000
      TL          4.615278    0.068063    4.123132    5.145089    4.608006  14849.22  15115.81    1.000
      TL          4.503024    0.059294    4.033914    4.987380    4.496507  10066.53  11512.37    1.000
      TL          6.825366    0.092878    6.229801    7.421930    6.819561  13030.33  13599.92    1.000
      TL          3.770194    0.051482    3.320588    4.209513    3.763582  20477.87  21460.38    1.000
      TL          3.589859    0.070245    3.075674    4.105736    3.581789  21424.54  21482.87    1.000
      TL          4.405450    0.051843    3.962466    4.849532    4.400038  19020.91  19454.97    1.000
      TL          2.625673    0.055583    2.176774    3.092349    2.615751  18837.04  19005.98    1.000
      TL          5.707847    0.083647    5.147803    6.280371    5.701942  11484.98  12518.67    1.000
      TL          3.402143    0.052872    2.955677    3.856798    3.394983  20645.74  21193.73    1.000
      TL          5.480374    0.065714    4.971294    5.974406    5.476823  13713.91  14335.21    1.000
      TL          5.730507    0.075206    5.197862    6.268659    5.724592   9426.29   9810.68    1.000
      TL          6.066278    0.094215    5.472026    6.671940    6.059595   7958.78   8730.89    1.000
      TL          3.353980    0.072197    2.834867    3.884705    3.343674  19157.59  20021.88    1.000
      TL          3.941352    0.077212    3.412961    4.496328    3.931010   4469.06   6976.22    1.000
      TL          4.025042    0.063676    3.544383    4.535085    4.018029  16639.10  17351.89    1.000
      TL          4.329993    0.056933    3.870626    4.799622    4.324910  21833.74  23008.04    1.000
      TL          5.828813    0.086157    5.255616    6.404144    5.821981  13105.50  14428.11    1.000
      TL          5.208063    0.086146    4.645353    5.791773    5.200675  16013.23  16359.70    1.000
      TL          5.866922    0.081015    5.312088    6.429994    5.860206  12226.86  13668.42    1.000
      TL          3.679624    0.061140    3.197936    4.163158    3.673163  19139.95  20160.04    1.000
      TL          4.121724    0.076368    3.591821    4.670964    4.113412  10105.21  11127.97    1.000
      TL          2.182616    0.132470    1.525555    2.896556    2.144307  17679.05  18751.75    1.000
      TL          6.406458    0.102823    5.778651    7.029382    6.399249  11757.22  12441.98    1.000
      TL          3.152684    0.069944    2.654432    3.686532    3.142872  24974.82  25620.32    1.000
      TL          5.665517    0.078027    5.130067    6.221026    5.658989  12510.30  12631.92    1.000
      TL          3.543857    0.077096    3.016497    4.102656    3.536005  21323.32  22474.37    1.000
      TL          5.428750    0.074711    4.893420    5.965447    5.422413   7174.99   9076.25    1.000
      TL          6.190778    0.083914    5.632527    6.763946    6.185444  12936.77  13646.12    1.000
      TL          5.239333    0.061143    4.764591    5.730786    5.234667  18470.21  18600.65    1.000
      TL          4.982511    0.070554    4.469623    5.509400    4.976290  13397.16  13688.02    1.000
      TL          3.699192    0.068653    3.186724    4.210011    3.690955  18811.80  20062.12    1.000
      TL          5.679449    0.074771    5.145733    6.217467    5.674938  17683.92  18325.42    1.000
      TL          4.529136    0.073909    4.004932    5.066685    4.520952  15160.44  15761.81    1.000
      TL          3.677062    0.058296    3.215152    4.156196    3.670829  23333.39  24051.49    1.000
      TL          3.729459    0.060835    3.240444    4.205006    3.722154  10370.83  12481.73    1.000
      TL          4.694081    0.095716    4.108177    5.315533    4.684174  19718.88  19887.12    1.000
      TL          5.484003    0.075123    4.950366    6.025054    5.478832  11212.91  11791.75    1.000
      TL          5.278340    0.066974    4.789378    5.803156    5.273486  19274.75  19504.55    1.000
      TL          7.030494    0.094018    6.428040    7.624827    7.023536  15120.25  15137.37    1.000
      TL          3.214848    0.075784    2.678989    3.759941    3.204741  25861.03  26464.83    1.000
      TL          5.673648    0.072507    5.156144    6.208499    5.667393  14184.37  14519.87    1.000
      TL          7.128073    0.101133    6.521675    7.763162    7.121947   6269.27   7101.56    1.000
      TL          4.094401    0.061599    3.608451    4.579902    4.088000  16283.27  17497.52    1.000
      TL          4.148930    0.061985    3.664622    4.636168    4.142688  16849.89  18059.29    1.000
      TL          5.755190    0.085602    5.184920    6.329899    5.748232  10349.01  10493.05    1.000
      TL          5.028468    0.073364    4.517122    5.572283    5.021768  15523.09  16273.10    1.000
