      TL             8.734739    0.884724    6.982531   10.669120    8.685182   4343.66   4345.33    1.000
      TL             8.967115    1.725262    6.529279   11.601920    8.863532   3632.91   3728.51    1.000
      TL             8.257732    0.863695    6.506966   10.127870    8.193325   3157.74   3304.33    1.001
      TL             8.268941    0.869249    6.528178   10.174850    8.223124   4860.45   5397.94    1.000
      TL             8.918882    1.141318    6.845255   11.005120    8.858899   2796.64   2840.84    1.000
      TL             3.941027    0.585567    2.545953    5.469696    3.868253   7115.22   7240.54    1.000
      TL             8.489513    1.420989    6.276954   10.897170    8.409643   2918.41   2934.47    1.000
      TL             4.600337    0.562966    3.211836    6.095358    4.528885   8459.51   8849.47    1.000
      TL             5.451862    0.706370    3.865810    7.122448    5.389217   5333.00   5748.98    1.000
      TL             9.580531    1.121473    7.571143   11.693360    9.520149   2904.89   3096.51    1.000
      TL             7.059083    0.832617    5.329067    8.865396    6.999037   3263.96   3341.12    1.000
      TL             3.626966    0.628094    2.187232    5.211991    3.555918  10159.16  10308.20    1.000
      TL             6.118478    1.289687    4.070466    8.407100    6.015350   6499.15   6620.35    1.000
      TL             2.711925    0.194609    1.897079    3.599244    2.676269  15980.57  16089.40    1.000
      TL             9.266558    1.192424    7.179707   11.392490    9.195338   3146.67   3611.38    1.001
      TL             9.150958    0.994187    7.309935   11.197130    9.096244   2255.90   2400.00    1.000
      TL             7.908113    0.699746    6.306126    9.559220    7.857250   4741.82   4798.62    1.000
      TL             5.342738    1.472201    3.248586    7.778172    5.196450   4195.32   4360.51    1.000
      TL             2.292807    0.553807    1.077191    3.777085    2.171431  18554.87  19294.08    1.000
      TL             3.552851    1.220894    1.697882    5.783327    3.384041   4690.36   4977.19    1.000
      TL             8.690094    1.018481    6.745575   10.658710    8.636957   3344.72   3696.12    1.000
      TL             4.663008    0.581879    3.276211    6.212456    4.586245   5275.12   5291.23    1.000
      TL             7.711820    0.830116    5.982008    9.535512    7.654499   8443.91   9065.07    1.000
      TL             4.328253    0.645771    2.836698    5.928380    4.264749   5467.94   5619.29    1.000
      TL             6.654521    0.661538    5.150704    8.279389    6.589834     93.80   1865.39    1.003
      TL             9.012250    2.662739    6.010909   12.243310    8.838386   4835.62   5491.22    1.000
      TL             6.536847    0.938114    4.690379    8.463205    6.477251   4800.50   4876.61    1.000
      TL             6.286485    0.680179    4.762550    7.946092    6.217959   3538.27   3853.93    1.000
      TL             7.811026    1.737265    5.417587   10.473800    7.673954   6599.34   6794.48    1.000
      TL             5.756871    0.688944    4.144991    7.367105    5.702979   4020.07   4054.80    1.000
      TL             6.921522    0.818420    5.221528    8.735019    6.871299   4451.18   4947.58    1.000
      TL             7.359586    1.191207    5.348493    9.583076    7.274460   3666.84   3675.60    1.000
      TL             6.778605    1.019147    4.815323    8.751079    6.719438   1973.66   2631.81    1.000
      TL             3.090253    0.333252    2.016884    4.232707    3.037506  10260.21  10696.18    1.000
      TL             8.412176    0.954028    6.507863   10.318410    8.367652   2750.97   3169.52    1.000
      TL             3.926715    0.560023    2.548962    5.439069    3.860988  10898.92  10974.60    1.000
      TL             4.359195    0.482551    3.079422    5.768351    4.281261   2296.75   2724.88    1.000
      TL             2.463158    0.163993    1.712562    3.283616    2.434114  11611.11  12313.56    1.000
      TL             4.515554    0.592940    3.116256    6.061152    4.436446   6088.05   7177.34    1.000
      TL             5.076982    0.803691    3.425514    6.878493    5.013432   6836.73   7005.93    1.000
      TL             8.595021    0.964659    6.695903   10.537120    8.555283   4065.96   4540.70    1.000
      TL             6.590600    0.940919    4.760724    8.529532    6.523876   6458.07   6843.06    1.000
      TL             7.941179    0.769509    6.229790    9.650422    7.902120   2749.53   2969.85    1.000
      TL             9.797300    1.352668    7.621378   12.120220    9.721297   1183.31   1544.76    1.001
      TL             9.340909    1.378437    7.148309   11.716030    9.265287   4712.14   4846.59    1.000
      TL             6.299767    1.285510    4.182211    8.530066    6.202113   3899.64   4271.39    1.000
      TL             6.340461    0.410308    5.123095    7.636316    6.308689   6405.77   7119.93    1.000
      TL             4.413440    0.652782    2.953029    6.045739    4.324165   6230.81   6233.40    1.000
      TL             8.066583    1.392927    5.879481   10.443090    7.981220   3767.63   3924.77    1.000
      TL             7.835761    0.897573    5.998000    9.711227    7.795411   2990.79   3118.47    1.000
      TL             4.904933    0.844590    3.238588    6.781121    4.827403   6355.53   6735.98    1.000
      TL             4.934442    1.287121    2.913341    7.158003    4.795466   5611.46   5692.00    1.000
      TL             3.598603    0.316398    2.538141    4.699026    3.546513   8135.65   9599.23    1.000
      TL             6.712963    1.308120    4.579797    8.955730    6.613536   2616.95   2815.07    1.000
      TL             6.009347    0.721471    4.419209    7.708442    5.963477   5348.31   5500.61    1.000
      TL             5.077380    0.356865    3.962133    6.276226    5.040895   7117.27   7816.25    1.000
      TL            11.557433    2.385041    8.668313   14.667700   11.456770   2828.25   3116.53    1.001
      TL             4.478132    0.663428    2.981929    6.090272    4.395982   7363.85   7406.14    1.000
      TL             5.807666    1.409059    3.649965    8.213275    5.683679   6609.37   6686.10    1.000
      TL             6.650512    0.803860    4.943574    8.433744    6.599595   4716.69   5644.60    1.000
      TL             2.238885    0.198781    1.406810    3.117764    2.201214  11102.65  11773.28    1.000
      TL             7.566286    0.846108    5.826504    9.420081    7.516508   3243.08   3645.33    1.000
      TL             4.107312    0.608163    2.700656    5.692998    4.033545   7133.50   7604.98    1.000
      TL            10.499343    1.744622    8.042737   13.142600   10.415990   2020.24   2123.08    1.000
      TL            10.428801    2.094892    7.695264   13.315750   10.344480   2072.96   2121.07    1.000
      TL             9.069873    1.317425    6.973783   11.369510    8.968821   3346.86   3468.42    1.000
      TL             3.922191    0.585687    2.535056    5.439990    3.839814   7212.65   7877.25    1.000
      TL             4.215031    0.423155    2.994049    5.487157    4.158891   9023.02  10212.42    1.000
      TL             8.065848    2.884318    4.989674   11.441120    7.865540   5743.37   5752.40    1.000
      TL             7.057649    1.505068    4.760080    9.479294    6.945060   6949.48   7220.25    1.000
      TL             7.703873    0.827977    6.022891    9.547110    7.643515   3421.00   3497.52    1.000
      TL             7.448791    1.571978    5.196683   10.005520    7.334036   5084.53   5133.37    1.000
      TL             9.431260    1.098459    7.421372   11.481610    9.367440   3657.24   3826.15    1.000
      TL             4.596367    0.645811    3.165180    6.208289    4.506147   3793.36   4388.84    1.000
      TL             5.876348    0.903862    4.110356    7.775046    5.793482   7502.35   7789.95    1.000
      TL             3.162017    2.794859    1.065051    5.909172    2.805665  14599.55  15003.79    1.000
      TL            10.457125    2.352579    7.531539   13.462180   10.352030   4367.50   4508.78    1.000
      TL             5.145384    2.369899    2.693823    8.237696    4.870567   5210.96   5369.70    1.000
      TL             8.027922    0.914338    6.262278    9.996909    7.973968   4132.27   4340.70    1.000
      TL             6.127748    1.817005    3.838883    8.859852    5.944096   6559.82   6717.95    1.000
      TL             7.828748    1.034392    5.897352    9.856182    7.773861   4853.48   4968.64    1.000
      TL             9.448130    1.571008    7.118399   11.955210    9.361424   1616.74   1636.68    1.000
      TL             6.314411    0.528941    4.944168    7.766276    6.272643   6326.41   6581.82    1.000
      TL             7.859089    0.690663    6.282187    9.505634    7.805768   6001.20   6270.00    1.000
      TL             6.515689    1.774934    4.206387    9.163823    6.346864   4572.81   4931.90    1.000
      TL             5.797880    0.570259    4.389751    7.307186    5.736343   3677.69   3692.99    1.000
      TL             4.356057    0.457456    3.108953    5.719264    4.306603   5548.64   5660.98    1.000
      TL             4.672990    0.779989    3.126083    6.454087    4.554988   6197.23   6330.53    1.000
      TL             5.606874    1.052970    3.681889    7.619003    5.517973   4744.69   4980.50    1.000
      TL             6.458186    0.982184    4.601154    8.430761    6.373440   7158.36   7559.53    1.000
      TL             6.905827    1.000304    5.036905    8.882661    6.855802   3086.72   3119.76    1.000
      TL             8.874672    1.424423    6.632943   11.260950    8.789352   3841.64   4151.06    1.000
      TL             9.996685    1.268751    7.868967   12.264710    9.932994   3416.60   3622.25    1.000
      TL             3.772889    0.662314    2.323964    5.421117    3.682441   9009.18   9741.26    1.000
      TL             9.791062    1.481727    7.526387   12.226030    9.687644   1960.76   2162.76    1.000
      TL            10.655082    1.697230    8.275412   13.259250   10.521720   1503.85   1638.83    1.000
      TL             3.872718    0.311650    2.835362    4.998553    3.829146   6325.41   6400.88    1.000
      TL             4.798273    0.535938    3.440716    6.254132    4.732418   6642.30   6786.50    1.000
      TL             6.531223    0.547581    5.133036    7.998024    6.485537   3152.08   3897.63    1.000
      TL             6.920327    1.423718    4.735114    9.301961    6.808508   3878.95   3900.55    1.000
