      clockrate                0.984768    0.026989    0.697819    1.310823    0.962425    170.96    185.80    1.000
      clockrate                0.743751    0.009467    0.563041    0.938814    0.735540    207.45    212.38    1.002
      clockrate                0.785330    0.006752    0.629061    0.948239    0.781137    959.31   1335.87    1.001
      clockrate                0.606394    0.006672    0.454219    0.767389    0.600449   1031.51   1125.24    1.000
      clockrate                0.674086    0.007848    0.508970    0.854637    0.669444   1273.05   1399.91    1.001
      clockrate                0.753525    0.102909    0.136429    1.351094    0.716994     81.63    135.60    1.001
      clockrate                0.673353    0.006551    0.517953    0.834956    0.669274   3145.73   3184.30    1.000
      clockrate                1.040948    0.314360    0.175494    1.901773    1.130031     22.13     22.46    1.050
      clockrate                0.697559    0.010824    0.504076    0.907613    0.690881   1295.04   1342.84    1.001
      clockrate                0.748370    0.009481    0.556574    0.940841    0.742722   3504.30   3587.59    1.000
      clockrate                0.716567    0.021039    0.509207    1.026417    0.682939     27.25    487.95    1.113
      clockrate                0.810348    0.080943    0.185911    1.346958    0.779288    236.59    367.49    1.003
      clockrate                0.531801    0.044383    0.114220    0.817910    0.573535     37.06     44.79    1.040
      clockrate                0.671748    0.086673    0.147102    1.224874    0.633973    148.18    413.53    1.003
      clockrate                0.598778    0.006208    0.451894    0.758787    0.596239   1454.04   1618.19    1.000
      clockrate                0.663189    0.004756    0.533216    0.801203    0.659763    921.91   1061.04    1.000
      clockrate                0.659400    0.007184    0.501987    0.831456    0.653806   1916.79   1984.05    1.000
      clockrate                0.966093    0.149759    0.201902    1.634524    0.960777     80.57    106.01    1.052
      clockrate                0.658029    0.096426    0.140845    1.256325    0.602780   1084.79   1086.91    1.000
      clockrate                0.744942    0.067681    0.165820    1.189807    0.724733     60.88     68.14    1.000
      clockrate                0.654939    0.004871    0.517686    0.791221    0.652054   3490.96   3568.50    1.000
      clockrate                0.642384    0.017362    0.393398    0.921663    0.638185    884.86   1621.36    1.003
      clockrate                1.180744    0.170649    0.521322    2.010368    1.099549     69.77     89.56    1.002
      clockrate                0.738052    0.048469    0.385775    1.384203    0.707508     61.45     72.22    1.205
      clockrate                0.657618    0.006044    0.508156    0.811951    0.652743   3122.18   3153.35    1.000
      clockrate                0.664707    0.064475    0.196663    1.086552    0.641894     77.24    326.42    1.037
      clockrate                1.480788    0.351828    0.554844    2.605044    1.404207     22.80    110.94    1.176
      clockrate                0.877392    0.020255    0.619949    1.170804    0.869772   1357.55   1673.90    1.001
      clockrate                1.224735    0.245600    0.553369    2.137735    1.160540     16.72     46.70    1.461
      clockrate                0.647309    0.005719    0.500864    0.796713    0.643593   1657.40   1728.13    1.000
      clockrate                0.746161    0.018443    0.492367    1.021173    0.734094     81.46    274.60    1.026
      clockrate                0.661677    0.007322    0.500248    0.830557    0.654883    131.75    252.81    1.001
      clockrate                0.609185    0.004474    0.481987    0.744305    0.606184    685.24   1020.73    1.000
      clockrate                0.625990    0.047646    0.133129    1.002074    0.619218    206.86    295.03    1.003
      clockrate                0.675460    0.005057    0.540161    0.817340    0.672008   1568.24   1576.44    1.000
      clockrate                1.103464    0.153327    0.149578    1.756941    1.100114     64.27     98.58    1.002
      clockrate                0.604129    0.016550    0.323404    0.872860    0.615606    582.72    860.67    1.002
      clockrate                0.609398    0.022484    0.298944    0.906263    0.608614    637.93   1180.90    1.013
      clockrate                1.450910    0.280634    0.447730    2.467004    1.391629    116.83    585.00    1.002
      clockrate                0.553550    0.018051    0.155823    0.762278    0.566228    443.45    516.65    1.001
      clockrate                0.598892    0.004027    0.474415    0.721760    0.595456   1008.88   1291.00    1.001
      clockrate                0.603115    0.019395    0.162156    0.807078    0.612503     69.50    164.73    1.001
      clockrate                0.563311    0.003566    0.450145    0.681562    0.560010    932.74   1109.72    1.000
      clockrate                0.958971    0.034959    0.656678    1.323753    0.926964     33.30    743.58    1.064
      clockrate                0.666496    0.005760    0.521152    0.816315    0.662442    315.16    668.12    1.002
      clockrate                0.774662    0.073320    0.415497    1.482507    0.715884     37.59     47.54    1.000
      clockrate                0.703231    0.015842    0.458359    0.952803    0.696682   1808.97   2011.95    1.000
      clockrate                0.826742    0.089185    0.326949    1.409659    0.789052    110.26    129.38    1.003
      clockrate                0.530939    0.006939    0.370435    0.700060    0.527875   2493.46   2544.90    1.001
      clockrate                0.658873    0.006407    0.505791    0.818987    0.655448   1017.67   1591.89    1.001
      clockrate                0.646953    0.058118    0.156911    0.976407    0.697090    125.00    131.29    1.047
      clockrate                0.538130    0.046522    0.162497    0.911023    0.526801     74.91     82.14    1.000
      clockrate                0.588914    0.056857    0.144080    0.995466    0.590074    348.14    359.64    1.000
      clockrate                0.588572    0.009250    0.417363    0.785129    0.576691     82.84    135.49    1.006
      clockrate                0.584848    0.015469    0.278697    0.810576    0.595408    653.80    821.54    1.001
      clockrate                0.616904    0.021683    0.220724    0.833773    0.637232    441.39    601.15    1.003
      clockrate                0.714901    0.008983    0.542819    0.909047    0.706931   1761.74   1855.81    1.001
      clockrate                0.426591    0.014584    0.122561    0.621502    0.435259    150.97    280.38    1.000
      clockrate                0.533451    0.040735    0.108992    0.829229    0.541155     60.02     78.52    1.011
      clockrate                0.751956    0.010613    0.563544    0.957985    0.742032    143.93    182.92    1.001
      clockrate                0.869070    0.107992    0.295715    1.520245    0.820864     97.67    142.15    1.002
      clockrate                0.708598    0.007667    0.544220    0.884322    0.702832   2632.29   3035.31    1.000
      clockrate                0.604311    0.016650    0.336925    0.889703    0.612702    386.39    563.21    1.000
      clockrate                0.638607    0.006071    0.491965    0.793955    0.633150   1773.27   1777.91    1.000
      clockrate                0.761915    0.012447    0.566031    0.980490    0.756698    272.18    463.24    1.003
      clockrate                0.655247    0.006317    0.505675    0.811122    0.649107    296.74    628.43    1.000
      clockrate                0.874143    0.207296    0.138121    1.741084    0.776037     93.67    110.53    1.000
      clockrate                0.867234    0.098780    0.258785    1.466292    0.821118    122.40    124.71    1.007
      clockrate                0.752880    0.088956    0.364361    1.463054    0.676241     33.10     42.62    1.044
      clockrate                1.694808    0.334100    0.686959    2.872084    1.617084    330.49    539.69    1.000
      clockrate                0.716261    0.014893    0.537423    0.951984    0.722924     47.19    120.37    1.036
      clockrate                0.591269    0.039086    0.117639    0.875507    0.610954     19.29     99.82    1.117
      clockrate                0.603920    0.010438    0.439489    0.799906    0.586205     34.70    948.27    1.063
      clockrate                0.637017    0.056473    0.162880    1.018549    0.630785     56.31     88.92    1.069
      clockrate                0.672871    0.038266    0.173136    0.917005    0.715198     51.87     64.41    1.000
      clockrate                0.776906    0.100494    0.212193    1.396544    0.739213    223.06    412.48    1.000
      clockrate                0.601180    0.006785    0.448236    0.768486    0.596287    139.03    188.65    1.000
      clockrate                0.665798    0.055994    0.159864    1.056173    0.676537     95.09    146.03    1.001
      clockrate                0.697491    0.008523    0.524870    0.878820    0.694911    922.24   1197.51    1.002
      clockrate                0.887394    0.082967    0.191670    1.304462    0.894775    110.14    120.78    1.004
      clockrate                0.728136    0.007663    0.561480    0.900013    0.722515   1176.77   1323.14    1.001
      clockrate                0.538160    0.003693    0.421584    0.658823    0.534877    739.36    754.52    1.004
      clockrate                0.667484    0.011917    0.467113    0.890800    0.658706     78.19    110.34    1.015
      clockrate                0.929618    0.059732    0.564429    1.423064    0.871984     29.55     40.00    1.080
      clockrate                1.230018    0.414961    0.340391    2.641869    1.101743     26.51    119.56    1.059
      clockrate                0.636116    0.004921    0.500546    0.773119    0.633005   2393.82   2492.52    1.000
      clockrate                1.731075    0.246413    0.837977    2.694957    1.667313    207.44    234.22    1.001
      clockrate                0.659256    0.057133    0.222250    1.077860    0.649907    110.99    154.08    1.028
      clockrate                0.680042    0.021542    0.420091    0.993154    0.674662    248.98    318.90    1.002
      clockrate                0.908236    0.054483    0.195776    1.267137    0.907748    100.63    124.02    1.000
      clockrate                0.714325    0.009301    0.530303    0.906061    0.707768   1590.24   2121.51    1.001
      clockrate                1.062690    0.144205    0.565730    1.841521    0.942008     50.36    936.51    1.340
      clockrate                0.660022    0.007466    0.496404    0.831377    0.653670   1062.38   1278.90    1.001
      clockrate                2.013773    0.536018    0.717569    3.478880    1.925212    950.83   1455.46    1.000
      clockrate                0.781122    0.032829    0.199056    1.023736    0.804628     17.30    494.88    1.039
      clockrate                0.739007    0.007959    0.568945    0.915823    0.733330   1248.77   1272.65    1.002
      clockrate                0.536031    0.018872    0.164078    0.732723    0.559726    230.86    314.39    1.000
      clockrate                0.743951    0.034312    0.349179    1.181779    0.740490    141.25    212.26    1.013
      clockrate                0.573947    0.009877    0.407012    0.768563    0.557616     27.54    397.42    1.046
      clockrate                0.543916    0.016872    0.135443    0.731758    0.551999     50.45     52.23    1.009
