      TL          4.924926    0.034628    4.555891    5.285145    4.922185  27064.97  27075.84    1.000
      TL          4.525094    0.034290    4.163731    4.889887    4.521937  23856.35  24595.27    1.000
      TL          4.933923    0.034578    4.572506    5.298707    4.931934  26854.35  28004.55    1.000
      TL          4.136467    0.029036    3.801656    4.469538    4.133269  29982.77  30412.08    1.000
      TL          4.783902    0.033621    4.424829    5.141411    4.781847  27101.62  28105.77    1.000
      TL          2.899663    0.025533    2.593765    3.217538    2.896767  27523.10  28101.52    1.000
      TL          4.493251    0.032950    4.143619    4.856639    4.490369  24614.72  25497.86    1.000
      TL          3.000592    0.027047    2.685624    3.326108    2.997154  25983.71  26227.97    1.000
      TL          3.530519    0.026796    3.215956    3.858755    3.527646  31283.33  31882.32    1.000
      TL          4.984616    0.034640    4.624014    5.352953    4.981661  26822.97  27118.28    1.000
      TL          4.317860    0.032297    3.967164    4.671460    4.314896  26287.60  26718.73    1.000
      TL          2.097214    0.024880    1.794612    2.409079    2.092498  17504.53  18265.41    1.000
      TL          2.789316    0.023803    2.483511    3.086395    2.786309  29746.65  29976.00    1.000
      TL          2.009075    0.020578    1.730175    2.290140    2.004889  29523.67  29577.51    1.000
      TL          4.619154    0.032719    4.265574    4.972803    4.617157  25374.86  26807.07    1.000
      TL          5.076319    0.035776    4.712776    5.452898    5.073984  28082.73  28713.78    1.000
      TL          4.494273    0.032012    4.147955    4.846464    4.491316  26611.02  27880.60    1.000
      TL          2.840624    0.026393    2.530680    3.165281    2.836922  28684.25  28854.11    1.000
      TL          1.327984    0.021003    1.046080    1.611896    1.321198  26487.08  27769.11    1.000
      TL          2.218624    0.021324    1.934871    2.504779    2.215466  29253.00  30240.64    1.000
      TL          4.326452    0.029537    3.989291    4.661175    4.323830  28576.89  28902.59    1.000
      TL          3.018876    0.024987    2.716664    3.336122    3.015899  31352.39  32127.64    1.000
      TL          3.591134    0.027210    3.266202    3.911752    3.587895  29437.32  30306.15    1.000
      TL          3.149425    0.027077    2.828552    3.472639    3.145635  24810.33  24976.68    1.000
      TL          3.926787    0.028020    3.595493    4.252188    3.924207  27784.80  28247.87    1.000
      TL          3.665699    0.030254    3.322782    4.006035    3.662109  24700.10  25084.42    1.000
      TL          4.007981    0.029501    3.668798    4.341398    4.005372  30569.14  30600.90    1.000
      TL          4.085056    0.030279    3.745747    4.425559    4.082254  29201.43  29345.04    1.000
      TL          3.373081    0.026859    3.051458    3.693873    3.370386  30271.38  30614.45    1.000
      TL          3.714605    0.026219    3.398185    4.031135    3.712894  31160.70  31195.78    1.000
      TL          4.062848    0.028947    3.731020    4.395036    4.059677  26664.59  27462.14    1.000
      TL          4.238526    0.030486    3.896040    4.582854    4.236258  27243.59  28411.66    1.000
      TL          3.921137    0.028860    3.591771    4.255506    3.919077  27182.94  27470.72    1.000
      TL          2.324505    0.022777    2.026967    2.617214    2.321069  27789.17  28185.24    1.000
      TL          4.626576    0.031725    4.278749    4.977098    4.623681  28869.80  29263.11    1.000
      TL          2.264801    0.021507    1.982024    2.554644    2.261845  26943.49  27412.56    1.000
      TL          2.666304    0.021513    2.381292    2.953954    2.663988  29129.80  29729.17    1.000
      TL          2.249347    0.020245    1.973852    2.529411    2.245882  25828.77  26796.91    1.000
      TL          2.600965    0.023440    2.307311    2.905932    2.598174  30599.23  31653.54    1.000
      TL          2.852308    0.023153    2.551211    3.144532    2.848005  27776.88  28173.79    1.000
      TL          4.534893    0.031398    4.186306    4.881006    4.532329  26857.67  27286.81    1.000
      TL          3.369956    0.026746    3.047030    3.687062    3.366498  26087.66  27890.71    1.000
      TL          4.408302    0.031052    4.059801    4.747550    4.405592  24534.57  25039.99    1.000
      TL          5.352144    0.037236    4.973668    5.729089    5.350032  28009.83  28755.67    1.000
      TL          4.303228    0.031231    3.969634    4.660788    4.299929  30272.22  31099.32    1.000
      TL          3.228080    0.025377    2.923808    3.549575    3.225517  29001.31  30395.48    1.000
      TL          3.725124    0.026518    3.403533    4.044708    3.721896  28354.59  29013.25    1.000
      TL          2.473671    0.021322    2.191401    2.762893    2.471093  29518.69  29781.90    1.000
      TL          3.871924    0.028114    3.545797    4.202854    3.869990  29893.39  30331.49    1.000
      TL          4.235787    0.029817    3.896052    4.574550    4.233026  27973.66  28607.13    1.000
      TL          2.711134    0.021931    2.427290    3.005755    2.708553  32063.74  32403.06    1.000
      TL          2.501548    0.023281    2.203197    2.799104    2.498534  30824.46  31347.64    1.000
      TL          2.283546    0.021094    2.009379    2.577620    2.280002  29084.98  29508.89    1.000
      TL          3.168066    0.024187    2.864861    3.472290    3.165454  31058.60  31098.33    1.000
      TL          3.897515    0.029215    3.566819    4.233090    3.895499  30020.13  30548.37    1.000
      TL          3.601156    0.027169    3.289610    3.934742    3.598284  27004.06  28678.83    1.000
      TL          5.452256    0.038415    5.065454    5.830356    5.449521  28979.71  30556.53    1.000
      TL          2.449794    0.020406    2.172599    2.731582    2.447666  32297.83  32546.64    1.000
      TL          2.809704    0.024651    2.506090    3.123090    2.807193  29190.73  29191.65    1.000
      TL          4.097276    0.030915    3.756649    4.443835    4.094244  27100.94  27349.01    1.000
      TL          2.130718    0.023312    1.832534    2.430405    2.127220  25173.88  25730.55    1.000
      TL          4.329811    0.031287    3.981569    4.675571    4.327461  27226.47  27612.82    1.000
      TL          2.945147    0.024349    2.638466    3.246845    2.941864  31294.79  31492.97    1.000
      TL          5.118003    0.036256    4.746942    5.490232    5.116352  27048.13  28656.87    1.000
      TL          4.988692    0.035747    4.626539    5.367776    4.985908  26817.73  27811.12    1.000
      TL          4.713832    0.034336    4.354325    5.080820    4.710158  27853.93  29408.83    1.000
      TL          2.421618    0.022755    2.129598    2.719305    2.418447  30482.03  30588.73    1.000
      TL          3.071419    0.026636    2.754325    3.395542    3.067958  30462.19  31033.15    1.000
      TL          3.483494    0.028182    3.153120    3.809827    3.481229  28804.32  29325.12    1.000
      TL          3.510171    0.028223    3.177963    3.832916    3.507164  27044.62  27810.38    1.000
      TL          4.020203    0.028118    3.701969    4.356562    4.017966  30576.40  31882.49    1.000
      TL          3.405149    0.026790    3.092261    3.732693    3.402257  29149.78  30288.43    1.000
      TL          4.941334    0.035403    4.573013    5.309688    4.939177  28654.06  28991.03    1.000
      TL          3.200822    0.029214    2.875159    3.542051    3.196850  22952.49  23852.90    1.000
      TL          3.315852    0.028934    2.988443    3.655358    3.312041  11184.60  12567.44    1.000
      TL          1.166930    0.016842    0.914463    1.420678    1.161927  33355.08  33408.50    1.000
      TL          4.314353    0.030563    3.971352    4.653428    4.312262  29379.78  30253.61    1.000
      TL          2.643282    0.027590    2.318523    2.968454    2.638627  26313.32  26480.13    1.000
      TL          4.360125    0.031111    4.019900    4.710483    4.357285  28421.26  28783.10    1.000
      TL          2.694501    0.023765    2.394828    2.997780    2.690979  28406.57  29334.85    1.000
      TL          4.652516    0.035013    4.295219    5.028142    4.649127  26250.77  26491.49    1.000
      TL          5.016633    0.034983    4.653441    5.381691    5.014168  28515.97  28885.35    1.000
      TL          4.218674    0.030833    3.876398    4.562592    4.215732  25352.71  26510.16    1.000
      TL          4.074317    0.031164    3.738744    4.428389    4.071027  26854.82  26951.07    1.000
      TL          2.732619    0.025273    2.424066    3.044344    2.728643  30427.87  31123.05    1.000
      TL          4.230344    0.030743    3.891902    4.576857    4.228267  30635.77  31195.30    1.000
      TL          3.377261    0.028031    3.045944    3.699788    3.374908  13778.34  16531.78    1.000
      TL          2.683300    0.023593    2.377904    2.979503    2.679974  29096.67  29468.82    1.000
      TL          2.707297    0.021987    2.426214    3.006134    2.704996  30446.10  30883.93    1.000
      TL          3.536817    0.029315    3.198978    3.868519    3.534288  29874.94  30696.43    1.000
      TL          4.855327    0.035060    4.487133    5.220403    4.852369  28076.86  28173.92    1.000
      TL          4.583339    0.034458    4.219972    4.948036    4.580782  25667.53  25701.87    1.000
      TL          4.543594    0.032032    4.200819    4.902171    4.540888  27313.74  27510.63    1.000
      TL          2.475652    0.025206    2.170990    2.792526    2.472079  24758.89  25966.89    1.000
      TL          4.770159    0.034421    4.408935    5.135432    4.766580  30878.11  31110.86    1.000
      TL          5.811540    0.041468    5.412599    6.208740    5.808089  24420.58  24691.00    1.000
      TL          2.775179    0.022065    2.486105    3.068599    2.772739  28268.71  29676.84    1.000
      TL          3.070665    0.023962    2.772536    3.376454    3.068609  30298.40  30430.52    1.000
      TL          4.329033    0.032150    3.984937    4.686080    4.325849  27793.54  28459.49    1.000
      TL          3.289178    0.025165    2.980600    3.601432    3.286901  29861.02  30217.62    1.000
