      TL          5.055051    0.149844    4.317430    5.831863    5.043418  23540.84  23986.42    1.000
      TL          4.892709    0.156309    4.125498    5.667543    4.882088  16504.08  17209.93    1.000
      TL          5.826736    0.181956    5.015199    6.689860    5.814086  18392.93  19155.57    1.000
      TL          5.112832    0.159557    4.332980    5.900997    5.099564  17602.07  17813.23    1.000
      TL          4.909959    0.149889    4.170807    5.687452    4.901108  19497.32  19518.34    1.000
      TL          4.410179    0.191585    3.569367    5.283381    4.390624  20941.16  21331.52    1.000
      TL          5.638951    0.187642    4.794283    6.483438    5.625672  15127.13  17245.68    1.000
      TL          4.243929    0.189839    3.406005    5.100443    4.222082  16513.15  17132.80    1.000
      TL          5.573684    0.213657    4.682053    6.484332    5.558168  16132.01  16714.73    1.000
      TL          6.445848    0.204105    5.564765    7.330966    6.430632  15149.81  17353.47    1.000
      TL          5.238476    0.168449    4.440494    6.044542    5.224293  19848.07  21058.88    1.000
      TL          1.646328    0.072105    1.139650    2.182277    1.631539  27117.39  27682.11    1.000
      TL          3.466248    0.130294    2.785840    4.192353    3.451542  26190.63  26346.64    1.000
      TL          2.718994    0.130255    2.035580    3.440972    2.699846  22258.36  22714.42    1.000
      TL          6.427281    0.207724    5.533098    7.316603    6.413186  20201.36  20298.99    1.000
      TL          7.625918    0.275771    6.628505    8.688479    7.610051  15976.59  16075.23    1.000
      TL          5.794752    0.184966    4.968487    6.655380    5.782136  19639.15  20675.58    1.000
      TL          3.318703    0.143325    2.581031    4.054190    3.300940  21199.88  21335.17    1.000
      TL          2.406364    0.240512    1.527178    3.392525    2.350207  20704.83  20795.93    1.000
      TL          3.063806    0.130029    2.384379    3.788380    3.048075  27566.75  27728.49    1.000
      TL          6.180636    0.192808    5.345900    7.056409    6.166736  16434.13  17119.00    1.000
      TL          3.547850    0.140891    2.829613    4.297738    3.531137  17938.47  18687.16    1.000
      TL          4.700074    0.170939    3.902964    5.516829    4.684866  17987.77  18301.85    1.000
      TL          4.061653    0.151845    3.308862    4.829956    4.045315  19442.89  21448.41    1.000
      TL          5.478475    0.173840    4.666604    6.294594    5.465024  16683.74  17661.78    1.000
      TL          4.199807    0.145228    3.473872    4.962956    4.187043  21221.92  22448.22    1.000
      TL          5.062083    0.174689    4.245084    5.875391    5.047000  15780.89  16095.91    1.000
      TL          4.661236    0.148968    3.929514    5.434950    4.645443  21397.27  22532.02    1.000
      TL          4.598576    0.169170    3.805810    5.419457    4.582220  20765.99  21231.74    1.000
      TL          4.470631    0.144145    3.736238    5.215631    4.461415  15910.96  16039.64    1.000
      TL          4.449294    0.136577    3.735684    5.184735    4.439071  23538.18  23839.55    1.000
      TL          4.391255    0.136131    3.671156    5.114246    4.378326  18993.08  19508.80    1.000
      TL          4.670372    0.148184    3.936643    5.438590    4.658947  17485.95  17866.63    1.000
      TL          2.574165    0.104658    1.958002    3.222276    2.557696  25995.37  27031.97    1.000
      TL          5.726759    0.173513    4.902376    6.539098    5.716206  18680.89  19771.18    1.000
      TL          2.919877    0.128030    2.222801    3.616909    2.903312  14746.99  15233.87    1.000
      TL          3.672048    0.127486    2.987661    4.382128    3.658107  21278.50  21478.04    1.000
      TL          2.734433    0.102419    2.138734    3.386338    2.720326  22679.83  23803.26    1.000
      TL          3.738920    0.153170    2.991785    4.516670    3.721715  19327.69  19398.19    1.000
      TL          4.129068    0.150299    3.381124    4.895098    4.114999  21973.48  22283.94    1.000
      TL          6.392942    0.208934    5.531591    7.321797    6.378501  14924.29  15642.66    1.000
      TL          4.537389    0.170583    3.730408    5.345982    4.524445  12452.60  15231.16    1.000
      TL          7.278355    0.249989    6.337710    8.290191    7.262790  13215.64  14373.16    1.000
      TL          5.289545    0.157288    4.524464    6.071932    5.277746  14522.57  16438.72    1.000
      TL          5.438083    0.183896    4.602196    6.278815    5.424961  14710.68  16471.79    1.000
      TL          4.080328    0.145405    3.343814    4.832895    4.067573  23424.75  23712.57    1.000
      TL          4.333256    0.129528    3.645678    5.047348    4.324069  22897.20  24048.44    1.000
      TL          3.398467    0.133008    2.704922    4.128061    3.384445  21522.58  21934.96    1.000
      TL          4.641444    0.157897    3.873435    5.424908    4.627585  18167.17  18694.69    1.000
      TL          4.900926    0.146820    4.143415    5.645969    4.890200  21065.05  22617.94    1.000
      TL          3.034829    0.109286    2.400481    3.693993    3.021151  25535.55  25766.06    1.000
      TL          2.809614    0.110856    2.178973    3.473283    2.794551  27770.60  28396.33    1.000
      TL          2.420970    0.090476    1.843611    3.017567    2.408605  25472.89  26461.33    1.000
      TL          5.676612    0.216219    4.776245    6.592027    5.659076  18447.41  18858.12    1.000
      TL          3.957598    0.128517    3.277548    4.691836    3.945257  23193.55  24050.95    1.000
      TL          4.053495    0.132224    3.339741    4.760568    4.039575  20253.50  20366.42    1.000
      TL          6.644483    0.225462    5.734259    7.590183    6.629657  14951.70  15640.63    1.000
      TL          3.780421    0.144955    3.055905    4.546291    3.764428  16471.90  16659.96    1.000
      TL          3.698138    0.151826    2.966301    4.485337    3.680655  20658.01  21509.79    1.000
      TL          4.085195    0.128218    3.414544    4.809996    4.072585  24112.60  24297.91    1.000
      TL          2.105017    0.088673    1.536608    2.698418    2.091700  24765.18  26066.81    1.000
      TL          5.169397    0.161653    4.369536    5.940960    5.157470  21596.91  21702.39    1.000
      TL          4.012012    0.153236    3.261366    4.793723    3.996664  18377.47  18560.58    1.000
      TL          6.155599    0.199454    5.290402    7.040826    6.141963  17394.13  17835.62    1.000
      TL          6.771642    0.229787    5.859703    7.727952    6.759190  14783.25  15427.14    1.000
      TL          6.017716    0.202652    5.151493    6.913823    6.003428  13938.61  15604.60    1.000
      TL          2.700649    0.113718    2.060863    3.373724    2.682674  22309.31  23150.36    1.000
      TL          2.940392    0.112101    2.305866    3.610765    2.924022  23714.54  24587.65    1.000
      TL          4.285733    0.154856    3.528746    5.067648    4.269598  21062.12  21672.41    1.000
      TL          5.153637    0.209882    4.270531    6.056626    5.134524  19509.19  20140.19    1.000
      TL          4.230486    0.126537    3.547891    4.939202    4.221493  22279.62  22335.52    1.000
      TL          4.481844    0.155313    3.716791    5.253076    4.466077  25516.53  25637.38    1.000
      TL          6.560335    0.219642    5.663835    7.496251    6.547094  16507.70  17180.81    1.000
      TL          3.352967    0.118701    2.690908    4.036934    3.339342  23022.21  24461.96    1.000
      TL          3.473573    0.121042    2.803209    4.163368    3.460534  26009.16  26127.54    1.000
      TL          1.747457    0.123134    1.114266    2.459591    1.715878  28985.87  29363.70    1.000
      TL          6.039625    0.206258    5.142163    6.923279    6.028191  15539.55  16144.90    1.000
      TL          2.562914    0.108981    1.940439    3.225998    2.547269  28334.40  29373.51    1.000
      TL          5.366500    0.168176    4.573471    6.179525    5.354241  18677.19  19359.82    1.000
      TL          3.374217    0.140215    2.650579    4.106382    3.356627  22649.30  23064.42    1.000
      TL          6.514233    0.230618    5.599044    7.469475    6.497973  19871.36  20286.78    1.000
      TL          5.980044    0.191772    5.125721    6.838583    5.966946  14976.50  15389.65    1.000
      TL          4.140477    0.122714    3.457487    4.830083    4.128990  21145.67  21799.46    1.000
      TL          4.833079    0.163132    4.068075    5.647822    4.819995  17121.26  18159.21    1.000
      TL          4.622607    0.231084    3.710458    5.582221    4.594173  14830.02  15218.56    1.000
      TL          4.743309    0.153714    4.001962    5.535617    4.730703  16586.90  16636.87    1.000
      TL          4.235677    0.146500    3.494132    4.986299    4.221426  20891.26  21638.18    1.000
      TL          3.344545    0.132858    2.630949    4.049298    3.330423  26569.51  26747.54    1.000
      TL          3.398180    0.118754    2.735178    4.082856    3.385430  21531.55  22716.84    1.000
      TL          4.036631    0.147470    3.299337    4.793233    4.023235  22951.38  24541.55    1.000
      TL          5.349545    0.165339    4.562610    6.144401    5.338229  16303.10  18503.21    1.000
      TL          5.267797    0.174139    4.461002    6.096740    5.254372  18642.70  20015.31    1.000
      TL          6.312969    0.202492    5.458301    7.213687    6.298846  17001.92  17283.84    1.000
      TL          3.503793    0.158010    2.732455    4.282091    3.485938  26176.48  26702.78    1.000
      TL          5.725907    0.186199    4.897287    6.583981    5.712867  16835.07  16898.57    1.000
      TL          6.602553    0.209849    5.747946    7.542546    6.591521  16025.49  16796.75    1.000
      TL          3.169035    0.102484    2.561616    3.807372    3.158667  25864.77  26525.62    1.000
      TL          3.943167    0.135190    3.256621    4.693818    3.929696  25356.62  25462.42    1.000
      TL          6.136371    0.220281    5.231586    7.061657    6.121898  15076.19  15896.34    1.000
      TL          4.635519    0.161595    3.850434    5.422998    4.622837  18173.23  18421.66    1.000
