      clockrate                1.013099    0.009405    0.848276    1.220515    0.998076     20.88     25.58    1.001
      clockrate                1.013044    0.004781    0.878556    1.148773    1.009391    130.11    289.08    1.005
      clockrate                1.050669    0.002764    0.951062    1.155243    1.049917    387.23    470.85    1.007
      clockrate                0.950129    0.003340    0.840383    1.066375    0.946319    149.10    189.73    1.016
      clockrate                0.958256    0.003766    0.839266    1.080529    0.956360    199.27    233.12    1.002
      clockrate                1.145811    0.010660    0.945386    1.343817    1.136577    180.96    347.60    1.000
      clockrate                1.012364    0.002479    0.916585    1.110855    1.011401    739.36   1088.14    1.000
      clockrate                1.532587    0.053699    1.106195    1.968827    1.510409    111.37    129.86    1.002
      clockrate                1.086085    0.005856    0.940950    1.239658    1.082651    650.01    995.91    1.000
      clockrate                1.065905    0.003430    0.955229    1.182795    1.064733    306.24    587.52    1.000
      clockrate                1.034926    0.004185    0.914018    1.165689    1.031402     40.67     60.27    1.009
      clockrate                1.209195    0.028588    0.900597    1.543999    1.192620    258.08    331.02    1.004
      clockrate                1.126331    0.008021    0.957959    1.306848    1.121121    132.29    174.69    1.000
      clockrate                1.065439    0.033448    0.760526    1.428129    1.039128     80.43    218.67    1.002
      clockrate                0.988000    0.004822    0.859513    1.130540    0.981908     34.90     92.04    1.008
      clockrate                1.100246    0.002635    0.998324    1.199875    1.099549    486.24    499.62    1.000
      clockrate                0.989561    0.002757    0.887737    1.093309    0.987177     97.21    156.77    1.000
      clockrate                1.116867    0.015571    0.883286    1.363186    1.106465    526.62    602.55    1.000
      clockrate                1.553793    0.164697    0.965827    2.371776    1.462088    299.51    361.73    1.000
      clockrate                1.021854    0.007464    0.858154    1.191930    1.016238    106.33    113.57    1.001
      clockrate                1.092068    0.004093    0.968951    1.216809    1.089675     62.09    171.74    1.012
      clockrate                0.969361    0.006798    0.809276    1.129060    0.964665    526.99    554.10    1.001
      clockrate                1.046542    0.008676    0.872970    1.236043    1.041199    373.73    629.01    1.000
      clockrate                1.061526    0.008422    0.889666    1.248874    1.055951    177.73    218.82    1.003
      clockrate                1.131690    0.003679    1.013199    1.249591    1.130200    517.97    572.30    1.001
      clockrate                1.044678    0.008853    0.871644    1.233802    1.037263    231.43    251.00    1.000
      clockrate                1.061029    0.007347    0.903280    1.238032    1.056705    431.39    440.33    1.003
      clockrate                0.938699    0.003996    0.820628    1.064220    0.935415    350.14    457.60    1.023
      clockrate                1.149892    0.015172    0.922235    1.390359    1.138036    109.64    127.22    1.002
      clockrate                0.975525    0.005226    0.843119    1.125987    0.969666     32.29     38.29    1.013
      clockrate                1.033774    0.007576    0.869066    1.211043    1.029512    119.53    189.14    1.004
      clockrate                1.258404    0.010811    1.066379    1.469890    1.250398    150.61    239.94    1.000
      clockrate                1.039546    0.004819    0.909972    1.180487    1.035515    157.67    200.62    1.003
      clockrate                1.149875    0.020795    0.882786    1.430502    1.133379    178.42    270.49    1.000
      clockrate                0.984091    0.002721    0.885386    1.089382    0.983065    180.74    254.39    1.001
      clockrate                1.053437    0.018518    0.824370    1.331487    1.029553     33.30     46.42    1.076
      clockrate                1.083095    0.007214    0.921417    1.251921    1.078322     67.11    105.15    1.000
      clockrate                0.936926    0.009371    0.751313    1.130197    0.931449    147.71    196.24    1.001
      clockrate                1.125243    0.012582    0.918447    1.345696    1.113342    154.39    161.27    1.000
      clockrate                1.034815    0.006834    0.881007    1.202743    1.029032    144.94    228.57    1.001
      clockrate                1.019339    0.003557    0.907453    1.140646    1.016811     91.25    387.80    1.013
      clockrate                0.989215    0.007450    0.823240    1.161588    0.983048     39.07     88.52    1.000
      clockrate                1.020822    0.005430    0.884507    1.172048    1.014861     38.19     97.33    1.008
      clockrate                1.082969    0.007053    0.927957    1.247784    1.076056    125.29    138.77    1.004
      clockrate                1.031322    0.004351    0.907414    1.166562    1.028533     81.42    221.71    1.001
      clockrate                0.971405    0.008527    0.803008    1.157556    0.962922    304.09    313.98    1.006
      clockrate                1.182894    0.006718    1.027820    1.348204    1.177985    389.66    440.39    1.013
      clockrate                1.024543    0.018588    0.776537    1.304604    1.008833    158.71    181.78    1.000
      clockrate                1.011045    0.005104    0.872164    1.149824    1.007478     86.25     98.53    1.009
      clockrate                0.971905    0.002637    0.873201    1.074030    0.970491    349.06    611.67    1.000
      clockrate                1.071836    0.008681    0.897331    1.256812    1.063952    476.65    477.72    1.003
      clockrate                1.095516    0.024568    0.813495    1.415030    1.074044    230.68    240.74    1.008
      clockrate                1.150112    0.030065    0.840283    1.506586    1.125966    119.02    229.71    1.001
      clockrate                1.139171    0.006215    0.993649    1.299039    1.134068     49.82     70.44    1.002
      clockrate                1.076605    0.009640    0.900602    1.278576    1.068074    275.41    303.95    1.010
      clockrate                1.018304    0.006541    0.864785    1.178893    1.014063    408.26    585.41    1.002
      clockrate                0.959992    0.002478    0.864137    1.058908    0.958513     94.16    294.28    1.012
      clockrate                1.024773    0.010540    0.839956    1.230512    1.015217    271.19    326.56    1.000
      clockrate                1.103694    0.009249    0.917254    1.294349    1.098225    677.04    765.51    1.001
      clockrate                1.104100    0.006289    0.954718    1.262100    1.100365    166.08    384.46    1.004
      clockrate                1.057271    0.018208    0.824442    1.311961    1.042356    246.98    417.61    1.000
      clockrate                0.975473    0.003403    0.862555    1.090144    0.972435     89.30    138.73    1.016
      clockrate                1.016887    0.005762    0.870178    1.165926    1.012313    152.06    260.49    1.003
      clockrate                0.955474    0.002262    0.859212    1.046173    0.955155    331.88    412.95    1.000
      clockrate                0.994281    0.004088    0.875357    1.122784    0.990610    167.04    324.15    1.002
      clockrate                1.028530    0.004572    0.901933    1.164774    1.024826     81.83     90.14    1.020
      clockrate                1.355975    0.131529    0.804306    2.090263    1.287056     25.45     43.11    1.056
      clockrate                1.184300    0.010888    0.984037    1.387444    1.177771    453.96    500.26    1.010
      clockrate                1.244469    0.019356    1.002046    1.532524    1.226061    150.97    182.86    1.000
      clockrate                1.142469    0.015098    0.924328    1.395038    1.130062     40.80    140.54    1.004
      clockrate                1.078916    0.003313    0.968113    1.192676    1.077588    502.37    533.71    1.000
      clockrate                1.010232    0.006941    0.854123    1.180377    1.004061    105.48    244.89    1.005
      clockrate                1.087084    0.007144    0.926998    1.257631    1.080661    125.97    146.86    1.041
      clockrate                1.097266    0.007944    0.928890    1.277104    1.092324     36.03    156.76    1.001
      clockrate                1.120025    0.007905    0.955491    1.299217    1.113976    185.96    201.03    1.019
      clockrate                1.290974    0.093940    0.785552    1.889669    1.241295     62.95    137.11    1.000
      clockrate                0.997975    0.004856    0.866458    1.139577    0.990884     22.36    105.63    1.054
      clockrate                1.266660    0.025915    0.971906    1.583399    1.245957     49.77    297.40    1.009
      clockrate                0.982237    0.004480    0.855007    1.118292    0.977940    139.95    323.38    1.010
      clockrate                1.183759    0.021822    0.920351    1.492194    1.167680    317.65    383.52    1.000
      clockrate                1.019502    0.004710    0.888902    1.157924    1.017803    280.61    288.69    1.000
      clockrate                0.968636    0.002554    0.870528    1.067161    0.967672     85.19    415.07    1.000
      clockrate                0.972493    0.005253    0.829799    1.114361    0.970575    707.41    758.37    1.006
      clockrate                1.269591    0.018500    1.028127    1.548353    1.251546    107.94    127.73    1.018
      clockrate                1.013746    0.021615    0.779992    1.325600    0.983577     73.65     89.41    1.015
      clockrate                1.046753    0.007736    0.889282    1.228207    1.036527     40.79     46.57    1.002
      clockrate                1.179907    0.011442    0.976534    1.392641    1.173239     37.28    109.54    1.005
      clockrate                0.993137    0.011518    0.793624    1.201808    0.982024     68.59     95.18    1.003
      clockrate                1.063068    0.010156    0.869219    1.257380    1.054982    321.00    459.10    1.005
      clockrate                0.977897    0.009092    0.807735    1.173584    0.967492     77.81    124.91    1.011
      clockrate                1.012846    0.003327    0.902453    1.125801    1.012260    607.85    798.10    1.001
      clockrate                1.166605    0.007366    1.004713    1.333292    1.159654    105.30    165.34    1.010
      clockrate                1.089784    0.003751    0.969327    1.207688    1.088491    315.99    341.40    1.000
      clockrate                1.802732    0.208762    1.075488    2.734291    1.716541    147.47    152.41    1.000
      clockrate                1.121133    0.004175    0.994704    1.245955    1.118798     69.83    221.44    1.018
      clockrate                1.041700    0.003089    0.933364    1.150844    1.039419    735.60    775.99    1.002
      clockrate                1.100854    0.006535    0.945361    1.259307    1.097266    424.38    444.67    1.000
      clockrate                1.123477    0.011644    0.927215    1.338200    1.111785    112.21    224.26    1.001
      clockrate                1.097282    0.008200    0.933589    1.279713    1.088748     53.91    139.46    1.037
      clockrate                1.149463    0.006689    0.990828    1.310853    1.146742    438.29    447.78    1.001
