      clockrate                1.118654    0.007272    0.954587    1.286117    1.112976    274.43    298.19    1.002
      clockrate                1.036902    0.005948    0.889665    1.191941    1.034479   1174.67   1683.46    1.000
      clockrate                1.112332    0.008986    0.936191    1.305401    1.103879     78.00    157.36    1.017
      clockrate                1.088315    0.003756    0.969001    1.208407    1.086221    291.37    680.42    1.006
      clockrate                0.989810    0.003913    0.871197    1.114968    0.987025    307.34    427.23    1.005
      clockrate                1.114235    0.018639    0.871147    1.387319    1.096890    150.38    237.72    1.003
      clockrate                0.973623    0.004125    0.848223    1.100220    0.970561    111.12    121.27    1.000
      clockrate                1.227531    0.042412    0.874204    1.632368    1.197501    140.08    146.76    1.002
      clockrate                1.207976    0.010655    1.012147    1.414483    1.201273    334.70    396.36    1.000
      clockrate                1.127572    0.005995    0.979516    1.279399    1.122536     91.31    180.45    1.004
      clockrate                1.054627    0.005872    0.913970    1.208976    1.047599    150.82    192.80    1.064
      clockrate                1.443802    0.081321    0.893346    2.007788    1.423589    140.38    176.35    1.003
      clockrate                1.066024    0.011039    0.867872    1.277843    1.059429    300.54    408.51    1.002
      clockrate                1.285727    0.127380    0.779031    2.058918    1.194166    145.13    172.90    1.009
      clockrate                1.092019    0.007957    0.927682    1.271452    1.086342     76.35    173.88    1.034
      clockrate                1.070731    0.005732    0.922401    1.218894    1.065211     75.47     76.49    1.001
      clockrate                1.066124    0.005168    0.925323    1.205829    1.062366    200.04    203.31    1.015
      clockrate                1.485753    0.106701    0.896816    2.103597    1.454199    189.21    227.95    1.003
      clockrate                1.128604    0.058644    0.734631    1.600322    1.082362    667.35    832.41    1.003
      clockrate                1.322323    0.166958    0.812407    2.188766    1.217639     46.43     56.10    1.010
      clockrate                1.011240    0.005047    0.877846    1.156165    1.007571    337.64    394.12    1.010
      clockrate                1.054035    0.010216    0.867278    1.250193    1.043371    217.97    287.67    1.000
      clockrate                1.344640    0.062611    0.927907    1.858060    1.303196     74.57     74.89    1.017
      clockrate                1.104658    0.011934    0.901872    1.327417    1.095931    401.50    410.49    1.001
      clockrate                1.047755    0.005266    0.908409    1.190843    1.043953    158.76    290.89    1.001
      clockrate                1.267424    0.021918    1.009240    1.566522    1.245270     49.10     54.86    1.014
      clockrate                1.237436    0.016761    0.995933    1.498311    1.226686    263.16    399.87    1.002
      clockrate                1.080669    0.006273    0.927281    1.236568    1.077407    177.96    335.71    1.005
      clockrate                1.209391    0.018780    0.955601    1.485702    1.196730    148.37    187.05    1.004
      clockrate                0.985781    0.004132    0.863529    1.114772    0.982654    204.02    242.20    1.001
      clockrate                1.231717    0.015083    0.999189    1.480096    1.221546     76.89    100.24    1.000
      clockrate                1.056128    0.006061    0.906522    1.208935    1.051119     86.35    104.08    1.015
      clockrate                1.003579    0.004164    0.879686    1.131350    1.001126    206.44    366.13    1.018
      clockrate                1.009601    0.020305    0.753996    1.297574    0.991658    249.05    588.37    1.000
      clockrate                1.036320    0.004876    0.903603    1.175892    1.031553     83.34     88.93    1.012
      clockrate                1.098138    0.019498    0.860300    1.385730    1.074329     79.21    110.98    1.000
      clockrate                1.376340    0.021655    1.107405    1.672099    1.358917     92.91    111.36    1.001
      clockrate                0.952364    0.012172    0.759477    1.184355    0.938643    135.26    250.55    1.001
      clockrate                1.153836    0.029863    0.849096    1.496789    1.129945    318.33    355.57    1.000
      clockrate                0.949801    0.005666    0.807287    1.097876    0.944434    380.54    422.26    1.001
      clockrate                1.090547    0.004438    0.961500    1.222067    1.088003    202.74    272.00    1.012
      clockrate                1.181319    0.037182    0.863184    1.582554    1.148536    290.28    318.57    1.000
      clockrate                1.065383    0.005909    0.921481    1.218992    1.059580     44.60     82.48    1.009
      clockrate                1.027709    0.005888    0.881532    1.179828    1.024169    349.90    419.62    1.007
      clockrate                1.001275    0.006665    0.845515    1.163175    0.996347    276.23    317.48    1.001
      clockrate                0.852868    0.006833    0.694413    1.013125    0.846670    719.69    831.55    1.000
      clockrate                1.019746    0.005254    0.881060    1.163884    1.017009    953.74   1134.04    1.000
      clockrate                1.131060    0.023272    0.846710    1.429885    1.117495    130.96    162.37    1.000
      clockrate                1.019834    0.006098    0.873173    1.173858    1.014980    104.61    152.86    1.000
      clockrate                1.109090    0.006008    0.963002    1.265850    1.103637     79.64    102.31    1.011
      clockrate                1.122676    0.022818    0.869892    1.433559    1.098995     85.47     86.61    1.018
      clockrate                1.335087    0.056757    0.943442    1.817547    1.293075    145.11    152.63    1.000
      clockrate                1.032763    0.022215    0.772752    1.333715    1.013092    429.13    530.08    1.004
      clockrate                1.168632    0.010106    0.980765    1.366878    1.157184     82.78    101.05    1.011
      clockrate                1.030180    0.010023    0.853243    1.239302    1.019154    187.63    190.08    1.002
      clockrate                1.134123    0.006739    0.976725    1.297452    1.131578   1404.30   1415.95    1.001
      clockrate                1.081072    0.004642    0.950709    1.217676    1.077062     89.57    155.95    1.035
      clockrate                1.263730    0.021916    1.001548    1.559924    1.246466    122.64    231.07    1.006
      clockrate                1.268470    0.048167    0.941783    1.741949    1.217759     77.56    106.98    1.008
      clockrate                1.131614    0.008064    0.957105    1.306751    1.126383     77.10    184.23    1.000
      clockrate                0.971325    0.023703    0.697782    1.271175    0.955212    290.07    387.68    1.004
      clockrate                1.070653    0.003229    0.959302    1.182912    1.069416    795.83    818.91    1.000
      clockrate                1.085528    0.012342    0.890502    1.318919    1.068730     51.97     55.97    1.033
      clockrate                1.033405    0.007441    0.885083    1.218399    1.021336     31.34     47.30    1.000
      clockrate                1.129830    0.005970    0.984502    1.287409    1.127050    728.08   1085.48    1.006
      clockrate                1.026278    0.006256    0.883082    1.172713    1.019978    122.73    132.84    1.002
      clockrate                1.216956    0.021857    0.943894    1.507010    1.204952    250.26    362.56    1.003
      clockrate                1.078718    0.023180    0.808411    1.380653    1.061197    689.59    796.88    1.003
      clockrate                1.065640    0.013546    0.855693    1.300511    1.052966    131.69    165.82    1.003
      clockrate                1.165149    0.020241    0.911706    1.450412    1.148266    184.30    448.27    1.000
      clockrate                1.031307    0.004833    0.899468    1.169926    1.027864    288.06    413.29    1.001
      clockrate                1.383130    0.042898    1.010681    1.795581    1.362565    429.57    486.72    1.000
      clockrate                1.122277    0.009460    0.944262    1.323427    1.114327     67.06    174.64    1.020
      clockrate                1.092317    0.011286    0.894329    1.300746    1.083635    119.79    142.80    1.004
      clockrate                1.124104    0.012472    0.919555    1.342440    1.112115    129.90    173.75    1.002
      clockrate                1.098194    0.047673    0.705326    1.527448    1.072438    632.05    915.13    1.001
      clockrate                1.108436    0.006363    0.957408    1.267489    1.104781    108.21    123.82    1.001
      clockrate                1.430193    0.061143    1.032726    1.942450    1.389266    668.76    669.55    1.000
      clockrate                1.093113    0.006394    0.941589    1.252818    1.087155    178.33    259.61    1.000
      clockrate                1.077820    0.027697    0.789258    1.413581    1.054871    193.13    235.57    1.005
      clockrate                1.062923    0.006159    0.910754    1.216324    1.058505    190.31    226.50    1.000
      clockrate                1.020634    0.003455    0.907501    1.136513    1.019262    307.80    315.19    1.001
      clockrate                1.007758    0.006269    0.856111    1.164322    1.004444    110.55    122.38    1.008
      clockrate                1.105913    0.010020    0.919890    1.304418    1.096505    184.06    245.88    1.006
      clockrate                1.169266    0.036406    0.879687    1.561832    1.127391     49.44     62.64    1.019
      clockrate                0.959639    0.004903    0.828416    1.101827    0.955259    176.65    329.44    1.017
      clockrate                1.163140    0.019601    0.906062    1.444989    1.146535    104.04    122.45    1.007
      clockrate                1.090941    0.020266    0.852366    1.341549    1.075192     99.28    136.59    1.002
      clockrate                0.998880    0.010749    0.805452    1.201764    0.989352    133.31    167.60    1.007
      clockrate                1.180154    0.025818    0.918243    1.518461    1.152995    171.52    238.32    1.001
      clockrate                1.095388    0.006326    0.942896    1.252333    1.092621    208.68    667.09    1.006
      clockrate                1.215246    0.014748    0.991137    1.455444    1.204040     70.11    146.13    1.000
      clockrate                1.177952    0.021411    0.939359    1.486689    1.149897     27.61     31.95    1.003
      clockrate                1.533512    0.200324    0.891491    2.454721    1.428248     99.38     99.85    1.006
      clockrate                1.262955    0.024621    0.983457    1.582996    1.245029    128.28    139.03    1.005
      clockrate                1.020276    0.006822    0.868217    1.186698    1.012707     52.58     83.97    1.032
      clockrate                0.962902    0.009680    0.786745    1.162519    0.953372    137.17    164.93    1.000
      clockrate                1.141660    0.014395    0.921644    1.379628    1.128993    273.28    288.70    1.006
      clockrate                1.060071    0.006181    0.908074    1.215704    1.056857    132.70    242.14    1.011
      clockrate                1.127255    0.010383    0.934233    1.325641    1.119830    263.96    330.09    1.002
