      age[0]                   0.900569    0.000983    0.848111    0.966064    0.895702    1.003    2
      age[0]                   0.978729    0.000314    0.954716    1.013166    0.975169    1.000    2
      age[0]                   0.980864    0.000799    0.930777    1.035942    0.977744    1.002    2
      age[0]                   0.996296    0.000773    0.946679    1.054479    0.993284    1.004    2
      age[0]                   1.017335    0.000740    0.966806    1.071508    1.015707    1.002    2
      age[0]                  0.999367    0.001722    0.919110    1.079370    0.997556    1.005    2
      age[0]                   1.035788    0.000577    0.991420    1.083827    1.033859    1.001    2
      age[0]                  0.843259    0.006890    0.723511    1.002961    0.826347    1.003    2
      age[0]                  0.988711    0.000656    0.942531    1.039675    0.986201    1.000    2
      age[0]                   0.946837    0.000895    0.895750    1.002343    0.942845    1.001    2
      age[0]                  0.984315    0.002382    0.891038    1.078529    0.980873    1.066    2
      age[0]                  0.882190    0.005335    0.831187    1.037712    0.854427    1.002    2
      age[0]                  0.923096    0.002130    0.857039    1.008100    0.916106    1.004    2
      age[0]                  0.936466    0.005383    0.816459    1.086410    0.922919    1.009    2
      age[0]                   1.016810    0.001746    0.939887    1.104260    1.013527    1.018    2
      age[0]                   1.009281    0.000769    0.957566    1.063790    1.007804    1.000    2
      age[0]                   0.999112    0.000432    0.965746    1.039558    0.995367    1.000    2
      age[0]                  0.975123    0.005304    0.856766    1.109823    0.963898    1.007    2
      age[0]                  0.878693    0.012035    0.672028    1.095709    0.870267    1.001    2
      age[0]                  1.000784    0.001789    0.951794    1.081832    0.990313    1.000    2
      age[0]                   0.963517    0.000710    0.917537    1.017662    0.959917    1.003    2
      age[0]                  1.007133    0.000634    0.979083    1.055981    1.000564    1.000    2
      age[0]                  0.916221    0.003402    0.806745    1.034361    0.912757    1.006    2
      age[0]                  0.935150    0.000941    0.880687    0.999672    0.932074    1.010    2
      age[0]                   0.964236    0.000845    0.910937    1.021598    0.961329    1.000    2
      age[0]                  0.998289    0.006012    0.855921    1.149245    0.990872    1.004    2
      age[0]                  0.933411    0.001663    0.859796    1.017589    0.929803    1.001    2
      age[0]                  0.967988    0.001479    0.895643    1.046843    0.964776    1.005    2
      age[0]                  0.932540    0.003370    0.828000    1.057835    0.926819    1.001    2
      age[0]                   1.042642    0.003588    0.926968    1.157972    1.037380    1.002    2
      age[0]                   0.954906    0.001087    0.894764    1.021672    0.951874    1.001    2
      age[0]                   0.948722    0.000797    0.914770    1.003621    0.940942    1.004    2
      age[0]                  1.020327    0.000715    0.970532    1.070822    1.017767    1.000    2
      age[0]                  1.023277    0.001917    0.970771    1.108727    1.012751    1.001    2
      age[0]                   0.949561    0.000329    0.915175    0.985388    0.948204    1.005    2
      age[0]                  0.999586    0.000806    0.946132    1.056102    0.997807    1.001    2
      age[0]                  0.907497    0.001331    0.838567    0.979483    0.904992    1.000    2
      age[0]                  0.924962    0.002529    0.877662    1.041495    0.907306    1.022    2
      age[0]                  1.021123    0.001895    0.968803    1.103950    1.009238    1.014    2
      age[0]                  1.023766    0.000770    0.973688    1.080517    1.021372    1.003    2
      age[0]                   0.935185    0.001231    0.869367    1.004018    0.932263    1.000    2
      age[0]                  0.949554    0.003856    0.845417    1.059984    0.943307    1.000    2
      age[0]                   0.943953    0.003362    0.836249    1.063252    0.939244    1.012    2
      age[0]                   0.987456    0.001079    0.927641    1.052414    0.984987    1.006    2
      age[0]                   1.005015    0.000485    0.967283    1.048118    1.002320    1.000    2
      age[0]                  1.009232    0.000763    0.958358    1.065104    1.006656    1.000    2
      age[0]                   0.987397    0.000652    0.939575    1.038112    0.985678    1.001    2
      age[0]                  1.009861    0.002012    0.927856    1.094626    1.004663    1.002    2
      age[0]                  0.983300    0.000492    0.948262    1.022704    0.979399    1.000    2
      age[0]                   0.974682    0.000629    0.943407    1.023455    0.968543    1.001    2
      age[0]                  0.993584    0.000714    0.942028    1.046565    0.992164    1.006    2
      age[0]                  0.924476    0.003439    0.826299    1.040915    0.915715    1.000    2
      age[0]                  0.924177    0.001993    0.836106    1.009518    0.920583    1.001    2
      age[0]                  0.885042    0.001630    0.808642    0.963959    0.882524    1.006    2
      age[0]                  1.036435    0.001526    0.963049    1.114895    1.033561    1.001    2
      age[0]                  1.005910    0.000455    0.966951    1.045244    1.003723    1.000    2
      age[0]                   0.962844    0.000823    0.929509    1.012365    0.956633    1.009    2
      age[0]                  0.975457    0.002459    0.879525    1.075672    0.972459    1.003    2
      age[0]                  0.958684    0.001865    0.876986    1.039644    0.956119    1.002    2
      age[0]                   0.963023    0.000523    0.927821    1.006028    0.958983    1.001    2
      age[0]                  1.033814    0.002626    0.956538    1.126858    1.026277    1.000    2
      age[0]                   0.934454    0.000585    0.894024    0.980850    0.931489    1.002    2
      age[0]                  0.999059    0.000718    0.950151    1.053097    0.996400    1.005    2
      age[0]                   1.047249    0.002921    0.938076    1.157329    1.045791    1.004    2
      age[0]                   0.969092    0.000920    0.913430    1.027679    0.965616    1.000    2
      age[0]                   0.988181    0.001351    0.917713    1.063736    0.986252    1.001    2
      age[0]                  0.864619    0.002825    0.763748    0.972906    0.858718    1.005    2
      age[0]                  0.985576    0.001660    0.916694    1.068131    0.978295    1.000    2
      age[0]                  0.973942    0.001947    0.890716    1.062415    0.971108    1.003    2
      age[0]                  0.999717    0.001420    0.933985    1.075807    0.995538    1.001    2
      age[0]                   0.986718    0.001018    0.927833    1.051844    0.983422    1.003    2
      age[0]                  0.954554    0.001253    0.898455    1.017721    0.949365    1.000    2
      age[0]                   0.943457    0.000967    0.889579    1.006965    0.938786    1.026    2
      age[0]                  0.937920    0.001471    0.870882    1.017448    0.933202    1.000    2
      age[0]                  0.987457    0.000951    0.929112    1.045775    0.984921    1.001    2
      age[0]                  0.922677    0.013439    0.792186    1.140805    0.895466    1.002    2
      age[0]                   1.019254    0.001788    0.940741    1.101771    1.017558    1.004    2
      age[0]                  0.945668    0.001902    0.875419    1.021283    0.938569    1.000    2
      age[0]                   0.994454    0.000718    0.944086    1.048804    0.992035    1.001    2
      age[0]                  1.001122    0.002008    0.919340    1.092179    0.996793    1.002    2
      age[0]                   1.022322    0.006949    0.885475    1.195256    1.010489    1.003    2
      age[0]                   0.998024    0.001930    0.915154    1.086198    0.994450    1.009    2
      age[0]                   0.974905    0.001005    0.925966    1.034551    0.969819    1.001    2
      age[0]                  0.910437    0.005281    0.779160    1.058517    0.903267    1.018    2
      age[0]                  0.907811    0.001645    0.827260    0.989595    0.906228    1.011    2
      age[0]                  0.999658    0.001090    0.938519    1.065231    0.996528    1.001    2
      age[0]                  0.859300    0.006726    0.701933    1.028661    0.852917    1.012    2
      age[0]                  1.034636    0.002590    0.936177    1.140392    1.030940    1.002    2
      age[0]                  1.014451    0.002090    0.928443    1.106177    1.010967    1.005    2
      age[0]                  0.953802    0.004029    0.838910    1.084579    0.945427    1.001    2
      age[0]                   1.000409    0.000812    0.949762    1.060194    0.997391    1.003    2
      age[0]                  0.942927    0.000604    0.902845    0.986947    0.939955    1.001    2
      age[0]                   1.022701    0.002429    0.933188    1.127626    1.015680    1.004    2
      age[0]                  0.944908    0.004601    0.844797    1.077149    0.930547    1.001    2
      age[0]                   0.972568    0.002108    0.883906    1.060176    0.969430    1.012    2
      age[0]                   1.074930    0.003845    0.973102    1.195604    1.070514    1.062    2
      age[0]                  0.997066    0.000613    0.950184    1.045786    0.995155    1.000    2
      age[0]                  0.995674    0.000349    0.964597    1.028478    0.992945    1.000    2
      age[0]                   0.930075    0.001823    0.852032    1.014302    0.926429    1.005    2
      age[0]                  0.964185    0.004006    0.847480    1.097668    0.956467    1.008    2
