      ilnvar                   0.030118    0.001641    0.000134    0.116788    0.013771     22.40     24.92    1.010
      ilnvar                   0.034032    0.001511    0.000251    0.105824    0.022408     29.84     66.05    1.018
      ilnvar                   0.025577    0.000604    0.000225    0.073976    0.017767     25.45     33.43    1.035
      ilnvar                   0.020568    0.000744    0.000001    0.075587    0.009741     14.68     31.29    1.128
      ilnvar                   0.042745    0.002030    0.000023    0.125005    0.031938     13.19     39.58    1.183
      ilnvar                   0.234194    0.028561    0.002718    0.554562    0.193222    306.58    317.81    1.018
      ilnvar                   0.000084    0.000000    0.000001    0.000411    0.000009     17.48     19.20    1.023
      ilnvar                   0.086793    0.023260    0.000021    0.354957    0.023019     25.25     27.41    1.005
      ilnvar                   0.059792    0.004772    0.000021    0.190369    0.037587     36.68     67.59    1.016
      ilnvar                   0.071438    0.004191    0.000390    0.189611    0.060779     19.95     29.15    1.000
      ilnvar                   0.015894    0.001275    0.000001    0.094005    0.000315     13.28     16.88    1.284
      ilnvar                   0.053896    0.008427    0.000150    0.196325    0.023793    163.29    184.36    1.000
      ilnvar                   0.039613    0.002816    0.000017    0.141026    0.020563     35.44     50.03    1.025
      ilnvar                   0.067132    0.018367    0.000002    0.307821    0.017437     61.54     72.60    1.004
      ilnvar                   0.023159    0.000781    0.000318    0.079831    0.012636     33.05     38.10    1.007
      ilnvar                   0.017225    0.000894    0.000001    0.075911    0.003240     11.44     14.82    1.058
      ilnvar                   0.073962    0.003661    0.000147    0.186558    0.064764     14.46     31.14    1.001
      ilnvar                   0.028584    0.001756    0.000079    0.102259    0.014433    108.00    130.79    1.001
      ilnvar                   0.210743    0.087217    0.000032    0.735252    0.116835    625.27    680.19    1.000
      ilnvar                   0.020227    0.001151    0.000001    0.082940    0.006405     99.73    103.13    1.003
      ilnvar                   0.036741    0.001644    0.000015    0.115444    0.026442     14.71     27.21    1.266
      ilnvar                   0.032675    0.001811    0.000009    0.114255    0.017477     46.02     72.44    1.009
      ilnvar                   0.081743    0.008189    0.000191    0.253944    0.054493     21.83     34.36    1.040
      ilnvar                   0.168651    0.027160    0.000609    0.478687    0.126501     37.81     51.70    1.000
      ilnvar                   0.035902    0.001764    0.000061    0.123557    0.019181     33.23     34.23    1.035
      ilnvar                   0.044028    0.003082    0.000121    0.146370    0.024632     50.48     76.71    1.004
      ilnvar                   0.156353    0.014916    0.000144    0.384862    0.134037     26.87     32.41    1.006
      ilnvar                   0.005185    0.000122    0.000002    0.027151    0.000734     15.75     25.89    1.012
      ilnvar                   0.023511    0.001398    0.000018    0.097214    0.008179     24.39     28.11    1.010
      ilnvar                   0.045327    0.002238    0.000110    0.141300    0.029737     31.99     32.69    1.020
      ilnvar                   0.029466    0.002336    0.000027    0.107816    0.012410     33.56     33.57    1.048
      ilnvar                   0.007374    0.000235    0.000003    0.034221    0.001843     30.64     35.86    1.054
      ilnvar                   0.004764    0.000148    0.000001    0.025535    0.000395     21.41     24.25    1.057
      ilnvar                   0.131072    0.015740    0.000835    0.370374    0.096978    154.51    190.72    1.002
      ilnvar                   0.010484    0.000596    0.000001    0.065227    0.000378     12.97     15.27    1.037
      ilnvar                   0.044194    0.004308    0.000073    0.162683    0.020776     76.42     80.51    1.002
      ilnvar                   0.075162    0.006390    0.000051    0.220197    0.052050     52.34     68.50    1.001
      ilnvar                   0.066761    0.006300    0.000028    0.219314    0.041299     64.85    112.41    1.012
      ilnvar                   0.032105    0.002493    0.000001    0.128631    0.013491     74.69    121.64    1.001
      ilnvar                   0.020861    0.000920    0.000003    0.078153    0.009694     28.21     39.58    1.003
      ilnvar                   0.004330    0.000359    0.000001    0.025104    0.000091     14.51     15.53    1.035
      ilnvar                   0.012542    0.000548    0.000001    0.060295    0.001858     28.40     37.88    1.023
      ilnvar                   0.052365    0.003043    0.000705    0.164497    0.032227     21.40     29.42    1.003
      ilnvar                   0.011647    0.000324    0.000008    0.048790    0.004109     16.42     18.93    1.025
      ilnvar                   0.015364    0.000635    0.000001    0.070286    0.003572     16.74     23.31    1.111
      ilnvar                   0.031817    0.002111    0.000032    0.119231    0.015844     29.29     70.94    1.034
      ilnvar                   0.099298    0.005176    0.002812    0.239232    0.082874     63.54     68.68    1.004
      ilnvar                   0.040078    0.003478    0.000023    0.151427    0.017932     39.73     91.74    1.022
      ilnvar                   0.003769    0.000057    0.000001    0.018411    0.000646     27.59     35.53    1.006
      ilnvar                   0.038884    0.001593    0.000213    0.118934    0.026523     26.85     36.39    1.002
      ilnvar                   0.018796    0.001293    0.000002    0.091199    0.003718     32.52     32.69    1.019
      ilnvar                   0.042427    0.003977    0.000004    0.162117    0.019798     37.14     64.95    1.001
      ilnvar                   0.089496    0.008045    0.000465    0.260942    0.063576     99.59    127.48    1.002
      ilnvar                   0.028212    0.002966    0.000001    0.116852    0.007538     18.84     30.74    1.071
      ilnvar                   0.090858    0.005876    0.001727    0.238758    0.071321     58.41     84.04    1.002
      ilnvar                   0.036668    0.001681    0.000051    0.117794    0.023976     31.25     39.53    1.038
      ilnvar                   0.076599    0.003554    0.001643    0.190620    0.063777     44.44     50.47    1.003
      ilnvar                   0.036504    0.003200    0.000004    0.144609    0.014896     38.75     45.76    1.023
      ilnvar                   0.103519    0.013943    0.000358    0.329331    0.065702     82.71    102.82    1.000
      ilnvar                   0.025334    0.001168    0.000010    0.095824    0.010832     27.87     28.16    1.008
      ilnvar                   0.103485    0.019129    0.000001    0.371221    0.057949     33.71     35.24    1.002
      ilnvar                   0.010394    0.000240    0.000014    0.041168    0.004506     27.84     46.53    1.201
      ilnvar                   0.023982    0.001385    0.000009    0.096086    0.007989     37.19     49.83    1.015
      ilnvar                   0.005552    0.000193    0.000001    0.033224    0.000354     14.04     16.82    1.041
      ilnvar                   0.060295    0.003749    0.000321    0.176850    0.043401     18.16     29.13    1.011
      ilnvar                   0.057881    0.007014    0.000022    0.217871    0.026447     25.33     30.15    1.012
      ilnvar                   0.521068    0.163436    0.008974    1.293197    0.417077     98.68    119.12    1.004
      ilnvar                   0.076447    0.013723    0.000038    0.290866    0.036264     34.47     76.99    1.032
      ilnvar                   0.164553    0.016365    0.000149    0.411570    0.134031    100.84    138.17    1.002
      ilnvar                   0.036940    0.002705    0.000044    0.132809    0.018915     27.70     41.22    1.000
      ilnvar                   0.027059    0.000844    0.000245    0.087333    0.017069     24.32     39.22    1.017
      ilnvar                   0.051935    0.002724    0.000487    0.157936    0.035889     52.06     69.00    1.011
      ilnvar                   0.008241    0.000176    0.000006    0.033226    0.003405     21.17     34.55    1.001
      ilnvar                   0.010869    0.000680    0.000001    0.052335    0.002058     32.50     67.06    1.001
      ilnvar                   0.015462    0.000511    0.000036    0.061422    0.006095     32.88     58.04    1.001
      ilnvar                   0.206785    0.087662    0.000033    0.738039    0.110548    564.29    647.82    1.000
      ilnvar                   0.008206    0.000112    0.000036    0.029824    0.004199     39.29     44.18    1.029
      ilnvar                   0.051546    0.005451    0.000019    0.195096    0.023471     77.38     91.65    1.007
      ilnvar                   0.017035    0.000570    0.000039    0.063356    0.007702     23.44     25.67    1.044
      ilnvar                   0.124561    0.029801    0.000184    0.454704    0.061890     33.99     57.66    1.000
      ilnvar                   0.118790    0.010195    0.001087    0.304931    0.093665     31.97     33.18    1.000
      ilnvar                   0.030698    0.001523    0.000039    0.110079    0.015872     16.71     17.16    1.014
      ilnvar                   0.062585    0.002897    0.001280    0.171048    0.047790     49.38     53.10    1.037
      ilnvar                   0.046441    0.004867    0.000011    0.183992    0.018854     18.91     25.14    1.001
      ilnvar                   0.041475    0.006305    0.000028    0.181663    0.013491     47.64     70.82    1.017
      ilnvar                   0.023572    0.001289    0.000004    0.091269    0.010133     27.03     40.05    1.012
      ilnvar                   0.089003    0.009228    0.000286    0.275804    0.058708     35.96     49.50    1.001
      ilnvar                   0.055369    0.006173    0.000027    0.201603    0.026421     93.90    115.65    1.001
      ilnvar                   0.030363    0.001991    0.000008    0.124741    0.010990     17.39     35.66    1.021
      ilnvar                   0.043576    0.004188    0.000013    0.160107    0.019363     23.90     33.96    1.023
      ilnvar                   0.109070    0.005385    0.006330    0.253165    0.091932     41.64     61.06    1.005
      ilnvar                   0.019879    0.001258    0.000004    0.087435    0.004953     19.93     22.20    1.023
      ilnvar                   0.022716    0.000916    0.000064    0.080360    0.010733     14.83     28.90    1.082
      ilnvar                   0.082902    0.016645    0.000056    0.316748    0.036795     85.19    135.15    1.000
      ilnvar                   0.018442    0.000710    0.000045    0.072983    0.008581     22.28     31.18    1.008
      ilnvar                   0.005715    0.000177    0.000001    0.030562    0.000621     14.49     15.71    1.272
      ilnvar                   0.009436    0.000425    0.000001    0.049919    0.000423     27.06     31.25    1.061
      ilnvar                   0.021882    0.000864    0.000035    0.076068    0.011304     28.82     60.33    1.026
      ilnvar                   0.007789    0.000220    0.000001    0.038639    0.000813     28.88     31.48    1.123
      ilnvar                   0.019755    0.000794    0.000011    0.073413    0.009386     24.45     39.85    1.005
