      ilnvar                   0.000054    0.000000    0.000001    0.000183    0.000005     31.54     39.14    1.015
      ilnvar                   0.107920    0.031973    0.000001    0.473496    0.025140     27.03     38.13    1.009
      ilnvar                   0.000037    0.000000    0.000001    0.000157    0.000003     26.35     35.02    1.000
      ilnvar                   0.006176    0.001255    0.000001    0.015677    0.000057     30.10     35.15    1.038
      ilnvar                   0.000018    0.000000    0.000001    0.000084    0.000004     40.09     46.55    1.004
      ilnvar                   0.025301    0.012709    0.000001    0.112046    0.000140     42.30     55.97    1.003
      ilnvar                   0.000060    0.000000    0.000001    0.000208    0.000005     35.82     51.64    1.017
      ilnvar                   0.053138    0.019624    0.000001    0.265761    0.003021     53.73     66.33    1.004
      ilnvar                   0.011425    0.004097    0.000001    0.040507    0.000095     46.08     47.45    1.042
      ilnvar                   0.000025    0.000000    0.000001    0.000124    0.000003     41.44     46.46    1.002
      ilnvar                   0.000010    0.000000    0.000001    0.000035    0.000003     47.69     87.22    1.001
      ilnvar                   0.385765    0.331472    0.000046    1.537199    0.157851    132.31    136.97    1.014
      ilnvar                   0.101766    0.079626    0.000001    0.552562    0.004814     62.64     80.36    1.040
      ilnvar                   0.919848    0.790033    0.000001    2.639704    0.731727     27.02    388.90    1.036
      ilnvar                   0.000045    0.000000    0.000001    0.000196    0.000005     25.64     50.03    1.015
      ilnvar                   0.000011    0.000000    0.000001    0.000049    0.000003     44.90     45.23    1.010
      ilnvar                   0.000084    0.000000    0.000001    0.000265    0.000008     44.91     56.09    1.014
      ilnvar                   0.402274    0.262527    0.000233    1.406088    0.235558    134.76    135.62    1.000
      ilnvar                   0.189351    0.111981    0.000001    0.786391    0.071750    477.56    806.24    1.002
      ilnvar                   0.502904    0.328209    0.000001    1.592367    0.369127     36.65     58.19    1.007
      ilnvar                   0.000011    0.000000    0.000001    0.000044    0.000003     50.98     59.98    1.004
      ilnvar                   0.207480    0.109153    0.000018    0.829831    0.076168     50.10     66.56    1.001
      ilnvar                   0.829908    0.698026    0.001547    2.506328    0.563459     73.00     95.12    1.000
      ilnvar                   0.034032    0.021151    0.000001    0.176328    0.000095     35.62     38.02    1.023
      ilnvar                   0.000069    0.000000    0.000001    0.000333    0.000013     37.77     57.04    1.029
      ilnvar                   0.279448    0.261040    0.000001    1.323211    0.021178     28.46     45.07    1.033
      ilnvar                   0.000986    0.000082    0.000001    0.002056    0.000026     32.29     64.25    1.006
      ilnvar                   0.000168    0.000000    0.000001    0.000779    0.000008     26.75     32.85    1.000
      ilnvar                   0.786581    0.377118    0.005806    1.940746    0.643274    208.04    284.85    1.000
      ilnvar                   0.002358    0.000349    0.000001    0.003408    0.000008     42.03     42.89    1.012
      ilnvar                   0.021244    0.005432    0.000001    0.144187    0.000026     37.53     43.62    1.066
      ilnvar                   0.004448    0.000439    0.000001    0.018527    0.000028     24.81     32.76    1.063
      ilnvar                   0.000093    0.000000    0.000001    0.000348    0.000005     34.89     54.55    1.002
      ilnvar                   0.139126    0.073552    0.000004    0.608501    0.032634     88.95    113.89    1.000
      ilnvar                   0.000025    0.000000    0.000001    0.000074    0.000003     31.96     34.15    1.012
      ilnvar                   0.068177    0.039007    0.000001    0.382861    0.001090     35.41     57.96    1.059
      ilnvar                   0.086906    0.064648    0.000001    0.564663    0.001139     26.74     31.52    1.004
      ilnvar                   0.129006    0.080782    0.000001    0.666564    0.006216     49.72     54.26    1.000
      ilnvar                   0.262277    0.213925    0.000001    1.200559    0.037163     55.74     65.47    1.033
      ilnvar                   0.817723    0.552407    0.000063    2.230688    0.648817     95.09     99.95    1.000
      ilnvar                   0.000016    0.000000    0.000001    0.000023    0.000002     33.77     59.30    1.010
      ilnvar                   0.112390    0.136265    0.000001    0.761190    0.000219     33.85     39.74    1.049
      ilnvar                   0.000006    0.000000    0.000001    0.000020    0.000002     44.25     48.88    1.003
      ilnvar                   0.000146    0.000001    0.000001    0.000455    0.000007     59.42     60.83    1.030
      ilnvar                   0.000226    0.000001    0.000001    0.000697    0.000012     52.59     56.66    1.020
      ilnvar                   0.150895    0.133544    0.000001    0.871702    0.001066     46.24     46.91    1.109
      ilnvar                   0.004677    0.001003    0.000001    0.006558    0.000033     31.39     47.80    1.011
      ilnvar                   0.173753    0.269812    0.000001    1.186591    0.000569     28.87     30.35    1.005
      ilnvar                   0.000267    0.000003    0.000001    0.000844    0.000013     68.71     84.76    1.025
      ilnvar                   0.000623    0.000011    0.000001    0.001178    0.000012     37.90     43.99    1.049
      ilnvar                   0.233195    0.229318    0.000001    1.174668    0.009226     69.08     78.08    1.189
      ilnvar                   0.061604    0.052609    0.000001    0.431336    0.000123     28.55     45.26    1.075
      ilnvar                   0.836451    0.806079    0.000059    2.607954    0.580651     61.51    126.66    1.011
      ilnvar                   0.000445    0.000007    0.000001    0.001622    0.000010     62.73     66.51    1.003
      ilnvar                   0.000922    0.000019    0.000001    0.004682    0.000009     23.77     41.39    1.003
      ilnvar                   0.123648    0.064045    0.000001    0.637552    0.006836     25.60     31.69    1.024
      ilnvar                   0.000032    0.000000    0.000001    0.000161    0.000005     29.50     50.85    1.030
      ilnvar                   0.138335    0.070015    0.000001    0.554239    0.047896     72.80    116.98    1.007
      ilnvar                   0.402407    0.466475    0.000001    1.860760    0.078804     41.61     51.31    1.020
      ilnvar                   0.000147    0.000000    0.000001    0.000742    0.000015     25.64     37.07    1.001
      ilnvar                   0.230941    0.183450    0.000001    1.018986    0.054157     77.87     93.39    1.003
      ilnvar                   0.000056    0.000000    0.000001    0.000123    0.000003     37.80     47.48    1.009
      ilnvar                   0.000458    0.000005    0.000001    0.001727    0.000015     32.88     40.56    1.013
      ilnvar                   0.000767    0.000024    0.000001    0.000740    0.000003     26.93     44.91    1.035
      ilnvar                   0.000894    0.000027    0.000001    0.003277    0.000005     32.10     34.53    1.020
      ilnvar                   0.745541    1.210442    0.000001    2.995806    0.015800     28.80     36.36    1.506
      ilnvar                   0.406883    0.364157    0.000003    1.610297    0.153046     94.34     95.83    1.010
      ilnvar                   0.951626    0.611445    0.000011    2.465824    0.783622     84.13    193.85    1.024
      ilnvar                   0.058125    0.050227    0.000001    0.396424    0.000122     27.63     37.47    1.046
      ilnvar                   0.290741    0.195505    0.000053    1.206628    0.106514     67.87     69.67    1.002
      ilnvar                   0.000032    0.000000    0.000001    0.000149    0.000005     27.50     44.47    1.023
      ilnvar                   0.000419    0.000002    0.000001    0.002021    0.000036     71.06     82.26    1.032
      ilnvar                   0.000043    0.000000    0.000001    0.000144    0.000008     37.03     52.43    1.020
      ilnvar                   0.030179    0.017918    0.000001    0.177305    0.000032     42.32     45.94    1.038
      ilnvar                   0.007319    0.000557    0.000001    0.045336    0.000301     42.82     52.19    1.004
      ilnvar                   0.438887    0.256117    0.000036    1.415544    0.280840   1283.64   1439.04    1.000
      ilnvar                   0.000042    0.000000    0.000001    0.000243    0.000004     29.48     46.52    1.004
      ilnvar                   1.474546    0.739691    0.000286    3.073042    1.322161    132.75   1178.82    1.004
      ilnvar                   0.162683    0.178880    0.000001    1.089003    0.000041     19.45     28.73    1.123
      ilnvar                   1.500284    1.022363    0.000428    3.373276    1.338213     72.98    194.18    1.002
      ilnvar                   0.255550    0.279498    0.000001    1.397273    0.000270     22.32     23.55    1.037
      ilnvar                   0.000030    0.000000    0.000001    0.000145    0.000006     28.16     44.55    1.005
      ilnvar                   0.133899    0.054252    0.000001    0.586491    0.014608     33.93     56.33    1.309
      ilnvar                   0.044117    0.023639    0.000001    0.291018    0.000033     29.83     33.76    1.056
      ilnvar                   2.039183    1.228033    0.012499    4.124699    1.836644    648.00    670.66    1.001
      ilnvar                   0.000206    0.000001    0.000001    0.000627    0.000011     23.96     26.61    1.036
      ilnvar                   0.440024    0.234124    0.000001    1.374973    0.321099     27.25    100.76    1.131
      ilnvar                   0.535084    0.520618    0.000001    1.977726    0.229047     20.81     44.91    1.114
      ilnvar                   0.059937    0.017242    0.000001    0.310191    0.004565     48.76     60.69    1.037
      ilnvar                   0.518984    0.631884    0.000001    2.164725    0.061134     28.44     30.12    1.021
      ilnvar                   0.067733    0.098382    0.000001    0.444315    0.000021     17.66     28.94    1.067
      ilnvar                   0.000306    0.000002    0.000001    0.001007    0.000016     54.72     56.74    1.023
      ilnvar                   0.000179    0.000001    0.000001    0.000785    0.000006     25.68     34.57    1.058
      ilnvar                   0.356835    0.290219    0.000001    1.427875    0.122809     32.29     51.41    1.013
      ilnvar                   0.841175    0.392634    0.002649    1.977939    0.731304     56.04     76.33    1.001
      ilnvar                   0.000067    0.000000    0.000001    0.000389    0.000006     25.90     53.14    1.081
      ilnvar                   0.000230    0.000000    0.000001    0.001328    0.000015     30.82     33.56    1.001
      ilnvar                   0.313747    0.255012    0.000001    1.328093    0.060343     36.29     40.46    1.046
      ilnvar                   0.000104    0.000000    0.000001    0.000491    0.000010     42.05     63.48    1.047
      ilnvar                   0.001856    0.000082    0.000001    0.007334    0.000027     32.26     56.28    1.015
