      clockrate                0.688462    0.002658    0.590171    0.791275    0.685526    696.56    776.51    1.001
      clockrate                0.736258    0.003839    0.619893    0.862007    0.732744    159.08    321.94    1.000
      clockrate                0.704823    0.005032    0.574375    0.846451    0.699046     80.07    115.97    1.014
      clockrate                0.619886    0.003299    0.512640    0.734615    0.615506    152.49    171.12    1.001
      clockrate                0.775139    0.003839    0.655015    0.898086    0.770721    143.53    190.25    1.001
      clockrate                0.593256    0.005057    0.462864    0.735192    0.585216    555.21    623.12    1.000
      clockrate                0.640653    0.002231    0.550989    0.734559    0.638191    334.04    408.34    1.006
      clockrate                0.810444    0.020706    0.553537    1.097088    0.791842    236.61    257.68    1.000
      clockrate                0.699707    0.008412    0.530415    0.878885    0.688911    276.53    341.25    1.000
      clockrate                0.838598    0.009355    0.664817    1.032290    0.828380     73.42    143.38    1.042
      clockrate                0.689172    0.006444    0.544455    0.846585    0.680404    223.95    242.89    1.000
      clockrate                0.745516    0.012851    0.537541    0.972304    0.734505    999.24   1058.32    1.000
      clockrate                0.670364    0.009914    0.488685    0.869016    0.659234    370.21    404.41    1.001
      clockrate                0.842696    0.035544    0.527465    1.219104    0.815302    659.24    701.65    1.000
      clockrate                0.625591    0.004967    0.498458    0.772067    0.618593    191.57    245.02    1.002
      clockrate                0.576645    0.003434    0.471949    0.696735    0.570973    137.83    180.12    1.003
      clockrate                0.661869    0.006094    0.513524    0.817625    0.656431    185.56    232.68    1.003
      clockrate                0.581053    0.010396    0.405734    0.785875    0.564711    240.58    246.77    1.001
      clockrate                0.973895    0.122521    0.390191    1.650914    0.926627    312.68    361.64    1.005
      clockrate                0.860475    0.016068    0.650297    1.105662    0.839225    184.68    214.73    1.001
      clockrate                0.681824    0.002514    0.584964    0.780992    0.679343    404.14    452.95    1.000
      clockrate                0.605060    0.004758    0.474840    0.741669    0.598706    354.42    466.04    1.001
      clockrate                0.549562    0.006865    0.393782    0.712876    0.541739    199.99    276.70    1.001
      clockrate                0.673959    0.005036    0.535960    0.812816    0.668586    466.25    526.08    1.004
      clockrate                0.653305    0.003014    0.550227    0.764110    0.648822    174.60    190.69    1.003
      clockrate                0.575103    0.008304    0.413576    0.761127    0.563359    281.57    314.02    1.000
      clockrate                0.693448    0.006191    0.546009    0.850451    0.686588    385.91    449.93    1.002
      clockrate                0.647897    0.003891    0.530167    0.772190    0.643875    319.74    465.20    1.005
      clockrate                0.795005    0.015709    0.579595    1.043379    0.778407    223.47    280.12    1.001
      clockrate                0.721462    0.004538    0.599540    0.858479    0.715021    224.98    326.71    1.000
      clockrate                0.658091    0.005009    0.523216    0.798936    0.653365    200.25    237.72    1.001
      clockrate                0.751091    0.009042    0.578014    0.945457    0.741165     86.97    142.26    1.001
      clockrate                0.691510    0.002857    0.588307    0.798171    0.689596    130.38    141.33    1.007
      clockrate                0.534707    0.007984    0.372048    0.710305    0.527005    609.88    674.05    1.001
      clockrate                0.722386    0.002679    0.621330    0.825232    0.720152    198.33    288.26    1.010
      clockrate                0.782339    0.006160    0.632850    0.939119    0.774909    160.45    184.21    1.000
      clockrate                0.828381    0.004814    0.696990    0.967296    0.824610    535.78    741.55    1.000
      clockrate                0.710941    0.005734    0.566044    0.858943    0.705894    204.76    240.63    1.004
      clockrate                0.652840    0.006456    0.500698    0.815100    0.648490   1197.58   1253.42    1.000
      clockrate                0.657852    0.004876    0.526192    0.797758    0.653147    370.19    494.58    1.000
      clockrate                0.698565    0.004298    0.568411    0.825033    0.695410     97.02    169.35    1.012
      clockrate                0.848949    0.016071    0.626495    1.089348    0.832995    219.39    250.27    1.000
      clockrate                0.807551    0.005151    0.673098    0.955055    0.802521     68.55     91.52    1.002
      clockrate                0.716591    0.004281    0.594040    0.847121    0.712196     83.76    245.03    1.000
      clockrate                0.672987    0.002930    0.567586    0.779309    0.670246    377.86    558.70    1.002
      clockrate                0.645872    0.007114    0.493728    0.816069    0.637586    352.13    393.35    1.000
      clockrate                0.692722    0.003638    0.576259    0.811687    0.690358    699.76    784.43    1.004
      clockrate                0.506091    0.007915    0.343904    0.682049    0.497034    151.35    190.66    1.001
      clockrate                0.646052    0.004433    0.520115    0.774873    0.641402    403.81    446.55    1.001
      clockrate                0.621013    0.002238    0.529528    0.714578    0.619203    494.22    532.86    1.004
      clockrate                0.766235    0.007928    0.602134    0.939851    0.757812    513.61    517.24    1.001
      clockrate                0.819556    0.018663    0.591894    1.093241    0.798372     81.37     81.95    1.002
      clockrate                0.783773    0.027201    0.506983    1.124398    0.757164    377.67    388.08    1.002
      clockrate                0.627060    0.005204    0.489665    0.767645    0.620494    327.50    438.50    1.001
      clockrate                0.744706    0.010285    0.572441    0.960500    0.732044    346.91    371.05    1.000
      clockrate                0.635991    0.004105    0.513754    0.762949    0.630342    101.41    178.00    1.008
      clockrate                0.639732    0.002599    0.544263    0.741833    0.635722    344.55    474.08    1.002
      clockrate                0.827350    0.011141    0.633652    1.035365    0.814928    151.69    215.39    1.001
      clockrate                0.592058    0.009987    0.428548    0.793983    0.576694    189.89    220.55    1.000
      clockrate                0.625783    0.004724    0.495223    0.761084    0.620450    178.64    364.32    1.008
      clockrate                0.789691    0.012474    0.576358    1.009891    0.782324   1041.29   1230.50    1.000
      clockrate                0.611932    0.001939    0.525488    0.698371    0.610721    865.31   1027.19    1.000
      clockrate                0.640673    0.003713    0.528452    0.760830    0.636864    440.83    563.02    1.000
      clockrate                0.600124    0.002651    0.503161    0.701637    0.595635    161.91    307.70    1.000
      clockrate                0.711808    0.006748    0.564629    0.875293    0.702397     74.87     76.36    1.006
      clockrate                0.578062    0.006670    0.430065    0.738343    0.567888    131.46    165.80    1.000
      clockrate                0.735715    0.027873    0.455682    1.073386    0.712400    296.40    297.81    1.000
      clockrate                0.667941    0.005277    0.531310    0.812583    0.662080    563.30    784.21    1.000
      clockrate                0.576666    0.005760    0.439246    0.728850    0.566980     96.19    129.05    1.001
      clockrate                0.519168    0.005347    0.383004    0.660699    0.512490    387.56    387.92    1.003
      clockrate                0.837794    0.004634    0.708131    0.970865    0.832121    171.54    206.54    1.003
      clockrate                0.736605    0.010400    0.552530    0.942969    0.725628    315.26    343.85    1.000
      clockrate                0.565897    0.003864    0.450490    0.691964    0.560467    123.09    164.35    1.007
      clockrate                0.580110    0.004709    0.452250    0.717920    0.574868    502.44    685.73    1.002
      clockrate                0.606214    0.004476    0.480012    0.740538    0.601381    434.31    469.98    1.000
      clockrate                0.874933    0.030821    0.540801    1.206659    0.862770   1192.97   1325.99    1.000
      clockrate                0.575491    0.002582    0.476072    0.674591    0.573527    286.27    301.28    1.004
      clockrate                0.716052    0.009318    0.540538    0.907135    0.705731   1025.00   1047.17    1.000
      clockrate                0.676843    0.006599    0.532930    0.840544    0.665950    157.25    195.99    1.007
      clockrate                0.664646    0.005761    0.522873    0.816938    0.659780   1367.52   1372.09    1.000
      clockrate                0.714631    0.010128    0.534794    0.919716    0.703410    171.55    192.61    1.002
      clockrate                0.642131    0.003120    0.538191    0.752735    0.636634    182.35    200.48    1.001
      clockrate                0.643698    0.004671    0.512799    0.782729    0.640210    284.84    328.48    1.002
      clockrate                0.837888    0.010841    0.639459    1.040721    0.830591    284.48    287.54    1.000
      clockrate                0.583276    0.009722    0.419409    0.787417    0.567133    172.72    253.95    1.002
      clockrate                0.706330    0.004867    0.579850    0.847183    0.699972    248.47    352.26    1.003
      clockrate                0.896775    0.013057    0.697053    1.127851    0.881766    114.76    148.36    1.019
      clockrate                0.645242    0.011134    0.459444    0.859297    0.631154    214.69    219.75    1.008
      clockrate                0.687948    0.008696    0.513952    0.875679    0.678598    416.51    463.54    1.002
      clockrate                0.818079    0.010164    0.636760    1.019996    0.806064    350.04    383.51    1.000
      clockrate                0.598067    0.002089    0.511889    0.689442    0.595695    184.32    205.65    1.002
      clockrate                0.652368    0.003478    0.540904    0.768815    0.648948    546.56    636.39    1.001
      clockrate                0.585389    0.003473    0.470543    0.700220    0.579944    104.28    115.53    1.012
      clockrate                0.850112    0.054480    0.495148    1.322031    0.799198    179.41    210.51    1.004
      clockrate                0.510910    0.003509    0.403361    0.630966    0.505284    162.75    169.39    1.000
      clockrate                0.661148    0.003255    0.551208    0.774100    0.656945    265.13    355.19    1.002
      clockrate                0.946336    0.008390    0.772950    1.129626    0.939760    159.47    173.23    1.004
      clockrate                0.783867    0.018093    0.554451    1.050797    0.760762    177.54    191.36    1.001
      clockrate                0.674606    0.010342    0.496644    0.880354    0.662390     88.40     93.51    1.001
      clockrate                0.847347    0.007248    0.692186    1.019772    0.839228    181.18    190.35    1.010
