      ilnvar                   0.029354    0.000724    0.000509    0.081438    0.021691     70.52     89.71    1.009
      ilnvar                   0.020378    0.000771    0.000020    0.075752    0.010605     37.05     45.76    1.000
      ilnvar                   0.084054    0.003948    0.000135    0.202218    0.073617     41.94     63.28    1.020
      ilnvar                   0.041629    0.002296    0.000423    0.135716    0.023632     48.75     50.39    1.001
      ilnvar                   0.028940    0.001081    0.000181    0.093646    0.017529     34.60     48.36    1.000
      ilnvar                   0.055757    0.003351    0.000134    0.159391    0.040357    174.05    247.16    1.001
      ilnvar                   0.021703    0.000625    0.000018    0.072945    0.012912     39.72     46.88    1.021
      ilnvar                   0.145259    0.015295    0.001324    0.369216    0.114354    154.06    204.56    1.000
      ilnvar                   0.095155    0.006436    0.001448    0.247695    0.075280    129.70    138.00    1.000
      ilnvar                   0.119584    0.007011    0.000549    0.271121    0.105798     45.93     88.66    1.053
      ilnvar                   0.155719    0.010894    0.005258    0.343065    0.137573    139.76    174.47    1.000
      ilnvar                   0.168341    0.036282    0.002298    0.510232    0.112566    427.11    435.00    1.003
      ilnvar                   0.108490    0.008982    0.001912    0.289930    0.084049    209.54    241.96    1.004
      ilnvar                   0.339735    0.056766    0.005836    0.782685    0.283062    736.51    794.13    1.000
      ilnvar                   0.142663    0.007197    0.006351    0.305505    0.126780    109.85    135.22    1.012
      ilnvar                   0.074221    0.003053    0.000585    0.177742    0.062285     50.96     65.72    1.016
      ilnvar                   0.109112    0.006356    0.000333    0.264286    0.092441     64.70     80.25    1.019
      ilnvar                   0.083170    0.007679    0.000046    0.249874    0.058473    115.01    139.28    1.002
      ilnvar                   0.450647    0.229736    0.000664    1.366486    0.301802    512.21    656.21    1.003
      ilnvar                   0.092177    0.014090    0.000016    0.298230    0.056623    128.33    152.92    1.000
      ilnvar                   0.024278    0.000566    0.000251    0.069011    0.017994     60.81     64.96    1.011
      ilnvar                   0.049669    0.002698    0.000071    0.145723    0.035309    121.19    158.48    1.003
      ilnvar                   0.061374    0.003217    0.000147    0.170312    0.044996     87.27    116.42    1.002
      ilnvar                   0.039276    0.002243    0.000092    0.132564    0.022142    147.95    160.66    1.006
      ilnvar                   0.042732    0.001927    0.000084    0.127345    0.029180     44.70     51.20    1.006
      ilnvar                   0.163483    0.014490    0.001598    0.395943    0.135383    190.21    214.50    1.001
      ilnvar                   0.045721    0.002130    0.000248    0.139054    0.031252     99.33    111.99    1.012
      ilnvar                   0.037125    0.001653    0.000020    0.119754    0.023894     72.14     78.13    1.025
      ilnvar                   0.190008    0.021547    0.004174    0.456460    0.156004    181.36    216.64    1.001
      ilnvar                   0.066472    0.003292    0.001934    0.177878    0.052195     86.35     92.29    1.001
      ilnvar                   0.037776    0.001209    0.000215    0.106138    0.028595     54.87     82.83    1.008
      ilnvar                   0.105981    0.007147    0.000256    0.269453    0.086930     63.15     92.92    1.001
      ilnvar                   0.011206    0.000486    0.000001    0.056387    0.002151     41.68     43.00    1.038
      ilnvar                   0.133884    0.015696    0.000452    0.359154    0.102334    343.16    387.57    1.003
      ilnvar                   0.026933    0.000792    0.000110    0.082953    0.018049     37.45     49.48    1.044
      ilnvar                   0.013759    0.000611    0.000001    0.062629    0.003635     69.61     74.45    1.001
      ilnvar                   0.015459    0.000562    0.000006    0.061590    0.006619     58.63     73.10    1.003
      ilnvar                   0.035980    0.002912    0.000003    0.138130    0.015858     62.52     69.42    1.012
      ilnvar                   0.045125    0.002176    0.000363    0.134928    0.031232    145.55    165.20    1.000
      ilnvar                   0.045494    0.002404    0.000200    0.139131    0.030847    101.60    111.30    1.001
      ilnvar                   0.067376    0.002589    0.000079    0.161904    0.059793     41.63     65.21    1.021
      ilnvar                   0.123546    0.007781    0.004869    0.289413    0.104527    177.55    185.75    1.000
      ilnvar                   0.034126    0.001595    0.000015    0.112173    0.020547     32.60     41.44    1.006
      ilnvar                   0.081583    0.003276    0.000389    0.189504    0.071644     48.24     75.72    1.002
      ilnvar                   0.027450    0.000852    0.000103    0.078236    0.019869     47.06     69.43    1.016
      ilnvar                   0.097931    0.007362    0.001827    0.262479    0.075626    138.80    172.89    1.001
      ilnvar                   0.027419    0.000908    0.000005    0.087902    0.018717     46.91     47.60    1.053
      ilnvar                   0.095201    0.007102    0.000651    0.256361    0.073450    198.13    199.09    1.000
      ilnvar                   0.063591    0.003272    0.000032    0.170036    0.051055     67.23     82.97    1.002
      ilnvar                   0.018935    0.000502    0.000018    0.066009    0.011169     41.02     43.66    1.044
      ilnvar                   0.063757    0.004399    0.000175    0.192086    0.044167    129.93    141.47    1.000
      ilnvar                   0.076544    0.008858    0.000001    0.251434    0.046977     59.52     61.63    1.001
      ilnvar                   0.187012    0.024998    0.005307    0.485049    0.145510    303.29    323.49    1.003
      ilnvar                   0.060335    0.003858    0.000028    0.179247    0.043101     59.89    151.52    1.016
      ilnvar                   0.183964    0.012743    0.019818    0.404490    0.160198    283.72    301.36    1.000
      ilnvar                   0.042736    0.002099    0.000003    0.132152    0.028393     30.78     63.75    1.048
      ilnvar                   0.035678    0.000910    0.000381    0.093758    0.027794     46.84     65.65    1.004
      ilnvar                   0.121852    0.011944    0.000011    0.325194    0.099246     96.20    109.17    1.002
      ilnvar                   0.084229    0.008168    0.000175    0.250175    0.059078    153.12    182.65    1.001
      ilnvar                   0.055165    0.002860    0.000228    0.161403    0.039092     52.40     55.59    1.022
      ilnvar                   0.031427    0.002758    0.000030    0.121675    0.013160    198.24    223.94    1.000
      ilnvar                   0.008377    0.000202    0.000002    0.036016    0.002169     34.01     41.18    1.024
      ilnvar                   0.024103    0.001415    0.000021    0.091626    0.010505    107.84    130.31    1.002
      ilnvar                   0.058855    0.002203    0.000386    0.148030    0.047866     58.12     65.46    1.001
      ilnvar                   0.095817    0.005982    0.000172    0.245463    0.078575     55.15     59.68    1.006
      ilnvar                   0.173849    0.011302    0.016615    0.379319    0.153079    113.69    136.87    1.000
      ilnvar                   0.175007    0.029692    0.000652    0.496640    0.127292    301.62    304.80    1.000
      ilnvar                   0.046333    0.002735    0.000094    0.145349    0.030326     99.03    149.10    1.001
      ilnvar                   0.053143    0.005271    0.000007    0.193375    0.027142     41.52     52.21    1.006
      ilnvar                   0.042089    0.002929    0.000020    0.144358    0.024021     95.29     99.67    1.007
      ilnvar                   0.033587    0.001812    0.000017    0.120131    0.017429     44.65     52.01    1.008
      ilnvar                   0.114832    0.008395    0.000801    0.286336    0.094072    177.11    191.22    1.001
      ilnvar                   0.073033    0.003122    0.000295    0.177428    0.062064     57.69     74.08    1.010
      ilnvar                   0.041857    0.003039    0.000049    0.141903    0.024119    126.99    152.37    1.004
      ilnvar                   0.044719    0.002310    0.000052    0.136702    0.029910     70.36     79.64    1.002
      ilnvar                   0.072193    0.019363    0.000015    0.281999    0.028945    823.39    999.60    1.000
      ilnvar                   0.023113    0.000463    0.000297    0.065563    0.016502     91.61    102.22    1.017
      ilnvar                   0.057734    0.004728    0.000025    0.181524    0.037070    201.58    278.03    1.001
      ilnvar                   0.131654    0.008200    0.004073    0.306940    0.111506    115.76    136.04    1.009
      ilnvar                   0.029544    0.001156    0.000096    0.094494    0.018570    185.95    206.51    1.000
      ilnvar                   0.165353    0.010314    0.012926    0.357840    0.146293    166.13    179.86    1.002
      ilnvar                   0.050583    0.001847    0.000807    0.132220    0.039137     93.40    100.02    1.001
      ilnvar                   0.041003    0.001264    0.000335    0.111396    0.030732     58.66     73.94    1.001
      ilnvar                   0.136396    0.007919    0.001419    0.303930    0.120156    160.26    179.27    1.000
      ilnvar                   0.115137    0.016685    0.000049    0.354233    0.077903    118.88    204.92    1.006
      ilnvar                   0.038836    0.001568    0.000406    0.114963    0.026885     87.99     95.11    1.004
      ilnvar                   0.055986    0.003884    0.000020    0.177148    0.037959     45.27     73.37    1.026
      ilnvar                   0.098856    0.012670    0.000062    0.308735    0.066182    155.60    164.53    1.002
      ilnvar                   0.113809    0.011143    0.000960    0.317473    0.086562    112.17    142.02    1.002
      ilnvar                   0.067116    0.004600    0.000387    0.189927    0.048202    174.12    192.41    1.000
      ilnvar                   0.011054    0.000372    0.000001    0.050129    0.002810     35.61     40.68    1.013
      ilnvar                   0.018255    0.000718    0.000059    0.071371    0.007500     50.08     52.79    1.000
      ilnvar                   0.031008    0.001265    0.000068    0.101266    0.019095     45.08     55.55    1.018
      ilnvar                   0.325056    0.099206    0.000168    0.929578    0.229530    206.81    238.59    1.002
      ilnvar                   0.058054    0.002388    0.001115    0.152516    0.045153     73.63     81.28    1.000
      ilnvar                   0.060284    0.001591    0.003301    0.136906    0.052461     96.65    111.41    1.010
      ilnvar                   0.053749    0.002825    0.000406    0.158612    0.037810     62.48     69.05    1.006
      ilnvar                   0.130311    0.013571    0.000932    0.357024    0.095983    124.63    167.59    1.001
      ilnvar                   0.208519    0.014168    0.026411    0.439004    0.184833    106.57    108.13    1.000
      ilnvar                   0.051780    0.002624    0.000079    0.150495    0.037680     79.86     92.88    1.030
