0.1395349
0.25
0.1363636
0.2045455
0.1590909
0.15
0.1025641
0.04545455
0.2413793
0.2
0.1052632
0.25
0.1304348
0.0625
0.372093
0.1086957
0.1395349
0.2105263
0.4285714
0.0625
0.2391304
0.1666667
0.1290323
0.2307692
0.125
0.1481481
0.05882353
0.2285714
0.1481481
0.1794872
0.195122
0.2972973
0.08108108
0.1176471
0.1086957
0.05
0.1111111
0.2272727
0
0.16
0.2340426
0.1034483
0.1489362
0.1489362
0.08108108
0.2592593
0.15
0.08333333
0.06060606
0.06666667
0.1304348
0.05555556
0.1052632
0.2
0.09375
0.08571429
0.1428571
0.1363636
0.1
0.1081081
0.1666667
0.175
0.04
0.1333333
0.255814
0.05
0.05882353
0.2272727
0.1153846
0.2307692
0.125
0.1111111
0.225
0.2608696
0.1923077
0
0.1538462
0
0.1219512
0.05263158
0.1315789
0.1136364
0.1025641
0.1428571
0.05263158
0.07894737
0.3333333
0.25
0.1153846
0.08333333
0.06976744
0.05714286
0.08695652
0.125
0.2
0.173913
0.1
0.07142857
0.1315789
0.09677419
