RFdist
0.1111111
0.2307692
0.1084337
0.1219512
0.2345679
0.1666667
0.09589041
0.1904762
0.2156863
0.1264368
0.02702703
0.2857143
0.09090909
0.0625
0.1948052
0.05494505
0.2307692
0.1428571
0.1666667
0.125
0.25
0.1555556
0.1034483
0.1020408
0.1733333
0.3333333
0.15625
0.1692308
0
0.1466667
0.2162162
0.1428571
0.1111111
0.09677419
0.08045977
0
0.2083333
0.15
0.1351351
0.08695652
0.2345679
0.0877193
0.1868132
0.1494253
0.1304348
0.1764706
0.3055556
0.173913
0.1290323
0.08045977
0.1363636
0.1428571
0.1351351
0.1428571
0.08196721
0.1176471
0.1688312
0.15
0.1
0.1940299
0.02857143
0.1944444
0.12
0.1162791
0.2467532
0.1232877
0.0625
0.2195122
0.1428571
0.2
0.1315789
0.2156863
0.1466667
0.1162791
0.08333333
0.09090909
0.260274
0.1724138
0.1351351
0.1515152
0.1142857
0.08045977
0.1466667
0.2063492
0.1764706
0.01333333
0.2692308
0.2571429
0.2173913
0.1304348
0.1111111
0.07462687
0.1294118
0.1333333
0.1794872
0.1136364
0.06666667
0.2156863
0.1830986
0.1333333
