      TL{all}           6.262095    0.077285    5.718428    6.806721    6.255691  12715.13  13077.20    1.000
      TL{all}           5.618470    0.086948    5.053244    6.207486    5.613613   1382.36   1622.28    1.000
      TL{all}           6.079258    0.079712    5.541864    6.648536    6.073536   9567.61  10195.17    1.000
      TL{all}           5.490510    0.069023    4.982500    6.006832    5.485505  12691.21  14038.77    1.000
      TL{all}           6.828754    0.092921    6.226473    7.419411    6.822632   6383.75   7198.08    1.000
      TL{all}           4.336016    0.079629    3.802108    4.905525    4.326742  12771.77  13323.30    1.000
      TL{all}           5.896001    0.075655    5.364643    6.441776    5.892317  13778.37  14087.17    1.000
      TL{all}           3.702138    0.062876    3.219592    4.201295    3.694515  12817.03  12927.64    1.000
      TL{all}           4.619682    0.069602    4.117265    5.147917    4.613857  12432.78  12846.14    1.000
      TL{all}           6.386730    0.080390    5.831404    6.939122    6.380949  15010.45  15307.00    1.000
      TL{all}           5.389050    0.068429    4.888812    5.908809    5.384165  12721.90  13733.72    1.000
      TL{all}           2.631622    0.054867    2.179517    3.094940    2.624250   6941.72   7384.71    1.000
      TL{all}           4.062030    0.068524    3.569197    4.588610    4.054967   9626.68  10807.58    1.000
      TL{all}           2.603388    0.045850    2.184877    3.020529    2.598322  15681.79  16056.83    1.000
      TL{all}           6.941902    0.097213    6.336977    7.558559    6.934015  12207.28  13015.16    1.000
      TL{all}           6.265328    0.081820    5.719330    6.834548    6.260226  11462.09  12194.19    1.000
      TL{all}           6.395137    0.084542    5.829830    6.958951    6.388052  11465.16  12229.49    1.000
      TL{all}           3.608095    0.059149    3.122266    4.078148    3.601988  15014.48  15135.29    1.000
      TL{all}           1.867944    0.056000    1.415760    2.337960    1.858525  14566.67  15440.39    1.000
      TL{all}           2.962696    0.056423    2.497680    3.427706    2.956074  13498.25  14336.70    1.000
      TL{all}           6.412590    0.085374    5.843274    6.988891    6.409866  11318.52  11379.39    1.000
      TL{all}           4.312495    0.065447    3.807949    4.810568    4.308881  14311.26  14420.87    1.000
      TL{all}           4.858574    0.069799    4.335099    5.372742    4.853393  14600.25  15255.37    1.000
      TL{all}           4.208539    0.071965    3.700313    4.749942    4.202852  12733.37  13028.32    1.000
      TL{all}           5.709443    0.076021    5.168948    6.244378    5.705292  13380.07  13650.10    1.000
      TL{all}           4.330460    0.060810    3.838061    4.805341    4.326538  12322.11  13992.52    1.000
      TL{all}           5.909306    0.083753    5.346867    6.479078    5.903155  12975.50  13299.18    1.000
      TL{all}           5.107925    0.069712    4.600802    5.625757    5.102168  13507.59  14296.45    1.000
      TL{all}           4.355218    0.061198    3.870866    4.837432    4.350697  14108.64  15148.20    1.000
      TL{all}           4.928522    0.066438    4.414417    5.425057    4.925671  12732.61  13493.93    1.000
      TL{all}           5.631264    0.074901    5.104866    6.171407    5.627323   9989.29  10991.03    1.000
      TL{all}           5.268513    0.073327    4.731120    5.789389    5.262521  12316.60  12534.32    1.000
      TL{all}           4.916630    0.063550    4.431796    5.419685    4.911531  12385.91  13305.16    1.000
      TL{all}           2.855563    0.054987    2.405064    3.324709    2.848748  14147.65  14471.51    1.000
      TL{all}           5.572309    0.065161    5.080614    6.076410    5.568998  14009.62  14145.89    1.000
      TL{all}           2.791275    0.049538    2.350772    3.219344    2.786016  14298.95  14358.74    1.000
      TL{all}           3.289706    0.050915    2.851026    3.732183    3.285927  12959.64  13080.84    1.000
      TL{all}           3.065559    0.052006    2.634647    3.523162    3.059213  10610.74  11667.79    1.000
      TL{all}           3.277837    0.052241    2.833787    3.730203    3.273326  13116.05  13746.81    1.000
      TL{all}           3.807047    0.055615    3.343257    4.266004    3.801142  14311.33  14555.83    1.000
      TL{all}           5.565680    0.072542    5.046101    6.095502    5.563519  10141.40  10342.14    1.000
      TL{all}           3.760381    0.053347    3.312491    4.214381    3.755806  12185.80  12531.14    1.000
      TL{all}           5.904219    0.074488    5.369662    6.438439    5.898284  11222.66  11993.80    1.000
      TL{all}           6.347033    0.078413    5.795544    6.893274    6.341377  13090.38  13290.69    1.000
      TL{all}           5.906226    0.085644    5.334404    6.478086    5.897902  12981.31  12981.33    1.000
      TL{all}           3.875048    0.055027    3.417980    4.330709    3.870708  14919.73  15342.78    1.000
      TL{all}           5.093710    0.064165    4.595005    5.587688    5.088713  12738.05  13382.34    1.000
      TL{all}           3.300015    0.050386    2.865764    3.746585    3.294924  12277.03  12729.56    1.000
      TL{all}           5.152074    0.071820    4.632284    5.680804    5.146190   9914.61  10460.26    1.000
      TL{all}           4.792646    0.061616    4.317973    5.287714    4.787745  12722.49  12926.14    1.000
      TL{all}           3.221072    0.051468    2.779175    3.669994    3.215462  14027.67  14097.81    1.000
      TL{all}           3.158803    0.052621    2.719428    3.615359    3.153752  15480.85  15561.28    1.000
      TL{all}           3.014656    0.053141    2.566352    3.469551    3.008245  12582.26  12957.40    1.000
      TL{all}           4.540330    0.064616    4.037847    5.037531    4.534048   5073.85   7196.44    1.000
      TL{all}           5.216446    0.079301    4.685057    5.784479    5.211467   1253.53   2124.29    1.003
      TL{all}           4.670135    0.061566    4.181393    5.152614    4.665426  13392.71  14161.78    1.000
      TL{all}           7.122043    0.095677    6.514337    7.726891    7.117871  14681.83  14840.10    1.000
      TL{all}           3.599682    0.055868    3.131402    4.058094    3.594207  15192.73  15239.40    1.000
      TL{all}           4.147670    0.073816    3.614180    4.678289    4.139234  11552.62  12384.19    1.000
      TL{all}           5.136550    0.073806    4.605096    5.668921    5.131178  11064.76  11304.50    1.000
      TL{all}           2.477377    0.038588    2.095485    2.863740    2.472728  14034.46  14683.89    1.000
      TL{all}           5.381354    0.071631    4.852998    5.900500    5.375959  14124.78  14518.22    1.000
      TL{all}           3.786881    0.057592    3.320273    4.260882    3.781694  15319.03  15327.92    1.000
      TL{all}           6.120999    0.080380    5.568371    6.679312    6.117602   9122.46  10582.55    1.000
      TL{all}           5.762101    0.074711    5.225394    6.295548    5.756626  14089.62  15003.38    1.000
      TL{all}           7.158718    0.100800    6.539090    7.780982    7.152894   8093.14   8906.54    1.000
      TL{all}           2.965000    0.053402    2.498603    3.406074    2.957946  14739.72  15241.22    1.000
      TL{all}           4.181854    0.076369    3.660921    4.741385    4.174016   3329.15   3820.91    1.001
      TL{all}           5.294668    0.083672    4.736923    5.871456    5.288342  13984.82  14325.93    1.000
      TL{all}           4.149765    0.062860    3.666097    4.646133    4.142630  14728.69  14952.51    1.000
      TL{all}           5.131677    0.066642    4.623230    5.636279    5.124676  13019.10  13137.80    1.000
      TL{all}           4.555877    0.072101    4.032108    5.084148    4.550063  12516.24  12621.53    1.000
      TL{all}           6.889040    0.092763    6.290943    7.484135    6.886389   9761.88   9914.57    1.000
      TL{all}           3.711905    0.056289    3.250684    4.173455    3.707816  14363.72  14636.98    1.000
      TL{all}           4.012346    0.063121    3.524198    4.504499    4.006557  12173.28  13388.47    1.000
      TL{all}           2.514357    0.113938    1.881757    3.183466    2.490498  15081.34  15434.87    1.000
      TL{all}           5.755094    0.078077    5.218278    6.312395    5.748977  13600.32  13683.29    1.000
      TL{all}           2.841866    0.053004    2.400262    3.297935    2.834464  13246.51  13935.35    1.000
      TL{all}           5.801922    0.074131    5.270345    6.335981    5.797363  11348.47  11494.57    1.000
      TL{all}           3.954419    0.072094    3.432034    4.474328    3.948503  14232.65  14810.34    1.000
      TL{all}           6.142320    0.087331    5.569875    6.730358    6.137452  12134.76  12400.65    1.000
      TL{all}           7.031151    0.090763    6.437344    7.617500    7.025734  14829.44  14881.20    1.000
      TL{all}           5.455220    0.077822    4.920587    6.016997    5.448410   9672.25  10034.09    1.000
      TL{all}           4.726970    0.064155    4.242062    5.231801    4.722140  13525.05  13759.97    1.000
      TL{all}           3.980493    0.070375    3.455314    4.488697    3.972867  14886.05  14973.56    1.000
      TL{all}           4.766841    0.061157    4.289157    5.246688    4.763388  12826.25  13915.64    1.000
      TL{all}           4.665050    0.072328    4.142955    5.195979    4.660130   8147.97   8275.57    1.000
      TL{all}           3.726524    0.061938    3.245915    4.217993    3.719335  13244.30  13546.35    1.000
      TL{all}           3.768563    0.055917    3.306121    4.233000    3.761396  12683.35  12767.38    1.000
      TL{all}           4.211711    0.065971    3.707747    4.716305    4.204309  12455.30  12953.59    1.000
      TL{all}           6.151708    0.075882    5.619367    6.697024    6.148798  11909.98  12226.37    1.000
      TL{all}           6.185280    0.088923    5.605028    6.770825    6.180641  13256.27  13309.58    1.000
      TL{all}           6.814732    0.097626    6.212568    7.438979    6.807264  10007.63  10019.42    1.000
      TL{all}           3.017533    0.052436    2.569903    3.468694    3.012404  14323.94  14635.71    1.000
      TL{all}           6.550533    0.091840    5.948736    7.138813    6.546937  12685.59  12939.68    1.000
      TL{all}           7.981058    0.117095    7.312935    8.651335    7.976755   3906.87   4086.78    1.000
      TL{all}           3.764837    0.054009    3.322128    4.230376    3.759779  12855.02  13196.79    1.000
      TL{all}           3.836670    0.053324    3.397868    4.300934    3.831364  12181.32  12699.27    1.000
      TL{all}           5.704914    0.083285    5.159846    6.283272    5.701574  11076.19  11218.71    1.000
      TL{all}           4.839525    0.067761    4.340528    5.350264    4.834463  14185.47  14297.09    1.000
