      alpha_symdir             0.401254    0.031673    0.275414    0.878785    0.334114      5.72     56.93    1.114
      alpha_symdir             0.305409    0.000487    0.265130    0.351630    0.304731     70.97    134.80    1.005
      alpha_symdir             0.688619    0.144824    0.278370    1.237445    0.513845     16.05    134.45    4.540
      alpha_symdir             0.289303    0.000366    0.254140    0.329001    0.288533     84.34    133.26    1.004
      alpha_symdir             0.661445    0.110202    0.296088    1.156754    0.707967      7.93      8.80    1.818
      alpha_symdir             0.256224    0.000461    0.214888    0.299691    0.255941    104.50    180.07    1.001
      alpha_symdir             0.326569    0.000507    0.282228    0.370981    0.325607    144.05    167.03    1.017
      alpha_symdir             0.264292    0.000587    0.219923    0.314729    0.262771     74.56     91.19    1.002
      alpha_symdir             0.305901    0.000708    0.252545    0.357532    0.305701     52.24     78.60    1.028
      alpha_symdir             0.330816    0.000335    0.297040    0.369537    0.330021    313.96    410.86    1.010
      alpha_symdir             0.409284    0.050901    0.277528    1.016699    0.326582      5.90    183.76    1.230
      alpha_symdir             0.203071    0.000404    0.163247    0.241675    0.203296     32.35     53.22    1.000
      alpha_symdir             0.299524    0.000499    0.257088    0.344247    0.298726    138.99    194.65    1.000
      alpha_symdir             0.200852    0.000412    0.162119    0.240728    0.200067     86.75    116.34    1.000
      alpha_symdir             0.343369    0.000385    0.305418    0.382457    0.342463    388.56    485.59    1.000
      alpha_symdir             0.315264    0.000324    0.281764    0.351162    0.314465     73.35     79.91    1.006
      alpha_symdir             0.544073    0.112886    0.281100    1.241492    0.347984      5.49     11.23    1.521
      alpha_symdir             0.258654    0.000397    0.220566    0.298926    0.258153    113.55    149.62    1.006
      alpha_symdir             0.141297    0.000135    0.119761    0.164563    0.140351    345.57    517.87    1.001
      alpha_symdir             0.219370    0.000438    0.178080    0.259306    0.218375     57.37    111.00    1.016
      alpha_symdir             0.335356    0.000396    0.298448    0.375769    0.334471     93.03    267.43    1.001
      alpha_symdir             0.292641    0.000443    0.252548    0.334037    0.292223    120.86    160.28    1.023
      alpha_symdir             0.327633    0.000401    0.291076    0.368335    0.326811    120.52    122.42    1.010
      alpha_symdir             0.287910    0.000447    0.247732    0.330112    0.287803    104.41    121.78    1.001
      alpha_symdir             0.306988    0.000389    0.269455    0.345294    0.306157     59.43    413.49    1.001
      alpha_symdir             0.327666    0.000419    0.287576    0.367122    0.327093     55.46     82.94    1.006
      alpha_symdir             0.334304    0.000559    0.287065    0.379526    0.333157    100.80    109.87    1.000
      alpha_symdir             0.344158    0.000416    0.305069    0.384307    0.343432    137.16    230.81    1.008
      alpha_symdir             0.315137    0.000563    0.269456    0.361434    0.314031     32.69     55.49    1.010
      alpha_symdir             0.302594    0.000454    0.262353    0.345987    0.302042     33.49    139.30    1.000
      alpha_symdir             0.259242    0.000261    0.227988    0.290733    0.258503    189.76    194.40    1.019
      alpha_symdir             0.679084    0.096597    0.265321    1.046034    0.848192      6.05     19.19    1.905
      alpha_symdir             0.300482    0.000350    0.264413    0.337491    0.299772    121.35    226.32    1.019
      alpha_symdir             0.241568    0.000340    0.206037    0.277942    0.241214    133.75    206.06    1.005
      alpha_symdir             0.536586    0.101497    0.263820    1.102810    0.316053      6.23    275.87    1.671
      alpha_symdir             0.256418    0.000661    0.207570    0.309444    0.256614     37.02     51.23    1.000
      alpha_symdir             0.309367    0.000473    0.265299    0.350750    0.309426     56.88    128.38    1.000
      alpha_symdir             0.175367    0.004180    0.096756    0.268466    0.176345     12.54     20.44    1.038
      alpha_symdir             0.148208    0.001865    0.102700    0.259545    0.133322     23.66     70.28    1.020
      alpha_symdir             0.307290    0.000298    0.275001    0.342790    0.306598    367.60    442.88    1.000
      alpha_symdir             0.347304    0.000469    0.304770    0.389978    0.345982     33.91     89.59    1.010
      alpha_symdir             0.285627    0.000429    0.241601    0.323292    0.285936     45.74     88.71    1.010
      alpha_symdir             0.305961    0.000445    0.265365    0.346973    0.304822    126.07    165.90    1.005
      alpha_symdir             0.327203    0.000378    0.289793    0.365510    0.326823     80.57    251.15    1.001
      alpha_symdir             0.289561    0.000324    0.254785    0.324733    0.288677    195.40    261.89    1.002
      alpha_symdir             0.424836    0.046673    0.283043    1.001057    0.345137      5.92     28.96    1.238
      alpha_symdir             0.286605    0.000358    0.251220    0.325475    0.285729     64.82     84.52    1.003
      alpha_symdir             0.288832    0.000498    0.247475    0.336049    0.288858     69.35     78.96    1.006
      alpha_symdir             0.323633    0.000590    0.276073    0.372176    0.322989     90.64    105.57    1.000
      alpha_symdir             0.299795    0.000923    0.246057    0.362196    0.295822     49.79     63.48    1.020
      alpha_symdir             0.276589    0.000405    0.237334    0.316325    0.276406    144.49    476.65    1.004
      alpha_symdir             0.227998    0.002521    0.118977    0.293652    0.242852     14.57     27.01    1.006
      alpha_symdir             0.245922    0.000432    0.206032    0.287879    0.245536     97.60    232.40    1.003
      alpha_symdir             0.290668    0.000474    0.248470    0.334392    0.290150     82.98    143.86    1.000
      alpha_symdir             0.285832    0.000353    0.250070    0.323736    0.285114     57.49     91.95    1.011
      alpha_symdir             0.316734    0.000473    0.273809    0.359272    0.316469     58.04     59.78    1.000
      alpha_symdir             0.420413    0.043104    0.283726    0.909552    0.329884      5.48     76.94    1.185
      alpha_symdir             0.272866    0.002715    0.145181    0.343796    0.285905     16.96     61.94    1.150
      alpha_symdir             0.252620    0.000466    0.212303    0.295770    0.251607     65.93     95.38    1.010
      alpha_symdir             0.346313    0.000568    0.299290    0.392480    0.345563     89.54    181.17    1.000
      alpha_symdir             0.235957    0.000683    0.184922    0.286793    0.237037     46.74     67.45    1.011
      alpha_symdir             0.330493    0.014712    0.232968    0.454593    0.303210      9.62     34.06    1.044
      alpha_symdir             0.267080    0.000411    0.228097    0.307515    0.266924     96.19    147.16    1.010
      alpha_symdir             0.359941    0.012066    0.265356    0.662484    0.323976      6.69     48.73    1.208
      alpha_symdir             0.322460    0.000404    0.283272    0.361927    0.321886    199.01    236.93    1.008
      alpha_symdir             0.338476    0.000469    0.296270    0.380225    0.337863    106.33    128.88    1.003
      alpha_symdir             0.234444    0.000395    0.197018    0.274512    0.233863    162.34    176.80    1.021
      alpha_symdir             0.250039    0.000309    0.217370    0.284378    0.249733    148.88    166.75    1.003
      alpha_symdir             0.291737    0.000488    0.248888    0.335127    0.291187    116.39    312.26    1.029
      alpha_symdir             0.314898    0.000488    0.270027    0.356399    0.314573    115.35    149.66    1.108
      alpha_symdir             0.333583    0.000450    0.291464    0.374842    0.332056     56.33    230.38    1.001
      alpha_symdir             0.290690    0.000695    0.239872    0.342429    0.289329     74.00    121.00    1.005
      alpha_symdir             0.329692    0.000424    0.292666    0.372772    0.328675    206.92    262.84    1.000
      alpha_symdir             0.325279    0.000452    0.283330    0.366997    0.324778     68.10     91.88    1.006
      alpha_symdir             0.300631    0.000654    0.249915    0.349234    0.300424     60.68     86.87    1.003
      alpha_symdir             0.142771    0.000157    0.120832    0.168075    0.141530     77.75     94.36    1.005
      alpha_symdir             0.336244    0.000474    0.292495    0.378608    0.335806    133.96    384.02    1.002
      alpha_symdir             0.231040    0.001052    0.130777    0.281784    0.235557     25.74     40.75    1.076
      alpha_symdir             0.335595    0.000381    0.298656    0.374429    0.334536    287.45    304.39    1.005
      alpha_symdir             0.226551    0.000657    0.176552    0.276781    0.225388     65.47    157.63    1.009
      alpha_symdir             0.326090    0.000465    0.282966    0.368089    0.326076     62.04    214.96    1.002
      alpha_symdir             0.352806    0.000471    0.312183    0.396728    0.351049    338.72    340.60    1.000
      alpha_symdir             0.289155    0.000446    0.247657    0.330186    0.288556     90.61    142.22    1.001
      alpha_symdir             0.318877    0.000445    0.279236    0.361313    0.317730     84.65    330.07    1.001
      alpha_symdir             0.292167    0.000381    0.254167    0.329804    0.291319     73.45    206.86    1.008
      alpha_symdir             0.339794    0.000811    0.286159    0.395928    0.336756     38.75    118.57    1.000
      alpha_symdir             0.287330    0.000320    0.252433    0.321949    0.286409     98.37    119.11    1.008
      alpha_symdir             0.262767    0.000595    0.215251    0.310127    0.262061    237.05    285.55    1.002
      alpha_symdir             0.305005    0.000421    0.263092    0.344439    0.304305    100.05    113.20    1.000
      alpha_symdir             0.290707    0.000624    0.241045    0.340094    0.290874     79.87     84.94    1.000
      alpha_symdir             0.307598    0.000344    0.272623    0.345736    0.306687    138.71    322.28    1.000
      alpha_symdir             0.320802    0.000355    0.285628    0.358903    0.319972     61.07     67.05    1.030
      alpha_symdir             0.331522    0.000393    0.292792    0.371027    0.330550    174.49    181.48    1.004
      alpha_symdir             0.290827    0.000495    0.249080    0.335697    0.290266     68.08    129.37    1.013
      alpha_symdir             0.322165    0.000424    0.283065    0.362428    0.321332    148.96    175.30    1.001
      alpha_symdir             0.369236    0.000561    0.323581    0.416544    0.368075    119.85    122.65    1.004
      alpha_symdir             0.279944    0.000294    0.246845    0.314410    0.279900    143.92    181.31    1.002
      alpha_symdir             0.302821    0.000374    0.265574    0.341515    0.302126    132.71    174.78    1.015
      alpha_symdir             0.305251    0.000465    0.262597    0.347275    0.304198    126.07    127.13    1.003
      alpha_symdir             0.307876    0.000601    0.260060    0.355031    0.306898     34.34    218.20    1.005
