      age[0]                   0.884946    0.000576    0.842019    0.934161    0.881579    1.008    2
      age[0]                   1.004629    0.000736    0.955356    1.053038    1.001460    1.000    2
      age[0]                   0.969861    0.000545    0.927651    1.018116    0.967416    1.021    2
      age[0]                   0.989463    0.001295    0.925119    1.061476    0.986702    1.014    2
      age[0]                   1.035699    0.001068    0.973969    1.097328    1.035317    1.005    2
      age[0]                  1.056953    0.002276    0.970901    1.154314    1.053251    1.002    2
      age[0]                  0.972118    0.000204    0.946136    1.000768    0.970827    1.011    2
      age[0]                  0.828446    0.006283    0.723525    0.982751    0.813669    1.000    2
      age[0]                  1.032651    0.001627    0.959928    1.115658    1.029611    1.017    2
      age[0]                   0.961153    0.002666    0.888523    1.073380    0.948538    1.005    2
      age[0]                   0.948547    0.001240    0.888479    1.017498    0.944315    1.005    2
      age[0]                  0.901791    0.010059    0.831188    1.114121    0.859289    1.012    2
      age[0]                  0.925518    0.003000    0.857057    1.030763    0.913386    1.015    2
      age[0]                  0.995971    0.009474    0.839482    1.182172    0.977249    1.001    2
      age[0]                   1.012486    0.001794    0.925652    1.096837    1.013950    1.035    2
      age[0]                   0.963019    0.000656    0.918680    1.016892    0.960096    1.020    2
      age[0]                   1.038128    0.000797    0.984341    1.093842    1.035242    1.015    2
      age[0]                  1.004206    0.003030    0.904228    1.110785    0.999027    1.000    2
      age[0]                  0.920835    0.028061    0.627175    1.243018    0.897259    1.000    2
      age[0]                  0.993433    0.001401    0.951795    1.068421    0.983183    1.000    2
      age[0]                   0.980179    0.000640    0.934453    1.029708    0.977813    1.009    2
      age[0]                  1.059180    0.002289    0.982171    1.152799    1.049225    1.002    2
      age[0]                  0.953195    0.003232    0.855552    1.063029    0.946518    1.028    2
      age[0]                  0.959182    0.003742    0.859136    1.067784    0.956684    1.031    2
      age[0]                  0.938991    0.000859    0.898850    0.995944    0.932903    1.005    2
      age[0]                  0.968878    0.005783    0.826238    1.126622    0.962809    1.007    2
      age[0]                  1.014115    0.003557    0.903474    1.134115    1.010898    1.000    2
      age[0]                  0.935399    0.001492    0.870698    1.013889    0.929433    1.004    2
      age[0]                  0.962979    0.009656    0.779806    1.139784    0.957445    1.003    2
      age[0]                   0.932254    0.001935    0.844622    1.016264    0.930992    1.000    2
      age[0]                   0.925207    0.001077    0.865733    0.992550    0.921854    1.000    2
      age[0]                   0.939428    0.000470    0.914770    0.984607    0.932862    1.002    2
      age[0]                  1.017726    0.000620    0.974469    1.069660    1.014768    1.000    2
      age[0]                  1.003899    0.001181    0.970761    1.074359    0.992216    1.000    2
      age[0]                   1.004360    0.000823    0.948998    1.059818    1.002318    1.017    2
      age[0]                  1.066568    0.001831    0.990668    1.156880    1.061924    1.003    2
      age[0]                  0.986297    0.002748    0.883940    1.089639    0.983205    1.001    2
      age[0]                  0.913265    0.000643    0.874820    0.962794    0.907981    1.001    2
      age[0]                  0.996592    0.000616    0.965596    1.042967    0.991116    1.001    2
      age[0]                  1.037377    0.001043    0.977113    1.105425    1.035345    1.000    2
      age[0]                   0.937737    0.001146    0.874913    1.004523    0.934784    1.006    2
      age[0]                  1.009292    0.002329    0.914623    1.102784    1.007901    1.002    2
      age[0]                   0.943277    0.005253    0.821167    1.093822    0.935237    1.049    2
      age[0]                   0.952140    0.000626    0.905277    1.002108    0.950863    1.006    2
      age[0]                  1.000157    0.001448    0.949683    1.075510    0.990405    1.021    2
      age[0]                  0.973693    0.000889    0.925372    1.026819    0.970606    1.013    2
      age[0]                   0.965311    0.000834    0.908976    1.023870    0.963706    1.005    2
      age[0]                  0.959022    0.000935    0.915308    1.014128    0.954415    1.002    2
      age[0]                  1.020632    0.000612    0.974320    1.069293    1.018304    1.002    2
      age[0]                   0.974953    0.000586    0.943408    1.020401    0.969906    1.003    2
      age[0]                  1.014788    0.000976    0.954612    1.078708    1.012716    1.000    2
      age[0]                  0.953174    0.003804    0.841670    1.069500    0.948336    1.013    2
      age[0]                  0.910446    0.003859    0.827741    1.025247    0.898625    1.008    2
      age[0]                  0.906749    0.003279    0.790440    1.009018    0.904500    1.017    2
      age[0]                  0.965978    0.000698    0.916887    1.017344    0.963729    1.000    2
      age[0]                  0.986807    0.000281    0.966034    1.020506    0.982847    1.001    2
      age[0]                   0.993302    0.000641    0.945860    1.043592    0.990770    1.001    2
      age[0]                  0.980412    0.002933    0.879160    1.091563    0.976751    1.007    2
      age[0]                  0.989755    0.006392    0.866168    1.134759    0.983363    1.000    2
      age[0]                  0.983251    0.000824    0.939198    1.040970    0.978145    1.003    2
      age[0]                  1.024465    0.001914    0.956544    1.105779    1.019438    1.008    2
      age[0]                   0.916961    0.000406    0.881784    0.959516    0.914410    1.017    2
      age[0]                  0.976592    0.000582    0.933002    1.027155    0.974100    1.004    2
      age[0]                   0.960460    0.001742    0.893496    1.039501    0.953240    1.001    2
      age[0]                   1.018338    0.002406    0.929298    1.116613    1.014214    1.000    2
      age[0]                  1.034441    0.002285    0.940117    1.130154    1.032841    1.003    2
      age[0]                  0.808453    0.006917    0.676576    0.967321    0.792973    1.045    2
      age[0]                  1.022696    0.002292    0.935456    1.120197    1.017638    1.000    2
      age[0]                  0.961159    0.002181    0.867994    1.051970    0.959363    1.010    2
      age[0]                  1.037063    0.003129    0.935590    1.148446    1.032695    1.003    2
      age[0]                   1.011988    0.001227    0.942727    1.082737    1.009729    1.001    2
      age[0]                  1.030771    0.002556    0.941060    1.128642    1.026674    1.007    2
      age[0]                  0.968402    0.002029    0.882565    1.053749    0.966102    1.029    2
      age[0]                  0.940606    0.003158    0.836966    1.041837    0.934217    1.001    2
      age[0]                  1.012374    0.001041    0.954196    1.083171    1.010273    1.006    2
      age[0]                  0.880752    0.008970    0.792186    1.068516    0.851407    1.002    2
      age[0]                   1.071960    0.003439    0.969233    1.196037    1.063312    1.109    2
      age[0]                  1.000170    0.001331    0.936449    1.077849    0.997073    1.001    2
      age[0]                   1.005603    0.000860    0.948340    1.064601    1.003693    1.000    2
      age[0]                  1.059877    0.004108    0.939254    1.181556    1.056466    1.004    2
      age[0]                  0.948621    0.003567    0.831393    1.064430    0.946609    1.008    2
      age[0]                   0.904421    0.001064    0.844777    0.971229    0.903035    1.044    2
      age[0]                   0.979168    0.001532    0.925972    1.057291    0.970729    1.000    2
      age[0]                  0.961768    0.005587    0.811508    1.108814    0.959146    1.002    2
      age[0]                  1.028093    0.003478    0.911321    1.140691    1.024308    1.004    2
      age[0]                  1.035580    0.001911    0.960368    1.125498    1.029459    1.002    2
      age[0]                  0.666172    0.003780    0.562699    0.797695    0.662233    1.007    2
      age[0]                  0.958638    0.002146    0.905133    1.046317    0.946221    1.009    2
      age[0]                  1.006274    0.003089    0.899759    1.121952    1.003033    1.022    2
      age[0]                  0.933675    0.001396    0.861734    1.005843    0.930182    1.001    2
      age[0]                   1.006311    0.000909    0.948405    1.066859    1.003615    1.012    2
      age[0]                  0.984503    0.001283    0.917124    1.054863    0.982190    1.039    2
      age[0]                   0.955783    0.000883    0.902446    1.012129    0.953757    1.001    2
      age[0]                  0.934843    0.005351    0.833275    1.069924    0.916041    1.001    2
      age[0]                   1.024826    0.002159    0.940657    1.116960    1.020717    1.070    2
      age[0]                   1.032163    0.000956    0.979865    1.092131    1.027767    1.015    2
      age[0]                  0.971549    0.000398    0.936146    1.012513    0.969557    1.003    2
      age[0]                  0.999166    0.000441    0.966360    1.042745    0.995093    1.008    2
      age[0]                   0.989947    0.004201    0.873124    1.111303    0.984855    1.011    2
      age[0]                  0.874354    0.003022    0.778796    0.973345    0.869346    1.000    2
