      age[0]                   0.938223    0.002410    0.848800    1.033255    0.933219    1.016    2
      age[0]                   1.018067    0.001171    0.956733    1.082476    1.013885    1.000    2
      age[0]                   1.011446    0.001014    0.954632    1.075120    1.008435    1.000    2
      age[0]                   0.982535    0.001246    0.915869    1.051039    0.979539    1.004    2
      age[0]                   1.095749    0.004542    0.969999    1.220046    1.088779    1.160    2
      age[0]                  1.161164    0.007183    0.994933    1.331346    1.154523    1.000    2
      age[0]                   1.058754    0.001360    0.993214    1.134286    1.055351    1.000    2
      age[0]                  0.765349    0.001173    0.723509    0.827830    0.757693    1.000    2
      age[0]                  1.055492    0.002637    0.960613    1.159955    1.051354    1.006    2
      age[0]                   0.965093    0.001200    0.901202    1.033682    0.962311    1.000    2
      age[0]                   0.993620    0.001704    0.914912    1.076352    0.990293    1.020    2
      age[0]                  0.885638    0.002629    0.831186    0.984797    0.872109    1.000    2
      age[0]                  0.898577    0.001301    0.857037    0.969307    0.889484    1.000    2
      age[0]                  0.981373    0.003183    0.876767    1.093709    0.976047    1.001    2
      age[0]                   1.003880    0.001652    0.929357    1.086394    0.999836    1.000    2
      age[0]                   1.045683    0.001690    0.966459    1.125062    1.042932    1.001    2
      age[0]                   1.037480    0.001514    0.974335    1.119631    1.031652    1.000    2
      age[0]                  1.032567    0.006673    0.884094    1.196099    1.026369    1.008    2
      age[0]                  0.812474    0.014080    0.617679    1.048993    0.794324    1.007    2
      age[0]                  1.022318    0.002920    0.951796    1.124757    1.011301    1.010    2
      age[0]                   0.998033    0.001549    0.929250    1.078887    0.994433    1.003    2
      age[0]                  1.063237    0.004709    0.979084    1.199659    1.046458    1.001    2
      age[0]                  0.908897    0.002611    0.817704    1.017100    0.904650    1.014    2
      age[0]                  0.950403    0.001882    0.871793    1.035733    0.945497    1.001    2
      age[0]                   0.945160    0.001284    0.898850    1.013495    0.937499    1.000    2
      age[0]                  1.075116    0.009513    0.887778    1.265691    1.068645    1.014    2
      age[0]                  0.938926    0.002368    0.851267    1.037003    0.934293    1.000    2
      age[0]                   0.909191    0.001940    0.834460    0.991507    0.902942    1.008    2
      age[0]                  0.862469    0.002790    0.761215    0.963406    0.858598    1.001    2
      age[0]                   0.955009    0.002464    0.860298    1.052130    0.950971    1.000    2
      age[0]                   1.004057    0.001891    0.926223    1.094621    1.000331    1.001    2
      age[0]                   0.995622    0.001897    0.914942    1.075236    0.989607    1.005    2
      age[0]                  1.082053    0.001891    1.002738    1.169007    1.077802    1.013    2
      age[0]                  1.011668    0.001751    0.970761    1.089032    0.999659    1.000    2
      age[0]                   1.030574    0.001224    0.966035    1.099710    1.027591    1.007    2
      age[0]                  1.103406    0.003297    1.001205    1.219184    1.098169    1.000    2
      age[0]                  0.924475    0.003820    0.800582    1.043203    0.924398    1.087    2
      age[0]                  0.928956    0.003049    0.872947    1.053547    0.911853    1.000    2
      age[0]                  1.059039    0.003253    0.967003    1.169801    1.048229    1.006    2
      age[0]                  1.048491    0.001765    0.970823    1.132173    1.044261    1.002    2
      age[0]                   0.897559    0.001123    0.833160    0.962178    0.895073    1.000    2
      age[0]                  1.001695    0.003964    0.884780    1.129804    0.997107    1.000    2
      age[0]                   0.856290    0.002143    0.771197    0.947634    0.853207    1.009    2
      age[0]                   1.035652    0.001860    0.956480    1.119498    1.033001    1.006    2
      age[0]                   0.996232    0.001227    0.938845    1.069316    0.990445    1.000    2
      age[0]                  1.079179    0.003556    0.970640    1.197693    1.072202    1.001    2
      age[0]                   0.998664    0.001467    0.929025    1.075872    0.995195    1.000    2
      age[0]                  1.052263    0.008412    0.915295    1.216106    1.042908    1.052    2
      age[0]                   0.980377    0.000632    0.948149    1.027249    0.975139    1.001    2
      age[0]                   1.064438    0.002413    0.974131    1.161755    1.059789    1.017    2
      age[0]                  1.072826    0.002536    0.982559    1.174418    1.067397    1.001    2
      age[0]                  0.982477    0.004031    0.866235    1.112917    0.976906    1.000    2
      age[0]                  0.921673    0.003895    0.827726    1.038110    0.912464    1.010    2
      age[0]                  1.004200    0.003949    0.888191    1.130301    1.000309    1.000    2
      age[0]                  0.989399    0.001477    0.919891    1.066798    0.985318    1.003    2
      age[0]                   1.049457    0.001574    0.978658    1.128000    1.045282    1.010    2
      age[0]                   0.992131    0.000758    0.941535    1.045678    0.990078    1.000    2
      age[0]                  1.011855    0.004456    0.883688    1.145003    1.006644    1.002    2
      age[0]                  0.963561    0.005180    0.866006    1.102194    0.948639    1.000    2
      age[0]                   1.018304    0.002412    0.927821    1.107974    1.012697    1.022    2
      age[0]                  1.018085    0.002422    0.956539    1.114999    1.006621    1.012    2
      age[0]                   0.994612    0.001760    0.916870    1.076245    0.990418    1.011    2
      age[0]                  1.004729    0.001090    0.945863    1.068952    1.000850    1.001    2
      age[0]                   0.970974    0.001893    0.893733    1.051084    0.966064    1.024    2
      age[0]                   0.969942    0.001650    0.898412    1.043370    0.965813    1.000    2
      age[0]                   1.012490    0.003922    0.899941    1.133517    1.007281    1.005    2
      age[0]                  0.950771    0.010111    0.758986    1.148380    0.945485    1.003    2
      age[0]                  0.977661    0.002419    0.890304    1.072412    0.971023    1.005    2
      age[0]                  0.971629    0.004988    0.837961    1.111808    0.966305    1.021    2
      age[0]                  1.054025    0.003840    0.942365    1.174989    1.045846    1.000    2
      age[0]                   1.060279    0.002001    0.974215    1.146095    1.057699    1.013    2
      age[0]                  0.954631    0.001638    0.882351    1.034815    0.949594    1.001    2
      age[0]                   1.000330    0.003044    0.901693    1.112447    0.994372    1.007    2
      age[0]                  0.981788    0.003234    0.876859    1.094655    0.977648    1.014    2
      age[0]                  0.992331    0.000981    0.935939    1.052334    0.988851    1.002    2
      age[0]                  0.900401    0.014345    0.792186    1.130428    0.864368    1.008    2
      age[0]                   0.999977    0.001738    0.921650    1.081743    0.997370    1.000    2
      age[0]                  0.957991    0.002164    0.875535    1.041810    0.953033    1.002    2
      age[0]                   0.977021    0.000787    0.926151    1.033705    0.974389    1.000    2
      age[0]                  0.993577    0.001940    0.913267    1.083790    0.989253    1.000    2
      age[0]                   0.952083    0.005230    0.811320    1.095062    0.947351    1.003    2
      age[0]                   1.017403    0.002751    0.919852    1.121732    1.014387    1.000    2
      age[0]                   1.002617    0.002231    0.926012    1.088538    0.996080    1.003    2
      age[0]                   0.892769    0.005436    0.745528    1.034645    0.889443    1.039    2
      age[0]                  1.054866    0.008738    0.867195    1.238241    1.050050    1.000    2
      age[0]                   0.982756    0.001407    0.914834    1.060311    0.979707    1.019    2
      age[0]                  0.751130    0.006323    0.594759    0.905221    0.752074    1.087    2
      age[0]                  0.965476    0.003180    0.905132    1.079341    0.948982    1.002    2
      age[0]                  1.004400    0.002803    0.904241    1.108431    0.999706    1.000    2
      age[0]                  0.961369    0.003628    0.849105    1.083134    0.956395    1.010    2
      age[0]                   0.997447    0.001222    0.934833    1.061156    0.993062    1.003    2
      age[0]                   1.015005    0.003219    0.906973    1.121057    1.009508    1.002    2
      age[0]                   1.027556    0.002056    0.944507    1.121948    1.024115    1.006    2
      age[0]                  0.932978    0.002219    0.851579    1.027256    0.926857    1.002    2
      age[0]                   1.093750    0.003017    0.995235    1.202971    1.088906    1.002    2
      age[0]                   1.045218    0.001242    0.982283    1.117433    1.041868    1.002    2
      age[0]                  1.031515    0.000912    0.977269    1.092370    1.030434    1.001    2
      age[0]                  1.010065    0.000921    0.962752    1.066404    1.005264    1.001    2
      age[0]                   0.907233    0.002088    0.817148    0.994235    0.905286    1.002    2
      age[0]                  0.904140    0.002530    0.810856    1.003803    0.898642    1.008    2
