0.4186047
0.3333333
0.3636364
0.2727273
0.3636364
0.3
0.2564103
0.2727273
0.3793103
0.5555556
0.4210526
0.3125
0.2173913
0.375
0.372093
0.1956522
0.4186047
0.2105263
0.4285714
0.4375
0.3913043
0.375
0.3548387
0.3076923
0.375
0.3703704
0.2058824
0.3428571
0.3703704
0.4871795
0.4146341
0.3513514
0.3513514
0.2352941
0.2826087
0.3
0.3703704
0.4090909
0.2105263
0.32
0.3617021
0.4827586
0.3191489
0.4255319
0.2972973
0.2962963
0.4
0.25
0.3939394
0.2444444
0.4347826
0.3333333
0.3157895
0.2666667
0.28125
0.3142857
0.3571429
0.3181818
0.4
0.2702703
0.2777778
0.325
0.16
0.4444444
0.372093
0.45
0.2941176
0.4090909
0.1923077
0.3461538
0.25
0.3703704
0.425
0.3043478
0.2692308
0.5
0.3333333
0.3333333
0.3658537
0.3684211
0.2631579
0.3409091
0.4102564
0.3428571
0.2105263
0.3421053
0.3666667
0.5
0.2692308
0.4166667
0.2093023
0.2571429
0.326087
0.1875
0.375
0.3695652
0.1
0.3214286
0.3421053
0.2903226
