      ilnvar                   0.164783    0.011064    0.008349    0.365787    0.142745    137.52    146.21    1.000
      ilnvar                   0.070000    0.004130    0.000037    0.192850    0.054150     44.65     66.85    1.028
      ilnvar                   0.021912    0.001062    0.000001    0.089447    0.007819     25.04     32.53    1.047
      ilnvar                   0.040500    0.002493    0.000022    0.142814    0.022232     25.92     52.18    1.034
      ilnvar                   0.006914    0.000178    0.000001    0.034776    0.001443     37.48     41.50    1.023
      ilnvar                   0.103677    0.015446    0.000001    0.328210    0.068760     61.39    164.67    1.005
      ilnvar                   0.000672    0.000005    0.000001    0.003103    0.000095     26.01     40.54    1.041
      ilnvar                   0.103493    0.010265    0.000427    0.293331    0.075788    165.84    216.52    1.004
      ilnvar                   0.065021    0.008384    0.000425    0.242811    0.031045     77.59    116.52    1.000
      ilnvar                   0.000208    0.000001    0.000001    0.000881    0.000017     45.29     49.59    1.002
      ilnvar                   0.005793    0.000226    0.000002    0.026786    0.001125     42.36     64.56    1.081
      ilnvar                   0.198171    0.064272    0.000135    0.646800    0.123343    302.76    325.82    1.000
      ilnvar                   0.044307    0.004468    0.000002    0.167848    0.019570     55.51     71.31    1.023
      ilnvar                   0.442619    0.128338    0.001543    1.117874    0.348712    633.24    769.48    1.000
      ilnvar                   0.001710    0.000025    0.000001    0.008353    0.000206     32.76     35.22    1.001
      ilnvar                   0.093420    0.003674    0.000373    0.206213    0.083343     42.20    108.19    1.000
      ilnvar                   0.027953    0.002254    0.000001    0.121612    0.006726     32.80     41.05    1.018
      ilnvar                   0.234364    0.058066    0.000692    0.698175    0.164856    131.09    160.40    1.000
      ilnvar                   0.413954    0.264558    0.000016    1.397137    0.245642    818.66    831.07    1.000
      ilnvar                   0.160565    0.026392    0.000238    0.440062    0.119489    297.86    343.51    1.004
      ilnvar                   0.032038    0.001692    0.000035    0.113972    0.016773     47.78     60.42    1.054
      ilnvar                   0.020156    0.001361    0.000001    0.085973    0.006233     75.77    116.60    1.037
      ilnvar                   0.097293    0.011275    0.000008    0.303134    0.065603     63.68     78.50    1.013
      ilnvar                   0.064124    0.007750    0.000013    0.230066    0.031819     76.12     91.73    1.008
      ilnvar                   0.128514    0.012870    0.000158    0.329540    0.109029     43.20     68.95    1.006
      ilnvar                   0.228270    0.041178    0.002816    0.615385    0.171461    128.81    151.05    1.002
      ilnvar                   0.064615    0.009784    0.000002    0.229915    0.031396     44.27     46.25    1.001
      ilnvar                   0.108055    0.010043    0.000631    0.298763    0.082554     86.61     91.25    1.005
      ilnvar                   0.031031    0.002581    0.000004    0.124966    0.011638     77.16     83.49    1.000
      ilnvar                   0.080061    0.006018    0.000522    0.220526    0.058822     80.57     90.92    1.000
      ilnvar                   0.020923    0.001697    0.000001    0.106172    0.002056     26.11     30.24    1.046
      ilnvar                   0.060740    0.006313    0.000020    0.214576    0.031796     36.57     43.57    1.012
      ilnvar                   0.008915    0.000476    0.000001    0.045111    0.000959     41.64     42.68    1.014
      ilnvar                   0.174441    0.034259    0.000233    0.507180    0.123243    352.22    357.04    1.001
      ilnvar                   0.008085    0.000277    0.000002    0.040316    0.001053     20.42     30.12    1.019
      ilnvar                   0.054626    0.006266    0.000008    0.200075    0.025318     99.19    105.81    1.002
      ilnvar                   0.059496    0.004964    0.000427    0.192356    0.037135    110.97    154.18    1.003
      ilnvar                   0.019402    0.001170    0.000001    0.079094    0.005799     62.37     79.86    1.000
      ilnvar                   0.177813    0.045457    0.000006    0.581950    0.116801     61.66     87.15    1.044
      ilnvar                   0.256585    0.041614    0.001813    0.632982    0.210805    213.27    275.64    1.001
      ilnvar                   0.011305    0.000953    0.000001    0.070631    0.000183     26.12     31.58    1.084
      ilnvar                   0.015917    0.000855    0.000001    0.072062    0.003815     52.00     69.45    1.013
      ilnvar                   0.109236    0.007344    0.001176    0.275309    0.092375     60.15     68.28    1.003
      ilnvar                   0.103223    0.005826    0.001679    0.244018    0.088098     59.28     69.97    1.003
      ilnvar                   0.075103    0.004801    0.000286    0.208781    0.057305     58.43     65.62    1.000
      ilnvar                   0.135158    0.013452    0.000071    0.346313    0.109943     94.98    164.04    1.015
      ilnvar                   0.070918    0.004324    0.000234    0.199363    0.054345     53.23     86.31    1.016
      ilnvar                   0.008481    0.000659    0.000001    0.041035    0.000932     78.87     80.49    1.007
      ilnvar                   0.049689    0.004005    0.000005    0.177027    0.025207     34.52     45.23    1.002
      ilnvar                   0.029298    0.001500    0.000062    0.109965    0.013219     37.24     39.28    1.000
      ilnvar                   0.189876    0.052762    0.000005    0.619623    0.117466     60.12    118.87    1.004
      ilnvar                   0.484012    0.114648    0.001570    1.109963    0.416935    363.04    373.55    1.003
      ilnvar                   0.205173    0.050894    0.000400    0.629074    0.136818    151.42    180.46    1.000
      ilnvar                   0.067794    0.004158    0.000099    0.191032    0.051386     96.42    116.78    1.000
      ilnvar                   0.018057    0.000676    0.000029    0.068010    0.007814     49.24     61.25    1.012
      ilnvar                   0.007325    0.000326    0.000001    0.036173    0.001095     23.61     37.86    1.007
      ilnvar                   0.019720    0.000923    0.000006    0.080133    0.007669     35.02     38.92    1.001
      ilnvar                   0.118395    0.012655    0.000887    0.330690    0.089525    193.15    204.37    1.002
      ilnvar                   0.115716    0.030632    0.000013    0.423367    0.056525     94.92    106.24    1.001
      ilnvar                   0.035421    0.001638    0.000032    0.117029    0.022206     57.22     77.69    1.000
      ilnvar                   0.146909    0.027169    0.000947    0.423017    0.103206    350.67    368.84    1.000
      ilnvar                   0.006599    0.000341    0.000001    0.040649    0.000191     31.32     34.40    1.011
      ilnvar                   0.016434    0.002243    0.000001    0.107152    0.000188     24.86     31.15    1.002
      ilnvar                   0.004896    0.000270    0.000001    0.029049    0.000120     34.03     36.32    1.107
      ilnvar                   0.184119    0.016373    0.002808    0.425462    0.161097     79.12    102.05    1.000
      ilnvar                   0.043243    0.001921    0.000236    0.129713    0.029582     84.64     88.09    1.001
      ilnvar                   0.590341    0.186969    0.015640    1.425545    0.483694    330.62    381.99    1.000
      ilnvar                   0.053885    0.008730    0.000002    0.225215    0.017644     78.68    116.75    1.000
      ilnvar                   0.028838    0.002325    0.000029    0.122774    0.009946     58.36     82.26    1.004
      ilnvar                   0.126742    0.015232    0.000115    0.321907    0.103156    122.46    148.31    1.000
      ilnvar                   0.078519    0.005331    0.000208    0.217141    0.059783     54.27     58.24    1.006
      ilnvar                   0.064699    0.004875    0.000008    0.201484    0.043127     52.74    111.03    1.030
      ilnvar                   0.046079    0.004791    0.000001    0.190890    0.013456     26.18     48.09    1.074
      ilnvar                   0.036938    0.002483    0.000037    0.125480    0.020539    110.93    165.99    1.001
      ilnvar                   0.065971    0.004725    0.000121    0.193495    0.045375    111.75    138.19    1.013
      ilnvar                   0.394903    0.186494    0.000066    1.204824    0.264460   1291.88   1457.28    1.001
      ilnvar                   0.005416    0.000329    0.000001    0.027468    0.000274     29.83     30.92    1.075
      ilnvar                   0.200606    0.039401    0.000196    0.561890    0.147604    410.85    461.41    1.000
      ilnvar                   0.004019    0.000072    0.000001    0.021101    0.000401     38.04     40.17    1.227
      ilnvar                   0.044828    0.004424    0.000008    0.170573    0.020768    109.49    149.59    1.002
      ilnvar                   0.018186    0.001903    0.000001    0.089578    0.001136     25.76     37.78    1.003
      ilnvar                   0.053798    0.006802    0.000001    0.226231    0.001258     31.94     34.94    1.447
      ilnvar                   0.179010    0.012559    0.000746    0.388906    0.157474    119.81    169.18    1.000
      ilnvar                   0.007702    0.000761    0.000001    0.046381    0.000115     27.69     37.14    1.041
      ilnvar                   0.090497    0.016212    0.000062    0.303843    0.052483    146.05    177.08    1.000
      ilnvar                   0.034149    0.004701    0.000002    0.176750    0.006078     58.94     63.41    1.042
      ilnvar                   0.043274    0.003434    0.000001    0.160931    0.019500     37.16     57.32    1.043
      ilnvar                   0.053359    0.010794    0.000090    0.212842    0.019458    188.00    195.55    1.001
      ilnvar                   0.062858    0.005561    0.000035    0.203876    0.039705     72.92     85.95    1.001
      ilnvar                   0.065804    0.008025    0.000139    0.231050    0.035468    118.61    132.45    1.001
      ilnvar                   0.019734    0.001435    0.000009    0.092273    0.002737     29.79     34.48    1.052
      ilnvar                   0.013211    0.000985    0.000001    0.084360    0.000145     25.47     40.19    1.243
      ilnvar                   0.116900    0.006122    0.006724    0.266312    0.099803     93.69    134.76    1.003
      ilnvar                   0.045781    0.004989    0.000045    0.163935    0.022373    165.22    266.93    1.001
      ilnvar                   0.070150    0.007172    0.000134    0.234854    0.041529     40.03     52.69    1.000
      ilnvar                   0.037412    0.002376    0.000001    0.135087    0.017657     24.18     43.89    1.052
      ilnvar                   0.022828    0.001286    0.000006    0.094186    0.008793     60.68     64.47    1.004
      ilnvar                   0.164088    0.047141    0.000282    0.582686    0.091227     56.61     73.66    1.005
      ilnvar                   0.025214    0.001700    0.000001    0.111778    0.003583     26.13     26.52    1.060
      ilnvar                   0.101122    0.010282    0.000031    0.290993    0.079214     52.81     56.11    1.006
