      alpha_symdir{1}               4.095683    1.622658    2.023411    6.650552    3.880394   4212.35   4296.47    1.000
      alpha_symdir{1}               4.895476    2.203832    2.380234    7.894140    4.661410   4587.23   4677.53    1.000
      alpha_symdir{1}               4.960359    2.101215    2.595104    7.918995    4.730934   4751.23   5011.56    1.000
      alpha_symdir{1}               5.190864    2.228527    2.745182    8.239767    4.957951   4903.58   4942.06    1.000
      alpha_symdir{1}               6.077188    2.906094    3.131975    9.460329    5.832688   5495.81   5557.49    1.000
      alpha_symdir{1}               4.971564    2.522574    2.370808    8.217338    4.722801   3950.65   4265.49    1.000
      alpha_symdir{1}               4.217245    1.584924    2.111392    6.769508    4.008284   5098.20   5239.18    1.000
      alpha_symdir{1}               2.391073    0.708641    1.134282    4.085878    2.213241   3997.74   4009.48    1.001
      alpha_symdir{1}               3.039926    1.354133    1.134672    5.353695    2.827786    957.24   1968.48    1.003
      alpha_symdir{1}               5.626627    2.490315    2.960387    8.760993    5.408316   5358.56   5434.98    1.000
      alpha_symdir{1}               5.187134    2.298648    2.680175    8.265959    4.946294   5228.73   5249.52    1.000
      alpha_symdir{1}               3.519630    1.913132    1.386237    6.337287    3.255633   3990.91   4008.16    1.000
      alpha_symdir{1}               2.834993    1.106128    1.262282    4.946006    2.615298   3010.98   3024.67    1.000
      alpha_symdir{1}               2.991086    1.310181    1.226739    5.234722    2.760156   2589.59   3107.83    1.000
      alpha_symdir{1}               5.504209    2.582942    2.759885    8.749623    5.262559   4891.93   5165.64    1.000
      alpha_symdir{1}               5.461803    2.433581    2.852905    8.654045    5.214674   4621.88   5010.98    1.000
      alpha_symdir{1}               4.532132    1.662308    2.341993    7.046043    4.328056   5542.47   5558.79    1.000
      alpha_symdir{1}               3.516147    1.632514    1.524768    6.085148    3.272418   4129.06   4139.57    1.000
      alpha_symdir{1}               2.794611    1.490126    0.930776    5.289426    2.551059   3062.56   3176.65    1.000
      alpha_symdir{1}               3.272744    1.574476    1.247355    5.771496    3.033170   3481.87   3673.09    1.001
      alpha_symdir{1}               5.594826    2.572183    2.858017    8.788173    5.343724   4825.18   4880.13    1.000
      alpha_symdir{1}               4.198041    1.926298    1.954182    7.001825    3.960558   4386.58   4676.73    1.000
      alpha_symdir{1}               3.793180    1.303650    1.967155    6.091605    3.592113   4851.41   4903.77    1.001
      alpha_symdir{1}               5.220794    2.699567    2.449767    8.474075    4.954546   4881.68   4918.18    1.000
      alpha_symdir{1}               4.171833    1.774037    1.994031    6.855618    3.949599   4529.37   4570.43    1.000
      alpha_symdir{1}               3.636835    1.458764    1.686230    6.070704    3.419655   3971.73   4220.45    1.000
      alpha_symdir{1}               3.992043    1.511231    1.956459    6.417493    3.783628   4797.06   4883.37    1.000
      alpha_symdir{1}               5.894637    3.062710    2.895184    9.336858    5.644350   4919.88   5094.95    1.001
      alpha_symdir{1}               3.381144    1.220075    1.642113    5.604932    3.170009   4233.30   4327.84    1.001
      alpha_symdir{1}               3.977903    1.651557    1.910926    6.607309    3.748569   4584.85   4904.57    1.001
      alpha_symdir{1}               4.277639    1.954298    1.982006    7.111754    4.042561   3751.96   4009.48    1.001
      alpha_symdir{1}               4.869921    2.051410    2.501408    7.787409    4.637006   4862.86   5095.36    1.000
      alpha_symdir{1}               5.428027    2.791411    2.555940    8.720660    5.166700   4923.58   4996.29    1.000
      alpha_symdir{1}               3.185544    1.508495    1.260600    5.615783    2.933085   3732.81   3855.41    1.000
      alpha_symdir{1}               4.012935    1.283494    2.199355    6.322887    3.818316   4680.37   5051.10    1.000
      alpha_symdir{1}               3.513696    1.636744    1.506794    6.081903    3.268646   4342.75   4347.95    1.000
      alpha_symdir{1}               3.310332    1.316932    1.515222    5.654571    3.089398   4074.43   4148.21    1.000
      alpha_symdir{1}               2.549489    1.406247    0.669867    4.978553    2.308900   1760.67   1795.31    1.005
      alpha_symdir{1}               3.891696    1.787064    1.774528    6.526535    3.649881   4581.40   4643.12    1.000
      alpha_symdir{1}               3.715878    1.628586    1.643736    6.207815    3.470627   4310.00   4381.38    1.000
      alpha_symdir{1}               5.861780    2.705386    3.107591    9.196832    5.626993   5649.51   5817.55    1.000
      alpha_symdir{1}               5.335014    2.790021    2.568609    8.709048    5.084205   4678.85   4881.23    1.000
      alpha_symdir{1}               5.017053    2.146747    2.590994    8.010650    4.781813   4949.08   5343.03    1.000
      alpha_symdir{1}               4.352633    1.798221    2.086003    6.919607    4.130335   4510.78   4596.59    1.000
      alpha_symdir{1}               6.132551    3.001866    3.163228    9.587732    5.886991   5412.99   5465.76    1.000
      alpha_symdir{1}               3.351825    1.400973    1.491261    5.780668    3.127668   4277.33   4326.64    1.000
      alpha_symdir{1}               3.233522    1.044436    1.631361    5.339159    3.039068   4433.15   4487.44    1.000
      alpha_symdir{1}               4.372763    2.425952    1.829294    7.502375    4.122670   4048.96   4235.98    1.000
      alpha_symdir{1}               3.226034    1.135270    1.545494    5.278009    3.019194   3944.12   4055.75    1.000
      alpha_symdir{1}               6.433790    3.184673    3.377025   10.009070    6.187113   5694.62   5759.55    1.000
      alpha_symdir{1}               4.229706    2.116949    1.839702    7.114965    3.980786   4276.55   4291.69    1.000
      alpha_symdir{1}               3.515273    1.559649    1.533969    6.029178    3.287507   2953.94   3705.32    1.000
      alpha_symdir{1}               4.055007    2.009600    1.764082    6.947946    3.808917   4261.58   4487.46    1.000
      alpha_symdir{1}               4.306221    2.006709    1.940645    7.117124    4.081713   4439.12   4487.11    1.000
      alpha_symdir{1}               3.683739    1.510067    1.750617    6.160940    3.465858   3810.99   4233.55    1.000
      alpha_symdir{1}               4.527702    2.054979    2.202707    7.424459    4.278532   4554.49   4865.00    1.000
      alpha_symdir{1}               5.914206    2.864585    3.059445    9.355645    5.668133   5007.03   5020.98    1.000
      alpha_symdir{1}               4.070381    1.799810    1.885303    6.748329    3.821619   4789.82   4995.25    1.000
      alpha_symdir{1}               3.302959    1.342868    1.479042    5.647700    3.102335   3960.73   4271.35    1.000
      alpha_symdir{1}               4.502153    2.032226    2.208721    7.427707    4.265520   4841.68   4998.37    1.000
      alpha_symdir{1}               2.157658    0.853832    0.794586    4.012632    1.954741   2458.91   2892.44    1.000
      alpha_symdir{1}               3.853890    1.436751    1.885654    6.122919    3.645047   4929.14   4938.07    1.000
      alpha_symdir{1}               2.502682    0.928168    1.063135    4.412216    2.291023   2839.20   3108.86    1.000
      alpha_symdir{1}               5.463925    2.360790    2.916669    8.583094    5.232410   4945.74   5071.38    1.000
      alpha_symdir{1}               5.055244    2.230934    2.570765    8.083966    4.814128   4985.12   5046.61    1.000
      alpha_symdir{1}               4.322637    1.644971    2.177278    6.859912    4.105038   4947.44   5142.98    1.001
      alpha_symdir{1}               4.105839    2.031843    1.763714    6.978642    3.858383   4465.80   4507.27    1.000
      alpha_symdir{1}               3.288456    1.337707    1.536877    5.641305    3.059738   4090.76   4163.47    1.001
      alpha_symdir{1}               4.945968    2.399822    2.373524    8.039612    4.691968   4462.73   4912.14    1.000
      alpha_symdir{1}               5.248787    2.629864    2.475178    8.452668    4.991766   4275.98   4639.12    1.000
      alpha_symdir{1}               4.442917    1.754147    2.230942    7.109703    4.211932   5139.71   5173.36    1.000
      alpha_symdir{1}               4.304520    2.107062    1.864879    7.181482    4.055707   4703.58   4919.77    1.000
      alpha_symdir{1}               4.383099    1.823693    2.176330    7.093322    4.157045   4172.27   4520.72    1.000
      alpha_symdir{1}               4.560852    2.150135    2.207038    7.545039    4.311695   4052.97   4483.33    1.000
      alpha_symdir{1}               5.068452    2.689685    2.347749    8.409681    4.813446   4321.94   4669.52    1.000
      alpha_symdir{1}               3.546933    1.830407    1.390273    6.263082    3.298613   3969.15   4083.09    1.000
      alpha_symdir{1}               5.362587    2.651763    2.627437    8.643186    5.109056   4751.07   5111.14    1.000
      alpha_symdir{1}               4.830095    2.583651    2.086229    7.942154    4.578695   4568.29   4701.75    1.000
      alpha_symdir{1}               3.669345    1.300371    1.831241    5.985934    3.477740   4670.62   4741.58    1.000
      alpha_symdir{1}               3.745861    1.981467    1.458736    6.534174    3.488429   3956.87   4062.67    1.000
      alpha_symdir{1}               5.901023    2.928577    2.965063    9.359949    5.670347   5540.24   5612.05    1.000
      alpha_symdir{1}               6.292736    3.088918    3.221056    9.799477    6.049052   5370.05   5748.77    1.000
      alpha_symdir{1}               4.038184    1.454256    2.056407    6.463460    3.830494   4791.33   4814.34    1.001
      alpha_symdir{1}               5.660738    2.717287    2.856923    8.953681    5.414241   4614.92   4999.66    1.000
      alpha_symdir{1}               5.152571    2.607565    2.426290    8.380162    4.908906   4543.78   4999.37    1.000
      alpha_symdir{1}               6.372558    3.089091    3.345516    9.927220    6.132099   5894.56   5896.21    1.000
      alpha_symdir{1}               3.882630    1.870980    1.611730    6.563914    3.652682   3956.15   3992.79    1.000
      alpha_symdir{1}               3.772101    1.668729    1.701199    6.296378    3.533170   4235.65   4323.97    1.000
      alpha_symdir{1}               3.368222    1.399229    1.494801    5.753353    3.142936   4069.65   4367.73    1.000
      alpha_symdir{1}               4.290165    2.125204    1.844443    7.215041    4.044907   4008.54   4351.42    1.000
      alpha_symdir{1}               4.453587    1.663875    2.271279    7.014347    4.250423   4928.50   5269.69    1.001
      alpha_symdir{1}               5.213441    2.491277    2.468080    8.293527    4.980673   5061.12   5094.70    1.000
      alpha_symdir{1}               5.852775    2.604950    3.125347    9.122854    5.615341   5072.30   5426.43    1.000
      alpha_symdir{1}               3.724882    1.816336    1.522382    6.343647    3.475490   4024.33   4051.45    1.000
      alpha_symdir{1}               5.870636    2.860497    2.959250    9.196318    5.611897   4323.77   4804.91    1.000
      alpha_symdir{1}               5.494580    2.451697    2.873867    8.662737    5.260038   5184.30   5399.50    1.000
      alpha_symdir{1}               3.536701    1.643756    1.455433    6.065605    3.298696   3969.03   3992.34    1.000
      alpha_symdir{1}               4.364866    2.145262    1.964202    7.266885    4.125518   4112.77   4453.74    1.000
      alpha_symdir{1}               5.433871    2.472079    2.753229    8.515588    5.186595   4989.96   5321.56    1.000
      alpha_symdir{1}               4.580474    2.229133    2.142525    7.590216    4.339790   4336.23   4454.50    1.000
