      clockrate{all}                0.850612    0.003518    0.732674    0.964720    0.847215    310.33    332.13    1.005
      clockrate{all}                0.926035    0.009040    0.744577    1.110785    0.918880     73.82    203.00    1.009
      clockrate{all}                0.859461    0.002296    0.767817    0.955559    0.857902    256.01    502.54    1.000
      clockrate{all}                0.794034    0.002465    0.697114    0.891665    0.792178    118.31    125.53    1.018
      clockrate{all}                0.794275    0.002114    0.703217    0.882805    0.793046    319.87    425.60    1.000
      clockrate{all}                0.826936    0.005072    0.692182    0.970596    0.823644    499.66    627.71    1.000
      clockrate{all}                0.826364    0.002260    0.733461    0.919060    0.825367    750.94    996.30    1.001
      clockrate{all}                1.150470    0.016233    0.901819    1.398007    1.142458    262.63    350.43    1.011
      clockrate{all}                0.938207    0.008599    0.769930    1.128743    0.928450    134.82    224.76    1.032
      clockrate{all}                0.882172    0.002959    0.776777    0.990064    0.880401    302.73    370.78    1.002
      clockrate{all}                0.800569    0.002388    0.705570    0.896599    0.798770    128.23    213.91    1.011
      clockrate{all}                0.754082    0.025613    0.478343    1.075651    0.732544    400.62    426.74    1.004
      clockrate{all}                0.898977    0.018987    0.656433    1.177500    0.882567    105.15    109.32    1.002
      clockrate{all}                1.087604    0.058763    0.718818    1.580136    1.035001     77.00     82.44    1.001
      clockrate{all}                0.811248    0.002801    0.709771    0.913634    0.807544     56.32    502.53    1.013
      clockrate{all}                0.825606    0.003190    0.719782    0.939221    0.822134     58.67     86.67    1.029
      clockrate{all}                0.768028    0.002507    0.670778    0.865594    0.765223    189.51    295.93    1.001
      clockrate{all}                0.818488    0.013740    0.611172    1.052286    0.803709    251.79    319.18    1.000
      clockrate{all}                1.143101    0.152466    0.529477    1.917288    1.066200    471.92    475.61    1.003
      clockrate{all}                0.967313    0.019580    0.722065    1.249208    0.947356    415.53    518.27    1.005
      clockrate{all}                0.929126    0.005274    0.794714    1.077300    0.922220    113.16    114.35    1.007
      clockrate{all}                0.786450    0.005195    0.656894    0.933026    0.780127     96.38    137.74    1.005
      clockrate{all}                0.997618    0.008569    0.822760    1.179016    0.989359     40.57     65.73    1.037
      clockrate{all}                0.819850    0.006829    0.669506    0.983540    0.812162    153.45    173.20    1.002
      clockrate{all}                0.888167    0.002857    0.783386    0.992235    0.887148    921.68   1014.66    1.000
      clockrate{all}                0.966650    0.008960    0.792483    1.159723    0.958659     80.86    164.58    1.002
      clockrate{all}                0.839953    0.007961    0.675952    1.016581    0.833301     61.92    165.60    1.002
      clockrate{all}                0.777167    0.007626    0.620229    0.953615    0.765388     27.44     82.84    1.067
      clockrate{all}                0.904185    0.011798    0.713502    1.130132    0.890460    100.18    139.20    1.012
      clockrate{all}                0.778055    0.003037    0.669061    0.884201    0.775686    264.93    488.60    1.035
      clockrate{all}                0.862364    0.007392    0.703767    1.028608    0.853328     54.87     88.30    1.071
      clockrate{all}                0.869544    0.004195    0.747136    0.996584    0.866126    135.49    205.08    1.012
      clockrate{all}                0.729359    0.002597    0.633926    0.831541    0.725616     62.74    196.20    1.046
      clockrate{all}                0.757523    0.010137    0.568488    0.953275    0.748309    507.68    695.32    1.002
      clockrate{all}                0.874783    0.002779    0.773347    0.978758    0.872075     63.14    374.22    1.070
      clockrate{all}                0.811003    0.014923    0.604681    1.065080    0.790065    109.36    150.37    1.012
      clockrate{all}                0.957978    0.008228    0.788498    1.138968    0.949947    147.26    250.20    1.021
      clockrate{all}                0.878371    0.013166    0.682961    1.118409    0.862149     76.22     94.37    1.025
      clockrate{all}                0.826614    0.009427    0.655844    1.019865    0.815608     62.10    162.18    1.004
      clockrate{all}                0.739584    0.004413    0.614402    0.870973    0.734885    155.36    159.82    1.004
      clockrate{all}                0.774939    0.002145    0.686226    0.866700    0.773212     84.27     93.68    1.001
      clockrate{all}                0.852692    0.005885    0.707734    1.000672    0.845929    307.73    330.01    1.000
      clockrate{all}                0.719717    0.002603    0.621949    0.822114    0.718221    150.13    166.60    1.008
      clockrate{all}                0.820882    0.003116    0.714900    0.933642    0.817230     60.85    118.85    1.011
      clockrate{all}                0.748430    0.002816    0.645943    0.853351    0.746169    309.37    476.56    1.000
      clockrate{all}                0.764381    0.006360    0.619062    0.925139    0.755981     42.05     83.00    1.037
      clockrate{all}                0.927977    0.005726    0.785493    1.081725    0.922104     61.72     66.15    1.023
      clockrate{all}                0.804836    0.009718    0.622428    1.001308    0.794714     86.00     89.65    1.000
      clockrate{all}                0.769256    0.002717    0.666678    0.870296    0.767171    956.88   1073.19    1.000
      clockrate{all}                0.788786    0.002500    0.693988    0.888688    0.785868    128.23    161.23    1.000
      clockrate{all}                0.800069    0.009327    0.628022    0.995882    0.788221    179.30    226.79    1.024
      clockrate{all}                0.943168    0.020492    0.685109    1.227350    0.927469    152.45    210.05    1.009
      clockrate{all}                0.920023    0.020118    0.674158    1.198435    0.899634    150.62    175.01    1.001
      clockrate{all}                0.880316    0.008025    0.723202    1.051359    0.871183     77.19     77.49    1.002
      clockrate{all}                0.863762    0.004872    0.735163    1.006374    0.859389    144.68    239.45    1.003
      clockrate{all}                0.894322    0.004253    0.772987    1.025187    0.890950    858.41    944.81    1.000
      clockrate{all}                0.715817    0.002157    0.629089    0.809206    0.712829     65.45    140.23    1.023
      clockrate{all}                0.765492    0.005705    0.630744    0.908821    0.758815    102.97    222.15    1.003
      clockrate{all}                0.831098    0.009727    0.656068    1.026518    0.821913    134.19    248.36    1.000
      clockrate{all}                0.794717    0.003022    0.687277    0.902933    0.793160    168.71    475.90    1.010
      clockrate{all}                0.835419    0.016059    0.603780    1.083854    0.822577    185.61    210.52    1.001
      clockrate{all}                0.754954    0.002001    0.668147    0.844334    0.753600    299.06    785.32    1.002
      clockrate{all}                0.867464    0.006527    0.716990    1.019064    0.859955     52.81    137.49    1.006
      clockrate{all}                0.766040    0.003103    0.664382    0.879334    0.760412     16.01     21.03    1.008
      clockrate{all}                0.811350    0.004020    0.690207    0.933855    0.807138    271.21    296.07    1.002
      clockrate{all}                0.854456    0.004178    0.733629    0.985452    0.849293    116.52    120.50    1.016
      clockrate{all}                0.899619    0.027409    0.626457    1.222192    0.872671     25.97     71.30    1.008
      clockrate{all}                0.970241    0.017190    0.744903    1.223060    0.952235     54.17    178.24    1.005
      clockrate{all}                0.826998    0.007456    0.669629    1.000722    0.817062     47.51     94.90    1.030
      clockrate{all}                0.913656    0.008892    0.734925    1.094334    0.904143     84.60    238.61    1.003
      clockrate{all}                0.841337    0.002544    0.744528    0.940363    0.839754    436.83    564.88    1.001
      clockrate{all}                0.898624    0.007255    0.737468    1.064541    0.890541    140.67    149.52    1.001
      clockrate{all}                0.822651    0.005006    0.686345    0.961677    0.817017     92.94    167.14    1.000
      clockrate{all}                0.779149    0.005006    0.650150    0.925645    0.775522    126.63    146.46    1.003
      clockrate{all}                0.817049    0.008485    0.653286    1.005786    0.806789    365.21    388.89    1.000
      clockrate{all}                1.520771    0.162021    0.896172    2.354566    1.437611    483.63    518.39    1.002
      clockrate{all}                0.688646    0.002467    0.595311    0.787676    0.686639    159.27    198.70    1.000
      clockrate{all}                0.799727    0.006598    0.650073    0.963715    0.794203    321.52    592.30    1.000
      clockrate{all}                0.908987    0.006829    0.760200    1.077831    0.899932     83.88    148.94    1.000
      clockrate{all}                0.871291    0.011245    0.682856    1.091252    0.859495    145.67    223.46    1.001
      clockrate{all}                0.799471    0.003211    0.691899    0.912972    0.796900    145.59    221.17    1.000
      clockrate{all}                0.803138    0.001670    0.722721    0.883604    0.802816    171.31    191.29    1.008
      clockrate{all}                0.878704    0.004571    0.745625    1.010075    0.875437     88.07     91.81    1.023
      clockrate{all}                0.845133    0.005081    0.709042    0.985477    0.840012    159.96    228.82    1.003
      clockrate{all}                0.903153    0.008912    0.735252    1.093653    0.891805     51.18     52.02    1.001
      clockrate{all}                0.881056    0.004013    0.763425    1.007965    0.875776    139.56    204.38    1.053
      clockrate{all}                0.920052    0.009263    0.734966    1.110089    0.912903    172.82    181.87    1.001
      clockrate{all}                1.065737    0.038624    0.715162    1.440408    1.040857     38.35    123.10    1.004
      clockrate{all}                0.796435    0.005554    0.657428    0.945815    0.791229    376.82    480.97    1.014
      clockrate{all}                0.786310    0.006001    0.644029    0.939937    0.778924    132.85    159.22    1.001
      clockrate{all}                0.818579    0.003183    0.715066    0.934481    0.815022    140.43    553.57    1.060
      clockrate{all}                0.850460    0.004425    0.730541    0.987961    0.844785    141.59    191.79    1.008
      clockrate{all}                0.842804    0.005004    0.710294    0.985216    0.836996     59.15     67.74    1.018
      clockrate{all}                0.741490    0.013787    0.538414    0.976997    0.724302     62.54    107.68    1.016
      clockrate{all}                0.841117    0.004006    0.720643    0.966508    0.836507    149.42    243.14    1.093
      clockrate{all}                0.850140    0.003271    0.740069    0.963648    0.846795     95.01    108.97    1.007
      clockrate{all}                0.802785    0.007213    0.651510    0.976479    0.793530     86.76    189.71    1.001
      clockrate{all}                0.834303    0.006675    0.686302    0.996997    0.828172    202.24    230.30    1.004
      clockrate{all}                0.762105    0.002730    0.659433    0.863703    0.760182     74.29    133.13    1.009
      clockrate{all}                0.993717    0.012674    0.784604    1.214883    0.982356    101.93    108.02    1.003
