      ilnvar                   0.000065    0.000000    0.000001    0.000347    0.000007     40.13     40.29    1.043
      ilnvar                   0.000456    0.000007    0.000001    0.001438    0.000034     38.23     53.58    1.006
      ilnvar                   0.000023    0.000000    0.000001    0.000105    0.000005     58.11     61.89    1.000
      ilnvar                   0.120698    0.085085    0.000001    0.742055    0.000210     28.82     30.15    1.144
      ilnvar                   0.000010    0.000000    0.000001    0.000035    0.000003     42.08     61.11    1.015
      ilnvar                   0.650352    0.478417    0.000001    1.977819    0.510897     32.67     33.64    1.000
      ilnvar                   0.000037    0.000000    0.000001    0.000181    0.000005     37.96     43.20    1.021
      ilnvar                   0.432585    0.370785    0.000001    1.661353    0.159672     31.01     32.38    1.012
      ilnvar                   0.000055    0.000000    0.000001    0.000253    0.000005     69.22     80.92    1.008
      ilnvar                   0.000021    0.000000    0.000001    0.000091    0.000003     46.12     49.51    1.001
      ilnvar                   0.000021    0.000000    0.000001    0.000093    0.000004     67.11     68.77    1.000
      ilnvar                   0.522596    0.466440    0.000018    1.877096    0.284068    134.14    171.23    1.000
      ilnvar                   0.210064    0.136964    0.000005    0.928252    0.044866     51.88     66.14    1.003
      ilnvar                   0.165228    0.072221    0.000001    0.678353    0.049157     81.63     88.12    1.001
      ilnvar                   0.123833    0.071839    0.000001    0.709251    0.000061     25.32     33.07    1.344
      ilnvar                   0.000021    0.000000    0.000001    0.000087    0.000004     29.58     37.17    1.000
      ilnvar                   0.000105    0.000000    0.000001    0.000276    0.000005     46.65     49.51    1.025
      ilnvar                   0.129067    0.056569    0.000001    0.558853    0.025855     80.33    100.32    1.003
      ilnvar                   0.311718    0.180351    0.000003    1.112902    0.168921    543.17    732.43    1.000
      ilnvar                   0.591666    0.475453    0.000009    1.940069    0.379476    142.35    188.47    1.000
      ilnvar                   0.000024    0.000000    0.000001    0.000107    0.000004     27.16     37.44    1.003
      ilnvar                   0.016231    0.010268    0.000001    0.058401    0.000142     41.33     70.83    1.033
      ilnvar                   1.008237    1.076697    0.000001    2.979694    0.778924     20.79     50.35    1.049
      ilnvar                   0.001513    0.000168    0.000001    0.003038    0.000019     36.91     63.22    1.003
      ilnvar                   0.000675    0.000013    0.000001    0.002433    0.000005     28.02     44.45    1.025
      ilnvar                   0.885194    0.441319    0.000870    2.149597    0.743477    117.26    187.33    1.001
      ilnvar                   0.004818    0.002192    0.000001    0.000825    0.000010     50.21     62.57    1.008
      ilnvar                   0.401210    0.326317    0.000001    1.516992    0.011213     32.58    104.56    1.980
      ilnvar                   0.000221    0.000000    0.000001    0.001000    0.000022     59.22     85.63    1.010
      ilnvar                   0.000104    0.000000    0.000001    0.000590    0.000008     21.39     31.84    1.003
      ilnvar                   0.000151    0.000000    0.000001    0.000752    0.000006     32.53     37.39    1.023
      ilnvar                   0.000149    0.000000    0.000001    0.000856    0.000009     31.88     38.02    1.005
      ilnvar                   0.000049    0.000000    0.000001    0.000287    0.000005     36.40     49.39    1.000
      ilnvar                   0.085452    0.033859    0.000001    0.430456    0.009062     56.22     85.97    1.014
      ilnvar                   0.000011    0.000000    0.000001    0.000043    0.000003     31.63     35.65    1.018
      ilnvar                   0.097726    0.078415    0.000001    0.586407    0.001204     40.91     47.26    1.002
      ilnvar                   0.000483    0.000005    0.000001    0.001939    0.000018     47.58     48.36    1.001
      ilnvar                   0.190246    0.144881    0.000001    0.968945    0.001654     20.82     29.96    1.098
      ilnvar                   0.038722    0.022312    0.000001    0.188736    0.000911     82.16     82.65    1.011
      ilnvar                   0.039925    0.031577    0.000001    0.259490    0.000063     29.02     37.44    1.005
      ilnvar                   0.000047    0.000000    0.000001    0.000207    0.000005     26.95     46.60    1.086
      ilnvar                   0.324798    0.135849    0.000001    1.029074    0.237706     30.98    202.72    1.235
      ilnvar                   0.000046    0.000000    0.000001    0.000093    0.000004     30.62     35.56    1.012
      ilnvar                   0.000017    0.000000    0.000001    0.000071    0.000003     39.04     44.19    1.020
      ilnvar                   0.000609    0.000009    0.000001    0.002236    0.000017     34.38     36.42    1.019
      ilnvar                   0.010069    0.001644    0.000001    0.047946    0.000188     44.85     52.00    1.000
      ilnvar                   0.009086    0.000827    0.000001    0.051473    0.000287     34.52     36.64    1.139
      ilnvar                   0.036305    0.016456    0.000001    0.200062    0.001442     30.33     61.14    1.019
      ilnvar                   0.011652    0.003642    0.000001    0.032216    0.000020     22.81     38.25    1.025
      ilnvar                   0.000108    0.000000    0.000001    0.000434    0.000009     32.20     46.50    1.007
      ilnvar                   0.134711    0.173234    0.000001    0.798113    0.000470     22.25     25.42    1.077
      ilnvar                   0.256251    0.129546    0.000001    0.947819    0.108081     24.09     29.69    1.030
      ilnvar                   0.777774    0.380767    0.002239    1.948505    0.626177    352.24    423.59    1.000
      ilnvar                   0.000454    0.000003    0.000001    0.002333    0.000023     47.05     49.72    1.073
      ilnvar                   0.000313    0.000007    0.000001    0.001155    0.000012     21.84     75.37    1.001
      ilnvar                   0.054985    0.040119    0.000001    0.449029    0.000031     20.86     36.01    1.115
      ilnvar                   0.000551    0.000020    0.000001    0.000917    0.000004     43.07     47.70    1.008
      ilnvar                   0.192533    0.078078    0.000012    0.685279    0.099685    156.37    200.56    1.007
      ilnvar                   0.358156    0.420699    0.000001    1.751965    0.010315     29.16     30.36    1.002
      ilnvar                   0.734661    0.288026    0.012246    1.756067    0.614810    139.26    150.98    1.000
      ilnvar                   0.476305    0.270961    0.000767    1.484210    0.321588    126.91    233.09    1.000
      ilnvar                   0.000011    0.000000    0.000001    0.000046    0.000003     36.77     53.90    1.000
      ilnvar                   0.000263    0.000001    0.000001    0.000964    0.000009     43.86     51.60    1.013
      ilnvar                   0.000014    0.000000    0.000001    0.000043    0.000002     46.37     47.83    1.019
      ilnvar                   0.000027    0.000000    0.000001    0.000120    0.000005     27.23     38.17    1.000
      ilnvar                   0.000054    0.000000    0.000001    0.000267    0.000007     32.46     34.31    1.004
      ilnvar                   0.767119    0.796857    0.000001    2.527189    0.504839     27.18     40.43    1.025
      ilnvar                   0.653650    0.429268    0.000092    1.933561    0.477408     98.21     98.36    1.000
      ilnvar                   0.014875    0.010446    0.000001    0.023925    0.000064     52.70     88.55    1.001
      ilnvar                   0.209164    0.169764    0.000001    1.026233    0.014581     33.60     37.12    1.006
      ilnvar                   0.000029    0.000000    0.000001    0.000092    0.000003     37.70     56.63    1.014
      ilnvar                   0.020760    0.005249    0.000001    0.109301    0.000620     30.10     40.37    1.058
      ilnvar                   0.000084    0.000000    0.000001    0.000275    0.000007     34.26     34.41    1.017
      ilnvar                   0.011728    0.005548    0.000001    0.022584    0.000033     33.07     87.19    1.033
      ilnvar                   0.000548    0.000013    0.000001    0.001683    0.000017     58.06     65.56    1.008
      ilnvar                   0.542576    0.320026    0.000016    1.624052    0.376130    765.76   1270.02    1.000
      ilnvar                   0.000041    0.000000    0.000001    0.000107    0.000003     53.23     55.09    1.021
      ilnvar                   0.070680    0.039993    0.000001    0.347386    0.002784    122.11    124.64    1.005
      ilnvar                   0.000016    0.000000    0.000001    0.000060    0.000003     74.66     90.12    1.003
      ilnvar                   0.307046    0.334549    0.000001    1.506690    0.002338     56.05     82.05    1.243
      ilnvar                   0.595986    0.628811    0.000001    2.146195    0.062230     56.44    108.33    1.716
      ilnvar                   0.000010    0.000000    0.000001    0.000038    0.000002     50.04     59.60    1.028
      ilnvar                   0.000749    0.000006    0.000001    0.004096    0.000041     35.58     38.92    1.014
      ilnvar                   0.272832    0.183743    0.000001    1.132744    0.006080     48.39    107.72    1.744
      ilnvar                   1.563068    0.770195    0.176340    3.392804    1.389790    389.61    659.46    1.001
      ilnvar                   0.000048    0.000000    0.000001    0.000247    0.000004     44.07     61.54    1.076
      ilnvar                   0.011836    0.001838    0.000001    0.057450    0.000496     42.20     44.73    1.001
      ilnvar                   0.237078    0.099578    0.000001    0.806122    0.146121     50.28    109.54    1.007
      ilnvar                   0.041332    0.013144    0.000001    0.216452    0.002339     33.58     42.79    1.020
      ilnvar                   0.307735    0.336099    0.000001    1.517218    0.000518     21.10     23.95    1.158
      ilnvar                   0.000027    0.000000    0.000001    0.000120    0.000005     24.46     43.42    1.023
      ilnvar                   0.164554    0.137722    0.000001    0.903191    0.000322     36.80     40.32    1.169
      ilnvar                   0.000012    0.000000    0.000001    0.000045    0.000003     31.38     58.99    1.013
      ilnvar                   1.719883    1.056159    0.000103    3.600582    1.583359     81.71    145.95    1.003
      ilnvar                   0.901824    0.488970    0.000016    2.189587    0.807629     26.05     67.72    1.074
      ilnvar                   0.000015    0.000000    0.000001    0.000074    0.000003     30.98     48.80    1.072
      ilnvar                   0.000660    0.000009    0.000001    0.002557    0.000020     53.95     58.15    1.000
      ilnvar                   0.050336    0.020333    0.000001    0.339862    0.000848     19.87     28.14    1.046
      ilnvar                   0.000164    0.000000    0.000001    0.000644    0.000006     37.09     47.95    1.010
      ilnvar                   0.000464    0.000004    0.000001    0.002198    0.000012     32.61     34.35    1.026
