      age[0]                   0.940933    0.003831    0.843512    1.073492    0.927878    1.006    2
      age[0]                   0.981288    0.000720    0.954717    1.031098    0.973885    1.000    2
      age[0]                   0.941053    0.000522    0.909572    0.982317    0.936689    1.003    2
      age[0]                   0.996631    0.004083    0.900870    1.116881    0.984979    1.071    2
      age[0]                   1.004831    0.001644    0.932780    1.083504    1.000059    1.003    2
      age[0]                  0.961029    0.005171    0.873311    1.087875    0.945948    1.001    2
      age[0]                   1.002260    0.000921    0.949619    1.063225    0.998410    1.014    2
      age[0]                  0.782259    0.003967    0.723509    0.917198    0.760560    1.005    2
      age[0]                  0.945622    0.001238    0.890302    1.010968    0.939221    1.008    2
      age[0]                   0.934059    0.001075    0.875027    0.999423    0.929990    1.007    2
      age[0]                   0.992517    0.002398    0.907327    1.095501    0.985574    1.003    2
      age[0]                  0.889551    0.008631    0.831187    1.073011    0.857832    1.000    2
      age[0]                  0.927031    0.003840    0.857038    1.048258    0.910504    1.002    2
      age[0]                  0.902560    0.004042    0.803638    1.029060    0.890868    1.000    2
      age[0]                   0.952107    0.002553    0.848211    1.049479    0.949917    1.103    2
      age[0]                   1.026835    0.002780    0.934459    1.135267    1.019676    1.000    2
      age[0]                   1.045534    0.003033    0.964024    1.148408    1.034133    1.000    2
      age[0]                  0.893959    0.004243    0.795637    1.015058    0.881843    1.004    2
      age[0]                  0.815458    0.015156    0.612463    1.056896    0.795113    1.000    2
      age[0]                  0.998277    0.002233    0.951793    1.088798    0.984522    1.005    2
      age[0]                   0.977704    0.002882    0.896061    1.091094    0.967081    1.000    2
      age[0]                  1.023933    0.001397    0.979083    1.095891    1.014790    1.000    2
      age[0]                   0.854551    0.008987    0.732075    1.030428    0.834449    1.073    2
      age[0]                  0.900601    0.002942    0.859134    1.011803    0.879310    1.019    2
      age[0]                   0.941809    0.001384    0.898850    1.014407    0.932580    1.001    2
      age[0]                  0.848286    0.006621    0.749017    1.007405    0.828449    1.000    2
      age[0]                   0.845586    0.001668    0.781155    0.923616    0.839311    1.004    2
      age[0]                   0.937384    0.006586    0.834449    1.088362    0.923251    1.298    2
      age[0]                  0.848338    0.003595    0.745626    0.969441    0.839527    1.001    2
      age[0]                   1.072782    0.008989    0.901579    1.261808    1.061286    1.006    2
      age[0]                   0.902801    0.001242    0.846836    0.966906    0.897250    1.000    2
      age[0]                   0.976448    0.002010    0.914770    1.060533    0.966117    1.001    2
      age[0]                   1.004383    0.000993    0.947630    1.066815    1.001713    1.001    2
      age[0]                  1.008755    0.001733    0.970761    1.086664    0.996232    1.000    2
      age[0]                   1.016018    0.002272    0.933862    1.106747    1.009936    1.012    2
      age[0]                  1.019944    0.002526    0.929353    1.118734    1.013768    1.000    2
      age[0]                  0.892175    0.002329    0.808200    0.989308    0.885382    1.000    2
      age[0]                  0.912890    0.001106    0.872944    0.969259    0.906204    1.017    2
      age[0]                  1.002484    0.001466    0.965594    1.072803    0.991463    1.001    2
      age[0]                  0.982977    0.001296    0.917312    1.059571    0.979089    1.002    2
      age[0]                   0.921122    0.002227    0.836879    1.013831    0.915796    1.011    2
      age[0]                   0.915556    0.004268    0.804897    1.041332    0.905181    1.160    2
      age[0]                   0.816999    0.003221    0.719946    0.933203    0.811049    1.001    2
      age[0]                   0.986077    0.003455    0.889501    1.099981    0.978724    1.001    2
      age[0]                   1.006710    0.002147    0.940305    1.099267    0.996335    1.001    2
      age[0]                  1.005447    0.002659    0.925356    1.102135    0.997195    1.004    2
      age[0]                   0.955142    0.001709    0.900480    1.034468    0.946298    1.000    2
      age[0]                  0.982970    0.002379    0.915294    1.073113    0.974521    1.000    2
      age[0]                   1.079490    0.003854    0.973962    1.202635    1.070446    1.003    2
      age[0]                   1.062428    0.003047    0.967996    1.173683    1.054130    1.008    2
      age[0]                  1.036381    0.003241    0.930193    1.150079    1.030446    1.012    2
      age[0]                  0.936893    0.006126    0.806679    1.083017    0.928357    1.036    2
      age[0]                  0.879612    0.003247    0.827724    0.990468    0.861455    1.000    2
      age[0]                  0.899435    0.003942    0.792158    1.021831    0.891030    1.000    2
      age[0]                  0.991507    0.002129    0.912997    1.083920    0.984752    1.001    2
      age[0]                   1.005703    0.001751    0.966027    1.092929    0.992542    1.003    2
      age[0]                   0.989201    0.001403    0.929510    1.059379    0.982777    1.001    2
      age[0]                  0.971029    0.006218    0.855293    1.118182    0.957912    1.000    2
      age[0]                  0.917470    0.001647    0.866005    0.996899    0.908023    1.002    2
      age[0]                   0.967365    0.001659    0.927809    1.046533    0.955005    1.000    2
      age[0]                  0.997257    0.001907    0.956538    1.078865    0.984069    1.000    2
      age[0]                   0.932787    0.001521    0.866061    1.009295    0.927339    1.001    2
      age[0]                  1.026691    0.002500    0.942964    1.116721    1.018998    1.010    2
      age[0]                   0.939865    0.001166    0.892639    1.009448    0.932352    1.000    2
      age[0]                   0.974213    0.002437    0.898405    1.065978    0.965883    1.005    2
      age[0]                   0.983077    0.002799    0.891062    1.089887    0.975705    1.013    2
      age[0]                  0.798951    0.008627    0.675819    0.969552    0.782861    1.021    2
      age[0]                  0.932974    0.002284    0.863318    1.025913    0.923326    1.001    2
      age[0]                  1.008901    0.006640    0.872097    1.176168    0.996325    1.003    2
      age[0]                  0.981594    0.002743    0.883319    1.081225    0.974585    1.003    2
      age[0]                   0.997070    0.002528    0.908521    1.093179    0.990483    1.003    2
      age[0]                  0.993006    0.004020    0.895705    1.116102    0.981510    1.000    2
      age[0]                   0.973387    0.002254    0.895630    1.072694    0.965357    1.005    2
      age[0]                  0.938539    0.003697    0.836763    1.048335    0.928706    1.000    2
      age[0]                  1.021158    0.002803    0.933136    1.125222    1.013044    1.001    2
      age[0]                  0.904919    0.017394    0.792186    1.158432    0.865580    1.000    2
      age[0]                   0.995651    0.002860    0.898680    1.106415    0.989838    1.000    2
      age[0]                  0.940607    0.001625    0.874926    1.016086    0.934326    1.002    2
      age[0]                   0.972712    0.001651    0.902892    1.055152    0.966574    1.002    2
      age[0]                  0.952863    0.004136    0.832421    1.070434    0.947441    1.140    2
      age[0]                   0.825990    0.007898    0.675922    0.977928    0.822288    1.834    2
      age[0]                   0.985265    0.004618    0.862413    1.127034    0.977747    1.000    2
      age[0]                   1.106464    0.009295    0.946243    1.296255    1.091569    1.001    2
      age[0]                   0.815577    0.007472    0.700794    0.975398    0.800553    1.264    2
      age[0]                  0.851104    0.004127    0.775194    0.976496    0.834783    1.001    2
      age[0]                   0.951186    0.002404    0.871523    1.047702    0.942448    1.004    2
      age[0]                  0.761876    0.006330    0.618800    0.919965    0.753147    1.002    2
      age[0]                  0.947147    0.001442    0.905134    1.016614    0.937466    1.012    2
      age[0]                  0.984905    0.003983    0.868584    1.114776    0.977957    1.006    2
      age[0]                  0.909163    0.006343    0.759710    1.042851    0.910481    1.129    2
      age[0]                   1.028065    0.003118    0.934845    1.136617    1.018681    1.000    2
      age[0]                   0.956932    0.001812    0.902821    1.039317    0.947026    1.016    2
      age[0]                   0.945688    0.001065    0.902413    1.012050    0.939412    1.000    2
      age[0]                  0.884953    0.001892    0.828457    0.969279    0.874354    1.001    2
      age[0]                   0.888491    0.003940    0.797598    1.009660    0.874431    1.051    2
      age[0]                   1.004342    0.001417    0.942251    1.078663    0.997918    1.008    2
      age[0]                   1.014765    0.001384    0.947343    1.089878    1.009696    1.006    2
      age[0]                  0.992420    0.000559    0.962753    1.035920    0.987418    1.002    2
      age[0]                   0.952354    0.004889    0.825995    1.095467    0.944840    1.017    2
      age[0]                  0.902554    0.005458    0.778958    1.031327    0.892922    1.006    2
