      clockrate                0.962311    0.005353    0.823752    1.106988    0.957040     73.08    101.69    1.026
      clockrate                0.870399    0.006015    0.724854    1.025591    0.864541    112.56    187.87    1.000
      clockrate                0.993404    0.004789    0.857379    1.126086    0.989611    260.99    274.26    1.008
      clockrate                0.888881    0.003062    0.782430    0.998193    0.887220     97.83    143.91    1.001
      clockrate                1.004667    0.003261    0.892325    1.116144    1.002864    441.01    517.89    1.000
      clockrate                0.855667    0.006335    0.705020    1.014316    0.850868    542.71    573.11    1.000
      clockrate                0.885683    0.003017    0.777991    0.992938    0.884131    310.91    368.02    1.000
      clockrate                1.046332    0.020189    0.787839    1.338376    1.031636     90.01    107.80    1.000
      clockrate                0.946736    0.007124    0.793469    1.123986    0.940505    185.95    314.53    1.000
      clockrate                1.015110    0.003989    0.892163    1.138482    1.012647    194.98    296.27    1.003
      clockrate                0.899874    0.002701    0.803190    1.006564    0.898043    117.99    134.09    1.000
      clockrate                1.003913    0.015134    0.772356    1.248052    0.994799    349.08    390.67    1.001
      clockrate                0.946431    0.011576    0.741444    1.154153    0.938906    355.17    378.15    1.001
      clockrate                1.488414    0.130948    0.861968    2.206757    1.444102    102.50    142.07    1.008
      clockrate                0.945132    0.005006    0.813222    1.089553    0.939677    112.14    136.89    1.016
      clockrate                0.916961    0.002629    0.815126    1.014135    0.915317    107.39    129.17    1.002
      clockrate                1.008401    0.004565    0.879836    1.141959    1.005225    235.93    292.73    1.000
      clockrate                0.922293    0.023929    0.643985    1.226590    0.904259    301.77    315.48    1.000
      clockrate                1.707917    0.274910    0.883667    2.747891    1.607223    436.12    455.98    1.001
      clockrate                1.067825    0.019161    0.831459    1.347030    1.046764     42.66     95.18    1.019
      clockrate                0.872834    0.004030    0.753517    1.002081    0.868363     74.31    138.40    1.000
      clockrate                1.022865    0.007080    0.866159    1.194068    1.017797    467.65    784.89    1.000
      clockrate                1.020524    0.013234    0.806976    1.253677    1.010196     87.67    145.63    1.007
      clockrate                0.975697    0.011057    0.778496    1.186476    0.968128    209.19    233.50    1.000
      clockrate                0.931470    0.003220    0.820337    1.041831    0.930344    459.33    650.26    1.004
      clockrate                0.918097    0.008277    0.749429    1.101313    0.912119    129.83    212.84    1.009
      clockrate                0.954792    0.012064    0.754036    1.174453    0.943925     88.91    136.11    1.003
      clockrate                0.916209    0.006200    0.774829    1.081919    0.910099    177.82    191.25    1.001
      clockrate                0.861678    0.012079    0.664169    1.090782    0.849932    154.72    177.07    1.031
      clockrate                0.955658    0.003933    0.834944    1.080905    0.953484    223.92    340.65    1.001
      clockrate                0.959087    0.007595    0.796269    1.138984    0.953169    257.55    268.23    1.004
      clockrate                0.903694    0.006007    0.765756    1.066443    0.896046     27.43     76.73    1.004
      clockrate                0.916599    0.005006    0.782694    1.057832    0.911208    122.45    209.23    1.000
      clockrate                0.883069    0.012263    0.670696    1.102904    0.877219    643.72    740.87    1.001
      clockrate                0.929536    0.002647    0.832705    1.033299    0.927450    165.40    184.07    1.007
      clockrate                0.909752    0.007872    0.752495    1.091944    0.901637     50.71     57.45    1.001
      clockrate                0.974440    0.007734    0.810594    1.149920    0.967107     81.55    330.56    1.000
      clockrate                1.256245    0.019281    0.991364    1.531481    1.242350    343.22    396.97    1.001
      clockrate                0.861775    0.007127    0.697396    1.027978    0.857721    626.52   1051.84    1.000
      clockrate                0.996201    0.009611    0.822851    1.200598    0.983739     33.57     73.91    1.029
      clockrate                1.021344    0.004079    0.899055    1.149686    1.017646    324.88    352.93    1.002
      clockrate                1.055965    0.033108    0.776770    1.433699    1.014897     24.60     38.41    1.000
      clockrate                0.977037    0.005573    0.835793    1.128081    0.972964     87.18    126.12    1.002
      clockrate                1.011792    0.004999    0.875490    1.153199    1.008091    130.00    186.10    1.004
      clockrate                1.000431    0.003526    0.887610    1.119687    0.998065    588.26    693.38    1.002
      clockrate                0.766732    0.004453    0.641360    0.901246    0.763952    806.74    835.21    1.002
      clockrate                0.992073    0.004987    0.857259    1.133734    0.989239    355.78    371.01    1.000
      clockrate                0.893195    0.015856    0.659235    1.138343    0.882948    215.62    237.86    1.001
      clockrate                0.903843    0.004352    0.777873    1.035115    0.900477    489.76    517.27    1.008
      clockrate                1.017293    0.003375    0.903969    1.129434    1.015533    346.90    520.18    1.046
      clockrate                0.916446    0.010563    0.725272    1.116951    0.907976    181.33    242.94    1.001
      clockrate                0.911604    0.019095    0.678668    1.187432    0.893400    133.75    177.89    1.012
      clockrate                1.062402    0.013216    0.847291    1.291946    1.053433    558.07    702.40    1.002
      clockrate                1.053805    0.009731    0.879152    1.257404    1.041393     62.72    139.61    1.101
      clockrate                0.971881    0.006300    0.817914    1.129216    0.966406    120.22    198.14    1.009
      clockrate                0.940340    0.005164    0.800299    1.080056    0.937060    330.12    500.51    1.002
      clockrate                0.914068    0.003026    0.807851    1.021425    0.912117    420.46    430.00    1.001
      clockrate                0.951510    0.015372    0.743329    1.210870    0.931210     71.45     76.24    1.005
      clockrate                1.084596    0.021830    0.828053    1.384665    1.065215    137.89    153.05    1.000
      clockrate                0.807558    0.004739    0.677087    0.943648    0.802283     62.03    111.13    1.013
      clockrate                1.226135    0.052085    0.859679    1.713273    1.182155     74.60     87.54    1.000
      clockrate                1.001521    0.003458    0.890858    1.119864    0.998679     57.40     95.40    1.001
      clockrate                0.887162    0.004368    0.759199    1.017627    0.884670    711.03    909.06    1.001
      clockrate                0.891678    0.002214    0.801398    0.985415    0.890478    395.88    520.26    1.000
      clockrate                0.884938    0.004586    0.755845    1.018820    0.879929     70.61    120.85    1.000
      clockrate                1.025370    0.013179    0.823327    1.263091    1.012500     56.06     92.82    1.000
      clockrate                1.044957    0.029007    0.759453    1.381580    1.020572    110.51    128.82    1.031
      clockrate                1.000481    0.015721    0.768945    1.245506    0.989302    223.33    226.88    1.003
      clockrate                0.890871    0.009230    0.710983    1.074698    0.881556    149.91    203.46    1.004
      clockrate                0.922700    0.010534    0.732314    1.131541    0.913273    265.51    314.61    1.004
      clockrate                0.959747    0.003468    0.845722    1.075108    0.957068     92.72    210.18    1.008
      clockrate                0.836412    0.007524    0.667434    1.005837    0.833036    150.54    345.96    1.001
      clockrate                0.904419    0.004538    0.775271    1.037904    0.902060    505.55    539.06    1.004
      clockrate                0.963838    0.010350    0.771694    1.162020    0.955329    109.92    168.11    1.002
      clockrate                1.065339    0.009364    0.893213    1.271593    1.055021    115.89    187.81    1.005
      clockrate                1.512175    0.108580    0.909896    2.141757    1.477598     92.93    419.26    1.007
      clockrate                0.902343    0.002927    0.796115    1.009635    0.901152     92.38    120.88    1.002
      clockrate                0.912833    0.011534    0.720115    1.130186    0.902903    471.23    590.23    1.003
      clockrate                0.894591    0.003239    0.786560    1.007557    0.892017    240.83    336.82    1.001
      clockrate                1.041602    0.012407    0.831856    1.263293    1.035664    633.91    701.71    1.000
      clockrate                1.106467    0.015178    0.892088    1.360852    1.092397     75.99     99.62    1.041
      clockrate                1.054610    0.003181    0.945302    1.164253    1.053008     46.56    310.78    1.016
      clockrate                0.935477    0.004604    0.806005    1.073581    0.932605    419.24    595.83    1.001
      clockrate                1.071713    0.010714    0.881878    1.283188    1.062607     65.97     75.47    1.009
      clockrate                0.895562    0.008325    0.734455    1.078220    0.886400    126.27    187.98    1.000
      clockrate                0.903310    0.004678    0.775744    1.040632    0.897613    172.05    222.44    1.012
      clockrate                1.290932    0.017603    1.055137    1.567548    1.278741     99.52    140.73    1.009
      clockrate                0.972109    0.012637    0.770878    1.202822    0.961747     46.24    110.69    1.016
      clockrate                1.007119    0.010627    0.818123    1.218680    0.996391     51.33     59.83    1.007
      clockrate                1.145446    0.020481    0.895340    1.436417    1.121506     58.51     79.84    1.032
      clockrate                1.029114    0.004344    0.898430    1.156206    1.026943    713.30    769.85    1.008
      clockrate                0.954126    0.004058    0.835135    1.085433    0.949503     47.77     89.57    1.003
      clockrate                0.936132    0.005423    0.797944    1.081865    0.929954     86.71     90.62    1.003
      clockrate                1.329192    0.062363    0.854311    1.805153    1.314986    155.92    159.24    1.000
      clockrate                1.006334    0.012645    0.807966    1.239569    0.991982     93.05    111.38    1.000
      clockrate                0.904529    0.002564    0.806338    1.005020    0.903049    499.16    641.43    1.002
      clockrate                0.909690    0.006663    0.758642    1.075778    0.903448    335.14    347.90    1.004
      clockrate                0.966524    0.013480    0.759500    1.205280    0.954994    143.50    146.03    1.001
      clockrate                0.815394    0.004435    0.690148    0.948355    0.809923     77.40     84.41    1.002
      clockrate                0.917520    0.006826    0.763721    1.083836    0.910833    176.80    190.62    1.001
