      age[0]                   0.932275    0.001912    0.857469    1.021446    0.926149    1.037    2
      age[0]                  1.036647    0.000963    0.978713    1.098126    1.034214    1.000    2
      age[0]                   0.963673    0.000601    0.921436    1.015662    0.959814    1.000    2
      age[0]                   0.991172    0.000743    0.940108    1.045447    0.989143    1.009    2
      age[0]                   0.976916    0.000432    0.937434    1.017934    0.975544    1.028    2
      age[0]                  1.023044    0.001392    0.954560    1.098203    1.019676    1.000    2
      age[0]                  1.012938    0.000585    0.968143    1.061122    1.010498    1.002    2
      age[0]                  0.823791    0.004803    0.723509    0.950935    0.815859    1.001    2
      age[0]                  1.027076    0.001070    0.967444    1.094068    1.023528    1.006    2
      age[0]                   0.974477    0.000824    0.922028    1.032310    0.971420    1.001    2
      age[0]                  0.990157    0.002246    0.902672    1.083525    0.987527    1.000    2
      age[0]                  0.859764    0.000453    0.831192    0.897561    0.855673    1.000    2
      age[0]                  0.918455    0.001781    0.857040    0.997069    0.911180    1.003    2
      age[0]                  0.926242    0.006599    0.809462    1.100303    0.906356    1.015    2
      age[0]                   1.035182    0.001574    0.963140    1.117870    1.031681    1.011    2
      age[0]                   0.988621    0.000534    0.944687    1.035498    0.986964    1.000    2
      age[0]                   0.999630    0.000547    0.962537    1.044922    0.994806    1.002    2
      age[0]                  0.991596    0.002986    0.891714    1.103415    0.985515    1.001    2
      age[0]                  0.840750    0.017808    0.615182    1.099849    0.821713    1.000    2
      age[0]                  0.981123    0.000645    0.951794    1.031506    0.974422    1.001    2
      age[0]                   1.006360    0.000833    0.951922    1.063561    1.004191    1.000    2
      age[0]                  1.000245    0.000416    0.979082    1.039357    0.994630    1.000    2
      age[0]                  0.926781    0.002220    0.839383    1.022600    0.923476    1.001    2
      age[0]                  0.985664    0.001620    0.911499    1.071051    0.983026    1.002    2
      age[0]                  0.964122    0.001352    0.900366    1.034675    0.958065    1.000    2
      age[0]                  0.971779    0.002789    0.869524    1.075232    0.968025    1.004    2
      age[0]                  0.983174    0.002733    0.885215    1.087692    0.979616    1.002    2
      age[0]                  0.969051    0.001707    0.892383    1.051443    0.966076    1.002    2
      age[0]                  0.941046    0.003128    0.831265    1.053322    0.938185    1.032    2
      age[0]                   0.911593    0.001107    0.846657    0.975337    0.909669    1.000    2
      age[0]                   1.008082    0.001237    0.940055    1.078591    1.006412    1.000    2
      age[0]                  0.992256    0.002096    0.914778    1.070511    0.991843    1.019    2
      age[0]                  1.012686    0.000809    0.956858    1.067458    1.011470    1.004    2
      age[0]                  1.022437    0.001825    0.970761    1.107264    1.012258    1.000    2
      age[0]                   0.986474    0.000652    0.939128    1.037507    0.984962    1.005    2
      age[0]                  1.011260    0.000658    0.963505    1.061946    1.009225    1.000    2
      age[0]                  0.977711    0.001914    0.896602    1.065536    0.975174    1.004    2
      age[0]                  0.881589    0.000066    0.872941    0.897248    0.879405    1.001    2
      age[0]                  1.029722    0.000935    0.983780    1.091936    1.023555    1.003    2
      age[0]                  0.980511    0.000553    0.937159    1.029067    0.978463    1.013    2
      age[0]                   0.948045    0.001354    0.881655    1.022031    0.945166    1.012    2
      age[0]                  0.999594    0.002709    0.893789    1.100514    0.999599    1.010    2
      age[0]                   0.910047    0.002809    0.804806    1.016809    0.907477    1.002    2
      age[0]                   0.998397    0.001086    0.935639    1.064943    0.995705    1.000    2
      age[0]                  0.973768    0.000295    0.944607    1.008317    0.971360    1.000    2
      age[0]                  1.037704    0.001011    0.979500    1.101620    1.034402    1.000    2
      age[0]                   0.991793    0.000785    0.939448    1.047505    0.989882    1.000    2
      age[0]                  1.054141    0.003192    0.947196    1.163762    1.047888    1.002    2
      age[0]                  1.032849    0.000588    0.988003    1.081086    1.030714    1.000    2
      age[0]                   0.972373    0.000278    0.943413    1.002906    0.970346    1.012    2
      age[0]                  1.029715    0.001160    0.969534    1.100606    1.026362    1.000    2
      age[0]                  0.990623    0.003423    0.879103    1.106480    0.987337    1.015    2
      age[0]                  0.901668    0.001307    0.834649    0.971258    0.897863    1.000    2
      age[0]                  0.978464    0.003228    0.869322    1.090799    0.976195    1.037    2
      age[0]                  1.000160    0.000785    0.948400    1.056112    0.997785    1.011    2
      age[0]                  1.000259    0.001067    0.966028    1.065895    0.989829    1.001    2
      age[0]                   1.000935    0.000727    0.954003    1.055910    0.997267    1.000    2
      age[0]                  0.996869    0.003142    0.881151    1.105072    0.996684    1.001    2
      age[0]                  0.979775    0.001725    0.899460    1.060980    0.976751    1.000    2
      age[0]                  1.048033    0.001431    0.976491    1.122768    1.045351    1.001    2
      age[0]                  0.994300    0.000873    0.956539    1.047370    0.988575    1.001    2
      age[0]                   0.967641    0.000655    0.920096    1.021002    0.965510    1.001    2
      age[0]                  1.024985    0.000759    0.974237    1.080513    1.022885    1.003    2
      age[0]                   1.008143    0.001669    0.930668    1.084626    1.004782    1.004    2
      age[0]                   1.032557    0.002438    0.945385    1.135775    1.026478    1.001    2
      age[0]                   0.948198    0.001427    0.874326    1.020815    0.946259    1.018    2
      age[0]                  0.914287    0.005201    0.778567    1.067144    0.909720    1.031    2
      age[0]                  1.030256    0.001670    0.957038    1.114393    1.026346    1.000    2
      age[0]                  1.042247    0.003042    0.934263    1.150005    1.038653    1.001    2
      age[0]                  0.996153    0.001232    0.932957    1.067274    0.992484    1.004    2
      age[0]                   1.016676    0.001133    0.952313    1.082245    1.014586    1.002    2
      age[0]                  1.028228    0.001544    0.957502    1.108067    1.024329    1.000    2
      age[0]                   0.996210    0.001572    0.923225    1.074672    0.994127    1.006    2
      age[0]                  0.968239    0.002732    0.870646    1.074262    0.965858    1.009    2
      age[0]                  0.969404    0.000493    0.928741    1.013097    0.966366    1.011    2
      age[0]                  0.879900    0.006306    0.792186    1.035166    0.859821    1.004    2
      age[0]                   1.036702    0.001806    0.961252    1.122097    1.033811    1.008    2
      age[0]                  0.992176    0.001208    0.929087    1.061227    0.988983    1.001    2
      age[0]                   1.021287    0.000846    0.965990    1.077879    1.019966    1.003    2
      age[0]                  0.988314    0.001411    0.920586    1.063051    0.984167    1.000    2
      age[0]                   0.886856    0.002708    0.787454    0.985433    0.882992    1.042    2
      age[0]                   1.006847    0.002314    0.924253    1.107787    0.998299    1.024    2
      age[0]                   0.966407    0.000760    0.925964    1.018159    0.961685    1.000    2
      age[0]                  0.866803    0.003489    0.756430    0.982265    0.862245    1.001    2
      age[0]                  0.957131    0.001736    0.876886    1.039407    0.954181    1.001    2
      age[0]                  0.965585    0.000741    0.914468    1.021031    0.963175    1.001    2
      age[0]                  0.787677    0.004250    0.657745    0.913456    0.784191    1.017    2
      age[0]                  0.997892    0.002478    0.908302    1.087840    0.995043    1.004    2
      age[0]                  0.961265    0.001252    0.895505    1.032782    0.958904    1.003    2
      age[0]                  0.925061    0.003588    0.817837    1.046991    0.917552    1.057    2
      age[0]                   1.006859    0.001055    0.948702    1.071663    1.002929    1.012    2
      age[0]                  0.984542    0.000874    0.930249    1.044122    0.981633    1.000    2
      age[0]                   0.978045    0.000955    0.920806    1.040461    0.975605    1.003    2
      age[0]                  0.925997    0.002797    0.850045    1.033500    0.912700    1.000    2
      age[0]                   0.976114    0.001806    0.898200    1.061636    0.972780    1.004    2
      age[0]                   0.987383    0.000340    0.953571    1.024014    0.985825    1.009    2
      age[0]                  1.027168    0.000907    0.970189    1.089456    1.025031    1.001    2
      age[0]                  1.004432    0.000867    0.962755    1.062531    0.997843    1.001    2
      age[0]                   0.932733    0.002018    0.847552    1.019142    0.929731    1.000    2
      age[0]                  0.928205    0.002815    0.829739    1.033019    0.924623    1.002    2
