      clockrate                0.949933    0.011575    0.744915    1.163791    0.944338   1228.56   1231.08    1.001
      clockrate                0.917859    0.014991    0.696339    1.163588    0.907311     96.94    460.16    1.007
      clockrate                0.802960    0.005343    0.664602    0.950366    0.800258   1129.23   1359.83    1.004
      clockrate                0.740684    0.006325    0.591938    0.901132    0.735284   1128.68   1209.99    1.000
      clockrate                0.917753    0.015838    0.692810    1.156741    0.904706     42.15    346.64    1.018
      clockrate                0.826517    0.030681    0.539661    1.170811    0.800128    103.40    118.94    1.002
      clockrate                0.728784    0.009046    0.550904    0.917366    0.722243    857.59   1222.06    1.000
      clockrate                1.375795    0.238251    0.759453    2.382180    1.236847     35.04     44.54    1.007
      clockrate                1.115258    0.036961    0.758674    1.499409    1.101507    862.59    867.37    1.000
      clockrate                1.117448    0.018247    0.859457    1.385381    1.109928   1250.84   1252.62    1.000
      clockrate                0.813669    0.007788    0.645286    0.988807    0.809212    738.43   1008.74    1.000
      clockrate                0.716477    0.017452    0.492088    0.977364    0.697072    911.93   1115.20    1.004
      clockrate                1.219382    0.088787    0.741719    1.814657    1.161221     40.57     54.18    1.003
      clockrate                1.201032    0.134300    0.633692    1.896228    1.132369    198.92    258.79    1.001
      clockrate                1.346740    0.357387    0.619301    2.521512    1.080785     51.42    289.60    2.210
      clockrate                0.813851    0.011559    0.610093    1.025655    0.808669    969.72   1037.76    1.000
      clockrate                0.802780    0.008977    0.628791    0.984186    0.795114    103.29    234.25    1.007
      clockrate                1.283149    0.189105    0.596208    2.173981    1.204751     74.06     80.91    1.001
      clockrate                1.656550    0.341662    0.590370    2.773857    1.594042     53.53    101.06    1.012
      clockrate                1.194111    0.145477    0.625886    1.950268    1.107358    183.23    184.89    1.018
      clockrate                0.981925    0.009046    0.799605    1.171352    0.978525   1755.32   1858.38    1.000
      clockrate                1.038786    0.067254    0.625301    1.558151    0.992135     54.39     58.42    1.029
      clockrate                1.017140    0.040586    0.667347    1.426737    0.989595     92.85     97.17    1.036
      clockrate                0.966086    0.054988    0.621776    1.430913    0.920794     21.29     79.85    1.018
      clockrate                0.679068    0.009461    0.528056    0.831503    0.667502     39.70   1140.75    1.017
      clockrate                1.124347    0.033744    0.799646    1.467329    1.104782     76.81     80.01    1.001
      clockrate                1.547783    0.110192    1.012631    2.201757    1.490554     29.92    230.83    1.049
      clockrate                1.080089    0.018597    0.828640    1.357401    1.072045    709.42    985.88    1.003
      clockrate                1.299337    0.212153    0.757248    2.477802    1.165938     16.30     16.72    1.001
      clockrate                0.766400    0.008436    0.602344    0.942806    0.757760     74.74     84.87    1.000
      clockrate                1.055512    0.022156    0.789058    1.339144    1.043624     61.61    226.88    1.015
      clockrate                0.897534    0.015055    0.675668    1.136957    0.883019     43.49     54.58    1.001
      clockrate                0.829534    0.005911    0.683068    0.983054    0.826377    525.55    647.69    1.000
      clockrate                0.777104    0.033518    0.467147    1.140973    0.747561     89.88    476.09    1.011
      clockrate                0.980861    0.008535    0.806654    1.166447    0.977026   1694.13   1779.94    1.001
      clockrate                0.838124    0.019499    0.601513    1.122561    0.817604     97.86    113.35    1.013
      clockrate                1.033242    0.020663    0.763182    1.317585    1.020847    167.29   1094.61    1.012
      clockrate                0.794461    0.025662    0.526582    1.113344    0.768773    127.30    258.69    1.003
      clockrate                0.936251    0.036992    0.623716    1.302949    0.907136     59.28    121.35    1.005
      clockrate                1.022343    0.023183    0.739545    1.321575    1.008049    146.95    422.10    1.001
      clockrate                1.021655    0.011263    0.824042    1.236505    1.017085   1173.22   1195.75    1.001
      clockrate                1.165084    0.160179    0.685142    1.981617    1.056755     36.90     42.62    1.017
      clockrate                0.984983    0.008518    0.810795    1.173268    0.980721    804.22    981.21    1.003
      clockrate                1.014123    0.019533    0.758306    1.292804    1.005419    148.57    325.69    1.007
      clockrate                0.744660    0.009099    0.570993    0.939453    0.735904    583.11    829.20    1.000
      clockrate                0.921482    0.047097    0.578443    1.365227    0.876689     48.08    100.51    1.113
      clockrate                0.952251    0.033586    0.634334    1.327726    0.930028    118.16    164.46    1.000
      clockrate                1.105187    0.095353    0.637097    1.698469    1.047552     48.50     64.59    1.001
      clockrate                1.125952    0.044805    0.749758    1.542960    1.097871     48.88    103.20    1.007
      clockrate                0.860378    0.017855    0.636080    1.139207    0.839202     29.29     38.08    1.008
      clockrate                1.299419    0.159999    0.630196    2.031340    1.285328     24.78     28.16    1.013
      clockrate                1.743399    0.327963    0.786066    2.770234    1.738554     34.31     36.59    1.006
      clockrate                1.060928    0.067500    0.621832    1.572437    1.013855    141.52    148.08    1.000
      clockrate                0.867405    0.014409    0.646409    1.108810    0.859386    910.53   1283.03    1.002
      clockrate                0.901803    0.011907    0.694792    1.119851    0.895730   1588.68   1634.22    1.000
      clockrate                0.736569    0.026730    0.503643    1.017146    0.704608     50.30    182.98    1.115
      clockrate                0.766758    0.006565    0.613058    0.927906    0.760907   1374.25   1490.20    1.000
      clockrate                0.853849    0.018328    0.619625    1.134484    0.836539     73.88     94.41    1.011
      clockrate                1.594675    0.271807    0.717606    2.653831    1.497530     73.28     74.17    1.013
      clockrate                0.773294    0.009641    0.591664    0.972210    0.767877   1072.94   1086.97    1.000
      clockrate                0.885104    0.029213    0.584519    1.195353    0.864309    181.36    298.72    1.001
      clockrate                0.914681    0.012878    0.700411    1.142644    0.908644   1102.34   1496.05    1.000
      clockrate                0.812856    0.048073    0.514536    1.225704    0.767197     30.61     41.71    1.026
      clockrate                0.656437    0.005150    0.518712    0.797925    0.653683    901.78   1080.99    1.000
      clockrate                0.938358    0.013525    0.725238    1.169753    0.928315   1112.34   1271.75    1.000
      clockrate                1.862426    1.190015    0.645684    3.865912    1.360459    128.57    372.29    2.310
      clockrate                1.095681    0.103492    0.612311    1.743704    1.028167     74.74     82.76    1.006
      clockrate                0.862807    0.031166    0.580449    1.191877    0.831800     82.07    105.68    1.066
      clockrate                0.758078    0.012258    0.551869    0.982633    0.751139    844.15   1792.06    1.005
      clockrate                1.211914    0.172227    0.588634    2.049885    1.116455     32.06     34.10    1.000
      clockrate                0.975227    0.011993    0.765660    1.193121    0.970726    729.34    813.42    1.001
      clockrate                1.309422    0.046771    0.903625    1.739603    1.292656    184.65    281.52    1.001
      clockrate                1.062238    0.020508    0.793971    1.351886    1.055577    793.00    964.40    1.000
      clockrate                0.827140    0.045925    0.500880    1.240597    0.787750     24.99    523.41    1.060
      clockrate                0.949918    0.034673    0.632250    1.314686    0.923436     80.16     84.42    1.002
      clockrate                1.353513    0.206763    0.643029    2.258634    1.265041    639.36    915.22    1.000
      clockrate                1.014785    0.019208    0.744674    1.282097    1.007331    543.98    616.65    1.000
      clockrate                0.876239    0.044626    0.560519    1.309505    0.827893     68.07     86.16    1.074
      clockrate                1.022408    0.042597    0.711909    1.460232    0.975421     22.00     28.35    1.000
      clockrate                0.897219    0.030440    0.614046    1.214189    0.872630    151.33    170.36    1.003
      clockrate                0.865591    0.020194    0.602027    1.136518    0.854702    124.79    445.09    1.001
      clockrate                0.849597    0.007647    0.683709    1.026763    0.846026   1933.22   1949.67    1.000
      clockrate                0.785689    0.010093    0.598221    0.985700    0.776536    611.86    618.09    1.001
      clockrate                1.065756    0.015926    0.824288    1.318588    1.061003    887.06   1040.81    1.001
      clockrate                2.162320    0.918920    0.490246    3.786150    2.173495     37.19     47.33    1.004
      clockrate                0.957438    0.009067    0.775164    1.145713    0.953666   1938.25   2070.68    1.000
      clockrate                1.078399    0.021661    0.796471    1.361129    1.068242    117.88    253.08    1.007
      clockrate                1.007900    0.081951    0.581140    1.563231    0.946616     77.97    115.98    1.009
      clockrate                0.974559    0.030425    0.656960    1.321095    0.957723     77.25     78.00    1.001
      clockrate                1.079741    0.027563    0.774545    1.392241    1.063646    152.29    583.98    1.007
      clockrate                0.764764    0.006137    0.617461    0.922960    0.760580   1592.87   1996.13    1.000
      clockrate                0.819156    0.009335    0.635287    1.010338    0.812385   1049.33   1135.06    1.002
      clockrate                1.164291    0.021700    0.879459    1.455324    1.158224    690.36    717.70    1.000
      clockrate                1.149389    0.204659    0.585588    2.101796    1.009306     43.35     59.38    1.001
      clockrate                0.792896    0.023944    0.527116    1.099135    0.770176     75.45     76.62    1.014
      clockrate                0.925385    0.009733    0.739662    1.123370    0.920772   1652.98   1691.89    1.001
      clockrate                1.040438    0.017760    0.787143    1.308671    1.035518    602.67    668.20    1.001
      clockrate                1.085294    0.049531    0.723084    1.505901    1.051079     68.24     70.07    1.002
      clockrate                1.424374    0.100358    0.856710    2.054055    1.385378    136.69    141.15    1.000
      clockrate                1.069591    0.016154    0.832255    1.321109    1.059701    260.48    281.24    1.005
