      ilnvar                   0.000038    0.000000    0.000001    0.000221    0.000004     31.48     34.04    1.039
      ilnvar                   0.003267    0.000472    0.000001    0.005261    0.000014     29.56     30.69    1.015
      ilnvar                   0.000178    0.000001    0.000001    0.000761    0.000005     55.70     59.30    1.030
      ilnvar                   0.000438    0.000004    0.000001    0.001809    0.000011     32.84     33.88    1.058
      ilnvar                   0.008900    0.001766    0.000001    0.049655    0.000012     25.07     41.11    1.068
      ilnvar                   0.039515    0.008044    0.000001    0.190499    0.005785     63.94     67.58    1.004
      ilnvar                   0.000156    0.000000    0.000001    0.000614    0.000009     25.69     28.99    1.015
      ilnvar                   0.264989    0.212110    0.000001    1.178002    0.060570     34.54     44.78    1.010
      ilnvar                   0.001172    0.000014    0.000001    0.006527    0.000034     41.19     48.89    1.000
      ilnvar                   0.000029    0.000000    0.000001    0.000151    0.000003     32.31     32.81    1.000
      ilnvar                   0.000084    0.000000    0.000001    0.000384    0.000008     49.77     52.32    1.009
      ilnvar                   0.106946    0.030754    0.000081    0.395095    0.050520    245.91    249.67    1.010
      ilnvar                   0.064261    0.026836    0.000001    0.329505    0.003735     44.56     66.95    1.002
      ilnvar                   0.295020    0.146295    0.000145    0.996639    0.173853    222.23    294.56    1.001
      ilnvar                   0.357987    0.297504    0.000001    1.452885    0.003649     47.96     51.27    1.808
      ilnvar                   0.000136    0.000000    0.000001    0.000763    0.000006     28.08     45.85    1.105
      ilnvar                   0.003845    0.000545    0.000001    0.007708    0.000015     37.13     55.06    1.010
      ilnvar                   0.287915    0.118065    0.000023    0.962292    0.174726     98.89    102.97    1.001
      ilnvar                   0.271373    0.200427    0.000001    1.120725    0.102058    162.55    449.47    1.006
      ilnvar                   0.513717    0.319098    0.000110    1.614614    0.341290    195.42    205.19    1.016
      ilnvar                   0.000020    0.000000    0.000001    0.000095    0.000004     34.15     35.25    1.004
      ilnvar                   0.181046    0.084064    0.000003    0.719260    0.065268     52.92     64.70    1.034
      ilnvar                   0.046506    0.005592    0.000002    0.192432    0.015617     67.05     70.50    1.036
      ilnvar                   0.023475    0.008859    0.000001    0.158119    0.000082     20.46     35.66    1.041
      ilnvar                   0.010964    0.003177    0.000001    0.041688    0.000049     27.31     31.37    1.025
      ilnvar                   0.010876    0.003266    0.000001    0.037287    0.000035     31.00     35.04    1.000
      ilnvar                   0.024028    0.009517    0.000001    0.140494    0.000033     36.79     45.45    1.044
      ilnvar                   0.001178    0.000032    0.000001    0.005915    0.000028     33.83     37.04    1.039
      ilnvar                   0.061176    0.038977    0.000001    0.466375    0.000015     18.38     18.42    1.006
      ilnvar                   0.005899    0.000926    0.000001    0.025692    0.000040     21.55     29.55    1.002
      ilnvar                   0.005284    0.000635    0.000001    0.021921    0.000113     27.51     29.00    1.028
      ilnvar                   0.012505    0.001958    0.000001    0.081951    0.000087     26.36     26.76    1.004
      ilnvar                   0.000029    0.000000    0.000001    0.000120    0.000005     42.53     51.27    1.001
      ilnvar                   0.195841    0.058922    0.000001    0.651940    0.122238     69.46    220.82    1.016
      ilnvar                   0.000027    0.000000    0.000001    0.000080    0.000004     43.03     67.05    1.008
      ilnvar                   0.032513    0.006937    0.000001    0.168189    0.003078     58.95     97.77    1.016
      ilnvar                   0.004053    0.000192    0.000001    0.022328    0.000161     53.62     62.05    1.047
      ilnvar                   0.276860    0.079595    0.000100    0.794460    0.203815     92.53    175.18    1.004
      ilnvar                   0.015948    0.002754    0.000001    0.077825    0.000595     42.22     71.96    1.013
      ilnvar                   0.002345    0.000116    0.000001    0.009512    0.000038     40.35     46.04    1.019
      ilnvar                   0.000009    0.000000    0.000001    0.000036    0.000003     43.26     44.46    1.001
      ilnvar                   0.102681    0.065761    0.000001    0.570426    0.005975     41.95     49.95    1.012
      ilnvar                   0.000022    0.000000    0.000001    0.000086    0.000004     37.54     41.98    1.000
      ilnvar                   0.005943    0.000443    0.000001    0.035492    0.000175     40.56     42.67    1.048
      ilnvar                   0.001228    0.000041    0.000001    0.004600    0.000031     35.50     45.81    1.006
      ilnvar                   0.099175    0.037976    0.000001    0.449985    0.016629     35.93     93.89    1.120
      ilnvar                   0.009677    0.001094    0.000001    0.055650    0.000343     27.86     48.42    1.000
      ilnvar                   0.039942    0.015054    0.000001    0.233424    0.002245     44.61     47.85    1.002
      ilnvar                   0.218740    0.047715    0.000056    0.639648    0.163847     47.55     88.10    1.010
      ilnvar                   0.023271    0.005118    0.000001    0.148890    0.000290     24.50     25.37    1.012
      ilnvar                   0.292581    0.132816    0.000001    0.993657    0.186198     38.96     48.75    1.005
      ilnvar                   0.248027    0.096165    0.000006    0.828183    0.164342     67.93     70.40    1.002
      ilnvar                   0.090344    0.022016    0.000008    0.367646    0.029496     81.91    109.51    1.000
      ilnvar                   0.000477    0.000002    0.000001    0.002688    0.000026     37.10     37.19    1.011
      ilnvar                   0.000347    0.000001    0.000001    0.001996    0.000013     24.11     30.22    1.000
      ilnvar                   0.049420    0.026571    0.000001    0.217201    0.002846     37.34     49.50    1.118
      ilnvar                   0.000023    0.000000    0.000001    0.000086    0.000004     50.65     65.86    1.012
      ilnvar                   0.060252    0.009828    0.000001    0.255855    0.019599     45.64     67.24    1.007
      ilnvar                   0.791152    0.602789    0.000398    2.376734    0.555893     54.14     59.93    1.013
      ilnvar                   0.000108    0.000000    0.000001    0.000521    0.000013     47.23     47.69    1.004
      ilnvar                   0.078328    0.031216    0.000008    0.320107    0.022837     73.89    133.39    1.000
      ilnvar                   0.000016    0.000000    0.000001    0.000075    0.000003     40.17     52.04    1.003
      ilnvar                   0.040679    0.022223    0.000001    0.268099    0.000251     30.43     32.85    1.022
      ilnvar                   0.000011    0.000000    0.000001    0.000047    0.000003     47.09     47.23    1.002
      ilnvar                   0.000059    0.000000    0.000001    0.000158    0.000005     40.66     46.93    1.048
      ilnvar                   0.715097    0.862375    0.000001    2.553404    0.046359     29.14     90.22    1.785
      ilnvar                   0.129931    0.059449    0.000001    0.590888    0.028961     79.53     88.62    1.002
      ilnvar                   0.041906    0.016025    0.000001    0.229457    0.002474     51.48     68.49    1.089
      ilnvar                   0.000671    0.000006    0.000001    0.003597    0.000033     60.38     79.03    1.032
      ilnvar                   0.085763    0.046083    0.000001    0.456840    0.002674     49.73     52.35    1.000
      ilnvar                   0.000895    0.000013    0.000001    0.003616    0.000035     33.93     46.90    1.002
      ilnvar                   0.004503    0.000438    0.000001    0.020112    0.000207     49.83     54.32    1.008
      ilnvar                   0.000015    0.000000    0.000001    0.000063    0.000003     35.60     59.30    1.015
      ilnvar                   0.031012    0.021994    0.000001    0.179035    0.000044     32.68     63.01    1.063
      ilnvar                   0.020410    0.004084    0.000001    0.110707    0.000382     44.06     45.51    1.001
      ilnvar                   0.483986    0.262121    0.000056    1.446358    0.336000    942.37   1172.85    1.001
      ilnvar                   0.000090    0.000000    0.000001    0.000215    0.000006     31.58     52.21    1.014
      ilnvar                   0.066253    0.021519    0.000001    0.325864    0.005963     54.74     94.83    1.057
      ilnvar                   0.068720    0.024591    0.000001    0.381206    0.000864     19.27     25.47    1.001
      ilnvar                   0.013357    0.002266    0.000001    0.065248    0.000595     66.06     82.43    1.006
      ilnvar                   0.001740    0.000143    0.000001    0.002307    0.000015     32.33     37.01    1.014
      ilnvar                   0.000030    0.000000    0.000001    0.000110    0.000004     28.91     55.12    1.039
      ilnvar                   0.002874    0.000102    0.000001    0.013204    0.000143     30.91     34.81    1.052
      ilnvar                   0.000230    0.000000    0.000001    0.001286    0.000010     35.79     41.45    1.003
      ilnvar                   1.031468    0.639734    0.000020    2.500666    0.929453     56.03     65.34    1.003
      ilnvar                   0.000035    0.000000    0.000001    0.000171    0.000007     44.14     44.45    1.019
      ilnvar                   0.005940    0.000914    0.000001    0.020710    0.000150     48.06     58.57    1.036
      ilnvar                   0.138176    0.054951    0.000014    0.535188    0.056469    112.97    164.02    1.003
      ilnvar                   0.017576    0.006012    0.000001    0.115576    0.000026     23.54     38.52    1.003
      ilnvar                   0.004888    0.000657    0.000001    0.019255    0.000101     49.09     55.64    1.013
      ilnvar                   0.000020    0.000000    0.000001    0.000094    0.000005     57.41     57.72    1.009
      ilnvar                   0.000384    0.000004    0.000001    0.001309    0.000024     33.25     38.34    1.005
      ilnvar                   0.000016    0.000000    0.000001    0.000067    0.000004     41.90     52.00    1.012
      ilnvar                   0.188368    0.137150    0.000001    0.921006    0.024356     49.31     72.87    1.000
      ilnvar                   0.022415    0.002201    0.000001    0.117426    0.003476     34.94     45.07    1.025
      ilnvar                   0.000066    0.000000    0.000001    0.000244    0.000004     37.82     52.24    1.020
      ilnvar                   0.000803    0.000014    0.000001    0.003390    0.000029     37.48     39.28    1.015
      ilnvar                   0.031477    0.009362    0.000001    0.169662    0.001588     41.34     50.58    1.010
      ilnvar                   0.484608    0.111339    0.006153    1.112188    0.414148    139.19    146.66    1.000
      ilnvar                   0.001836    0.000054    0.000001    0.007644    0.000083     24.99     43.52    1.019
