      clockrate                1.005528    0.005189    0.867733    1.147928    1.003312    605.25    705.70    1.002
      clockrate                1.079360    0.014993    0.865719    1.327698    1.064011     43.44     60.84    1.000
      clockrate                1.009240    0.004142    0.886181    1.135967    1.006702   1181.73   1344.63    1.000
      clockrate                1.058853    0.010698    0.878005    1.276052    1.044505     49.66    434.03    1.179
      clockrate                0.992932    0.004787    0.858101    1.129402    0.990867    700.70    718.74    1.003
      clockrate                1.199220    0.024408    0.909689    1.507593    1.184473    154.97    172.53    1.002
      clockrate                0.959886    0.004967    0.823814    1.097565    0.958390    772.59    808.96    1.000
      clockrate                1.517786    0.127772    0.942346    2.232625    1.455780     64.12     66.72    1.002
      clockrate                1.097401    0.012290    0.891792    1.316175    1.088009    165.14    167.93    1.007
      clockrate                1.143547    0.005875    0.995386    1.294303    1.141752   1273.65   1427.36    1.000
      clockrate                0.914659    0.003879    0.795391    1.038075    0.911993    176.74    526.93    1.002
      clockrate                1.103351    0.037240    0.768081    1.495731    1.075990    208.00    283.56    1.001
      clockrate                1.117794    0.023897    0.857880    1.429232    1.093967     62.50    101.22    1.012
      clockrate                1.191545    0.061760    0.793687    1.706958    1.150828     61.12     78.18    1.000
      clockrate                0.949516    0.004697    0.819789    1.086594    0.947310    695.80    750.45    1.000
      clockrate                0.991639    0.004154    0.866492    1.117663    0.989940    785.38    821.11    1.000
      clockrate                0.960340    0.005396    0.817179    1.104015    0.957667   1218.53   1371.97    1.000
      clockrate                1.191845    0.085359    0.768858    1.808445    1.122673     67.07     67.19    1.001
      clockrate                2.316975    0.757033    0.981530    4.063978    2.138941    886.12    953.01    1.000
      clockrate                1.059398    0.025866    0.787538    1.384488    1.036564     66.65     69.62    1.001
      clockrate                1.030041    0.004853    0.894283    1.167314    1.027666   1900.80   1918.28    1.001
      clockrate                0.955623    0.011099    0.751435    1.161262    0.949832    292.11    297.07    1.004
      clockrate                1.119671    0.020886    0.852912    1.404996    1.106131     91.68    132.69    1.001
      clockrate                1.394823    0.015790    1.152047    1.640986    1.388256    135.31    332.96    1.002
      clockrate                1.075918    0.006264    0.924683    1.233868    1.073332    795.84    975.31    1.000
      clockrate                1.168038    0.051320    0.784660    1.619248    1.135027     57.05     86.72    1.002
      clockrate                1.310272    0.029820    1.005830    1.662496    1.286331     90.41     92.61    1.004
      clockrate                1.191109    0.012916    0.976022    1.419027    1.182786     84.83     87.62    1.011
      clockrate                1.300588    0.025617    1.010547    1.626142    1.283100     53.75     76.74    1.023
      clockrate                1.001908    0.006164    0.846734    1.155434    1.000098   1031.14   1078.20    1.001
      clockrate                1.277519    0.029231    0.973139    1.624872    1.253894     49.98     65.20    1.101
      clockrate                1.067392    0.007045    0.908435    1.235174    1.064367    167.53    848.82    1.000
      clockrate                0.912904    0.004715    0.783257    1.052064    0.910664    337.86    462.73    1.001
      clockrate                1.049776    0.020380    0.787573    1.340902    1.038227    178.48    241.77    1.001
      clockrate                1.004832    0.004171    0.878934    1.132709    1.003150   1052.89   1323.79    1.000
      clockrate                1.063601    0.012965    0.850974    1.294181    1.055708    305.59    346.71    1.000
      clockrate                1.020845    0.009094    0.834537    1.207178    1.017663    375.10    475.29    1.000
      clockrate                1.050349    0.015975    0.812372    1.295371    1.038292    118.92    130.53    1.012
      clockrate                1.150080    0.034098    0.835554    1.514771    1.121213     76.52     78.45    1.000
      clockrate                0.988304    0.007381    0.825600    1.159297    0.983836    443.72    457.09    1.000
      clockrate                1.002720    0.004711    0.873404    1.142550    1.000933    815.19    834.33    1.002
      clockrate                0.942739    0.014418    0.730327    1.181363    0.927152     76.01     82.70    1.019
      clockrate                1.096079    0.007394    0.933414    1.267971    1.091434     82.86    266.13    1.025
      clockrate                1.228682    0.006803    1.075014    1.395719    1.225232    902.63    970.37    1.002
      clockrate                0.966724    0.005506    0.823268    1.114096    0.964911    933.38    948.99    1.002
      clockrate                0.944653    0.019610    0.702048    1.218604    0.925221     97.92    186.47    1.000
      clockrate                1.083030    0.010203    0.886694    1.280248    1.079380    410.32    528.50    1.000
      clockrate                1.158617    0.030598    0.841546    1.515746    1.138239    263.15    323.62    1.000
      clockrate                1.229330    0.034871    0.895380    1.592091    1.208295    103.17    150.54    1.006
      clockrate                0.928219    0.009019    0.760162    1.126668    0.916115     44.58     44.68    1.064
      clockrate                1.287775    0.063186    0.872444    1.784625    1.244357     23.60     32.45    1.055
      clockrate                1.342851    0.095185    0.886087    2.001173    1.266287     48.89     61.75    1.038
      clockrate                1.589576    0.195879    0.905682    2.512646    1.495666     48.10     76.86    1.046
      clockrate                1.370733    0.044885    1.015147    1.786697    1.341523     35.29     83.37    1.010
      clockrate                1.010700    0.010714    0.817355    1.207569    1.003747     99.39    335.04    1.007
      clockrate                0.985069    0.006262    0.831223    1.140621    0.982166    342.36    941.57    1.000
      clockrate                1.035721    0.004748    0.903367    1.172996    1.033876    381.36   1296.06    1.010
      clockrate                0.941852    0.017913    0.714780    1.203652    0.923771    386.43    425.21    1.001
      clockrate                1.945883    0.850306    0.772134    3.749394    1.744850     16.90     18.37    1.002
      clockrate                0.988188    0.008687    0.814396    1.175966    0.983215    170.50    544.64    1.011
      clockrate                0.974774    0.030503    0.660338    1.314655    0.959871     97.41    141.68    1.003
      clockrate                0.988214    0.004915    0.849287    1.123944    0.986590    393.28    396.32    1.000
      clockrate                1.002267    0.007574    0.835214    1.171059    0.998203    458.45   1076.16    1.000
      clockrate                1.011071    0.004238    0.887017    1.141460    1.008746    401.25    428.05    1.001
      clockrate                1.257290    0.025162    0.994184    1.590303    1.230318     38.58     39.13    1.014
      clockrate                1.261881    0.036390    0.925244    1.638038    1.235986    120.47    122.27    1.000
      clockrate                1.614160    0.293332    0.946403    2.787041    1.425693     31.77     38.24    1.075
      clockrate                1.594195    0.122653    0.990952    2.299934    1.543941    313.98    432.69    1.001
      clockrate                1.137855    0.053592    0.801167    1.636266    1.081100     48.63     72.90    1.001
      clockrate                1.017333    0.015689    0.789213    1.266631    1.005461    125.75    137.73    1.000
      clockrate                1.008263    0.006859    0.853024    1.176272    1.005241    560.76    671.74    1.000
      clockrate                1.123447    0.013962    0.911233    1.368868    1.112937    154.21    225.01    1.008
      clockrate                0.949569    0.008601    0.778456    1.134616    0.941018     80.68     86.88    1.002
      clockrate                1.066736    0.017018    0.832803    1.317300    1.051939     52.28     96.46    1.006
      clockrate                1.108238    0.010334    0.909402    1.305612    1.103068    238.31    645.46    1.003
      clockrate                1.416953    0.200427    0.703797    2.299372    1.332547    381.13    446.65    1.000
      clockrate                1.008740    0.004899    0.873635    1.146998    1.007487    301.50    355.43    1.001
      clockrate                1.114459    0.026786    0.833131    1.440586    1.090036     62.80     80.16    1.002
      clockrate                0.988272    0.010733    0.804346    1.197555    0.973202     78.92     91.20    1.042
      clockrate                1.245177    0.138211    0.728011    1.973377    1.155573    128.08    131.95    1.012
      clockrate                1.089694    0.009458    0.907116    1.286455    1.086126    195.94    341.58    1.000
      clockrate                0.954606    0.003673    0.836323    1.072792    0.953311    403.34    406.56    1.000
      clockrate                0.921646    0.010184    0.743420    1.130767    0.909418     43.29     86.11    1.038
      clockrate                0.994677    0.011637    0.794329    1.210455    0.981839     84.89     86.52    1.003
      clockrate                1.234870    0.168112    0.766680    1.898924    1.143627     32.60     46.45    1.007
      clockrate                0.943674    0.004975    0.808318    1.084007    0.942348   1726.76   1839.99    1.000
      clockrate                1.406405    0.102527    0.897467    2.039085    1.345150     31.40    104.04    1.079
      clockrate                1.350912    0.091665    0.904593    1.982956    1.283291     75.19    117.45    1.035
      clockrate                1.109117    0.011875    0.902016    1.325940    1.102398    163.21   1069.48    1.024
      clockrate                1.151891    0.025401    0.872034    1.464304    1.128208     59.41     60.84    1.015
      clockrate                0.951702    0.005121    0.813900    1.093851    0.949671   1298.37   1327.78    1.000
      clockrate                1.014384    0.006835    0.850901    1.174377    1.010655    758.80    853.19    1.002
      clockrate                1.115752    0.007149    0.951538    1.282819    1.113782    157.80    239.40    1.002
      clockrate                2.097526    0.653502    0.995662    3.774047    1.911818     56.84     61.07    1.012
      clockrate                1.076749    0.007610    0.907593    1.247403    1.074344    566.16    590.95    1.002
      clockrate                1.114454    0.006087    0.963638    1.269399    1.112481   1502.72   1606.61    1.000
      clockrate                0.920017    0.007798    0.754021    1.094303    0.915201    292.28    377.84    1.004
      clockrate                1.385750    0.034517    1.047943    1.756486    1.364584     91.40    103.43    1.005
      clockrate                1.142248    0.010437    0.946966    1.339395    1.136966     79.04    292.78    1.018
      clockrate                1.224604    0.028837    0.938418    1.574125    1.197539     36.88     52.32    1.227
