      ilnvar                   0.000127    0.000000    0.000001    0.000388    0.000006     32.34     47.69    1.014
      ilnvar                   0.033309    0.005083    0.000002    0.170312    0.006324     29.88     42.97    1.000
      ilnvar                   0.000138    0.000000    0.000001    0.000667    0.000012     40.95     55.39    1.013
      ilnvar                   0.023489    0.003773    0.000001    0.144737    0.000137     40.25     43.80    1.228
      ilnvar                   0.000498    0.000006    0.000001    0.002233    0.000010     27.71     36.62    1.017
      ilnvar                   0.011839    0.000701    0.000001    0.055049    0.002068     69.75     93.96    1.003
      ilnvar                   0.000056    0.000000    0.000001    0.000274    0.000009     42.13     51.57    1.007
      ilnvar                   0.236382    0.089004    0.000036    0.812060    0.134966     82.47     84.09    1.001
      ilnvar                   0.015281    0.000961    0.000001    0.074822    0.002457     44.42     62.70    1.029
      ilnvar                   0.000085    0.000000    0.000001    0.000492    0.000008     22.92     27.43    1.002
      ilnvar                   0.001239    0.000047    0.000001    0.003221    0.000014     32.14     45.14    1.040
      ilnvar                   0.068350    0.018358    0.000004    0.289196    0.020511     64.59    173.23    1.002
      ilnvar                   0.075939    0.021804    0.000001    0.348460    0.014179     47.68     67.39    1.008
      ilnvar                   0.054681    0.013818    0.000001    0.279610    0.004675     55.87     90.24    1.003
      ilnvar                   0.000077    0.000000    0.000001    0.000320    0.000009     45.65     54.80    1.007
      ilnvar                   0.000026    0.000000    0.000001    0.000087    0.000004     41.61     48.00    1.015
      ilnvar                   0.000371    0.000001    0.000001    0.002178    0.000016     29.02     29.30    1.000
      ilnvar                   0.084906    0.024079    0.000007    0.360236    0.026697     64.38     70.11    1.001
      ilnvar                   1.207946    0.889575    0.000885    3.045005    0.975955   1306.87   1380.44    1.000
      ilnvar                   0.013002    0.001915    0.000001    0.070417    0.000278     63.13     72.42    1.000
      ilnvar                   0.000401    0.000003    0.000001    0.001959    0.000010     32.63     35.35    1.082
      ilnvar                   0.015185    0.001233    0.000001    0.068707    0.002258    113.05    116.58    1.006
      ilnvar                   0.026803    0.002500    0.000006    0.125712    0.006354     45.66     65.86    1.003
      ilnvar                   0.004521    0.000271    0.000001    0.025384    0.000150     46.35     47.91    1.012
      ilnvar                   0.000117    0.000000    0.000001    0.000521    0.000007     38.51     38.78    1.004
      ilnvar                   0.181691    0.045452    0.000124    0.598131    0.115267     54.24     81.78    1.001
      ilnvar                   0.057053    0.006453    0.000046    0.228093    0.022987     44.86     46.42    1.004
      ilnvar                   0.014710    0.001332    0.000001    0.091957    0.000416     29.21     30.17    1.019
      ilnvar                   0.014210    0.002010    0.000001    0.088220    0.000276     36.40     45.18    1.025
      ilnvar                   0.000419    0.000003    0.000001    0.001554    0.000025     48.45     59.57    1.005
      ilnvar                   0.038432    0.004463    0.000001    0.170993    0.007870     32.40     47.32    1.119
      ilnvar                   0.003527    0.000162    0.000001    0.019669    0.000101     20.63     25.19    1.031
      ilnvar                   0.000206    0.000001    0.000001    0.000842    0.000011     32.38     32.97    1.019
      ilnvar                   0.051088    0.010051    0.000001    0.227196    0.011661     78.22     89.28    1.000
      ilnvar                   0.000134    0.000000    0.000001    0.000776    0.000009     19.47     29.07    1.020
      ilnvar                   0.003302    0.000100    0.000001    0.019844    0.000113     47.30     69.67    1.013
      ilnvar                   0.000653    0.000004    0.000001    0.003183    0.000041     56.55     56.98    1.010
      ilnvar                   0.030822    0.005196    0.000001    0.153522    0.002106     40.58     55.84    1.033
      ilnvar                   0.036897    0.009944    0.000001    0.187653    0.002386     73.42     83.07    1.000
      ilnvar                   0.002225    0.000103    0.000001    0.010014    0.000034     29.01     40.92    1.010
      ilnvar                   0.000065    0.000000    0.000001    0.000326    0.000005     33.81     36.07    1.012
      ilnvar                   0.023541    0.003044    0.000001    0.116147    0.002363     37.84     44.83    1.037
      ilnvar                   0.008026    0.000665    0.000001    0.046027    0.000382     31.20     35.61    1.117
      ilnvar                   0.000046    0.000000    0.000001    0.000205    0.000007     36.29     37.12    1.006
      ilnvar                   0.000111    0.000000    0.000001    0.000551    0.000010     53.35     63.65    1.027
      ilnvar                   0.050397    0.010419    0.000003    0.223172    0.011565     66.85     72.34    1.001
      ilnvar                   0.006419    0.000283    0.000001    0.035083    0.000546     36.90     37.56    1.003
      ilnvar                   0.038274    0.005369    0.000009    0.178278    0.009150     99.99    138.31    1.000
      ilnvar                   0.208151    0.029632    0.000501    0.523003    0.168333    104.65    142.00    1.004
      ilnvar                   0.027423    0.002898    0.000001    0.148971    0.000551     19.76     26.61    1.098
      ilnvar                   0.179931    0.066999    0.000001    0.665872    0.087461     29.67     41.23    1.040
      ilnvar                   0.117134    0.039122    0.000001    0.507628    0.021266     52.29     74.52    1.035
      ilnvar                   0.254812    0.119585    0.000015    0.921144    0.134571     66.40    103.67    1.032
      ilnvar                   0.213192    0.041056    0.000001    0.581811    0.172472     34.60     74.15    1.012
      ilnvar                   0.009050    0.001538    0.000001    0.042567    0.000214     28.20     37.79    1.018
      ilnvar                   0.002171    0.000113    0.000001    0.009199    0.000096     44.04     48.36    1.037
      ilnvar                   0.001206    0.000038    0.000001    0.006108    0.000017     42.27     51.55    1.054
      ilnvar                   0.107537    0.016739    0.000507    0.327548    0.070355    172.33    214.64    1.001
      ilnvar                   0.798991    0.939071    0.000001    2.772321    0.429237     18.24     20.01    1.002
      ilnvar                   0.002634    0.000144    0.000001    0.010475    0.000039     36.13     38.54    1.034
      ilnvar                   0.075045    0.018697    0.000001    0.304023    0.026743    109.45    149.90    1.003
      ilnvar                   0.000075    0.000000    0.000001    0.000272    0.000004     50.32     55.84    1.047
      ilnvar                   0.001477    0.000075    0.000001    0.005820    0.000035     33.26     53.05    1.006
      ilnvar                   0.000066    0.000000    0.000001    0.000119    0.000004     39.76     41.34    1.015
      ilnvar                   0.074296    0.010674    0.000105    0.287889    0.027233     26.11     27.54    1.023
      ilnvar                   0.214548    0.029722    0.000538    0.531219    0.178727     94.74     95.60    1.000
      ilnvar                   0.181019    0.128838    0.000001    0.874687    0.011713     44.04     55.82    1.058
      ilnvar                   0.251237    0.048262    0.003997    0.669548    0.191669    307.12    320.40    1.000
      ilnvar                   0.087504    0.023045    0.000005    0.376369    0.027120     54.74     69.47    1.002
      ilnvar                   0.020663    0.001667    0.000003    0.090864    0.005080     52.62     59.78    1.005
      ilnvar                   0.000432    0.000003    0.000001    0.002043    0.000022     46.59     52.21    1.014
      ilnvar                   0.009859    0.000476    0.000001    0.048143    0.001529     71.73     74.90    1.018
      ilnvar                   0.010931    0.000776    0.000001    0.060710    0.000421     32.27     34.00    1.006
      ilnvar                   0.008988    0.001563    0.000001    0.044474    0.000058     35.66     41.83    1.014
      ilnvar                   0.002332    0.000106    0.000001    0.010878    0.000069     50.85     55.80    1.048
      ilnvar                   0.251627    0.134987    0.000011    0.953986    0.120176    676.10    723.37    1.000
      ilnvar                   0.000023    0.000000    0.000001    0.000097    0.000003     45.82     57.61    1.000
      ilnvar                   0.036612    0.009571    0.000001    0.203964    0.000662     65.43     70.97    1.002
      ilnvar                   0.047640    0.006208    0.000012    0.209261    0.013921     38.58     41.98    1.111
      ilnvar                   0.287411    0.136260    0.000152    0.980823    0.169440    104.57    121.26    1.015
      ilnvar                   0.000370    0.000002    0.000001    0.001526    0.000023     36.59     53.50    1.013
      ilnvar                   0.000038    0.000000    0.000001    0.000121    0.000004     45.91     50.02    1.027
      ilnvar                   0.020353    0.002563    0.000001    0.112887    0.000271     29.65     31.33    1.107
      ilnvar                   0.036944    0.005358    0.000003    0.180166    0.006489     43.08     46.50    1.010
      ilnvar                   0.101380    0.094248    0.000001    0.499209    0.007366     35.98     59.25    1.006
      ilnvar                   0.000259    0.000001    0.000001    0.001412    0.000017     28.49     42.23    1.024
      ilnvar                   0.258850    0.088378    0.000001    0.833550    0.181682     28.33     95.99    1.086
      ilnvar                   0.135239    0.052432    0.000001    0.563839    0.043360     81.17    119.89    1.031
      ilnvar                   0.006924    0.000390    0.000001    0.035098    0.000303     50.22     55.98    1.067
      ilnvar                   0.032960    0.006680    0.000001    0.188131    0.001790     34.82     38.34    1.009
      ilnvar                   0.000053    0.000000    0.000001    0.000223    0.000007     47.27     71.21    1.015
      ilnvar                   0.000959    0.000017    0.000001    0.004761    0.000021     39.87     40.13    1.003
      ilnvar                   0.000488    0.000002    0.000001    0.002854    0.000030     25.01     40.78    1.028
      ilnvar                   0.531196    0.483373    0.000034    1.964817    0.271702     80.36     83.19    1.009
      ilnvar                   0.000171    0.000001    0.000001    0.000503    0.000007     31.20     42.79    1.032
      ilnvar                   0.000049    0.000000    0.000001    0.000250    0.000007     27.54     31.21    1.002
      ilnvar                   0.013267    0.001084    0.000001    0.068818    0.001331     77.36     80.90    1.006
      ilnvar                   0.026699    0.003759    0.000001    0.150077    0.001765     41.81     48.01    1.016
      ilnvar                   0.007458    0.001124    0.000001    0.040195    0.000057     44.33     44.96    1.033
      ilnvar                   0.072370    0.010790    0.000001    0.276674    0.029136     22.64     38.79    1.339
