      age[0]                   0.905982    0.001830    0.836116    0.988406    0.897660    1.004    2
      age[0]                   1.038414    0.001778    0.954716    1.116044    1.033129    1.000    2
      age[0]                   0.992682    0.000836    0.938477    1.048991    0.990053    1.002    2
      age[0]                   1.004951    0.001499    0.935925    1.083660    1.001432    1.044    2
      age[0]                   0.963952    0.000912    0.910823    1.023311    0.958996    1.021    2
      age[0]                  0.992631    0.001912    0.910237    1.081655    0.988811    1.001    2
      age[0]                   1.045880    0.002347    0.962310    1.140097    1.039893    1.000    2
      age[0]                  0.803463    0.005973    0.723509    0.961263    0.776310    1.002    2
      age[0]                  1.033570    0.001675    0.959499    1.116944    1.029736    1.001    2
      age[0]                   0.980587    0.001428    0.910844    1.056002    0.977326    1.002    2
      age[0]                   0.931261    0.000643    0.884770    0.983764    0.928934    1.004    2
      age[0]                  0.874658    0.002198    0.831188    0.972699    0.859258    1.001    2
      age[0]                  0.923306    0.002453    0.857039    1.018211    0.912902    1.007    2
      age[0]                  0.927809    0.003138    0.831525    1.040192    0.919152    1.001    2
      age[0]                   1.031221    0.002069    0.949091    1.120343    1.026670    1.003    2
      age[0]                   0.996552    0.001156    0.935900    1.067661    0.993752    1.003    2
      age[0]                   1.022349    0.001621    0.961341    1.102015    1.013160    1.000    2
      age[0]                  0.962696    0.003838    0.850582    1.086921    0.957168    1.000    2
      age[0]                  0.738223    0.012719    0.575765    0.964208    0.713770    1.000    2
      age[0]                  1.034559    0.002826    0.951812    1.133110    1.027260    1.001    2
      age[0]                   0.997811    0.001583    0.926665    1.075518    0.993975    1.002    2
      age[0]                  1.026127    0.001722    0.979084    1.101723    1.015945    1.002    2
      age[0]                  0.927998    0.005617    0.796273    1.081811    0.917374    1.004    2
      age[0]                  0.918959    0.001064    0.860022    0.980142    0.915559    1.001    2
      age[0]                   1.004605    0.003025    0.906850    1.110577    0.997603    1.001    2
      age[0]                  0.944565    0.007288    0.780845    1.106092    0.938842    1.004    2
      age[0]                   0.951574    0.002906    0.851618    1.060048    0.947547    1.001    2
      age[0]                   0.899012    0.001502    0.834449    0.972742    0.893194    1.000    2
      age[0]                  0.809657    0.001431    0.742235    0.885878    0.805474    1.014    2
      age[0]                   0.997714    0.003870    0.883957    1.124027    0.991181    1.000    2
      age[0]                   0.964737    0.001665    0.886897    1.045733    0.961437    1.042    2
      age[0]                   0.940022    0.000447    0.914771    0.981940    0.934640    1.001    2
      age[0]                   1.025156    0.001144    0.965502    1.093880    1.021286    1.000    2
      age[0]                  1.057001    0.004178    0.970761    1.181911    1.043353    1.000    2
      age[0]                   1.020770    0.002445    0.935760    1.119816    1.013221    1.000    2
      age[0]                  0.986954    0.001121    0.926428    1.053563    0.982707    1.000    2
      age[0]                  0.953460    0.002371    0.863317    1.049505    0.949161    1.000    2
      age[0]                  0.931182    0.004513    0.872941    1.074693    0.902014    1.000    2
      age[0]                  1.003585    0.000700    0.965597    1.053075    0.998584    1.001    2
      age[0]                  0.972803    0.000592    0.928395    1.021922    0.970622    1.000    2
      age[0]                   0.968491    0.002142    0.881955    1.059324    0.964146    1.004    2
      age[0]                  0.990488    0.002489    0.899432    1.091746    0.985947    1.007    2
      age[0]                   0.919324    0.004303    0.808566    1.055722    0.912209    1.001    2
      age[0]                   0.948383    0.000860    0.893126    1.004491    0.946733    1.003    2
      age[0]                   1.025041    0.002015    0.959087    1.110396    1.015803    1.001    2
      age[0]                  1.075684    0.003368    0.970115    1.194089    1.069464    1.000    2
      age[0]                   0.980167    0.001528    0.910558    1.056417    0.975390    1.000    2
      age[0]                  0.961429    0.001199    0.915295    1.028002    0.954346    1.000    2
      age[0]                  0.998410    0.001179    0.948164    1.062041    0.992434    1.001    2
      age[0]                   1.046453    0.002513    0.951534    1.141345    1.040886    1.016    2
      age[0]                  0.971987    0.001273    0.908474    1.035298    0.967722    1.009    2
      age[0]                  0.929592    0.003393    0.818992    1.043743    0.924000    1.014    2
      age[0]                  0.927905    0.005684    0.827726    1.073005    0.913216    1.018    2
      age[0]                  0.855426    0.002259    0.767597    0.948227    0.852683    1.000    2
      age[0]                  1.015608    0.001670    0.941177    1.097792    1.011784    1.004    2
      age[0]                   0.999710    0.000932    0.966031    1.060587    0.991181    1.001    2
      age[0]                   0.974819    0.000847    0.929742    1.030900    0.969577    1.003    2
      age[0]                  0.980682    0.004607    0.855265    1.100263    0.974506    1.000    2
      age[0]                  0.955996    0.005616    0.866007    1.101257    0.934512    1.002    2
      age[0]                   1.003794    0.001502    0.937808    1.079701    0.997987    1.000    2
      age[0]                  1.023676    0.002093    0.956537    1.108296    1.016729    1.000    2
      age[0]                   0.968674    0.001735    0.894658    1.047283    0.963963    1.004    2
      age[0]                  0.986886    0.000884    0.932763    1.047305    0.983625    1.002    2
      age[0]                   1.008341    0.001714    0.934279    1.092499    1.004614    1.003    2
      age[0]                   0.952827    0.001543    0.898405    1.024280    0.946052    1.005    2
      age[0]                   0.918978    0.001896    0.839672    1.005096    0.914808    1.001    2
      age[0]                  0.917955    0.012876    0.688722    1.116222    0.916969    1.045    2
      age[0]                  0.956347    0.001803    0.886808    1.040041    0.948746    1.000    2
      age[0]                  1.008225    0.005245    0.870904    1.154743    1.004284    1.000    2
      age[0]                  1.046275    0.002936    0.946345    1.151559    1.040192    1.001    2
      age[0]                   0.993449    0.001443    0.923783    1.068835    0.989749    1.004    2
      age[0]                  0.949796    0.001105    0.888765    1.015208    0.946182    1.003    2
      age[0]                   0.981026    0.002050    0.897265    1.071181    0.975405    1.000    2
      age[0]                  1.011652    0.005262    0.877451    1.160529    1.005331    1.000    2
      age[0]                  0.987274    0.001059    0.930275    1.051237    0.983050    1.002    2
      age[0]                  0.847952    0.003695    0.792186    0.964998    0.829383    1.000    2
      age[0]                   0.981919    0.001630    0.911573    1.048183    0.977547    1.000    2
      age[0]                  0.967159    0.001536    0.898890    1.047034    0.962347    1.003    2
      age[0]                   0.982560    0.001289    0.915832    1.051318    0.979274    1.002    2
      age[0]                  0.984758    0.003152    0.880435    1.094249    0.979652    1.002    2
      age[0]                   0.862200    0.002701    0.767943    0.965721    0.857878    1.005    2
      age[0]                   0.975991    0.002781    0.881547    1.085649    0.971019    1.006    2
      age[0]                   1.040361    0.003435    0.929410    1.150411    1.034051    1.008    2
      age[0]                   0.881986    0.007562    0.703268    1.040390    0.873837    1.001    2
      age[0]                  1.035093    0.007673    0.858523    1.228454    1.030063    1.000    2
      age[0]                   0.982363    0.001599    0.910094    1.062920    0.978277    1.000    2
      age[0]                   0.716835    0.006951    0.557448    0.875724    0.712736    1.092    2
      age[0]                  0.947633    0.001173    0.905157    1.012210    0.939546    1.005    2
      age[0]                  0.980144    0.001854    0.900580    1.063738    0.976104    1.004    2
      age[0]                  0.896543    0.002386    0.807734    0.993882    0.891431    1.018    2
      age[0]                   0.997943    0.001368    0.935943    1.066568    0.992451    1.001    2
      age[0]                  1.029878    0.002430    0.940711    1.128003    1.024264    1.005    2
      age[0]                   0.955036    0.001201    0.902442    1.022405    0.948782    1.000    2
      age[0]                  0.910511    0.002776    0.829273    1.010313    0.899995    1.006    2
      age[0]                   0.966857    0.001510    0.897570    1.043688    0.963211    1.004    2
      age[0]                   0.985914    0.000541    0.943456    1.027782    0.983628    1.000    2
      age[0]                  1.054624    0.001456    0.984719    1.134122    1.051031    1.008    2
      age[0]                  0.993802    0.000524    0.962750    1.037259    0.989117    1.000    2
      age[0]                   0.876371    0.002846    0.782316    0.986764    0.869589    1.001    2
      age[0]                   0.874416    0.004217    0.778679    0.996858    0.865249    1.106    2
