      clockrate                0.904189    0.004127    0.780260    1.032103    0.899632    176.53    178.44    1.005
      clockrate                1.058590    0.007730    0.898718    1.238812    1.050596    134.32    168.49    1.000
      clockrate                0.922337    0.002844    0.819169    1.025277    0.919632     78.91    165.40    1.004
      clockrate                0.892434    0.002763    0.794565    1.000250    0.890090    143.57    307.64    1.000
      clockrate                0.873446    0.002824    0.768871    0.976524    0.871016    195.89    233.69    1.007
      clockrate                0.759739    0.004211    0.633571    0.885506    0.757564    839.40    840.81    1.000
      clockrate                0.929731    0.002972    0.824968    1.038491    0.926498     92.35    170.10    1.030
      clockrate                1.170448    0.013677    0.947010    1.400192    1.163187    150.45    250.90    1.000
      clockrate                0.960167    0.004544    0.825424    1.090145    0.957480   1054.90   1286.69    1.002
      clockrate                0.995869    0.004247    0.869841    1.123697    0.991416     60.75     69.68    1.001
      clockrate                0.927985    0.003138    0.822017    1.040633    0.924922     83.14    202.45    1.004
      clockrate                0.886878    0.016145    0.654142    1.139449    0.873980    269.63    472.88    1.000
      clockrate                0.968894    0.012198    0.765976    1.187706    0.957293    171.62    253.54    1.000
      clockrate                1.133891    0.057775    0.748191    1.619380    1.091744    113.00    198.02    1.007
      clockrate                0.981340    0.004973    0.848986    1.121998    0.975916    173.59    207.38    1.021
      clockrate                0.897074    0.002371    0.801921    0.991517    0.895473    373.84    486.80    1.000
      clockrate                0.870605    0.003457    0.758315    0.986751    0.867604    183.88    229.54    1.000
      clockrate                0.863835    0.014585    0.655711    1.103233    0.847826    221.79    246.66    1.000
      clockrate                1.188750    0.070439    0.715124    1.701627    1.162671    121.44    204.75    1.001
      clockrate                0.841490    0.008620    0.670583    1.027185    0.830924    239.87    361.39    1.000
      clockrate                0.997476    0.003153    0.888238    1.109090    0.995931    228.85    247.35    1.000
      clockrate                0.868339    0.004730    0.736225    1.005074    0.865390    977.33   1018.19    1.000
      clockrate                1.042926    0.011787    0.845407    1.266738    1.033907     65.65    134.67    1.001
      clockrate                1.011937    0.012172    0.816472    1.241369    1.000017    159.53    202.99    1.029
      clockrate                0.933322    0.002880    0.826013    1.036230    0.932229    603.44    959.40    1.004
      clockrate                0.957302    0.006399    0.807452    1.118221    0.951494    148.99    197.82    1.015
      clockrate                1.202745    0.019976    0.940614    1.485326    1.189403    159.13    194.66    1.004
      clockrate                1.063512    0.010913    0.875162    1.276910    1.054942    207.86    234.89    1.002
      clockrate                1.212715    0.054144    0.830449    1.684399    1.173229     41.21    103.27    1.021
      clockrate                0.843695    0.002945    0.740276    0.951824    0.841232    395.77    511.56    1.010
      clockrate                0.991775    0.005681    0.851642    1.148450    0.989633    313.32    380.53    1.008
      clockrate                0.974521    0.004034    0.854691    1.104944    0.973314     96.19    291.55    1.002
      clockrate                0.842269    0.002299    0.750176    0.937889    0.840730    215.32    291.16    1.009
      clockrate                0.936590    0.007276    0.774119    1.106236    0.932310    486.91    961.44    1.000
      clockrate                0.918858    0.002500    0.823300    1.018535    0.917309    147.40    315.12    1.004
      clockrate                1.053788    0.037143    0.753794    1.420184    1.014120     13.87     43.02    1.180
      clockrate                0.965238    0.010257    0.784312    1.172136    0.954316    128.48    187.35    1.005
      clockrate                0.821051    0.007908    0.659253    0.998669    0.812004    131.96    213.25    1.012
      clockrate                0.903642    0.010490    0.726750    1.109220    0.889934    362.59    381.00    1.002
      clockrate                0.868865    0.005004    0.737493    1.015812    0.863943    356.87    443.97    1.001
      clockrate                0.925104    0.002310    0.830113    1.019282    0.923751    541.41    739.35    1.031
      clockrate                1.070607    0.018408    0.833593    1.345085    1.053800     91.17    112.40    1.006
      clockrate                0.976022    0.006260    0.826828    1.131845    0.970479    105.15    145.78    1.000
      clockrate                0.939471    0.002941    0.835132    1.046669    0.937839    551.61    624.05    1.008
      clockrate                0.930940    0.004311    0.804661    1.061925    0.926533     94.31    134.12    1.010
      clockrate                0.886696    0.005033    0.750139    1.025454    0.882993    236.17    385.92    1.001
      clockrate                0.999331    0.004839    0.863654    1.134314    0.995666    171.13    197.26    1.000
      clockrate                0.848080    0.008275    0.677970    1.030693    0.840302    165.12    170.10    1.000
      clockrate                0.907385    0.005186    0.772239    1.049391    0.899331     62.35     86.64    1.020
      clockrate                0.873559    0.002709    0.774940    0.978754    0.872596     81.46    144.98    1.000
      clockrate                0.916043    0.011103    0.724957    1.128902    0.904404    224.13    242.50    1.003
      clockrate                1.016594    0.019585    0.777943    1.294543    0.999398     96.58    108.90    1.010
      clockrate                1.143311    0.028771    0.840038    1.478120    1.121619    181.09    191.28    1.001
      clockrate                0.894069    0.007392    0.740729    1.068830    0.886290     46.02     80.01    1.000
      clockrate                1.057638    0.009487    0.873512    1.253045    1.050452    235.21    309.38    1.000
      clockrate                0.921134    0.004610    0.786571    1.051724    0.918678    311.98    587.62    1.002
      clockrate                0.917549    0.003353    0.806419    1.033202    0.914586    149.37    200.27    1.000
      clockrate                0.883148    0.006781    0.730696    1.047582    0.875218    108.15    208.61    1.002
      clockrate                1.082888    0.012401    0.880131    1.307514    1.072894    388.59    388.84    1.003
      clockrate                0.899097    0.005000    0.766857    1.042789    0.895532    142.21    265.99    1.001
      clockrate                0.987986    0.013327    0.769010    1.218414    0.980525    145.97    198.56    1.013
      clockrate                0.986499    0.004296    0.860191    1.116500    0.982106     43.79     69.54    1.010
      clockrate                0.882441    0.005795    0.737516    1.025523    0.875422    195.20    213.45    1.002
      clockrate                0.845360    0.002631    0.747377    0.948675    0.842337    100.50    124.38    1.004
      clockrate                0.857618    0.004429    0.732423    0.991811    0.852375     96.80    104.85    1.000
      clockrate                0.956140    0.003822    0.839183    1.080287    0.952963    101.14    152.61    1.003
      clockrate                1.040365    0.017757    0.794805    1.308866    1.025846    162.70    165.07    1.011
      clockrate                0.981499    0.010052    0.799818    1.183515    0.973658    521.37    620.87    1.002
      clockrate                0.933359    0.012169    0.740207    1.153504    0.921227     89.73    113.24    1.010
      clockrate                0.935433    0.008034    0.764191    1.109793    0.929321    348.79    440.39    1.000
      clockrate                0.947676    0.002919    0.843719    1.054259    0.945777    205.21    233.16    1.000
      clockrate                0.990538    0.007748    0.827126    1.167883    0.982662    210.63    326.74    1.018
      clockrate                0.982085    0.005273    0.839854    1.123227    0.977280     81.99    100.81    1.005
      clockrate                0.915379    0.008955    0.740024    1.105752    0.908649    347.99    353.84    1.002
      clockrate                0.926680    0.009568    0.750694    1.125919    0.915320    205.69    248.71    1.004
      clockrate                1.384483    0.124822    0.808813    2.105272    1.312257    316.93    371.49    1.005
      clockrate                0.874317    0.002888    0.772321    0.983445    0.872283    196.65    212.08    1.001
      clockrate                0.898626    0.012771    0.694468    1.119968    0.884685    335.72    358.98    1.000
      clockrate                0.968267    0.004915    0.833866    1.105691    0.962484     73.31     91.19    1.000
      clockrate                0.889211    0.009243    0.705332    1.078310    0.882779    445.40    712.59    1.001
      clockrate                0.974691    0.006162    0.827871    1.132561    0.969348     42.84     99.69    1.097
      clockrate                0.924053    0.002424    0.830622    1.023201    0.920435     25.63     31.60    1.000
      clockrate                0.955334    0.005345    0.817044    1.102823    0.949853     54.18     63.47    1.000
      clockrate                0.951158    0.004952    0.817120    1.092898    0.947709    196.37    205.04    1.010
      clockrate                1.029090    0.008098    0.864523    1.205206    1.021882    124.68    193.90    1.000
      clockrate                0.912613    0.002756    0.810870    1.015146    0.911281    561.36    562.27    1.001
      clockrate                1.050566    0.011336    0.858588    1.273671    1.038128     95.28    128.46    1.000
      clockrate                0.974483    0.015313    0.748978    1.222316    0.961138    108.05    136.67    1.002
      clockrate                0.928862    0.006742    0.782065    1.094777    0.922888     88.85     94.56    1.000
      clockrate                0.821158    0.004166    0.695689    0.948260    0.818386    193.54    223.70    1.008
      clockrate                0.873139    0.002593    0.775335    0.974844    0.872379    623.74    804.39    1.001
      clockrate                0.975726    0.005313    0.840292    1.125082    0.971340    190.69    199.71    1.004
      clockrate                0.976076    0.005287    0.840180    1.125518    0.970508     56.76     78.17    1.001
      clockrate                1.203224    0.029392    0.888832    1.542593    1.193987     48.16     66.38    1.003
      clockrate                0.931806    0.003882    0.815127    1.054286    0.929200    164.46    223.60    1.011
      clockrate                0.942282    0.003516    0.828654    1.058550    0.939670    277.85    346.72    1.015
      clockrate                0.887871    0.004579    0.759996    1.021774    0.883687     80.94    115.71    1.014
      clockrate                1.108334    0.013364    0.895354    1.341541    1.098808     56.97     95.56    1.013
      clockrate                0.967115    0.003641    0.848802    1.084947    0.964751     44.86    158.27    1.010
      clockrate                1.221823    0.026386    0.912541    1.531462    1.216442     62.08     64.12    1.015
