      age[0]                   0.940586    0.001781    0.858646    1.016766    0.940172    1.020    2
      age[0]                   0.991778    0.000579    0.954716    1.036416    0.987820    1.005    2
      age[0]                   0.996193    0.000515    0.951299    1.039529    0.995108    1.000    2
      age[0]                   0.972171    0.000572    0.926940    1.021982    0.970548    1.007    2
      age[0]                   1.015822    0.000728    0.964101    1.069146    1.013995    1.002    2
      age[0]                  1.029823    0.001415    0.959514    1.104499    1.026938    1.000    2
      age[0]                   1.004247    0.000360    0.968495    1.041580    1.002984    1.000    2
      age[0]                  0.781412    0.001897    0.723554    0.867789    0.769314    1.000    2
      age[0]                  0.970291    0.000489    0.930949    1.012900    0.967771    1.000    2
      age[0]                   0.976102    0.001108    0.916733    1.042563    0.972254    1.000    2
      age[0]                  0.931618    0.000445    0.893657    0.976199    0.929609    1.003    2
      age[0]                  0.902004    0.005902    0.831190    1.050222    0.876544    1.022    2
      age[0]                  0.955341    0.003456    0.857047    1.057471    0.951342    1.001    2
      age[0]                  0.925058    0.005187    0.819256    1.071799    0.906748    1.000    2
      age[0]                   0.991533    0.001063    0.926813    1.053411    0.989573    1.024    2
      age[0]                   0.989989    0.000636    0.943471    1.041847    0.987095    1.012    2
      age[0]                   1.033981    0.000645    0.989236    1.086313    1.030774    1.000    2
      age[0]                  1.017618    0.002586    0.921631    1.122068    1.014126    1.000    2
      age[0]                  0.884672    0.011358    0.687637    1.101676    0.876128    1.000    2
      age[0]                  0.983783    0.000725    0.951793    1.037900    0.976610    1.000    2
      age[0]                   0.997284    0.000705    0.949893    1.053458    0.994778    1.006    2
      age[0]                  0.999244    0.000367    0.979084    1.037239    0.993858    1.001    2
      age[0]                  0.923755    0.002027    0.839897    1.015689    0.920248    1.000    2
      age[0]                  0.974885    0.001994    0.900684    1.069048    0.968240    1.071    2
      age[0]                  0.973812    0.000919    0.917039    1.033694    0.970999    1.004    2
      age[0]                  0.937459    0.001850    0.859921    1.025804    0.933873    1.000    2
      age[0]                  0.899797    0.001877    0.821898    0.987705    0.895739    1.000    2
      age[0]                  0.955825    0.002417    0.858803    1.052454    0.951856    1.000    2
      age[0]                  0.865031    0.003359    0.755984    0.982122    0.859608    1.012    2
      age[0]                   0.958227    0.001578    0.887468    1.040777    0.954969    1.001    2
      age[0]                   0.968340    0.000867    0.915646    1.028257    0.965124    1.009    2
      age[0]                   0.947851    0.000819    0.914770    1.003834    0.940074    1.003    2
      age[0]                  1.009424    0.000614    0.961570    1.059251    1.008161    1.015    2
      age[0]                  1.006628    0.000981    0.970763    1.060389    0.999584    1.002    2
      age[0]                   1.003258    0.000620    0.956344    1.051530    1.001636    1.005    2
      age[0]                  0.998760    0.001013    0.938089    1.059807    0.997954    1.038    2
      age[0]                  0.929184    0.001659    0.856705    1.014929    0.926331    1.003    2
      age[0]                  0.923969    0.000405    0.890413    0.964153    0.920920    1.002    2
      age[0]                  1.005959    0.000355    0.972129    1.042690    1.003389    1.000    2
      age[0]                  1.006902    0.000792    0.957240    1.063529    1.004171    1.002    2
      age[0]                   0.937105    0.000766    0.885244    0.992667    0.934919    1.020    2
      age[0]                  0.994457    0.002891    0.892914    1.098661    0.991355    1.000    2
      age[0]                   0.867290    0.003424    0.748135    0.974303    0.866778    1.017    2
      age[0]                   0.958253    0.000623    0.912197    1.008948    0.956264    1.000    2
      age[0]                  0.990732    0.000388    0.956912    1.031362    0.988077    1.001    2
      age[0]                  1.007377    0.000655    0.960711    1.058530    1.005381    1.001    2
      age[0]                  0.971321    0.000613    0.926692    1.021236    0.969331    1.003    2
      age[0]                  1.002552    0.001716    0.924699    1.081638    0.998766    1.000    2
      age[0]                  1.016674    0.000890    0.961943    1.076340    1.013165    1.010    2
      age[0]                   0.996053    0.000702    0.946627    1.045139    0.993630    1.005    2
      age[0]                  1.024923    0.001291    0.957518    1.097898    1.021545    1.001    2
      age[0]                  0.951461    0.002695    0.856249    1.054960    0.947808    1.009    2
      age[0]                  0.873482    0.000934    0.827728    0.929131    0.869364    1.001    2
      age[0]                  0.941786    0.003410    0.826229    1.062737    0.939411    1.000    2
      age[0]                  0.993839    0.001182    0.928331    1.060360    0.991523    1.003    2
      age[0]                  0.994614    0.000350    0.966032    1.029326    0.991691    1.000    2
      age[0]                   1.030149    0.002006    0.960280    1.128309    1.021389    1.000    2
      age[0]                  0.992544    0.002426    0.897450    1.089242    0.989327    1.001    2
      age[0]                  0.940299    0.000918    0.883323    1.002034    0.937817    1.003    2
      age[0]                   0.974783    0.000636    0.934766    1.023781    0.969760    1.000    2
      age[0]                  1.001459    0.000739    0.956574    1.051332    0.997695    1.002    2
      age[0]                   0.937329    0.001085    0.884941    1.007325    0.931181    1.003    2
      age[0]                  1.012720    0.000697    0.963414    1.066290    1.010346    1.000    2
      age[0]                   1.032632    0.002148    0.942448    1.129697    1.030461    1.007    2
      age[0]                   0.963095    0.001065    0.900730    1.022191    0.961108    1.000    2
      age[0]                   0.947928    0.001190    0.884989    1.013610    0.944316    1.000    2
      age[0]                  0.962350    0.005823    0.811679    1.110674    0.957702    1.008    2
      age[0]                  1.041965    0.001662    0.966722    1.119114    1.037772    1.005    2
      age[0]                  1.061904    0.004722    0.936694    1.200876    1.054582    1.006    2
      age[0]                  0.992008    0.001015    0.933779    1.055655    0.988282    1.001    2
      age[0]                   0.988405    0.001031    0.932736    1.057040    0.984740    1.006    2
      age[0]                  0.990162    0.000908    0.935670    1.050847    0.987582    1.002    2
      age[0]                   1.004777    0.001725    0.929168    1.088923    1.002268    1.000    2
      age[0]                  1.027143    0.003448    0.920924    1.141025    1.022973    1.012    2
      age[0]                  0.978840    0.000916    0.927314    1.036598    0.973836    1.007    2
      age[0]                  0.859315    0.004782    0.792186    0.990146    0.840711    1.040    2
      age[0]                   1.021067    0.001242    0.960116    1.090518    1.018398    1.001    2
      age[0]                  1.050264    0.002149    0.962815    1.149390    1.047713    1.000    2
      age[0]                   0.983515    0.000751    0.933227    1.037639    0.980852    1.000    2
      age[0]                  0.990298    0.001207    0.926499    1.059012    0.987027    1.001    2
      age[0]                  1.009742    0.005968    0.861318    1.158251    1.002041    1.052    2
      age[0]                   0.945195    0.001393    0.875315    1.020280    0.942958    1.006    2
      age[0]                   0.997174    0.001481    0.926340    1.067362    0.993704    1.000    2
      age[0]                  0.970797    0.004649    0.846155    1.108485    0.964236    1.002    2
      age[0]                  0.925282    0.001154    0.861839    0.993383    0.923414    1.003    2
      age[0]                  0.990449    0.000838    0.936862    1.048528    0.988289    1.001    2
      age[0]                  0.769657    0.003359    0.655061    0.886369    0.769019    1.002    2
      age[0]                  0.985118    0.002078    0.905143    1.066256    0.981340    1.002    2
      age[0]                  0.975204    0.001289    0.908434    1.048630    0.972773    1.003    2
      age[0]                  0.939782    0.001589    0.867454    1.016338    0.935658    1.012    2
      age[0]                   1.003419    0.000763    0.953697    1.060676    1.000523    1.001    2
      age[0]                  1.032802    0.001642    0.960916    1.115632    1.027792    1.006    2
      age[0]                   0.985432    0.001020    0.926252    1.044690    0.983144    1.003    2
      age[0]                  0.935274    0.001870    0.862852    1.021937    0.928385    1.002    2
      age[0]                   0.984195    0.001174    0.921553    1.052833    0.980840    1.003    2
      age[0]                   1.018939    0.000617    0.972941    1.068220    1.017027    1.000    2
      age[0]                  1.019504    0.000551    0.976098    1.066706    1.018093    1.000    2
      age[0]                  1.009595    0.000352    0.976031    1.047013    1.007423    1.001    2
      age[0]                   0.953453    0.002167    0.869375    1.054225    0.949356    1.001    2
      age[0]                  0.884939    0.007025    0.778683    1.036558    0.863972    1.004    2
