      clockrate                0.585021    0.003576    0.474597    0.705232    0.579700    103.48    122.91    1.002
      clockrate                0.651517    0.003123    0.543178    0.761297    0.649424    338.92    388.39    1.001
      clockrate                0.611827    0.001503    0.536773    0.688708    0.610487    266.44    322.12    1.001
      clockrate                0.686332    0.003959    0.567050    0.808956    0.680660    127.10    159.87    1.001
      clockrate                0.500387    0.001609    0.425415    0.581749    0.498495    135.80    221.58    1.001
      clockrate                0.425137    0.002908    0.326067    0.533889    0.420140    295.00    479.05    1.000
      clockrate                0.560899    0.001614    0.485280    0.640203    0.558536     92.10    258.36    1.003
      clockrate                0.683278    0.011859    0.491980    0.903904    0.668579    133.66    147.80    1.005
      clockrate                0.692231    0.017486    0.467766    0.954455    0.673059    139.40    140.68    1.000
      clockrate                0.611379    0.002208    0.522252    0.706685    0.609976    237.55    259.48    1.000
      clockrate                0.572789    0.002345    0.481974    0.670940    0.569772    190.59    313.35    1.000
      clockrate                0.542962    0.008876    0.373172    0.734441    0.533298    115.36    298.32    1.001
      clockrate                0.684195    0.014189    0.478618    0.932983    0.669627    274.84    310.24    1.002
      clockrate                0.702079    0.021556    0.455700    0.997308    0.678257    234.77    255.04    1.019
      clockrate                0.597116    0.003714    0.484838    0.718803    0.591941     53.41    101.71    1.001
      clockrate                0.519922    0.001605    0.443875    0.599569    0.517296     78.21    129.19    1.018
      clockrate                0.625457    0.002267    0.536962    0.721554    0.622623    144.91    207.09    1.004
      clockrate                0.528485    0.010563    0.347004    0.731657    0.515199    114.00    179.38    1.002
      clockrate                0.589762    0.033845    0.313044    0.951080    0.548133    219.63    233.25    1.000
      clockrate                0.777942    0.015533    0.558895    1.017758    0.761584    345.66    383.50    1.001
      clockrate                0.608981    0.002902    0.509505    0.717921    0.603897    124.28    151.62    1.022
      clockrate                0.463829    0.002507    0.366746    0.561925    0.460408    581.61    636.67    1.002
      clockrate                0.523133    0.005428    0.389575    0.674600    0.513739    138.00    147.13    1.002
      clockrate                0.566852    0.004576    0.439953    0.702436    0.562221    158.20    184.55    1.002
      clockrate                0.694631    0.002622    0.598881    0.798951    0.691604    382.81    454.93    1.003
      clockrate                0.551167    0.005496    0.414569    0.694489    0.543263    124.66    160.35    1.000
      clockrate                0.556334    0.004873    0.434669    0.702228    0.547877    116.75    134.22    1.007
      clockrate                0.539895    0.002868    0.438398    0.646085    0.535486    121.10    135.17    1.000
      clockrate                0.520398    0.008168    0.368982    0.708275    0.506684    115.03    137.97    1.004
      clockrate                0.656454    0.003327    0.549781    0.772475    0.651447    141.34    214.81    1.000
      clockrate                0.597047    0.004048    0.477987    0.728023    0.593242    152.03    183.53    1.000
      clockrate                0.661903    0.009074    0.480594    0.841708    0.658114     31.12     76.81    1.051
      clockrate                0.577706    0.003200    0.469082    0.688510    0.573665     97.12    173.41    1.001
      clockrate                0.534673    0.008397    0.374016    0.719662    0.525868    236.77    322.32    1.000
      clockrate                0.577710    0.001756    0.499403    0.663058    0.574902    140.26    184.66    1.004
      clockrate                0.570896    0.005917    0.430365    0.727323    0.563417    457.66    488.06    1.003
      clockrate                0.588352    0.006494    0.445374    0.750879    0.579092    130.09    213.27    1.003
      clockrate                0.808756    0.019344    0.576452    1.098253    0.785236    116.32    142.15    1.001
      clockrate                0.630463    0.012647    0.437018    0.854588    0.613847    217.95    236.36    1.001
      clockrate                0.535946    0.005160    0.402926    0.679143    0.528537    153.16    164.72    1.000
      clockrate                0.639517    0.004816    0.512000    0.779393    0.633557     70.06    128.17    1.001
      clockrate                0.600593    0.010047    0.429312    0.805500    0.586117    100.34    107.02    1.002
      clockrate                0.691833    0.007455    0.530490    0.862843    0.684500     52.62    108.77    1.003
      clockrate                0.628982    0.007887    0.466910    0.806763    0.619370     67.79    118.69    1.002
      clockrate                0.576968    0.002098    0.491021    0.667561    0.574046    170.32    301.12    1.001
      clockrate                0.531422    0.002120    0.441619    0.620628    0.529810   1469.09   1473.11    1.001
      clockrate                0.701926    0.003617    0.588462    0.821468    0.697331    209.48    246.96    1.003
      clockrate                0.488825    0.008894    0.325546    0.671944    0.476063     83.39    126.60    1.007
      clockrate                0.539058    0.002753    0.441020    0.647815    0.536092    172.29    265.04    1.003
      clockrate                0.597828    0.004205    0.479103    0.730757    0.591281    142.90    146.47    1.002
      clockrate                0.571259    0.005027    0.438938    0.709934    0.563853    212.65    288.13    1.020
      clockrate                0.577034    0.008545    0.416110    0.759755    0.564842    291.42    291.77    1.002
      clockrate                0.579739    0.008247    0.420448    0.763717    0.568083    161.76    245.15    1.003
      clockrate                0.536629    0.002781    0.439887    0.642562    0.531543     82.19    213.02    1.002
      clockrate                0.652016    0.004925    0.532376    0.798996    0.642244    144.13    172.40    1.018
      clockrate                0.594601    0.006173    0.450356    0.753203    0.586065     94.84    103.67    1.004
      clockrate                0.583654    0.002116    0.498956    0.679397    0.580642    287.17    304.88    1.000
      clockrate                0.636601    0.006764    0.461432    0.802064    0.635447    141.57    148.11    1.001
      clockrate                0.643706    0.005931    0.503792    0.800981    0.635405    200.70    298.91    1.000
      clockrate                0.512352    0.003163    0.409908    0.627837    0.506885    111.95    119.34    1.007
      clockrate                0.648761    0.019123    0.403380    0.932935    0.627510    155.22    178.01    1.015
      clockrate                0.553444    0.003230    0.442783    0.665180    0.551263     51.42     66.81    1.003
      clockrate                0.638625    0.003696    0.525526    0.759616    0.633337    183.79    280.50    1.005
      clockrate                0.553879    0.002908    0.451013    0.658930    0.549149    184.70    204.60    1.000
      clockrate                0.525195    0.003071    0.423354    0.637616    0.520348     41.14     54.05    1.001
      clockrate                0.519780    0.002250    0.431042    0.615433    0.516086    115.10    148.10    1.001
      clockrate                0.613744    0.014019    0.405185    0.848546    0.597213     95.27    122.21    1.011
      clockrate                0.601385    0.012991    0.411090    0.828446    0.582541    143.01    147.52    1.001
      clockrate                0.519538    0.004179    0.403447    0.645893    0.512332    151.89    213.77    1.000
      clockrate                0.594369    0.004114    0.474755    0.723923    0.589045    208.46    230.20    1.003
      clockrate                0.671816    0.002681    0.577777    0.773320    0.667166    193.83    215.55    1.000
      clockrate                0.594163    0.002851    0.495639    0.699301    0.591078    650.24    702.75    1.003
      clockrate                0.541399    0.002817    0.439670    0.645556    0.538229    152.91    184.67    1.001
      clockrate                0.598225    0.010002    0.417692    0.791679    0.586295    155.37    158.45    1.001
      clockrate                0.582938    0.008007    0.425344    0.766102    0.571214    127.63    150.36    1.002
      clockrate                0.618422    0.061928    0.241082    1.107818    0.568469    112.84    192.10    1.002
      clockrate                0.557336    0.001707    0.478825    0.639946    0.555036    249.48    265.88    1.004
      clockrate                0.550560    0.007578    0.403626    0.727147    0.539955    329.64    367.86    1.001
      clockrate                0.608063    0.004471    0.484250    0.740032    0.601627    122.86    144.22    1.011
      clockrate                0.508095    0.005854    0.368187    0.659215    0.499060    222.83    237.05    1.005
      clockrate                0.628348    0.005583    0.490528    0.774927    0.619445     94.58    139.63    1.000
      clockrate                0.553197    0.001432    0.480164    0.627993    0.551366    172.64    284.08    1.002
      clockrate                0.492265    0.002950    0.388225    0.601474    0.488718    144.88    230.02    1.001
      clockrate                0.718590    0.014263    0.500676    0.956291    0.705501     33.01     66.85    1.010
      clockrate                0.575316    0.009463    0.411784    0.772398    0.560399    228.84    236.51    1.000
      clockrate                0.535997    0.003356    0.430345    0.651965    0.530451    151.65    201.59    1.004
      clockrate                0.920722    0.020739    0.647073    1.197334    0.904590     82.62    112.95    1.002
      clockrate                0.520767    0.007015    0.376397    0.693661    0.509456    180.88    209.36    1.000
      clockrate                0.553015    0.003200    0.446500    0.667505    0.549393    261.86    276.17    1.002
      clockrate                0.603255    0.009758    0.427709    0.801249    0.589778    204.03    228.90    1.002
      clockrate                0.660798    0.006319    0.519469    0.825171    0.653883     88.58    106.46    1.005
      clockrate                0.619630    0.003039    0.510923    0.726578    0.615986    200.57    326.16    1.000
      clockrate                0.705153    0.007367    0.532738    0.870764    0.699706     47.61     49.96    1.004
      clockrate                0.586190    0.009818    0.408032    0.781668    0.572241    212.14    217.05    1.003
      clockrate                0.530998    0.002454    0.437343    0.630106    0.527835    124.68    148.91    1.000
      clockrate                0.541962    0.001621    0.463477    0.622411    0.540357    205.28    338.31    1.000
      clockrate                0.487176    0.003216    0.379309    0.599801    0.483717    242.00    257.78    1.000
      clockrate                0.673288    0.009034    0.503003    0.855826    0.661933     77.48    132.12    1.021
      clockrate                0.566811    0.003700    0.455553    0.692075    0.561929    102.57    108.79    1.009
      clockrate                0.661236    0.003909    0.538218    0.784160    0.657978    229.38    258.04    1.000
