0.3255814
0.3333333
0.2045455
0.2954545
0.1818182
0.3
0.1282051
0.1363636
0.4827586
0.2
0.2894737
0.25
0.3043478
0.125
0.4418605
0.2173913
0.1627907
0.2631579
0.1428571
0.25
0.2826087
0.2916667
0.2258065
0.3076923
0.175
0.1481481
0.1764706
0.1714286
0.1481481
0.1794872
0.3170732
0.1780822
0.1351351
0.2352941
0.1521739
0.3
0.3333333
0.2727273
0.4210526
0.2
0.3191489
0.2068966
0.212766
0.3111111
0.1351351
0.1851852
0.25
0.2083333
0.3030303
0.2
0.1304348
0.05555556
0.1052632
0.1666667
0.1875
0.1142857
0.2857143
0.1818182
0.2
0.1081081
0.1666667
0.275
0.08
0.2666667
0.2325581
0.2
0.1764706
0.4090909
0.1923077
0.1923077
0.15
0.1481481
0.225
0.2608696
0.2307692
0.3333333
0.3589744
0.2
0.1463415
0.1578947
0.1315789
0.09090909
0.2307692
0.1714286
0.2105263
0.2631579
0.3
0.5
0.1923077
0.2083333
0.3255814
0.1428571
0.3913043
0.1875
0.225
0.3043478
0.2666667
0.25
0.3947368
0.1290323
