      clockrate{all}                1.041663    0.011588    0.860551    1.266783    1.023656     36.82     53.34    1.001
      clockrate{all}                1.034930    0.005329    0.890146    1.176063    1.032868    340.65    383.41    1.005
      clockrate{all}                1.078028    0.003114    0.968925    1.187914    1.076063    272.88    574.97    1.012
      clockrate{all}                0.960733    0.003425    0.850192    1.078253    0.957206    138.48    270.13    1.000
      clockrate{all}                0.971199    0.003491    0.853764    1.084294    0.969715    367.93    466.40    1.000
      clockrate{all}                1.138510    0.008874    0.958588    1.326648    1.132040     90.69    102.40    1.011
      clockrate{all}                1.030489    0.002798    0.928228    1.134860    1.029171    252.98    318.93    1.008
      clockrate{all}                1.608853    0.052886    1.189898    2.062770    1.586655     75.56    211.52    1.001
      clockrate{all}                1.098109    0.006501    0.944728    1.258976    1.093907    859.48   1214.61    1.000
      clockrate{all}                1.089344    0.003942    0.967968    1.214116    1.087233    169.01    226.26    1.006
      clockrate{all}                1.059546    0.004882    0.927960    1.200749    1.055367     42.82    114.18    1.011
      clockrate{all}                1.226768    0.030603    0.912406    1.588340    1.211233    219.59    456.39    1.001
      clockrate{all}                1.137435    0.008507    0.965144    1.324669    1.132086     52.68     82.91    1.013
      clockrate{all}                1.033084    0.027109    0.746001    1.364604    1.010748    290.17    301.76    1.000
      clockrate{all}                0.992716    0.004694    0.865377    1.133350    0.986246     66.73     87.67    1.009
      clockrate{all}                1.105611    0.002757    1.001860    1.207589    1.105156    418.49    477.05    1.000
      clockrate{all}                1.006583    0.003304    0.894703    1.120195    1.003836    237.24    253.83    1.003
      clockrate{all}                1.133027    0.017635    0.888737    1.395746    1.120368    501.85    524.79    1.001
      clockrate{all}                1.497556    0.139181    0.918417    2.261130    1.415231    497.70    499.39    1.000
      clockrate{all}                1.039022    0.008727    0.862424    1.221734    1.032552    107.31    131.50    1.011
      clockrate{all}                1.109814    0.004730    0.974798    1.245337    1.106582     80.03    129.83    1.049
      clockrate{all}                0.987918    0.007347    0.826669    1.159816    0.982411    626.51    664.07    1.003
      clockrate{all}                1.082123    0.010181    0.888037    1.277756    1.075813    598.29    640.77    1.001
      clockrate{all}                1.080126    0.008899    0.901701    1.265147    1.074892    252.47    262.91    1.000
      clockrate{all}                1.145666    0.003744    1.028948    1.267571    1.144803    961.45   1192.45    1.001
      clockrate{all}                1.067887    0.011077    0.869313    1.275199    1.059245    140.10    291.36    1.000
      clockrate{all}                1.077407    0.007526    0.909863    1.248305    1.072699    405.86    506.18    1.002
      clockrate{all}                0.932126    0.003841    0.815520    1.056562    0.929195    189.83    517.99    1.009
      clockrate{all}                1.142612    0.014009    0.916205    1.372825    1.129036    145.06    223.96    1.010
      clockrate{all}                0.996672    0.006936    0.845443    1.164133    0.987227     35.85     59.35    1.059
      clockrate{all}                1.106324    0.011623    0.906066    1.323303    1.098267    132.26    155.65    1.010
      clockrate{all}                1.282330    0.011972    1.078214    1.501208    1.274765     34.19    102.12    1.007
      clockrate{all}                1.052737    0.005049    0.916367    1.194052    1.048180     35.53     55.89    1.000
      clockrate{all}                1.137885    0.020075    0.880805    1.422344    1.121584    176.77    278.22    1.000
      clockrate{all}                1.004233    0.003124    0.894598    1.113025    1.002117    130.26    252.92    1.000
      clockrate{all}                1.070470    0.020663    0.825621    1.359197    1.047629     31.84     42.98    1.016
      clockrate{all}                1.164124    0.012807    0.958417    1.388880    1.153080     97.78    154.04    1.001
      clockrate{all}                0.931300    0.010139    0.741612    1.131240    0.923355     99.70    116.51    1.003
      clockrate{all}                1.154444    0.013905    0.934186    1.388197    1.142151    207.55    267.35    1.006
      clockrate{all}                1.059441    0.008465    0.892732    1.242131    1.050885     67.41    132.69    1.004
      clockrate{all}                1.039029    0.003727    0.922414    1.160739    1.037101    355.29    378.17    1.007
      clockrate{all}                1.020676    0.008189    0.850783    1.195563    1.014484    121.54    268.76    1.019
      clockrate{all}                1.052249    0.006942    0.893190    1.216142    1.043618     56.79    104.67    1.000
      clockrate{all}                1.107052    0.007426    0.948222    1.281590    1.099520    168.42    239.86    1.002
      clockrate{all}                1.054064    0.004937    0.917519    1.192592    1.051275    305.21    393.99    1.001
      clockrate{all}                1.000321    0.008022    0.829721    1.175713    0.994449    176.01    228.01    1.000
      clockrate{all}                1.190553    0.007137    1.027535    1.356679    1.186197    274.39    304.22    1.000
      clockrate{all}                1.119827    0.027109    0.827786    1.452861    1.099620     97.22    154.48    1.000
      clockrate{all}                1.018630    0.005213    0.878868    1.159350    1.015698    336.54    397.17    1.033
      clockrate{all}                0.975825    0.002902    0.871241    1.082386    0.974227    121.97    204.78    1.000
      clockrate{all}                1.073182    0.008751    0.895167    1.259541    1.065676    165.69    234.89    1.013
      clockrate{all}                1.163581    0.030465    0.853208    1.502609    1.141234    240.40    271.79    1.000
      clockrate{all}                1.222459    0.047188    0.853990    1.643974    1.187239    172.19    225.05    1.001
      clockrate{all}                1.150236    0.005850    1.005221    1.302976    1.146579    116.43    239.40    1.004
      clockrate{all}                1.074334    0.008785    0.903397    1.265192    1.065852    226.37    239.01    1.009
      clockrate{all}                1.041907    0.006530    0.885977    1.202059    1.038234    506.49    787.05    1.000
      clockrate{all}                0.987717    0.003435    0.873632    1.102998    0.984063     48.38    105.60    1.000
      clockrate{all}                1.023849    0.011303    0.827182    1.232660    1.013939    208.42    294.81    1.001
      clockrate{all}                1.129679    0.009966    0.936131    1.325969    1.124243    463.54    555.22    1.000
      clockrate{all}                1.108353    0.006470    0.953684    1.266597    1.104979    105.40    235.56    1.014
      clockrate{all}                1.031349    0.015804    0.803922    1.275091    1.017986    339.95    594.83    1.004
      clockrate{all}                0.983968    0.003271    0.871613    1.094896    0.982135     61.16    216.87    1.006
      clockrate{all}                1.034588    0.006240    0.887552    1.193464    1.028857    111.19    150.55    1.002
      clockrate{all}                0.968712    0.002678    0.869691    1.072031    0.967481    119.34    145.57    1.047
      clockrate{all}                1.048705    0.005405    0.911159    1.199464    1.043731    359.93    365.66    1.005
      clockrate{all}                1.064336    0.004971    0.931109    1.204295    1.059490     98.14    286.98    1.031
      clockrate{all}                1.316539    0.113078    0.810490    2.010580    1.243178     50.65     52.86    1.010
      clockrate{all}                1.207735    0.012595    1.003584    1.434752    1.199504    249.58    321.68    1.009
      clockrate{all}                1.266576    0.021776    1.005728    1.564276    1.245874     47.27    122.43    1.006
      clockrate{all}                1.158163    0.019163    0.916564    1.426410    1.142010     39.54     52.34    1.035
      clockrate{all}                1.104279    0.004128    0.977759    1.228565    1.101914    189.91    445.79    1.001
      clockrate{all}                1.062242    0.008838    0.885574    1.250885    1.055628    255.72    299.36    1.001
      clockrate{all}                1.054849    0.005559    0.911994    1.204808    1.049438     43.39    176.23    1.050
      clockrate{all}                1.112949    0.008103    0.940203    1.292629    1.109428    133.73    138.47    1.000
      clockrate{all}                1.123306    0.008418    0.951369    1.306313    1.115755    195.51    304.97    1.001
      clockrate{all}                1.265714    0.093745    0.752319    1.858339    1.222134     57.71    324.58    1.010
      clockrate{all}                1.045950    0.008670    0.878221    1.238482    1.032832     13.56     29.09    1.000
      clockrate{all}                1.292269    0.027724    0.996904    1.631604    1.269859    357.09    466.43    1.002
      clockrate{all}                0.996355    0.004715    0.861335    1.128700    0.992701    359.21    373.59    1.002
      clockrate{all}                1.224534    0.022973    0.947291    1.528418    1.207927    243.20    283.41    1.001
      clockrate{all}                1.026480    0.005128    0.891022    1.171265    1.023138    119.96    190.70    1.004
      clockrate{all}                0.996547    0.002915    0.892150    1.103179    0.994396     95.55    280.69    1.008
      clockrate{all}                0.995249    0.005645    0.847363    1.141708    0.992127    493.35    643.89    1.001
      clockrate{all}                1.263512    0.019750    1.027506    1.559572    1.242337     40.55     42.74    1.026
      clockrate{all}                1.068923    0.029789    0.786916    1.418501    1.032964     91.33    114.60    1.002
      clockrate{all}                1.066184    0.008801    0.902067    1.257245    1.054148     18.20     89.20    1.043
      clockrate{all}                1.214083    0.015440    0.993078    1.450026    1.200978     35.27     86.33    1.054
      clockrate{all}                1.055475    0.016264    0.837858    1.320157    1.038947     43.36    115.02    1.016
      clockrate{all}                1.083367    0.010454    0.890569    1.286183    1.075550    133.04    148.65    1.008
      clockrate{all}                1.003832    0.010121    0.825264    1.197472    0.992686     82.10    127.81    1.004
      clockrate{all}                1.033880    0.003561    0.917761    1.150243    1.032808    641.29    874.18    1.000
      clockrate{all}                1.172430    0.007393    1.004989    1.341917    1.166809     44.65     93.41    1.003
      clockrate{all}                1.097354    0.003940    0.975657    1.220381    1.095434    177.84    301.72    1.037
      clockrate{all}                2.074526    0.403219    1.114636    3.354720    1.933123     82.30    104.99    1.001
      clockrate{all}                1.140898    0.005432    1.001678    1.285564    1.135795     54.45    153.19    1.040
      clockrate{all}                1.054465    0.003394    0.939876    1.168174    1.052869    679.82    775.07    1.004
      clockrate{all}                1.105701    0.007633    0.940757    1.281698    1.100956     52.66     53.76    1.008
      clockrate{all}                1.131277    0.012689    0.930644    1.359879    1.117911    106.71    108.47    1.004
      clockrate{all}                1.081635    0.007717    0.922918    1.259289    1.071847     24.45     34.23    1.059
      clockrate{all}                1.180431    0.007545    1.014168    1.351854    1.176256    310.37    424.71    1.000
