0.4651163
0.6666667
0.3636364
0.6363636
0.6136364
0.55
0.4358974
0.3181818
0.5517241
0.4888889
0.3947368
0.5
0.3913043
0.4375
0.627907
0.4347826
0.5116279
0.4210526
0.2857143
0.6875
0.4782609
0.4166667
0.4516129
0.5769231
0.35
0.3333333
0.3529412
0.4285714
0.4444444
0.4358974
0.4878049
0.4864865
0.3783784
0.3529412
0.5652174
0.35
0.5925926
0.7272727
0.4736842
0.52
0.6382979
0.4827586
0.5106383
0.3829787
0.3513514
0.4814815
0.55
0.25
0.6060606
0.3777778
0.4782609
0.2777778
0.2105263
0.5333333
0.53125
0.5142857
0.5952381
0.4545455
0.5
0.4054054
0.3888889
0.5
0.44
0.5555556
0.627907
0.325
0.5294118
0.5
0.6923077
0.4615385
0.325
0.4444444
0.475
0.6521739
0.6538462
0.5
0.4871795
0.4
0.7317073
0.5263158
0.4473684
0.3863636
0.5128205
0.3428571
0.6315789
0.5789474
0.6
0.65
0.4615385
0.5833333
0.5581395
0.4
0.6086957
0.625
0.475
0.4130435
0.6
0.5
0.5789474
0.516129
