      TL          5.977682    0.080562    5.416400    6.530277    5.971950   9592.18   9987.85    1.000
      TL          5.688621    0.080474    5.152818    6.261669    5.680188   8146.45   8909.21    1.000
      TL          6.332311    0.082816    5.766332    6.891818    6.325836  14450.10  14960.58    1.000
      TL          5.834184    0.074000    5.300890    6.366900    5.830426  16053.02  16620.83    1.000
      TL          6.157637    0.091444    5.582276    6.761246    6.149193   7009.88   7428.76    1.000
      TL          3.661835    0.068221    3.169984    4.192566    3.653576  15117.76  15840.97    1.000
      TL          5.576033    0.083513    5.019382    6.147908    5.570356  11947.98  13336.35    1.000
      TL          4.532383    0.100854    3.913600    5.156812    4.520556  18362.57  18746.60    1.000
      TL          4.683340    0.069748    4.174469    5.204501    4.676615  16017.97  16587.31    1.000
      TL          6.926010    0.100638    6.329209    7.570445    6.919851  10362.79  10929.85    1.000
      TL          5.736888    0.086667    5.169777    6.318373    5.730024   9971.61  10117.05    1.000
      TL          2.551744    0.051642    2.122242    3.005597    2.541235  12209.38  14888.14    1.000
      TL          4.051197    0.075224    3.514594    4.585293    4.042055  17878.37  18076.12    1.000
      TL          2.884623    0.056133    2.417089    3.343805    2.875901  25289.41  25352.30    1.000
      TL          6.505325    0.087019    5.948747    7.108448    6.499284  12741.72  13912.63    1.000
      TL          6.188011    0.081625    5.633006    6.749849    6.181776  14242.44  14657.42    1.000
      TL          5.332654    0.068373    4.826311    5.850242    5.326865  10572.25  11024.10    1.000
      TL          3.339305    0.052722    2.903739    3.796523    3.332521  23181.14  23784.08    1.000
      TL          2.165652    0.144637    1.451738    2.908435    2.130647  25203.03  25441.34    1.000
      TL          3.161215    0.070281    2.655097    3.689330    3.151009  20111.14  20436.56    1.000
      TL          5.898756    0.069872    5.389823    6.425338    5.894137  13469.68  13907.38    1.000
      TL          3.924127    0.066047    3.416363    4.422329    3.918052  20282.61  20459.45    1.000
      TL          4.634118    0.064314    4.157592    5.145502    4.628199  13450.95  13979.13    1.000
      TL          4.100949    0.059938    3.623756    4.582511    4.094129  18863.36  18923.78    1.000
      TL          5.626230    0.077161    5.087941    6.172518    5.619181  13639.28  13992.88    1.000
      TL          4.691886    0.069977    4.173586    5.207415    4.686567  18613.91  19054.62    1.000
      TL          5.505037    0.082673    4.951718    6.074844    5.496934  10175.41  11849.72    1.000
      TL          5.247896    0.075006    4.707210    5.777036    5.241253  16669.92  17744.75    1.000
      TL          4.214751    0.068229    3.705758    4.725767    4.207684  15986.67  16179.03    1.000
      TL          5.071897    0.064713    4.576367    5.571587    5.066708  15273.79  15469.35    1.000
      TL          5.300794    0.061203    4.823948    5.794254    5.296426  15473.65  16359.11    1.000
      TL          5.883813    0.086054    5.314336    6.463699    5.876315  10879.39  12196.90    1.000
      TL          5.125124    0.072186    4.610550    5.661758    5.118410  16282.44  17496.18    1.000
      TL          2.807792    0.046341    2.398685    3.237579    2.801038  20346.15  20948.92    1.000
      TL          5.691313    0.072428    5.169196    6.219268    5.686000  10392.91  11482.04    1.000
      TL          2.969967    0.061329    2.490860    3.461531    2.962575  20363.18  21916.76    1.000
      TL          3.910941    0.064512    3.428635    4.418125    3.902760  18251.82  18449.89    1.000
      TL          2.592449    0.038418    2.213645    2.980230    2.587374  26821.79  27058.15    1.000
      TL          3.108611    0.058591    2.636549    3.579533    3.100164  21423.04  21491.33    1.000
      TL          4.209623    0.076240    3.674287    4.755118    4.200616  16628.30  17060.25    1.000
      TL          5.993278    0.077158    5.457162    6.548460    5.989622  16179.29  16634.74    1.000
      TL          4.052067    0.060872    3.580040    4.544158    4.045664  13809.99  14679.52    1.000
      TL          5.732707    0.069992    5.213681    6.246608    5.727492  12125.21  12450.56    1.000
      TL          6.267979    0.092041    5.674851    6.861760    6.260176   8872.00   9919.40    1.000
      TL          5.713992    0.077522    5.177827    6.266188    5.707651  12193.74  13330.87    1.000
      TL          3.939232    0.057055    3.473485    4.408721    3.933019  17115.08  17612.44    1.000
      TL          4.802948    0.059563    4.318976    5.275784    4.797455  16652.67  17011.82    1.000
      TL          3.965507    0.075261    3.433310    4.506618    3.956153  11119.64  11319.94    1.000
      TL          5.155547    0.070269    4.636437    5.676413    5.149864  16369.99  16463.98    1.000
      TL          4.950531    0.057007    4.481384    5.415670    4.945863  14276.54  15386.86    1.000
      TL          3.570231    0.056460    3.114879    4.042400    3.562780  22917.80  23933.38    1.000
      TL          3.486676    0.075084    2.970349    4.044243    3.479007  23004.71  23071.81    1.000
      TL          3.448351    0.065205    2.963614    3.960827    3.438592  16832.65  18113.08    1.000
      TL          4.305629    0.059056    3.839270    4.790297    4.300032  18389.21  18653.17    1.000
      TL          5.212327    0.082086    4.648076    5.774035    5.205974  15771.31  15956.38    1.000
      TL          4.690278    0.064015    4.205189    5.199465    4.685785  12257.23  12631.76    1.000
      TL          6.738011    0.096492    6.134126    7.348432    6.730822  12606.80  13544.18    1.000
      TL          3.610715    0.049751    3.176222    4.044843    3.604537  21801.95  21886.69    1.000
      TL          3.830076    0.077534    3.294844    4.383074    3.820782  20869.99  21244.52    1.000
      TL          5.159930    0.069888    4.658109    5.692706    5.153271   9854.35  10595.52    1.000
      TL          2.105601    0.036207    1.736230    2.482388    2.099200  24410.34  25311.87    1.000
      TL          5.368615    0.077270    4.844674    5.928442    5.361876  12783.43  13598.32    1.000
      TL          4.237257    0.074648    3.714668    4.782660    4.230499  18069.15  18131.38    1.000
      TL          6.596516    0.086098    6.024117    7.177473    6.589394  12970.77  13803.29    1.000
      TL          5.962838    0.078901    5.427729    6.527184    5.956694   9027.73  10025.47    1.000
      TL          5.519924    0.082261    4.966704    6.092250    5.513490   9572.23  10464.60    1.000
      TL          3.318395    0.076270    2.797091    3.878043    3.307575  18827.11  19297.96    1.000
      TL          3.719772    0.063106    3.221526    4.205629    3.713215  16775.43  16877.33    1.000
      TL          4.833634    0.088214    4.259080    5.416832    4.824396  14535.66  15052.40    1.000
      TL          4.638816    0.064814    4.151443    5.143712    4.632395  16427.60  16615.91    1.000
      TL          5.184610    0.070932    4.663574    5.706997    5.177504  15397.93  15894.22    1.000
      TL          5.219293    0.087703    4.631527    5.791811    5.210646  14140.07  14518.14    1.000
      TL          6.250959    0.088425    5.668968    6.831536    6.245742  12072.81  13049.85    1.000
      TL          4.235877    0.076376    3.697978    4.782365    4.228096  15808.48  16831.73    1.000
      TL          4.305321    0.078529    3.766866    4.864679    4.296768  14836.43  15152.88    1.000
      TL          2.283101    0.146196    1.575235    3.040170    2.248716  23303.98  23856.82    1.000
      TL          6.101716    0.099520    5.492070    6.725637    6.095494  10361.16  11126.05    1.000
      TL          2.874554    0.061453    2.396799    3.365584    2.864809  27026.88  27077.18    1.000
      TL          6.074029    0.093053    5.477691    6.670167    6.067091   4180.28   4373.12    1.000
      TL          3.765623    0.091611    3.173241    4.355200    3.753448  18058.09  18299.29    1.000
      TL          5.400915    0.072805    4.866007    5.919929    5.395314  12308.30  12419.01    1.000
      TL          6.508345    0.090418    5.924797    7.102700    6.503103  11487.37  11789.72    1.000
      TL          4.974509    0.057185    4.515267    5.452557    4.969341   7175.24   8740.75    1.000
      TL          4.965223    0.068988    4.460259    5.488030    4.959578  11885.40  13465.58    1.000
      TL          3.461341    0.068749    2.958772    3.985353    3.454158  20963.15  21096.61    1.000
      TL          5.338493    0.070180    4.824510    5.859133    5.333183  11602.50  12532.68    1.000
      TL          4.376714    0.070345    3.866662    4.902883    4.370289  15531.39  15667.08    1.000
      TL          3.744859    0.059013    3.280107    4.231271    3.738656  23733.94  24135.61    1.000
      TL          3.723073    0.057528    3.255683    4.191170    3.716654  17678.61  18425.36    1.000
      TL          4.675849    0.097056    4.072519    5.287363    4.668391  16920.49  18190.96    1.000
      TL          5.775585    0.086105    5.207203    6.356964    5.768799   7906.85   9235.99    1.000
      TL          5.756968    0.082498    5.215986    6.338904    5.749627   7358.63   7884.90    1.000
      TL          5.872228    0.074049    5.355385    6.415891    5.867185  11946.94  12061.20    1.000
      TL          3.220422    0.078208    2.679477    3.773335    3.210011  25567.74  26382.81    1.000
      TL          6.472600    0.090311    5.893731    7.067554    6.465454  14131.62  15223.74    1.000
      TL          6.608711    0.088118    6.035336    7.197519    6.604562  11492.30  12746.79    1.000
      TL          3.514448    0.049885    3.095026    3.967031    3.508888  17233.57  17856.08    1.000
      TL          4.081222    0.062708    3.600874    4.580616    4.074610  17950.70  18305.32    1.000
      TL          5.296689    0.069792    4.783686    5.815419    5.290475  13988.91  14280.81    1.000
      TL          4.145040    0.057020    3.684791    4.619556    4.139819  16096.68  16638.84    1.000
