      age[0]                   0.926309    0.002060    0.848562    1.018898    0.922847    1.039    2
      age[0]                   0.988501    0.000545    0.954724    1.030834    0.984517    1.001    2
      age[0]                   0.940523    0.000389    0.909575    0.979106    0.936888    1.006    2
      age[0]                   1.021633    0.002020    0.937821    1.106840    1.016543    1.065    2
      age[0]                   0.998790    0.000920    0.944103    1.060345    0.995734    1.003    2
      age[0]                  1.005928    0.002595    0.911114    1.106183    1.000019    1.017    2
      age[0]                   0.996387    0.000411    0.959403    1.036663    0.993904    1.006    2
      age[0]                  0.770744    0.003953    0.723510    0.889788    0.748880    1.015    2
      age[0]                  0.950312    0.000939    0.907164    0.996037    0.945908    1.010    2
      age[0]                   0.941223    0.001658    0.883246    1.019202    0.930796    1.034    2
      age[0]                   0.945657    0.001749    0.885380    1.031290    0.936554    1.046    2
      age[0]                  0.891388    0.004529    0.831188    1.021022    0.870971    1.004    2
      age[0]                  0.939575    0.003756    0.857039    1.060728    0.926784    1.003    2
      age[0]                  0.890686    0.006224    0.793215    1.047275    0.870547    1.012    2
      age[0]                   0.934295    0.000813    0.885498    0.992580    0.930426    1.003    2
      age[0]                   1.042134    0.001929    0.965275    1.124596    1.037039    1.005    2
      age[0]                   0.997559    0.000366    0.963556    1.034908    0.995100    1.002    2
      age[0]                  0.915019    0.003872    0.831726    1.004225    0.904782    1.004    2
      age[0]                  0.908375    0.022942    0.646619    1.203372    0.885340    1.002    2
      age[0]                  0.984112    0.000822    0.951796    1.039647    0.976546    1.000    2
      age[0]                   0.975568    0.000916    0.921566    1.035188    0.971943    1.006    2
      age[0]                  1.010690    0.000865    0.979094    1.069075    1.002545    1.000    2
      age[0]                  1.018203    0.016988    0.785587    1.265404    1.003666    1.058    2
      age[0]                  0.898651    0.000998    0.859141    0.958940    0.892339    1.001    2
      age[0]                   0.947302    0.001140    0.898874    1.016107    0.940584    1.000    2
      age[0]                  0.873286    0.005400    0.749564    1.000457    0.864506    1.000    2
      age[0]                   0.870587    0.001323    0.807018    0.946332    0.865868    1.001    2
      age[0]                   0.956314    0.005110    0.834475    1.074044    0.952402    1.015    2
      age[0]                  0.880277    0.005688    0.732744    1.028483    0.878391    1.057    2
      age[0]                   1.032404    0.004675    0.905516    1.174973    1.025899    1.001    2
      age[0]                   0.915938    0.000901    0.858830    0.972198    0.913480    1.033    2
      age[0]                   0.978240    0.003219    0.914773    1.096555    0.961342    1.002    2
      age[0]                   0.995982    0.000938    0.942073    1.058149    0.992462    1.030    2
      age[0]                  1.009370    0.001322    0.970763    1.082242    0.998573    1.000    2
      age[0]                   1.008793    0.001275    0.940999    1.077991    1.005953    1.018    2
      age[0]                  1.039299    0.001273    0.976592    1.113414    1.035994    1.000    2
      age[0]                  0.897611    0.001301    0.830675    0.969957    0.894785    1.002    2
      age[0]                  0.901226    0.000393    0.872946    0.937640    0.897038    1.014    2
      age[0]                  1.020407    0.001264    0.966103    1.088373    1.012699    1.003    2
      age[0]                  0.977714    0.000708    0.927781    1.032889    0.976094    1.000    2
      age[0]                   0.977598    0.002390    0.883772    1.070598    0.975427    1.008    2
      age[0]                  0.909765    0.002326    0.823816    1.001564    0.905612    1.013    2
      age[0]                   0.876270    0.003351    0.775097    0.988801    0.868474    1.009    2
      age[0]                   0.967622    0.001653    0.895571    1.051159    0.962301    1.004    2
      age[0]                   1.015401    0.002008    0.955884    1.117210    1.002556    1.009    2
      age[0]                  0.989147    0.000734    0.940232    1.042748    0.985810    1.000    2
      age[0]                   0.999572    0.001623    0.924829    1.082838    0.995191    1.001    2
      age[0]                  0.957908    0.000957    0.915294    1.016511    0.951854    1.002    2
      age[0]                   1.008170    0.001243    0.948144    1.073312    1.002798    1.000    2
      age[0]                   1.031066    0.001819    0.956301    1.119387    1.025786    1.000    2
      age[0]                  0.984948    0.001421    0.916188    1.058611    0.980838    1.005    2
      age[0]                  0.947114    0.002378    0.859115    1.046819    0.942134    1.005    2
      age[0]                  0.870524    0.001662    0.827725    0.947771    0.859455    1.000    2
      age[0]                  0.938585    0.004262    0.826681    1.064287    0.930368    1.005    2
      age[0]                  0.958594    0.001501    0.892394    1.033091    0.952792    1.005    2
      age[0]                  1.003253    0.001977    0.966029    1.099071    0.984633    1.006    2
      age[0]                   1.012335    0.002411    0.942435    1.112998    1.001249    1.001    2
      age[0]                  1.015257    0.004151    0.894070    1.146583    1.009719    1.003    2
      age[0]                  0.918632    0.001177    0.866046    0.982695    0.913116    1.000    2
      age[0]                   1.044237    0.002363    0.943652    1.134438    1.039754    1.003    2
      age[0]                  1.009720    0.001600    0.956541    1.086422    1.001634    1.000    2
      age[0]                   0.978977    0.002138    0.910017    1.079760    0.970266    1.000    2
      age[0]                  1.031418    0.001564    0.956952    1.111153    1.029505    1.063    2
      age[0]                   0.951654    0.001906    0.892810    1.041848    0.940375    1.011    2
      age[0]                   1.001309    0.003007    0.898787    1.098794    0.997326    1.132    2
      age[0]                   0.924895    0.002189    0.836192    1.014129    0.920473    1.000    2
      age[0]                  0.901817    0.010220    0.713957    1.095359    0.895684    1.030    2
      age[0]                  0.944325    0.001040    0.890213    1.010587    0.938820    1.002    2
      age[0]                  0.960675    0.005526    0.816922    1.103860    0.954304    1.001    2
      age[0]                  0.962538    0.001705    0.888336    1.039844    0.957526    1.010    2
      age[0]                   1.001084    0.001838    0.929194    1.089828    0.997748    1.000    2
      age[0]                  0.962516    0.002373    0.895112    1.042487    0.954216    1.000    2
      age[0]                   0.994582    0.002519    0.910670    1.095247    0.986261    1.001    2
      age[0]                  0.964491    0.003624    0.854398    1.087647    0.956901    1.001    2
      age[0]                  0.997140    0.001489    0.924019    1.072571    0.993612    1.000    2
      age[0]                  0.925602    0.018231    0.792186    1.179907    0.890971    1.000    2
      age[0]                   1.057192    0.003972    0.951060    1.181492    1.045595    1.009    2
      age[0]                  0.951262    0.001026    0.891097    1.014607    0.948306    1.001    2
      age[0]                   0.973693    0.000965    0.918292    1.035828    0.969824    1.008    2
      age[0]                  0.971227    0.002096    0.882314    1.060179    0.968116    1.007    2
      age[0]                   0.875150    0.005144    0.738219    1.029664    0.869809    1.003    2
      age[0]                   0.967933    0.002819    0.875111    1.073903    0.961669    1.013    2
      age[0]                   1.018123    0.003579    0.926040    1.132678    1.008608    1.006    2
      age[0]                   0.818797    0.006238    0.700792    0.965098    0.806398    1.070    2
      age[0]                  0.912616    0.007638    0.775241    1.068874    0.899978    1.001    2
      age[0]                   1.010342    0.001982    0.929995    1.101338    1.005700    1.024    2
      age[0]                  0.791103    0.004534    0.669272    0.924390    0.784876    1.004    2
      age[0]                  0.946639    0.001678    0.905134    1.031015    0.933941    1.000    2
      age[0]                  0.998211    0.002141    0.911714    1.096964    0.993905    1.006    2
      age[0]                  0.993408    0.004010    0.876564    1.121174    0.987329    1.009    2
      age[0]                   1.000073    0.001503    0.934995    1.076576    0.992954    1.027    2
      age[0]                  1.009104    0.003331    0.911176    1.119239    0.998785    1.001    2
      age[0]                   0.979744    0.001226    0.917920    1.052182    0.975778    1.002    2
      age[0]                  0.880389    0.001480    0.828462    0.953888    0.871696    1.000    2
      age[0]                   1.030436    0.003265    0.926031    1.139127    1.027658    1.045    2
      age[0]                   0.988017    0.001359    0.941532    1.065416    0.978514    1.000    2
      age[0]                  0.985365    0.000526    0.945257    1.032071    0.982765    1.008    2
      age[0]                  0.990594    0.000545    0.962753    1.037412    0.984249    1.000    2
      age[0]                   1.006117    0.006032    0.872717    1.152520    0.996158    1.001    2
      age[0]                  0.861101    0.003454    0.778715    0.971100    0.848215    1.004    2
