      TL          8.150480    0.089344    7.575740    8.739996    8.141427   5327.53   5615.15    1.000
      TL          7.768065    0.088520    7.193691    8.357845    7.759149   7710.44   8911.70    1.000
      TL          8.257669    0.074228    7.726257    8.796276    8.253527  17768.73  18522.97    1.000
      TL          7.566866    0.066599    7.066601    8.076753    7.563223  16774.81  18364.31    1.000
      TL          8.570569    0.089627    7.987583    9.159601    8.565226   9982.80  11703.64    1.000
      TL          4.827650    0.055098    4.377207    5.299486    4.821689  20906.93  21376.08    1.000
      TL          7.866287    0.080923    7.307985    8.421257    7.860134  14603.72  15863.30    1.000
      TL          5.049712    0.067051    4.542866    5.553372    5.040610  13809.20  13837.15    1.000
      TL          6.564872    0.069386    6.055271    7.085138    6.559705  15386.51  15569.26    1.000
      TL          9.023420    0.096500    8.409327    9.623126    9.016273   9808.19  10329.52    1.000
      TL          7.093265    0.071352    6.578764    7.625909    7.087950  12463.14  13104.61    1.000
      TL          2.996568    0.043837    2.592914    3.407503    2.988680  16460.45  16624.88    1.000
      TL          5.837781    0.078179    5.295665    6.387100    5.829156  15908.70  16032.12    1.000
      TL          2.965750    0.035868    2.591517    3.334353    2.958834  22497.49  22643.98    1.000
      TL          9.229207    0.096429    8.623004    9.840664    9.223118  13634.75  13691.21    1.000
      TL          9.103528    0.090277    8.519509    9.697860    9.099874  13789.41  15052.37    1.000
      TL          8.038265    0.089315    7.445934    8.615012    8.031080   6036.34   6666.99    1.000
      TL          4.771651    0.061131    4.293677    5.256427    4.764362  19294.74  19857.03    1.000
      TL          3.334215    0.191170    2.570676    4.214662    3.278704  15463.83  16032.51    1.000
      TL          3.634003    0.044179    3.228904    4.050985    3.626996  23110.62  23347.76    1.000
      TL          8.516305    0.079310    7.974488    9.074188    8.511763  15735.75  16180.19    1.000
      TL          5.071141    0.059904    4.591956    5.549458    5.062949  11446.77  11565.60    1.000
      TL          6.580378    0.072078    6.067171    7.114328    6.574009  19767.52  19948.90    1.000
      TL          5.229084    0.059821    4.756468    5.709951    5.221610  18413.52  18884.61    1.000
      TL          7.830627    0.083003    7.279101    8.403972    7.822797   8216.36   8375.19    1.000
      TL          6.825842    0.093609    6.233994    7.427557    6.815834   8862.37   9421.08    1.000
      TL          8.054184    0.089981    7.479771    8.648126    8.048077  12804.93  13975.86    1.000
      TL          6.839687    0.071489    6.327374    7.376604    6.833557  13449.64  15118.24    1.000
      TL          6.527747    0.083973    5.972467    7.110665    6.519709  12344.98  13482.32    1.000
      TL          6.647222    0.071509    6.128188    7.177093    6.639683   6359.13   6791.54    1.000
      TL          7.709300    0.097281    7.099077    8.313826    7.700543   5750.70   6145.05    1.000
      TL          8.013860    0.093638    7.411478    8.606437    8.006240  10774.97  10863.60    1.000
      TL          6.989664    0.076475    6.460761    7.545251    6.983561  10144.66  10564.95    1.000
      TL          3.802103    0.046975    3.385836    4.233773    3.795327  19232.93  19599.23    1.000
      TL          7.481970    0.064590    6.989470    7.986645    7.477191  16385.16  16653.94    1.000
      TL          3.764755    0.045847    3.354557    4.193090    3.757699  13790.12  14508.90    1.000
      TL          4.313935    0.045535    3.891883    4.727568    4.307836  10015.69  10126.65    1.000
      TL          3.300694    0.034944    2.938988    3.672009    3.295339  14005.19  14745.49    1.000
      TL          4.413478    0.050313    3.974127    4.853578    4.407883  23981.95  23996.87    1.000
      TL          5.472851    0.062314    4.981320    5.956552    5.465150  13424.14  13898.24    1.000
      TL          8.651609    0.087999    8.072887    9.238647    8.645537   9379.12  10934.75    1.000
      TL          5.424051    0.052575    4.983161    5.880099    5.419036  21811.99  21975.10    1.000
      TL          8.238144    0.091489    7.650908    8.834746    8.231592   5091.49   5469.58    1.000
      TL          8.800408    0.080397    8.257272    9.366874    8.795170  18788.29  19137.55    1.000
      TL          7.614667    0.076086    7.084857    8.164742    7.609522  16032.55  16329.23    1.000
      TL          5.238739    0.050014    4.805320    5.679630    5.233438  22391.94  22869.29    1.000
      TL          6.501687    0.058311    6.035233    6.981683    6.497224  15603.59  16707.58    1.000
      TL          4.987401    0.066837    4.488168    5.499604    4.978184  11366.08  13163.44    1.000
      TL          7.209923    0.077951    6.664211    7.757308    7.205292  13267.28  13590.06    1.000
      TL          6.842460    0.061195    6.369370    7.333454    6.837823  16614.57  16934.49    1.000
      TL          4.826204    0.068715    4.329421    5.352420    4.815558   9612.76   9753.87    1.000
      TL          4.250083    0.051901    3.811192    4.702493    4.243636  17995.42  18375.81    1.000
      TL          3.987194    0.057553    3.523965    4.462596    3.977333  11447.24  11758.72    1.000
      TL          6.265967    0.067266    5.764559    6.780402    6.259532  14703.71  15779.21    1.000
      TL          6.713795    0.067656    6.205278    7.224680    6.707914  18343.89  18781.24    1.000
      TL          5.905544    0.057646    5.434316    6.373126    5.900015  15399.54  15854.51    1.000
      TL          9.174540    0.092431    8.592694    9.781537    9.168697  12102.96  12621.20    1.000
      TL          5.290386    0.076656    4.761193    5.838963    5.278139   6470.36   7071.99    1.000
      TL          5.088417    0.066075    4.597389    5.600998    5.079153  17526.76  17746.46    1.000
      TL          6.926583    0.076030    6.387571    7.466449    6.919908  12745.44  13047.43    1.000
      TL          3.257348    0.052114    2.814305    3.705033    3.247209  14607.22  14706.02    1.000
      TL          7.245144    0.071313    6.739024    7.782433    7.239295  12453.93  12925.62    1.000
      TL          4.799397    0.048687    4.366408    5.230947    4.794146  20339.32  20427.47    1.000
      TL          8.959921    0.091780    8.372491    9.557288    8.954055  11854.59  11894.17    1.000
      TL          7.880592    0.071829    7.355170    8.406529    7.876149  17220.70  17834.57    1.000
      TL          8.825437    0.101674    8.213905    9.463790    8.820783  13499.26  14563.17    1.000
      TL          4.185688    0.067288    3.696177    4.708532    4.172100  10307.51  11051.83    1.000
      TL          5.538515    0.094675    4.961400    6.158715    5.522380   8457.91   8920.13    1.000
      TL          6.372291    0.072753    5.843974    6.899133    6.367296  21090.37  21378.58    1.000
      TL          6.056301    0.062439    5.570289    6.549667    6.050570  18160.51  19935.61    1.000
      TL          6.891647    0.064046    6.404555    7.393568    6.887847  15053.46  15475.69    1.000
      TL          6.489784    0.066261    5.982352    6.990679    6.484274  21829.62  22067.27    1.000
      TL          8.427104    0.082730    7.867019    8.996412    8.421865  16774.95  17014.58    1.000
      TL          5.708633    0.076667    5.172519    6.254977    5.698166  11221.65  11421.66    1.000
      TL          5.040867    0.052897    4.604949    5.506007    5.034474  18744.33  19125.21    1.000
      TL          2.519548    0.077593    2.011753    3.072581    2.495169  18099.80  19408.56    1.000
      TL          7.952359    0.084125    7.388196    8.519092    7.945261  12701.67  13027.88    1.000
      TL          3.689315    0.042787    3.291764    4.099508    3.684389  25604.43  26991.12    1.000
      TL          7.829120    0.084509    7.269172    8.404628    7.822053   7163.07   7550.66    1.000
      TL          4.564332    0.049714    4.125046    4.996720    4.557966  22738.88  22885.25    1.000
      TL          7.818718    0.084718    7.254073    8.392675    7.811818  12894.41  13576.68    1.000
      TL          9.022154    0.093720    8.448176    9.645286    9.014796  10617.21  11262.18    1.000
      TL          7.290479    0.073084    6.777242    7.833222    7.284682  11149.46  12327.22    1.000
      TL          7.104853    0.093062    6.527917    7.719211    7.095332   5972.48   6210.45    1.000
      TL          5.060365    0.063188    4.578868    5.558815    5.053759  20165.72  21140.49    1.000
      TL          7.506331    0.078183    6.968435    8.058763    7.502060  14321.91  14656.70    1.000
      TL          5.711678    0.065200    5.210357    6.206320    5.703887   9962.09  10952.67    1.000
      TL          4.722607    0.058219    4.262060    5.206563    4.716132  17947.95  18039.36    1.000
      TL          4.963138    0.053484    4.515307    5.421528    4.957039  16863.21  17991.55    1.000
      TL          6.008525    0.071850    5.484493    6.534394    6.000696  16180.90  16243.68    1.000
      TL          8.185788    0.085838    7.632100    8.774363    8.180468  11199.63  11895.36    1.000
      TL          8.212195    0.090321    7.634097    8.807458    8.206590  16315.08  16540.42    1.000
      TL          9.872085    0.122722    9.181946   10.548480    9.863037   4796.65   5881.77    1.000
      TL          4.951813    0.122373    4.293106    5.646104    4.927282   9351.78   9988.24    1.000
      TL          8.709393    0.087880    8.138559    9.295631    8.703699  17843.28  18541.99    1.000
      TL          9.536024    0.092753    8.940300   10.131750    9.530305  13947.49  15214.24    1.000
      TL          4.302388    0.044418    3.892580    4.719958    4.296387  15708.73  16567.85    1.000
      TL          5.400106    0.052923    4.952953    5.850538    5.395318  19554.95  19863.38    1.000
      TL          8.519334    0.106992    7.884934    9.161608    8.511025   9506.68   9545.59    1.000
      TL          6.298699    0.070290    5.783617    6.822028    6.292975  10802.09  11379.11    1.000
