      TL             6.534068    0.055359    6.092561    7.015123    6.530563   4500.60   4711.27    1.000
      TL             6.099637    0.049216    5.677619    6.551216    6.096009   6031.29   6686.03    1.000
      TL             6.786930    0.052196    6.351848    7.244306    6.784252   8230.54   8287.91    1.000
      TL             6.209336    0.046638    5.790003    6.632999    6.205318   8001.67   8714.11    1.000
      TL             6.827039    0.052442    6.381003    7.281571    6.823226   5852.09   6537.07    1.000
      TL             3.867050    0.036336    3.498215    4.241927    3.863396   7859.69   8011.53    1.000
      TL             6.172133    0.049979    5.746187    6.620294    6.170284   6676.61   6804.15    1.000
      TL             4.014850    0.047411    3.587144    4.442119    4.006801   1127.07   1712.51    1.001
      TL             5.289333    0.047551    4.868881    5.723246    5.285991   4366.70   4601.97    1.000
      TL             7.383990    0.057973    6.927966    7.872582    7.380949   8307.39   8352.41    1.000
      TL             5.978346    0.046368    5.555703    6.397242    5.974254   7297.11   7682.02    1.000
      TL             2.230677    0.024480    1.934664    2.543721    2.225842   5263.26   5586.81    1.000
      TL             4.478113    0.049665    4.050343    4.919380    4.471520   2528.16   2866.57    1.000
      TL             3.122779    0.042758    2.736258    3.543086    3.113491   2686.72   2994.04    1.000
      TL             7.818682    0.064269    7.347410    8.338612    7.813711   6339.10   6513.66    1.000
      TL             6.722846    0.048775    6.292623    7.159454    6.721336   9486.16   9489.86    1.000
      TL             6.531953    0.053836    6.079554    6.984933    6.528587   5337.32   5704.26    1.000
      TL             3.840611    0.042406    3.449632    4.255605    3.834187   2352.22   2721.59    1.000
      TL             2.866075    0.181380    2.095069    3.724269    2.819570   1702.19   2186.46    1.000
      TL             2.909597    0.029203    2.581833    3.249395    2.907255   9644.33   9710.64    1.000
      TL             6.910854    0.052124    6.461428    7.356995    6.909026   7567.49   7740.06    1.000
      TL             4.046891    0.036845    3.663883    4.417012    4.043958   7879.99   8459.46    1.000
      TL             5.649281    0.052312    5.209095    6.107180    5.643666   5991.39   6017.15    1.000
      TL             4.176586    0.036994    3.812876    4.563823    4.172094   6772.06   7838.85    1.000
      TL             5.943299    0.047448    5.518440    6.369895    5.940135   6023.74   6611.03    1.000
      TL             5.782659    0.066276    5.293038    6.299025    5.774852   2045.97   3330.62    1.000
      TL             6.253728    0.053788    5.800526    6.705236    6.249303   4969.63   5629.37    1.000
      TL             5.491046    0.045927    5.073966    5.910876    5.487164   7438.67   7856.34    1.000
      TL             4.967395    0.045385    4.547811    5.383946    4.963660   5129.84   5603.52    1.000
      TL             4.995992    0.038802    4.605848    5.381769    4.993550   6260.97   6854.91    1.000
      TL             5.988525    0.050040    5.556776    6.437764    5.984670   5794.10   6028.06    1.000
      TL             6.337620    0.054999    5.890969    6.804472    6.333977   5432.38   5843.31    1.000
      TL             5.074655    0.039159    4.688329    5.460597    5.071573   8833.85   9185.39    1.000
      TL             2.912486    0.034093    2.544590    3.267406    2.906896   5352.31   5910.71    1.000
      TL             6.121546    0.044201    5.718580    6.539627    6.118785   9561.55   9693.09    1.000
      TL             3.171186    0.030812    2.832117    3.521929    3.167454   8154.94   8214.64    1.000
      TL             3.529833    0.029304    3.200833    3.870586    3.527066   8580.17   8602.93    1.000
      TL             2.604056    0.026414    2.286796    2.918995    2.599506   5977.44   6258.19    1.000
      TL             3.761675    0.038911    3.390369    4.163281    3.755683   7084.77   7095.49    1.000
      TL             4.023096    0.036379    3.655796    4.400918    4.019803   6734.28   6987.08    1.000
      TL             6.574430    0.050021    6.143706    7.020430    6.571833   7092.75   7633.16    1.000
      TL             4.633956    0.040950    4.244022    5.036328    4.630190   6225.56   6618.95    1.000
      TL             6.554994    0.054342    6.104508    7.014310    6.551316   5880.39   6025.59    1.000
      TL             6.779108    0.049442    6.341764    7.212529    6.776568   7382.85   8240.81    1.000
      TL             5.790173    0.045638    5.378148    6.211438    5.787235   7548.07   7921.71    1.000
      TL             4.109230    0.037419    3.736331    4.490651    4.105498   6627.07   6892.80    1.000
      TL             5.238339    0.040570    4.838006    5.628308    5.236574   7890.02   8187.87    1.000
      TL             3.597209    0.033103    3.242756    3.952554    3.593952   7459.72   7472.02    1.000
      TL             5.445328    0.047277    5.022732    5.873673    5.441405   5124.85   5537.78    1.000
      TL             5.473142    0.040926    5.081593    5.872622    5.472401   7624.94   8429.30    1.000
      TL             3.761851    0.036288    3.397935    4.141664    3.757041   6984.58   7587.24    1.000
      TL             3.453665    0.039591    3.068401    3.848930    3.447507   4158.23   4540.86    1.000
      TL             2.962593    0.030054    2.611174    3.290893    2.958844   5901.62   6747.12    1.000
      TL             4.909886    0.041377    4.519550    5.312985    4.906553   7892.15   8135.44    1.000
      TL             5.339967    0.048155    4.913138    5.771624    5.335944   2995.01   3125.64    1.000
      TL             5.036654    0.042225    4.642104    5.445725    5.034333   6436.65   6945.44    1.000
      TL             7.080529    0.054752    6.626190    7.542586    7.076491   6051.75   7238.87    1.000
      TL             3.820819    0.034727    3.461056    4.189302    3.815547   6442.62   7057.59    1.000
      TL             4.035908    0.045391    3.624182    4.459627    4.031677   3503.23   4118.48    1.000
      TL             5.105274    0.042675    4.695745    5.510903    5.103212   6878.58   7546.70    1.000
      TL             2.662188    0.051680    2.243658    3.130397    2.644389    985.03   2432.83    1.073
      TL             5.692771    0.044690    5.275541    6.102812    5.689165   6209.10   7037.17    1.000
      TL             4.006794    0.035996    3.641005    4.382239    4.002162   5143.17   5271.30    1.000
      TL             7.169298    0.053055    6.718304    7.621503    7.165776   7920.46   8579.62    1.000
      TL             6.505622    0.051960    6.065875    6.955864    6.502069   6342.48   6898.63    1.000
      TL             6.861697    0.060694    6.388565    7.352294    6.856164   5504.26   5753.22    1.000
      TL             3.274409    0.039211    2.889940    3.664047    3.269448   4303.75   4601.16    1.000
      TL             4.146814    0.046384    3.743176    4.582834    4.139343   3890.34   4308.07    1.000
      TL             4.775366    0.042612    4.370794    5.180698    4.774079   7528.36   7638.05    1.000
      TL             5.249415    0.048313    4.814277    5.678737    5.246581   5907.61   6938.75    1.001
      TL             5.668037    0.043239    5.259660    6.073273    5.666252   7988.07   8015.70    1.000
      TL             5.680877    0.053321    5.228473    6.133038    5.676805   4073.91   5351.72    1.000
      TL             6.517327    0.053117    6.066579    6.965536    6.513528   5005.17   5775.10    1.000
      TL             4.465903    0.044936    4.052199    4.881032    4.461340   4260.24   5986.35    1.000
      TL             3.934673    0.035797    3.553318    4.293200    3.931090   6641.93   7286.87    1.000
      TL             2.597129    0.218236    1.874579    3.489405    2.507357   1025.60   2675.09    1.605
      TL             6.294710    0.050514    5.868538    6.744353    6.291413   6195.49   6583.67    1.000
      TL             2.976809    0.029236    2.640174    3.312572    2.972894   8238.35   8917.70    1.000
      TL             6.119019    0.048542    5.692135    6.554551    6.117590   6133.78   6928.76    1.000
      TL             3.927161    0.036736    3.552302    4.300101    3.924456   6356.89   7788.83    1.000
      TL             6.361570    0.058130    5.890992    6.839124    6.357568   4848.93   5163.08    1.000
      TL             7.190765    0.054929    6.736625    7.654811    7.188121   7753.39   8400.21    1.000
      TL             5.902283    0.047763    5.474652    6.327158    5.898996   6352.15   6563.01    1.000
      TL             5.696944    0.051270    5.254983    6.134932    5.693842   5566.26   6260.40    1.000
      TL             4.248449    0.044288    3.841097    4.663338    4.243632   7409.06   7675.14    1.000
      TL             5.945021    0.047002    5.520281    6.368961    5.941504   6580.46   6971.45    1.000
      TL             4.684842    0.045313    4.273070    5.107922    4.678972   2223.56   2754.56    1.000
      TL             3.895397    0.037566    3.514298    4.271796    3.890148   7168.75   7649.77    1.000
      TL             3.987306    0.035833    3.620372    4.359466    3.983626   7767.49   7874.91    1.000
      TL             4.640665    0.043208    4.234906    5.045657    4.635300   5515.38   6247.49    1.000
      TL             6.633417    0.053707    6.171758    7.076130    6.628402   5871.70   6022.93    1.000
      TL             6.316798    0.054701    5.862489    6.772860    6.312986   5599.48   5803.79    1.000
      TL             7.535755    0.059979    7.053011    8.012595    7.531855   6670.90   6959.47    1.000
      TL             3.398033    0.039698    3.009648    3.785074    3.391790   5163.12   5503.31    1.000
      TL             6.957644    0.058756    6.494725    7.442957    6.954560   6719.11   7184.84    1.000
      TL             7.664848    0.063376    7.178232    8.160283    7.661976   4809.10   5723.76    1.000
      TL             3.472531    0.029240    3.144569    3.812631    3.469947   7795.14   8781.45    1.000
      TL             4.362987    0.036929    3.984307    4.734031    4.358558   6249.47   7531.61    1.000
      TL             6.321329    0.053672    5.867316    6.774086    6.316805   6513.45   6748.30    1.000
      TL             5.435978    0.054481    4.987920    5.900325    5.429815   3947.92   4338.36    1.000
