      alpha_symdir{1}   1.197468    0.127950    0.676114    1.912536    1.119370   6148.10   6376.13    1.000
      alpha_symdir{1}   1.490949    0.187651    0.777593    2.341902    1.426226   8191.84   8237.18    1.000
      alpha_symdir{1}   0.921516    0.030827    0.632403    1.293253    0.908418   7652.12   8038.63    1.000
      alpha_symdir{1}   1.698613    0.173651    1.015102    2.516689    1.622708   6692.98   7030.30    1.000
      alpha_symdir{1}   1.078200    0.045599    0.693395    1.499727    1.060492   7004.58   7765.15    1.000
      alpha_symdir{1}   1.306546    0.243958    0.260971    2.206042    1.229069   7691.96   8299.32    1.000
      alpha_symdir{1}   1.257766    0.049476    0.865031    1.690423    1.229254   9779.74  10251.35    1.000
      alpha_symdir{1}   1.645080    0.268378    0.836010    2.643990    1.542415   8986.02   9807.25    1.000
      alpha_symdir{1}   1.281317    0.112194    0.742634    1.955461    1.227735   9495.24   9964.76    1.000
      alpha_symdir{1}   1.714575    0.143836    1.075612    2.469314    1.656835   7038.19   8195.07    1.001
      alpha_symdir{1}   1.845195    0.240641    1.053305    2.822391    1.763954   1221.53   2549.98    1.001
      alpha_symdir{1}   2.852508    1.341038    1.156899    5.231567    2.599964  11807.27  12057.00    1.000
      alpha_symdir{1}   2.069654    0.563188    0.952159    3.595005    1.913975  10190.41  10491.26    1.000
      alpha_symdir{1}   3.172107    1.539003    1.229345    5.609432    2.926376  12983.56  13314.70    1.000
      alpha_symdir{1}   1.295609    0.079340    0.814170    1.841872    1.252991   8800.24   9112.96    1.000
      alpha_symdir{1}   0.986630    0.026184    0.708740    1.313206    0.967354   9857.27   9865.74    1.000
      alpha_symdir{1}   1.234354    0.094592    0.717156    1.846650    1.189139   8988.59   9094.90    1.000
      alpha_symdir{1}   1.497771    0.163942    0.824942    2.396191    1.449453  10205.22  10486.13    1.000
      alpha_symdir{1}   1.479029    1.750258    0.000070    3.895254    1.352895    605.55    623.16    1.000
      alpha_symdir{1}   1.807148    0.608827    0.360176    3.518738    1.679368   4162.80   4952.42    1.000
      alpha_symdir{1}   0.901940    0.038218    0.584051    1.310004    0.869515   8656.01   8777.01    1.000
      alpha_symdir{1}   1.654354    0.314228    0.810576    2.823504    1.546595   9548.62   9667.82    1.000
      alpha_symdir{1}   1.361097    0.156816    0.731484    2.132846    1.288306   7910.57   8328.11    1.000
      alpha_symdir{1}   1.312870    0.205277    0.644438    2.236704    1.230492   3295.77   4273.68    1.000
      alpha_symdir{1}   0.935880    0.042914    0.573767    1.364881    0.904942   8216.18   8908.17    1.000
      alpha_symdir{1}   1.494351    0.172526    0.825122    2.330621    1.426690  10642.15  11244.80    1.000
      alpha_symdir{1}   1.677289    0.223543    0.937652    2.616290    1.587215   9355.83   9954.10    1.000
      alpha_symdir{1}   1.422814    0.075595    0.948346    1.960994    1.382462  10206.06  10234.11    1.000
      alpha_symdir{1}   1.926510    0.394864    0.950165    3.151631    1.803391  10612.82  11173.04    1.000
      alpha_symdir{1}   1.509343    0.192539    0.822833    2.360672    1.424882   7710.05   9108.34    1.000
      alpha_symdir{1}   1.340956    0.106759    0.822465    2.018347    1.292045   7675.02   7943.35    1.000
      alpha_symdir{1}   1.110590    0.051919    0.750924    1.591292    1.089129   4547.63   5153.11    1.000
      alpha_symdir{1}   1.230258    0.090707    0.701874    1.836156    1.191783   8259.50   8548.29    1.000
      alpha_symdir{1}   1.384308    0.314332    0.284191    2.423987    1.296259   9189.60   9545.30    1.000
      alpha_symdir{1}   1.394633    0.146814    0.805636    2.146075    1.320779   7628.64   8002.15    1.000
      alpha_symdir{1}   0.575603    0.074268    0.164375    1.034612    0.590875   8667.55   9279.97    1.000
      alpha_symdir{1}   1.782129    0.404967    0.827136    3.065432    1.653523   9731.38  10278.92    1.000
      alpha_symdir{1}   1.451951    0.217373    0.748097    2.444720    1.367480   9606.90  10257.53    1.000
      alpha_symdir{1}   1.187873    0.210796    0.288246    2.012957    1.147659   9769.20  10412.41    1.000
      alpha_symdir{1}   1.768833    0.362302    0.873522    3.018175    1.648998   5660.06   5815.06    1.000
      alpha_symdir{1}   1.362015    0.071791    0.877336    1.898690    1.330383   9408.04   9452.40    1.000
      alpha_symdir{1}   1.725039    0.395107    0.797350    2.971543    1.588031  10202.30  10520.72    1.000
      alpha_symdir{1}   1.136198    0.036018    0.801809    1.515827    1.115943   8521.56   8632.97    1.000
      alpha_symdir{1}   0.870274    0.020464    0.659307    1.159520    0.867547   1592.70   1948.60    1.000
      alpha_symdir{1}   1.309185    0.108625    0.773950    1.978096    1.255361   9969.28  10096.14    1.000
      alpha_symdir{1}   1.059271    0.111339    0.299394    1.661291    1.025546   9605.64   9701.43    1.000
      alpha_symdir{1}   1.461926    0.110416    0.920669    2.118131    1.406283   8425.49   9239.63    1.000
      alpha_symdir{1}   2.610700    1.132978    1.065112    4.767509    2.370959  10141.02  10806.85    1.000
      alpha_symdir{1}   1.241455    0.125036    0.721387    1.951420    1.171893   7734.92   7886.00    1.000
      alpha_symdir{1}   1.457318    0.166949    0.798001    2.261025    1.386905   7055.63   7199.04    1.000
      alpha_symdir{1}   2.212170    0.689650    1.009045    3.871436    2.026103   9304.07  10566.04    1.000
      alpha_symdir{1}   1.460005    0.584913    0.000267    2.829268    1.348465   1730.14   2143.20    1.000
      alpha_symdir{1}   2.526089    0.861510    1.137772    4.388085    2.334356  12150.20  12183.02    1.000
      alpha_symdir{1}   1.523878    0.279715    0.740411    2.573214    1.418262   7912.64   8079.63    1.000
      alpha_symdir{1}   1.144432    0.063925    0.738846    1.661638    1.105673   8403.12   8726.16    1.000
      alpha_symdir{1}   1.204825    0.115394    0.666735    1.890570    1.143648   8663.77   9003.63    1.000
      alpha_symdir{1}   2.078547    0.320948    1.115494    3.195955    1.983864  10231.90  10321.75    1.000
      alpha_symdir{1}   2.113400    0.550642    1.032181    3.574060    1.951490  11245.16  11388.26    1.000
      alpha_symdir{1}   1.233647    0.184205    0.293570    2.006115    1.194632   8596.87   8711.04    1.000
      alpha_symdir{1}   1.618864    0.178202    0.949348    2.452443    1.539071   6531.19   7668.81    1.000
      alpha_symdir{1}   1.716993    0.539815    0.664904    3.376205    1.566750   3355.35   5248.71    1.000
      alpha_symdir{1}   1.009624    0.053494    0.625203    1.467669    0.970300   8598.01   8798.75    1.000
      alpha_symdir{1}   1.943668    0.557770    0.894247    3.482195    1.782055   4164.90   7088.33    1.000
      alpha_symdir{1}   1.342010    0.063785    0.892868    1.841868    1.308867   8869.50   8879.68    1.000
      alpha_symdir{1}   1.762667    0.218542    1.015810    2.677710    1.676778   8588.95   8955.70    1.000
      alpha_symdir{1}   1.207302    0.069815    0.730019    1.723346    1.180235   8700.94   9625.23    1.000
      alpha_symdir{1}   1.261972    0.177690    0.259156    1.990414    1.211430   9021.28   9041.31    1.000
      alpha_symdir{1}   1.580674    0.341869    0.717641    2.811037    1.464943   8137.97   8263.63    1.000
      alpha_symdir{1}   1.392511    0.090329    0.882278    1.999691    1.351606  10732.50  10742.11    1.000
      alpha_symdir{1}   1.911790    0.312951    1.014702    2.999210    1.804846  10456.04  10592.39    1.000
      alpha_symdir{1}   0.927836    0.038819    0.632064    1.398009    0.924143   3522.28   3650.13    1.000
      alpha_symdir{1}   1.383413    0.198159    0.706537    2.285968    1.298368   9625.29   9642.17    1.000
      alpha_symdir{1}   1.284370    0.063727    0.851036    1.829128    1.258735   9905.81  10361.99    1.000
      alpha_symdir{1}   1.280985    0.149772    0.638113    2.212839    1.236505   8022.81   8937.98    1.000
      alpha_symdir{1}   1.659600    0.361647    0.749604    2.887050    1.544504   2287.64   5114.37    1.000
      alpha_symdir{1}   1.381170    1.819477    0.000023    3.893363    1.191604    838.33    851.21    1.000
      alpha_symdir{1}   1.879374    0.245374    1.084717    2.867400    1.796625   9763.16   9776.61    1.000
      alpha_symdir{1}   1.737732    0.765566    0.000154    3.282486    1.628469   1140.91   2057.15    1.001
      alpha_symdir{1}   1.277513    0.077858    0.810218    1.843860    1.234194   8251.64   8470.44    1.000
      alpha_symdir{1}   1.460683    0.509813    0.057072    2.751173    1.365259   1472.84   1817.12    1.000
      alpha_symdir{1}   1.315269    0.094529    0.780450    1.927784    1.271524   8817.79   9023.38    1.000
      alpha_symdir{1}   1.294870    0.077537    0.817742    1.841268    1.252921   8878.02   9398.78    1.000
      alpha_symdir{1}   1.223962    0.068950    0.785770    1.767444    1.185168  10234.26  10263.13    1.000
      alpha_symdir{1}   1.313113    0.135957    0.699411    2.057090    1.251530   9460.39   9693.74    1.000
      alpha_symdir{1}   1.151183    0.178663    0.265998    1.792512    1.185828   4933.90   5293.77    1.000
      alpha_symdir{1}   1.675911    0.278594    0.894043    2.710779    1.570228   8651.06   8875.87    1.000
      alpha_symdir{1}   0.906146    0.058752    0.449789    1.446669    0.877823  10964.61  11149.84    1.000
      alpha_symdir{1}   2.795613    1.137707    1.200794    4.931156    2.569375  12952.54  13110.29    1.000
      alpha_symdir{1}   1.407976    0.158194    0.797362    2.235332    1.341364   9438.38   9775.32    1.000
      alpha_symdir{1}   1.495750    0.201307    0.774318    2.413624    1.416712   9827.77  10171.97    1.000
      alpha_symdir{1}   0.884012    0.043826    0.516421    1.313090    0.859545   9416.50   9748.51    1.000
      alpha_symdir{1}   1.112411    0.038701    0.784226    1.522065    1.087803   9796.02   9907.71    1.000
      alpha_symdir{1}   1.286219    0.103355    0.789411    1.941925    1.222852   5206.24   5774.71    1.000
      alpha_symdir{1}   1.535407    0.555526    0.064186    2.830785    1.480546    595.28    619.70    1.001
      alpha_symdir{1}   1.700889    0.218478    0.939871    2.619838    1.620382   8398.70   9056.76    1.000
      alpha_symdir{1}   1.100375    0.048401    0.716893    1.535563    1.070499   8299.15   8395.44    1.000
      alpha_symdir{1}   2.158137    0.763922    0.922967    3.917394    1.948939   7403.11   7947.12    1.000
      alpha_symdir{1}   2.133417    0.706099    0.957418    3.997092    1.963386    260.69   4910.04    1.002
      alpha_symdir{1}   1.305062    0.082080    0.839027    1.888973    1.260538   9629.58  10552.54    1.000
      alpha_symdir{1}   1.178050    0.118849    0.634125    1.909012    1.120638   8678.45   8740.69    1.000
