0.3953488
0.5277778
0.4090909
0.5909091
0.3181818
0.2
0.3076923
0.5
0.3103448
0.3777778
0.5
0.25
0.3043478
0.25
0.4418605
0.326087
0.4418605
0.6842105
0.5714286
0.4375
0.3478261
0.5416667
0.3870968
0.3461538
0.5
0.2962963
0.5
0.3428571
0.3703704
0.5641026
0.4390244
0.4864865
0.4594595
0.2941176
0.2173913
0.3
0.4814815
0.5
0.4210526
0.32
0.4042553
0.4482759
0.4680851
0.4255319
0.3243243
0.4074074
0.4
0.5833333
0.2121212
0.3111111
0.4347826
0.1111111
0.4210526
0.3
0.34375
0.2571429
0.4285714
0.4545455
0.45
0.3783784
0.3333333
0.4
0.4
0.4
0.4883721
0.425
0.6470588
0.4090909
0.4230769
0.3846154
0.5
0.4074074
0.25
0.4782609
0.3846154
0.6666667
0.5897436
0.6
0.4634146
0.2631579
0.4736842
0.4090909
0.5128205
0.4857143
0.4736842
0.3157895
0.5
0.3
0.3846154
0.5416667
0.4186047
0.3714286
0.4565217
0.375
0.6
0.326087
0.5
0.3928571
0.5263158
0.3548387
