      TL             9.178794    0.496539    7.822697   10.571360    9.144169   8410.34   8980.67    1.000
      TL             7.855447    0.485475    6.530476    9.238054    7.816521   9942.21  10030.45    1.000
      TL             9.765838    0.594827    8.295023   11.302330    9.729896   5979.54   6439.07    1.000
      TL             7.723737    0.382040    6.551725    8.958435    7.699601   7952.94   7971.88    1.000
      TL             8.965209    0.569962    7.536587   10.469440    8.923148   5243.92   5471.96    1.000
      TL             5.167190    0.385587    4.011047    6.414613    5.120020  11903.45  12431.13    1.000
      TL             7.714490    0.474112    6.417954    9.091156    7.677595   5277.84   5513.29    1.000
      TL             6.012956    0.537197    4.627816    7.456011    5.952205   7432.93   8083.15    1.000
      TL             7.608813    0.652407    6.072694    9.210063    7.545877   7138.54   7151.91    1.000
      TL            10.701348    0.669803    9.138464   12.335930   10.660930   7370.45   7528.25    1.000
      TL             7.757076    0.440596    6.474973    9.067863    7.726068   8010.65   8381.98    1.000
      TL             2.550046    0.155944    1.814994    3.342619    2.523245  14288.16  14915.78    1.001
      TL             6.214632    0.557222    4.808974    7.692205    6.153738   8974.62   9130.50    1.000
      TL             3.421383    0.242859    2.489165    4.395099    3.385253  16899.97  17065.62    1.000
      TL             9.762781    0.666825    8.187934   11.370650    9.719116   5713.61   6004.48    1.000
      TL             9.943435    0.680223    8.383627   11.597090    9.900023   4662.81   4818.26    1.000
      TL             8.222801    0.445355    6.919155    9.528876    8.192875   4591.39   5173.73    1.000
      TL             5.419897    0.652645    3.948142    7.031223    5.333866   8944.70   9404.53    1.000
      TL             2.282283    0.253108    1.364978    3.279392    2.229002    199.68    200.67    1.000
      TL             3.862053    0.323535    2.780181    4.968676    3.812405  12462.65  12495.85    1.000
      TL             8.629128    0.475826    7.308007   10.004420    8.595634   5274.27   5563.15    1.000
      TL             5.063446    0.321659    4.015769    6.212368    5.024448  12377.87  12478.54    1.000
      TL             7.697735    0.550351    6.298088    9.170288    7.650824   7388.05   8177.52    1.000
      TL             4.922194    0.299482    3.871826    6.002687    4.889546   8818.89   8916.88    1.000
      TL             8.376061    0.514500    7.024605    9.817411    8.334204   6886.65   8033.34    1.000
      TL             6.724405    0.575339    5.328552    8.260613    6.664950   6784.55   7118.49    1.000
      TL             9.763715    0.822312    8.054239   11.568360    9.703996   5241.48   5691.95    1.000
      TL             7.178278    0.404058    5.989321    8.463257    7.146022   5719.55   6040.25    1.000
      TL             8.320448    0.784920    6.667058   10.100450    8.253542   7683.77   8183.61    1.000
      TL             7.605171    0.416120    6.378058    8.893639    7.573892   5934.11   6761.61    1.000
      TL             8.937945    0.543356    7.533930   10.411550    8.899558   6554.40   6946.13    1.000
      TL             8.153544    0.496930    6.803611    9.548705    8.120059   6914.77   7250.36    1.000
      TL             6.881412    0.360674    5.739642    8.075796    6.853794   6722.22   7907.64    1.000
      TL             4.525386    0.362030    3.402717    5.725020    4.475317   9128.87   9519.00    1.000
      TL             8.831679    0.473359    7.503013   10.189210    8.804386   4892.73   5589.79    1.000
      TL             3.582266    0.212846    2.725091    4.515705    3.553663  15208.76  17030.48    1.000
      TL             4.519196    0.235513    3.622515    5.513362    4.493893  13307.99  14116.81    1.000
      TL             2.939776    0.142113    2.216879    3.683748    2.923402   1563.13   6651.50    1.000
      TL             4.699966    0.413952    3.510295    5.982668    4.646054  12000.19  12377.43    1.000
      TL             6.376726    0.522606    5.042270    7.831918    6.323311   9917.85  10082.01    1.000
      TL             8.845283    0.467425    7.552833   10.229110    8.818586   5685.49   6418.47    1.000
      TL             5.581324    0.326962    4.496285    6.720983    5.550244   7729.43   8806.07    1.000
      TL             8.799280    0.450304    7.497536   10.115460    8.774998   6079.00   6304.99    1.000
      TL            11.227764    0.995313    9.355080   13.239250   11.172660   3281.73   3662.38    1.000
      TL             8.334216    0.553384    6.910587    9.799104    8.293448   6364.37   6761.10    1.000
      TL             6.059814    0.409742    4.859514    7.347603    6.017449   8985.28   9186.89    1.000
      TL             6.357788    0.288008    5.326157    7.424769    6.335814   7541.20   8459.33    1.000
      TL             4.353160    0.289498    3.323514    5.408682    4.318010  13521.95  14258.25    1.000
      TL             7.777470    0.652359    6.246791    9.384993    7.721971   4324.26   4777.63    1.000
      TL             7.818158    0.424187    6.576612    9.114410    7.784710   6892.59   7385.14    1.000
      TL             4.949659    0.303369    3.897082    6.035084    4.915903  11606.24  12010.64    1.000
      TL             4.777175    0.414035    3.560793    6.042397    4.719694  13325.59  13966.21    1.000
      TL             4.299312    0.431855    3.103364    5.619387    4.229557    147.26    708.91    1.004
      TL             7.479225    0.680243    5.936194    9.143048    7.416905   5598.32   5874.79    1.000
      TL             7.080384    0.502369    5.737923    8.504450    7.035155   7194.92   7500.16    1.000
      TL             6.114960    0.313684    5.052436    7.232704    6.085874   4739.62   4771.15    1.000
      TL            10.595869    0.784260    8.923805   12.370310   10.547810   5027.10   5144.56    1.000
      TL             5.336476    0.486257    4.033925    6.733853    5.275853   7920.74   8469.43    1.000
      TL             6.191248    0.622086    4.721855    7.738678    6.123146   6402.15   6836.78    1.000
      TL             6.388006    0.333926    5.279134    7.536532    6.359147   7904.73   8715.54    1.000
      TL             2.819569    0.185688    2.014253    3.681456    2.790855  15437.15  15554.93    1.000
      TL             7.982679    0.582678    6.540427    9.497751    7.937230   5427.13   5477.56    1.000
      TL             4.926818    0.285055    3.898908    5.978428    4.895236  11987.37  12541.04    1.000
      TL            10.256057    0.686785    8.694182   11.914480   10.210050   3782.06   3883.52    1.000
      TL            10.433498    0.842206    8.731986   12.301940   10.379390   3865.61   4019.14    1.000
      TL             9.345156    0.755313    7.700501   11.064860    9.291252   3815.93   4083.17    1.000
      TL             4.635033    0.426305    3.438510    5.960027    4.580032  13462.90  14005.07    1.000
      TL             5.195608    0.384208    4.004052    6.422118    5.153080   9262.57  10416.09    1.000
      TL             6.336088    0.424300    5.118407    7.649525    6.297703   5709.38   6970.86    1.001
      TL             6.550444    0.476515    5.259555    7.942883    6.506629   8480.21   9683.44    1.000
      TL             7.008501    0.374028    5.866070    8.260467    6.975798   8506.64   8838.32    1.000
      TL             7.512876    0.730817    5.949595    9.247638    7.447841   6252.17   6519.07    1.000
      TL             9.562789    0.686886    7.943462   11.177730    9.515061   3371.98   3536.59    1.000
      TL             6.325003    0.534412    4.953219    7.778790    6.270163   9980.29  10221.70    1.000
      TL             5.025453    0.267902    4.042005    6.049559    4.997916  11203.12  11484.44    1.000
      TL             3.213803    0.695074    1.846646    4.859665    3.073613  16056.07  16448.77    1.000
      TL            10.903424    1.078600    8.975446   13.002270   10.835080   4801.10   5063.84    1.000
      TL             4.053209    0.411256    2.902807    5.353444    3.980396    362.02   5762.50    1.006
      TL             8.504700    0.512542    7.159024    9.961532    8.469986   5243.70   5813.24    1.000
      TL             5.815934    0.706217    4.296639    7.514699    5.729942   8037.47   8463.36    1.000
      TL             7.434811    0.402964    6.213140    8.684754    7.405183   6495.01   6539.64    1.000
      TL            11.379996    0.816035    9.673139   13.189600   11.334820   4846.73   4903.57    1.000
      TL             7.530442    0.422406    6.284449    8.813951    7.495961   6321.85   6519.69    1.000
      TL             7.237918    0.405144    6.025924    8.505476    7.206745   6827.54   6888.26    1.000
      TL             6.039628    0.955336    4.293717    7.983262    5.921443   6909.13   7173.97    1.000
      TL             9.034843    0.694727    7.473120   10.715280    8.982973   5764.08   6256.91    1.000
      TL             5.721486    0.323566    4.638494    6.846925    5.691030   9060.96   9608.43    1.000
      TL             5.604006    0.526024    4.260457    7.062464    5.543393   9078.15   9600.05    1.000
      TL             4.976943    0.321287    3.926350    6.119209    4.939629   8521.08   9107.24    1.000
      TL             7.204532    0.783334    5.585869    8.995744    7.126272   7432.58   7732.24    1.000
      TL            10.542123    0.823370    8.822671   12.356870   10.491470   4084.04   4328.55    1.000
      TL             9.380762    0.901090    7.593996   11.275600    9.309375   4103.30   4640.82    1.000
      TL            10.520024    0.878884    8.722890   12.383180   10.462910   3138.31   3799.05    1.000
      TL             4.135156    0.327309    3.053761    5.278374    4.088263  12424.91  12438.55    1.000
      TL            10.073566    0.792668    8.362238   11.820570   10.018490   4237.64   4297.02    1.000
      TL             9.699829    0.545487    8.303089   11.183560    9.667854   6916.22   6968.18    1.000
      TL             4.341953    0.216098    3.462663    5.280810    4.319091  11210.35  11858.99    1.000
      TL             5.709743    0.358784    4.587863    6.919022    5.671675  12201.39  12913.73    1.000
      TL             9.107949    0.676222    7.533849   10.727070    9.057147   5561.02   5849.80    1.000
      TL             6.723566    0.475417    5.434798    8.117231    6.681985   9058.55   9159.99    1.000
