RFdist
0.08433735
0.1014493
0.1058824
0.1325301
0.1325301
0.1578947
0.12
0.06976744
0.1636364
0.1011236
0.1081081
0.1034483
0.1363636
0.03225806
0.2
0.1034483
0.1358025
0.08108108
0.1428571
0.125
0.1627907
0.08695652
0.06666667
0.1914894
0.05
0.1666667
0.1111111
0.1384615
0.01886792
0.1282051
0.164557
0.1142857
0.07042254
0.1875
0.06818182
0.02564103
0.09803922
0.04545455
0.05555556
0.125
0.1235955
0.122807
0.07865169
0.2
0.04109589
0.1666667
0.2051282
0.08695652
0.1333333
0.1235955
0.06976744
0.1666667
0.1351351
0.0877193
0.03225806
0.1044776
0.1538462
0.1818182
0.1052632
0.1428571
0.08571429
0.1578947
0.02040816
0.0952381
0.2307692
0.1282051
0.09090909
0.1794872
0
0.09803922
0.08108108
0.07407407
0.06329114
0.06976744
0.05882353
0.09090909
0.1780822
0.1724138
0.07692308
0.1578947
0.1111111
0.0952381
0.1428571
0.08823529
0.05263158
0.02631579
0.1428571
0.1578947
0.08
0.106383
0.07142857
0.08571429
0.04444444
0.2413793
0.1428571
0.1136364
0.06896552
0.1372549
0.1267606
0.1333333
