      alpha_symdir   7.259543    2.708454    4.412635   10.582460    7.049631  13026.42  14215.77    1.000
      alpha_symdir   7.703865    3.359417    4.425981   11.313690    7.467525  17356.89  18785.82    1.000
      alpha_symdir   6.348949    2.035243    3.891715    9.217815    6.157214  19846.75  19874.82    1.000
      alpha_symdir   5.603910    1.645768    3.379460    8.180249    5.420127  13475.11  14735.77    1.000
      alpha_symdir   7.960392    3.185854    4.838396   11.529960    7.730546  18052.48  18170.91    1.000
      alpha_symdir   3.706223    0.951633    2.123589    5.687847    3.543674  16347.88  16584.09    1.000
      alpha_symdir   5.410616    1.516796    3.278349    7.863356    5.238387  16878.87  17206.01    1.000
      alpha_symdir   5.092542    1.951650    2.765731    7.920784    4.862969  16072.21  16810.88    1.000
      alpha_symdir   4.482138    1.157611    2.659552    6.632486    4.315333  16402.38  17071.15    1.000
      alpha_symdir   5.963327    1.641603    3.735232    8.523362    5.791806  13682.79  14033.72    1.000
      alpha_symdir   7.479258    3.211086    4.343994   11.046920    7.239832  19002.78  19949.35    1.000
      alpha_symdir   5.043317    2.313585    2.500008    8.080316    4.799636  19522.33  20045.75    1.000
      alpha_symdir   6.725968    2.890997    3.856833   10.195650    6.491640  20354.49  20903.39    1.000
      alpha_symdir   3.606404    1.222396    1.865740    5.871512    3.397538  15705.47  15794.59    1.000
      alpha_symdir   5.680485    1.438292    3.607027    8.092340    5.519286  17417.25  18194.92    1.000
      alpha_symdir   7.428730    2.819747    4.486160   10.809960    7.207658  18376.88  18756.60    1.000
      alpha_symdir   5.723289    1.659048    3.491126    8.301115    5.541980  17558.63  17626.91    1.000
      alpha_symdir   4.761627    1.729859    2.565184    7.338081    4.540921  15833.63  16963.29    1.000
      alpha_symdir   3.920052    1.730160    1.783540    6.535867    3.680080  21510.77  22004.86    1.000
      alpha_symdir   5.484148    2.471354    2.882603    8.677830    5.240817  20261.72  20786.84    1.000
      alpha_symdir   6.622244    2.389102    3.940419    9.694436    6.400579  18308.73  18746.21    1.000
      alpha_symdir   6.181508    2.702002    3.343412    9.441335    5.935610  20707.07  21183.62    1.000
      alpha_symdir   7.019267    2.880000    4.059652   10.406270    6.787698  14942.52  15811.75    1.000
      alpha_symdir   6.503488    2.572405    3.792441    9.774744    6.275875  20108.03  20856.82    1.000
      alpha_symdir   5.909394    1.812226    3.638959    8.644212    5.717996  17980.04  18664.56    1.000
      alpha_symdir   6.774628    2.865472    3.775884   10.090920    6.537104  16114.32  16569.03    1.000
      alpha_symdir   4.817016    1.248826    2.864100    7.019926    4.659107  12335.32  12966.51    1.000
      alpha_symdir   6.971001    2.768997    4.077660   10.321540    6.753449  18907.71  19086.46    1.000
      alpha_symdir   4.430798    1.180411    2.631497    6.631748    4.258612  13967.28  14106.32    1.000
      alpha_symdir   6.294813    2.349679    3.618220    9.321869    6.071989  13129.01  13354.24    1.000
      alpha_symdir   6.439390    2.330067    3.817416    9.528570    6.213787  15421.86  16437.38    1.000
      alpha_symdir   4.851378    1.190961    2.961566    7.003328    4.688086  13557.90  14135.66    1.000
      alpha_symdir   6.448574    2.450694    3.779656    9.638383    6.232279  18816.71  19050.12    1.000
      alpha_symdir   4.767820    1.811438    2.520748    7.432461    4.543491  16121.40  17348.67    1.000
      alpha_symdir   5.692039    1.844261    3.306056    8.353909    5.494512  17944.37  18654.02    1.000
      alpha_symdir   4.981714    2.045553    2.594883    7.841380    4.747335  19287.65  19687.15    1.000
      alpha_symdir   4.569973    1.610018    2.455906    7.127047    4.353758  20074.55  20173.12    1.000
      alpha_symdir   4.774672    2.102850    2.364300    7.653485    4.531922  18804.87  19434.63    1.000
      alpha_symdir   4.497226    1.500443    2.437628    6.919410    4.296089  15981.48  17047.33    1.000
      alpha_symdir   4.576304    1.364692    2.636176    6.936835    4.397764  19199.85  20587.31    1.000
      alpha_symdir   7.185528    2.577879    4.376686   10.391050    6.976578  18833.62  18928.36    1.000
      alpha_symdir   5.127492    1.754185    2.879908    7.789971    4.925190  19619.33  19622.74    1.000
      alpha_symdir   7.311220    2.639542    4.410349   10.513890    7.102313  15977.51  15982.06    1.000
      alpha_symdir   7.232395    2.627976    4.314070   10.391750    7.016659  16238.48  17455.66    1.000
      alpha_symdir   6.197287    2.064604    3.704909    9.051367    5.993989  16231.78  16260.96    1.000
      alpha_symdir   4.934682    1.782239    2.659121    7.578738    4.725147  14325.16  14735.18    1.000
      alpha_symdir   4.002875    0.996739    2.364690    6.016247    3.848941  16575.01  16880.26    1.000
      alpha_symdir   6.275937    3.068660    3.310288    9.816242    6.022963  12824.60  13528.83    1.000
      alpha_symdir   6.145683    2.206604    3.648094    9.185881    5.940714  18475.69  18825.26    1.000
      alpha_symdir   7.142135    3.008354    4.149896   10.654930    6.903953  18104.72  18486.04    1.000
      alpha_symdir   3.899617    1.094161    2.168581    5.967648    3.724856  14818.65  15559.71    1.000
      alpha_symdir   5.422611    2.150462    2.949010    8.367455    5.190866  17665.48  18031.18    1.000
      alpha_symdir   4.233193    1.473005    2.236108    6.650746    4.023622  12431.51  12740.72    1.000
      alpha_symdir   6.683419    2.639194    3.878448    9.910717    6.458921  17600.91  18991.44    1.000
      alpha_symdir   4.285524    1.019492    2.548945    6.257178    4.135063  14702.92  15442.32    1.000
      alpha_symdir   5.617179    1.944996    3.284983    8.435666    5.401311  16423.83  17618.54    1.000
      alpha_symdir   7.757426    3.060901    4.728852   11.311080    7.538523  18654.69  18840.45    1.000
      alpha_symdir   4.975258    2.143513    2.533792    7.914213    4.730258  18581.33  18639.85    1.000
      alpha_symdir   4.880634    1.712922    2.693930    7.498757    4.666025  15312.31  15645.85    1.000
      alpha_symdir   6.950326    2.931105    3.992667   10.372140    6.726024  18967.41  19405.68    1.000
      alpha_symdir   2.869512    0.787478    1.469889    4.611066    2.697047  16507.25  17062.64    1.000
      alpha_symdir   5.858638    1.891475    3.500148    8.619451    5.660589  14906.99  15474.42    1.000
      alpha_symdir   6.570162    2.912597    3.621104    9.956322    6.322409  20527.35  20647.76    1.000
      alpha_symdir   7.846174    2.856171    4.837066   11.231770    7.637757  18361.99  18591.11    1.000
      alpha_symdir   8.425903    3.704930    5.009117   12.264230    8.191925  18221.77  19078.35    1.000
      alpha_symdir   6.091758    1.898692    3.743138    8.877450    5.896100  12933.75  14216.52    1.000
      alpha_symdir   4.728672    1.686084    2.538844    7.271435    4.510502  18198.50  18666.76    1.000
      alpha_symdir   5.953034    2.475863    3.283851    9.099873    5.720262  17243.07  18663.12    1.000
      alpha_symdir   5.648845    2.121662    3.182992    8.563646    5.426571  13349.27  15503.85    1.000
      alpha_symdir   5.585528    1.977110    3.225357    8.415908    5.374966  16073.50  16307.47    1.000
      alpha_symdir   4.851628    1.384645    2.884638    7.236565    4.670108  15605.07  16235.03    1.000
      alpha_symdir   6.701042    2.562163    3.927597    9.903233    6.477880  17794.36  19198.58    1.000
      alpha_symdir   6.197501    2.068974    3.702509    9.030027    5.992658  13906.59  14314.29    1.000
      alpha_symdir   4.633898    1.278685    2.716692    6.910498    4.461053  13234.42  13442.69    1.000
      alpha_symdir   4.905059    1.593036    2.793064    7.453921    4.712140  16946.93  17821.13    1.000
      alpha_symdir   2.968897    1.214482    1.286173    5.179487    2.738077  17389.96  17969.65    1.000
      alpha_symdir   6.980417    2.648833    4.141679   10.238820    6.760389  17926.40  17971.36    1.000
      alpha_symdir   5.045975    2.103876    2.668951    7.999687    4.811836  21709.13  21817.93    1.000
      alpha_symdir   6.441513    2.352403    3.817550    9.526982    6.223133  19198.13  19219.79    1.000
      alpha_symdir   4.039173    1.404645    2.059431    6.323049    3.834750  13737.45  13892.05    1.000
      alpha_symdir   5.245567    1.298911    3.257206    7.513441    5.081016  14909.47  15857.21    1.000
      alpha_symdir   6.483029    1.919376    4.098752    9.289611    6.304322  14350.24  14541.48    1.000
      alpha_symdir   6.165789    2.199298    3.617042    9.168967    5.954908  15245.23  17033.37    1.000
      alpha_symdir   6.090897    2.220318    3.536354    9.086039    5.874156  19025.50  19404.92    1.000
      alpha_symdir   5.292950    1.791228    2.997242    7.976532    5.095447  17902.61  18673.30    1.000
      alpha_symdir   4.018864    0.733347    2.566920    5.753946    3.894281  13566.84  14231.83    1.000
      alpha_symdir   5.222561    1.778288    2.965900    7.875480    5.016591  16104.54  16474.40    1.000
      alpha_symdir   4.815378    1.583386    2.793674    7.391470    4.612736  12310.38  12599.84    1.000
      alpha_symdir   6.079057    2.490602    3.383535    9.239470    5.846135  20319.51  20554.90    1.000
      alpha_symdir   5.755284    2.128273    3.206292    8.628620    5.544397  17453.23  18222.35    1.000
      alpha_symdir   7.238602    2.865736    4.297918   10.628220    6.999227  16220.10  17096.67    1.000
      alpha_symdir   6.302930    2.085747    3.836990    9.174622    6.103184  17127.03  17146.86    1.000
      alpha_symdir   6.504506    2.058484    3.963637    9.317608    6.307322  10946.02  11101.79    1.000
      alpha_symdir   5.560079    2.194927    3.041452    8.544985    5.330273  19931.86  20544.00    1.000
      alpha_symdir   7.499391    2.827476    4.512292   10.820110    7.286316  18688.87  18911.86    1.000
      alpha_symdir   7.396575    2.479786    4.579619   10.522660    7.191811  18264.86  18723.81    1.000
      alpha_symdir   3.629948    1.159374    1.930684    5.825414    3.429828  14959.63  15045.50    1.000
      alpha_symdir   4.506054    1.514748    2.470219    6.975341    4.307099  17399.98  17546.32    1.000
      alpha_symdir   6.903612    2.410896    4.209537   10.019680    6.698831  17538.03  18604.84    1.000
      alpha_symdir   6.889516    2.801143    4.020914   10.233320    6.655949  19771.47  20266.60    1.000
