      alpha_symdir{1}   6.266364    3.083475    3.313802    9.807789    6.019959  11664.98  12593.64    1.000
      alpha_symdir{1}   4.846577    2.149891    2.388290    7.770131    4.606457  12746.88  12853.50    1.000
      alpha_symdir{1}   4.608259    1.884084    2.385329    7.398747    4.376933  13075.30  13102.68    1.000
      alpha_symdir{1}   6.465873    3.234415    3.304079    9.964050    6.217035  12597.27  13143.84    1.000
      alpha_symdir{1}   4.886789    2.108352    2.450798    7.794426    4.657121  11349.40  11783.10    1.000
      alpha_symdir{1}   4.189517    1.975379    1.920478    7.037624    3.946796  13488.91  13976.13    1.000
      alpha_symdir{1}   5.488305    2.452618    2.816384    8.605870    5.252556  13380.39  13515.30    1.000
      alpha_symdir{1}   4.025602    1.708551    1.938014    6.648695    3.797823  13274.75  13336.06    1.000
      alpha_symdir{1}   5.646382    2.744242    2.810296    8.956149    5.411323  13981.40  14252.86    1.000
      alpha_symdir{1}   6.199348    2.959554    3.181085    9.617227    5.951328  11393.59  12163.80    1.000
      alpha_symdir{1}   5.252133    2.371879    2.668987    8.377166    5.009531  12990.44  13417.41    1.000
      alpha_symdir{1}   4.050471    2.156855    1.666832    6.970960    3.787636  13530.09  13575.15    1.000
      alpha_symdir{1}   4.633647    2.064317    2.229137    7.494289    4.386771  13838.25  13887.41    1.000
      alpha_symdir{1}   4.751955    2.585852    2.082117    7.931734    4.496408  12962.95  13371.45    1.000
      alpha_symdir{1}   6.448546    2.921795    3.406699    9.821124    6.223564  12079.26  12798.91    1.000
      alpha_symdir{1}   6.325070    2.864611    3.436233    9.725600    6.070702  12957.00  13192.10    1.000
      alpha_symdir{1}   6.009951    2.832860    3.173071    9.407018    5.756823  13224.83  13411.44    1.000
      alpha_symdir{1}   4.960657    2.465480    2.292876    8.046400    4.706068  13561.01  13932.25    1.000
      alpha_symdir{1}   4.125782    2.367046    1.503644    7.143281    3.881055  13849.18  13955.71    1.000
      alpha_symdir{1}   4.466396    2.336749    1.895173    7.498760    4.213415  14069.74  14121.28    1.000
      alpha_symdir{1}   6.111787    2.731335    3.333869    9.475632    5.872385  13190.05  13221.59    1.000
      alpha_symdir{1}   5.236748    2.708810    2.453548    8.522446    4.985607  13576.30  13739.90    1.000
      alpha_symdir{1}   5.244568    2.403690    2.595235    8.308748    5.004121  13098.24  13218.61    1.000
      alpha_symdir{1}   4.612612    2.208544    2.130013    7.559987    4.358961  12453.66  13347.89    1.000
      alpha_symdir{1}   4.718447    2.066776    2.342298    7.618234    4.483170  11134.05  11794.63    1.000
      alpha_symdir{1}   6.119851    3.137137    3.042264    9.637900    5.866576  13615.57  13723.17    1.000
      alpha_symdir{1}   5.675625    2.675702    2.867107    8.863505    5.428342  12759.93  12772.34    1.000
      alpha_symdir{1}   6.820310    3.383003    3.625937   10.467570    6.566320  14331.40  14345.41    1.000
      alpha_symdir{1}   5.816423    2.794774    3.045201    9.170913    5.561214  13825.36  13936.23    1.000
      alpha_symdir{1}   5.394241    2.433570    2.722449    8.508439    5.144537  13268.48  13361.80    1.000
      alpha_symdir{1}   4.120004    1.481722    2.145069    6.555725    3.915503  10388.42  11254.82    1.000
      alpha_symdir{1}   4.744919    1.951182    2.510673    7.581575    4.502868  10746.86  11240.40    1.000
      alpha_symdir{1}   4.901265    2.152780    2.412792    7.805250    4.661495  13125.53  13279.87    1.000
      alpha_symdir{1}   4.898011    2.491818    2.317108    8.101310    4.647319  13155.82  13639.39    1.000
      alpha_symdir{1}   4.718869    1.976303    2.426272    7.580767    4.485311  12293.91  12716.26    1.000
      alpha_symdir{1}   5.930845    3.113480    2.862089    9.404257    5.670808  13232.51  13779.35    1.000
      alpha_symdir{1}   3.687640    1.680027    1.596442    6.277441    3.446642  12506.45  12668.90    1.000
      alpha_symdir{1}   4.099943    2.134240    1.788944    7.076340    3.860110  13282.02  13416.68    1.000
      alpha_symdir{1}   4.639291    2.221437    2.279239    7.693686    4.385517  13500.34  13616.25    1.000
      alpha_symdir{1}   4.528871    2.251407    2.059589    7.546937    4.281701  11825.16  12122.81    1.000
      alpha_symdir{1}   4.623993    1.818028    2.402019    7.357491    4.409197  11794.30  12191.65    1.000
      alpha_symdir{1}   4.148930    1.891445    1.915709    6.905378    3.902050  12671.52  12697.80    1.000
      alpha_symdir{1}   4.867181    2.068065    2.434604    7.744664    4.647665  10874.79  11495.36    1.000
      alpha_symdir{1}   5.766195    2.648159    2.964432    9.006920    5.527167  12788.70  13121.87    1.000
      alpha_symdir{1}   4.532969    2.010044    2.169593    7.330526    4.296251  11354.88  11905.57    1.000
      alpha_symdir{1}   3.305884    1.239121    1.569807    5.536258    3.096453  10272.88  10732.48    1.000
      alpha_symdir{1}   5.308754    2.564833    2.673228    8.586263    5.053033  13162.76  13683.48    1.000
      alpha_symdir{1}   4.051036    1.891990    1.870911    6.801470    3.797728  10655.68  10956.40    1.000
      alpha_symdir{1}   5.057923    2.368404    2.475920    8.124396    4.807203  12474.75  12582.29    1.000
      alpha_symdir{1}   5.985941    2.907212    3.058956    9.366880    5.730228  12203.51  13021.12    1.000
      alpha_symdir{1}   4.644277    2.235368    2.173772    7.657682    4.393428  12349.04  12738.47    1.000
      alpha_symdir{1}   4.231454    2.130513    1.876031    7.160122    3.970587  12978.72  13111.21    1.000
      alpha_symdir{1}   3.364475    1.490324    1.480906    5.881927    3.137794  13138.10  13274.82    1.000
      alpha_symdir{1}   5.612239    2.632422    2.898218    8.872929    5.364280  13661.47  13871.97    1.000
      alpha_symdir{1}   6.159826    3.041544    3.092814    9.556900    5.917292  13061.88  13548.38    1.000
      alpha_symdir{1}   4.459436    1.882688    2.218167    7.261576    4.223587  11916.39  12507.59    1.000
      alpha_symdir{1}   6.063189    2.835260    3.077617    9.339951    5.826774  12178.49  12568.92    1.000
      alpha_symdir{1}   5.187096    2.588828    2.518805    8.412180    4.936432  13945.36  14267.33    1.000
      alpha_symdir{1}   4.886805    2.371444    2.258749    7.943101    4.644655  13035.00  13149.13    1.000
      alpha_symdir{1}   6.111955    3.057392    3.200429    9.653330    5.846759  12264.52  12436.33    1.000
      alpha_symdir{1}   4.873299    2.535077    2.181200    8.019719    4.619777  13803.04  13928.18    1.000
      alpha_symdir{1}   4.646370    1.948435    2.362955    7.494081    4.419920  12610.38  12661.45    1.000
      alpha_symdir{1}   4.421951    2.137859    2.031418    7.375677    4.178285  12810.95  13167.88    1.000
      alpha_symdir{1}   7.334867    3.580740    4.063783   11.164020    7.084539  13226.10  13777.62    1.000
      alpha_symdir{1}   4.248486    1.688182    2.147153    6.884065    4.022676  10976.14  11232.05    1.000
      alpha_symdir{1}   4.525631    1.721664    2.379768    7.184232    4.319370  10274.93  10974.75    1.000
      alpha_symdir{1}   3.983027    1.862066    1.794575    6.739708    3.746509  13855.19  13921.06    1.000
      alpha_symdir{1}   4.652199    2.227054    2.147873    7.613027    4.410817  13674.70  13680.02    1.000
      alpha_symdir{1}   5.352067    2.465402    2.707457    8.533237    5.112010  13070.39  13440.94    1.000
      alpha_symdir{1}   5.521698    2.762728    2.726213    8.843051    5.273814  12769.42  13519.40    1.000
      alpha_symdir{1}   5.435346    2.451334    2.781077    8.564570    5.190831  13368.01  13566.67    1.000
      alpha_symdir{1}   4.829384    2.322457    2.284578    7.843775    4.573181  11527.23  12623.97    1.000
      alpha_symdir{1}   6.278231    2.908894    3.385952    9.698370    6.041962  13436.61  13498.41    1.000
      alpha_symdir{1}   5.161172    2.626151    2.453527    8.380054    4.912547  13007.77  13418.08    1.000
      alpha_symdir{1}   4.929787    2.406296    2.385996    8.029796    4.685041  13790.89  13935.42    1.000
      alpha_symdir{1}   2.069145    4.361183    0.000008    5.696415    2.118058      7.61      8.67    1.001
      alpha_symdir{1}   5.428387    2.532663    2.723809    8.597243    5.186787  12011.27  12464.55    1.000
      alpha_symdir{1}   4.052851    2.033476    1.744524    6.914913    3.807625  13714.50  13928.65    1.000
      alpha_symdir{1}   5.398850    2.525923    2.717549    8.574268    5.163181  13071.02  13272.76    1.000
      alpha_symdir{1}   3.751187    1.723543    1.610658    6.324870    3.523620  13494.77  13627.78    1.000
      alpha_symdir{1}   5.686299    2.517557    2.974938    8.867758    5.444041  12851.78  13243.97    1.000
      alpha_symdir{1}   5.490242    2.458986    2.939793    8.698500    5.255504  11670.67  11832.29    1.000
      alpha_symdir{1}   5.930148    2.890850    3.016974    9.353833    5.680571  12699.16  12995.95    1.000
      alpha_symdir{1}   5.394446    2.411583    2.855682    8.605203    5.154064  12328.25  13174.50    1.000
      alpha_symdir{1}   5.330733    2.642036    2.568502    8.571250    5.093948  13899.74  14146.56    1.000
      alpha_symdir{1}   4.520384    1.897284    2.187584    7.236642    4.291770  12932.34  13112.22    1.000
      alpha_symdir{1}   4.398070    1.879504    2.213539    7.177615    4.171672  11219.49  11733.79    1.000
      alpha_symdir{1}   4.164155    1.845898    1.943334    6.893131    3.927853  12746.43  13501.09    1.000
      alpha_symdir{1}   3.533384    1.435904    1.583503    5.888228    3.310578  11425.08  11833.69    1.000
      alpha_symdir{1}   5.226080    2.518353    2.642748    8.452837    4.974725  13045.73  13637.62    1.000
      alpha_symdir{1}   5.061808    2.130595    2.561541    7.944264    4.825808  12393.20  12463.49    1.000
      alpha_symdir{1}   5.417785    2.303408    2.897014    8.450012    5.185869  12830.49  13453.63    1.000
      alpha_symdir{1}   7.107234    3.423397    3.836272   10.727900    6.851161  13529.13  13549.87    1.000
      alpha_symdir{1}   4.110707    1.942535    1.855341    6.957936    3.871765  13000.86  13140.16    1.000
      alpha_symdir{1}   6.448826    2.966326    3.525921    9.959911    6.212575  12760.09  13214.43    1.000
      alpha_symdir{1}   6.069635    2.685510    3.135137    9.266190    5.832555  12566.96  12687.18    1.000
      alpha_symdir{1}   4.479967    2.195001    2.038297    7.429109    4.224271  13028.72  13221.47    1.000
      alpha_symdir{1}   4.440744    1.963826    2.140354    7.215329    4.197718  13385.82  13435.60    1.000
      alpha_symdir{1}   6.106367    2.807140    3.191648    9.412121    5.863645  13086.68  13450.54    1.000
      alpha_symdir{1}   4.224174    1.900830    1.993292    6.964119    3.986994  12237.44  12421.08    1.000
