      TL{all}           8.587645    0.149236    7.830803    9.343532    8.577386   8679.76   8937.42    1.000
      TL{all}           7.891404    0.150651    7.148056    8.663389    7.879671   6502.43   7341.47    1.000
      TL{all}           8.514608    0.144880    7.792507    9.291411    8.504325   8909.13   8985.47    1.000
      TL{all}           7.638336    0.112764    6.982276    8.296616    7.630492  10950.91  11344.55    1.000
      TL{all}           8.210521    0.143575    7.479242    8.972014    8.200765   9000.48   9222.58    1.000
      TL{all}           5.562098    0.154740    4.829150    6.364939    5.544966   8315.57   8405.33    1.000
      TL{all}           7.533798    0.118287    6.854573    8.199830    7.527101  10828.23  10970.06    1.000
      TL{all}           5.857038    0.164868    5.062935    6.648196    5.837401   7229.02   7355.24    1.000
      TL{all}           6.725126    0.124052    6.044128    7.423360    6.716346  10595.34  10860.62    1.000
      TL{all}           9.269048    0.158360    8.509805   10.065080    9.260155   7365.27   7386.63    1.000
      TL{all}           7.387806    0.129766    6.693697    8.102448    7.378791   5516.80   6265.28    1.000
      TL{all}           3.568248    0.096748    2.985113    4.201916    3.554343   8745.25   9732.51    1.000
      TL{all}           5.742337    0.125229    5.048108    6.432287    5.732372   9905.43  10817.04    1.000
      TL{all}           3.512756    0.086938    2.950005    4.095983    3.502408  11855.86  13095.66    1.000
      TL{all}           9.303608    0.167420    8.491530   10.095140    9.294497   8257.99   8365.83    1.000
      TL{all}           9.887989    0.167423    9.082067   10.682260    9.878328  10201.97  10651.26    1.000
      TL{all}           8.398389    0.144201    7.672329    9.151064    8.389529   7821.24   7895.80    1.000
      TL{all}           4.897403    0.112711    4.250717    5.560804    4.885355  12302.00  13045.52    1.000
      TL{all}           3.847003    0.413632    2.705899    5.151224    3.770922  12446.11  12488.22    1.000
      TL{all}           4.216433    0.122666    3.575067    4.937798    4.202303  12051.74  12202.55    1.000
      TL{all}           9.091168    0.151642    8.341158    9.858450    9.083251   9430.39   9610.92    1.000
      TL{all}           5.328042    0.105200    4.721480    5.988873    5.318524  10878.89  11243.50    1.000
      TL{all}           7.042658    0.140072    6.315144    7.781564    7.030742  10478.71  10529.74    1.000
      TL{all}           5.618327    0.112004    4.977804    6.284479    5.606652  10765.07  11054.61    1.000
      TL{all}           7.551901    0.130518    6.865290    8.277631    7.543668   7176.11   7347.09    1.000
      TL{all}           7.031292    0.139891    6.326680    7.787747    7.022648  10870.64  11002.73    1.000
      TL{all}           8.554994    0.169216    7.766457    9.369789    8.544249  10763.53  10970.32    1.000
      TL{all}           7.057272    0.113440    6.419810    7.736268    7.049525  10061.75  10428.33    1.000
      TL{all}           6.767981    0.149759    6.014845    7.521582    6.753771   7660.51   7963.99    1.000
      TL{all}           6.778199    0.113028    6.121681    7.435089    6.770873   7744.44   7764.57    1.000
      TL{all}           8.134457    0.168096    7.334509    8.938264    8.122289   4167.82   4442.21    1.000
      TL{all}           8.124559    0.145646    7.387798    8.884825    8.114511   8966.60   9407.83    1.000
      TL{all}           7.640843    0.153485    6.882209    8.425708    7.629221   6550.25   6770.60    1.000
      TL{all}           4.467515    0.117487    3.812985    5.150562    4.451716   9895.38  10178.97    1.000
      TL{all}           7.642793    0.116081    6.981861    8.319603    7.635582   9115.13  10020.37    1.000
      TL{all}           4.120003    0.093683    3.531887    4.730558    4.110584   7927.88   8271.74    1.000
      TL{all}           5.176015    0.100537    4.565948    5.807453    5.165920   8853.33  10194.36    1.000
      TL{all}           3.701121    0.086424    3.129798    4.272771    3.688598   6680.30   7152.73    1.000
      TL{all}           5.056337    0.133486    4.345791    5.769567    5.041260  10024.08  10052.58    1.000
      TL{all}           6.068443    0.141903    5.341282    6.815899    6.055157   5475.05   5712.83    1.000
      TL{all}           8.528417    0.148783    7.775033    9.284636    8.518706   6431.93   7076.37    1.000
      TL{all}           5.728867    0.104741    5.096827    6.368470    5.720803  10516.84  10915.60    1.000
      TL{all}           8.556832    0.143867    7.817390    9.302032    8.547626   8264.75   8402.20    1.000
      TL{all}           8.845570    0.142601    8.114008    9.583631    8.838572   8979.49   8988.54    1.000
      TL{all}           7.718247    0.149061    6.979977    8.497182    7.703799   7378.40   7897.71    1.000
      TL{all}           6.078322    0.126696    5.362881    6.761387    6.066353  10024.34  10285.32    1.000
      TL{all}           6.327957    0.096559    5.728926    6.949529    6.318239   8627.81   9360.37    1.000
      TL{all}           5.222582    0.128445    4.522748    5.921595    5.207157   8375.53   8503.81    1.000
      TL{all}           7.424685    0.134651    6.711160    8.142282    7.415730   8665.03   8785.15    1.000
      TL{all}           6.957632    0.096121    6.340057    7.552423    6.950513  10993.05  11493.82    1.000
      TL{all}           5.059092    0.125878    4.379050    5.761519    5.042231   5713.17   6474.10    1.000
      TL{all}           4.985338    0.125340    4.326556    5.707645    4.970537  12540.65  12843.83    1.000
      TL{all}           4.306718    0.114839    3.657327    4.976066    4.291776  10119.83  10621.72    1.000
      TL{all}           7.206320    0.136515    6.507823    7.952196    7.194206   9833.19  10489.39    1.000
      TL{all}           7.150321    0.136819    6.423311    7.873104    7.141601   9510.32  10486.14    1.000
      TL{all}           6.548831    0.115320    5.901768    7.231167    6.539393   8315.20   8799.36    1.000
      TL{all}           9.380410    0.168373    8.574021   10.190130    9.369573   7813.35   7958.01    1.000
      TL{all}           5.226817    0.112080    4.564240    5.880457    5.216847   7803.69   7964.38    1.000
      TL{all}           5.714551    0.152630    4.990415    6.506277    5.697225   7877.47   8883.65    1.000
      TL{all}           7.185860    0.122081    6.514923    7.878758    7.179389   8749.82   9006.94    1.000
      TL{all}           3.321729    0.090787    2.727353    3.899792    3.307496   9991.59  10427.42    1.000
      TL{all}           7.339570    0.124983    6.641049    8.024721    7.331309   7530.65   7567.96    1.000
      TL{all}           4.993973    0.090697    4.420758    5.601042    4.985665  11018.82  11712.73    1.000
      TL{all}           9.478409    0.153960    8.710054   10.246170    9.467375   8450.10   8817.71    1.000
      TL{all}           8.532996    0.154948    7.761672    9.304161    8.525731   7093.06   7319.50    1.000
      TL{all}           8.876488    0.178116    8.077752    9.726997    8.865419   9014.93   9133.35    1.000
      TL{all}           4.430252    0.127442    3.743149    5.137957    4.412495   7939.20   7948.54    1.000
      TL{all}           5.394017    0.132606    4.677067    6.102048    5.381060  10086.86  10330.54    1.000
      TL{all}           7.280473    0.168417    6.476270    8.088596    7.267472   9726.57  10019.51    1.000
      TL{all}           6.662329    0.135117    5.940835    7.382809    6.652570  11473.13  11526.95    1.000
      TL{all}           7.583107    0.123654    6.917686    8.287097    7.571600   8698.13   8739.35    1.000
      TL{all}           6.773354    0.129350    6.088584    7.491157    6.763098  12731.43  13162.25    1.000
      TL{all}           8.011705    0.124329    7.347130    8.728355    8.004394  10758.82  10787.99    1.000
      TL{all}           6.004663    0.139135    5.277315    6.734112    5.991265   7933.17   8097.78    1.000
      TL{all}           5.253539    0.104164    4.643136    5.902829    5.242662   6599.18   6783.00    1.000
      TL{all}           3.432876    0.389697    2.328143    4.687329    3.357921   4500.33   6134.81    1.000
      TL{all}           8.019085    0.147527    7.266001    8.767352    8.010157   6849.55   7108.06    1.000
      TL{all}           4.487669    0.126298    3.801205    5.187543    4.470854  12559.75  12909.72    1.000
      TL{all}           7.678499    0.124641    6.982560    8.355777    7.669644  11022.52  11392.13    1.000
      TL{all}           5.184859    0.135679    4.468680    5.907087    5.169754  13027.21  13086.15    1.000
      TL{all}           8.159969    0.163158    7.390941    8.970081    8.148234   6248.64   6954.36    1.000
      TL{all}           9.360720    0.166518    8.567582   10.167110    9.351109   8738.56   8915.24    1.000
      TL{all}           7.316347    0.125287    6.621548    8.003008    7.308255   9469.82   9719.78    1.000
      TL{all}           7.696609    0.150394    6.934126    8.450506    7.684884   6814.54   7784.86    1.000
      TL{all}           6.573471    0.239661    5.645163    7.546844    6.544092   6687.08   7441.29    1.000
      TL{all}           7.734664    0.130328    7.032372    8.441686    7.727349  11846.40  12183.36    1.000
      TL{all}           6.321286    0.140289    5.585276    7.056759    6.309525   4763.26   4848.49    1.000
      TL{all}           5.169988    0.132594    4.458564    5.874923    5.155318   8075.66   8337.15    1.000
      TL{all}           5.897032    0.143382    5.184247    6.660322    5.881269   5855.66   6130.23    1.000
      TL{all}           6.346122    0.134616    5.625227    7.056176    6.335368  11711.39  12217.60    1.000
      TL{all}           8.559331    0.160785    7.790718    9.351528    8.547378   6779.65   6798.75    1.000
      TL{all}           8.870123    0.168482    8.092157    9.703479    8.859600  10250.74  10594.17    1.000
      TL{all}          10.586245    0.228528    9.675993   11.540780   10.575560   2351.04   2661.45    1.000
      TL{all}           5.606670    0.226724    4.695309    6.550058    5.574648   8425.85   8455.16    1.000
      TL{all}           8.633204    0.143780    7.888173    9.369818    8.625444   9409.07  10106.90    1.000
      TL{all}          10.117400    0.178922    9.305773   10.962030   10.106720   7303.74   8826.65    1.000
      TL{all}           4.860072    0.081182    4.310467    5.420232    4.851726  11853.69  12171.32    1.000
      TL{all}           5.638384    0.098571    5.054619    6.293277    5.630264  11754.96  11865.82    1.000
      TL{all}           8.409932    0.156179    7.654886    9.196962    8.399678   6978.45   7045.23    1.000
      TL{all}           6.904319    0.135827    6.210811    7.652048    6.890693   9487.13   9531.89    1.000
