      TL          8.128290    0.078417    7.586863    8.683233    8.122191  12042.98  12175.47    1.000
      TL          7.656678    0.083481    7.104443    8.234497    7.648905  11283.58  11659.45    1.000
      TL          8.253097    0.074354    7.722638    8.790460    8.247683  19817.87  20996.31    1.000
      TL          8.106087    0.079229    7.570541    8.673707    8.100750  13196.60  13527.83    1.000
      TL          8.150684    0.077192    7.614039    8.698521    8.145278  13358.56  14448.53    1.000
      TL          5.297345    0.067922    4.797778    5.818516    5.288332  13343.15  14119.79    1.000
      TL          7.368702    0.070706    6.853206    7.893492    7.363670  16866.89  17088.97    1.000
      TL          4.684010    0.064847    4.192513    5.186902    4.673837   9490.32  10324.77    1.000
      TL          6.672176    0.070877    6.159172    7.202234    6.665970  17471.55  17956.61    1.000
      TL          8.805660    0.095821    8.201204    9.413579    8.797497   6085.15   6266.65    1.001
      TL          7.269813    0.069913    6.744767    7.777213    7.266144  15406.54  15971.71    1.000
      TL          3.390277    0.080660    2.852412    3.953935    3.371911   7733.45   7754.56    1.000
      TL          5.141529    0.062289    4.668258    5.644487    5.135504  16677.31  17300.66    1.000
      TL          3.324568    0.042223    2.932673    3.736220    3.317348  18109.97  19163.39    1.000
      TL          9.472989    0.105785    8.844144   10.115630    9.466339   8154.11   8419.87    1.000
      TL          8.797014    0.083570    8.235708    9.369906    8.791998  15526.67  16597.86    1.000
      TL          7.942893    0.079951    7.399908    8.508069    7.937263  11904.42  12306.40    1.000
      TL          4.959929    0.092448    4.377675    5.563008    4.939265   7731.75   8620.10    1.000
      TL          2.501958    0.074512    2.002523    3.050205    2.478937  18818.90  19995.13    1.000
      TL          3.690306    0.048266    3.268236    4.125206    3.683718  19334.63  19954.26    1.000
      TL          7.738214    0.064014    7.245527    8.237724    7.734361  19466.66  20063.19    1.000
      TL          5.154836    0.060976    4.678569    5.645613    5.147090  15279.40  15709.90    1.000
      TL          7.049011    0.085711    6.478133    7.619009    7.038818  12945.82  13185.62    1.000
      TL          4.862580    0.048641    4.427465    5.288913    4.858145  22640.28  23185.07    1.000
      TL          6.929258    0.061097    6.449068    7.418973    6.925254  19412.24  20100.33    1.000
      TL          7.071322    0.109295    6.437342    7.728991    7.058516   4193.93   4379.07    1.001
      TL          7.994432    0.084804    7.432030    8.573600    7.988152  15873.11  16881.44    1.000
      TL          6.420012    0.060911    5.949680    6.918752    6.415904  17705.00  18308.29    1.000
      TL          6.118485    0.068486    5.622613    6.645172    6.111399  16849.63  17137.65    1.000
      TL          6.192743    0.055867    5.736547    6.661935    6.187480  17104.19  17285.55    1.000
      TL          7.293136    0.081584    6.739445    7.858504    7.286386   8987.22   9403.05    1.000
      TL          7.536060    0.079194    6.997512    8.097585    7.529164  11355.97  12021.60    1.000
      TL          6.677038    0.063467    6.192047    7.176732    6.673511  14188.51  15500.40    1.000
      TL          3.555566    0.043072    3.157485    3.972770    3.548677  20467.32  21415.04    1.000
      TL          7.229895    0.058021    6.773526    7.717232    7.226992  22587.45  22677.31    1.000
      TL          3.996360    0.056958    3.539568    4.472226    3.985468   7608.05   8471.83    1.000
      TL          5.009448    0.051973    4.560857    5.451469    5.003871  12309.29  13904.15    1.000
      TL          3.071280    0.036220    2.708643    3.451756    3.064591  10637.27  10936.82    1.000
      TL          4.835211    0.060699    4.367802    5.327809    4.827962  16908.37  17563.23    1.000
      TL          5.004312    0.053050    4.552643    5.454783    4.998865  15936.19  16369.60    1.000
      TL          8.506308    0.083086    7.954273    9.079986    8.501227  12540.92  12687.30    1.000
      TL          5.494085    0.062740    5.007154    5.986709    5.486851  10344.82  11089.12    1.000
      TL          8.129489    0.083575    7.577856    8.710671    8.121960   8468.65   8848.73    1.000
      TL          8.558676    0.077516    8.019193    9.114500    8.554662  17143.33  17924.17    1.000
      TL          7.648631    0.079902    7.096470    8.201304    7.642580   7427.41   7729.16    1.000
      TL          4.951846    0.049784    4.519290    5.391840    4.946912  11996.15  12700.05    1.000
      TL          6.006426    0.050334    5.572778    6.448481    6.002998  17183.86  17388.26    1.000
      TL          4.695176    0.056695    4.241479    5.170572    4.688511  15550.50  15794.39    1.000
      TL          6.693633    0.068603    6.192432    7.218823    6.688945  10011.33  10970.95    1.000
      TL          6.850534    0.061365    6.373404    7.343053    6.846013  16474.95  16701.40    1.000
      TL          4.896258    0.065571    4.410718    5.408767    4.885889   9139.48   9977.09    1.000
      TL          4.920783    0.071589    4.401610    5.449877    4.911516  18999.85  19099.49    1.000
      TL          3.712299    0.040608    3.320269    4.107335    3.707445  22393.24  23395.62    1.000
      TL          6.478250    0.067758    5.966540    6.986432    6.472426  17980.62  18824.50    1.000
      TL          6.498595    0.065103    6.011899    7.010139    6.494226  16809.40  17331.70    1.000
      TL          6.012343    0.057487    5.535940    6.473208    6.008512  15178.87  16690.37    1.000
      TL          9.309851    0.092702    8.708027    9.900876    9.305966  14121.47  14147.71    1.000
      TL          5.010936    0.059780    4.531174    5.487377    5.004215  20180.80  20247.98    1.000
      TL          5.291445    0.080550    4.754108    5.861887    5.277592   6664.63   7385.52    1.000
      TL          6.516118    0.064711    6.028656    7.022186    6.512217  15546.53  16004.27    1.000
      TL          3.027473    0.048929    2.599204    3.466205    3.017485  11943.77  13193.45    1.000
      TL          7.283506    0.071324    6.763675    7.811127    7.279498  11512.49  12550.70    1.000
      TL          4.692852    0.046109    4.279432    5.118610    4.686827  21145.63  21407.32    1.000
      TL          8.971150    0.089096    8.398702    9.570220    8.967388  14758.73  14767.00    1.000
      TL          8.413663    0.076177    7.875858    8.957872    8.409831  20277.22  20369.94    1.000
      TL          8.372001    0.092391    7.779754    8.970564    8.365012  11870.96  11874.81    1.000
      TL          4.075095    0.049879    3.654415    4.529620    4.068270  18968.46  19963.08    1.000
      TL          4.824845    0.057531    4.360082    5.298784    4.818528  18050.95  18267.46    1.000
      TL          5.806475    0.059555    5.337164    6.291440    5.801424  24447.45  24551.17    1.000
      TL          6.275306    0.070176    5.760931    6.800464    6.268885  16966.25  17867.63    1.000
      TL          6.610759    0.058730    6.127918    7.076951    6.605442  15515.83  16004.18    1.000
      TL          6.670239    0.071768    6.155346    7.204821    6.664935  15694.05  17614.33    1.000
      TL          8.375914    0.081493    7.817772    8.933109    8.369955  16293.01  16618.13    1.000
      TL          5.227278    0.063875    4.750538    5.737183    5.218143  12179.82  12224.04    1.000
      TL          5.242593    0.060165    4.777359    5.738152    5.236743  12876.44  14240.78    1.000
      TL          2.602377    0.132564    1.980060    3.343006    2.551097   8167.94   8684.39    1.000
      TL          8.614282    0.091888    8.023740    9.208094    8.608500  13065.47  13505.86    1.000
      TL          3.883761    0.059743    3.420619    4.371634    3.869817  11404.71  12683.23    1.000
      TL          7.670890    0.073860    7.142508    8.206455    7.665920  15350.49  16137.50    1.000
      TL          4.694317    0.051289    4.253184    5.138049    4.689004  23621.75  24744.15    1.000
      TL          7.718475    0.089556    7.127222    8.301625    7.712554   6258.49   7049.48    1.000
      TL          9.198970    0.093376    8.604979    9.797652    9.193960  13458.46  13710.15    1.000
      TL          7.149841    0.070800    6.636483    7.679937    7.145210   6231.27   6469.52    1.000
      TL          6.834521    0.077621    6.308693    7.398006    6.826105   4480.15   5073.25    1.000
      TL          5.119377    0.070476    4.622582    5.662246    5.110418  15244.71  15997.22    1.000
      TL          7.352936    0.073655    6.821216    7.885328    7.347098  15489.92  16016.27    1.000
      TL          5.796138    0.069805    5.295605    6.327593    5.787223   7380.73   7635.23    1.000
      TL          4.952039    0.065404    4.460654    5.462728    4.944748  11558.00  12411.84    1.000
      TL          4.842207    0.049328    4.407957    5.276332    4.838244  20479.70  21035.77    1.000
      TL          6.322957    0.081832    5.779926    6.894302    6.313117  15832.51  16016.14    1.000
      TL          8.910612    0.096349    8.314455    9.528094    8.905307  14513.95  14825.19    1.000
      TL          8.140133    0.085720    7.569521    8.711892    8.134882  16255.90  17966.37    1.000
      TL          9.912919    0.131682    9.204219   10.620260    9.903186   3668.80   3955.67    1.000
      TL          4.680245    0.083340    4.139554    5.262829    4.667820  11159.63  11437.24    1.000
      TL          8.275824    0.079650    7.718400    8.825491    8.271836  19371.19  19852.65    1.000
      TL          9.259060    0.094118    8.647117    9.847417    9.252376   8230.66   9656.12    1.000
      TL          4.007831    0.036911    3.631420    4.382029    4.004553  16863.56  17804.53    1.000
      TL          5.175710    0.049610    4.740614    5.611606    5.169975  20389.14  20446.38    1.000
      TL          8.043732    0.091068    7.457157    8.642203    8.036551  11468.87  11615.31    1.000
      TL          6.360717    0.077662    5.820394    6.911733    6.351205   4249.78   4334.72    1.000
