      alpha_symdir   7.793127    3.393614    4.655947   11.516380    7.547646   9336.03   9562.71    1.000
      alpha_symdir   7.754619    3.403459    4.498914   11.389800    7.518085   9636.69   9691.55    1.000
      alpha_symdir   7.379602    3.021827    4.400789   10.896210    7.148075   9897.65   9957.78    1.000
      alpha_symdir   7.505496    3.219148    4.458182   11.192490    7.252838   9560.08  10133.83    1.000
      alpha_symdir   6.605678    2.530888    3.844781    9.832852    6.383803   9388.64   9669.20    1.000
      alpha_symdir   5.268231    2.276339    2.738342    8.322117    5.029559   9576.79   9849.82    1.000
      alpha_symdir   5.067506    1.414742    2.963011    7.378727    4.893419   8425.33   8926.04    1.000
      alpha_symdir   4.550790    1.763608    2.310834    7.153570    4.327445   7049.98   7291.16    1.000
      alpha_symdir   5.873166    2.440038    3.226945    9.029450    5.630906   9329.30   9363.17    1.000
      alpha_symdir   7.187321    2.828285    4.287798   10.544750    6.969213   7824.09   8744.05    1.000
      alpha_symdir   7.822457    3.465279    4.548142   11.469030    7.590714  10031.74  10250.68    1.000
      alpha_symdir   5.772355    2.938481    2.906547    9.216808    5.517421  11243.01  11302.70    1.000
      alpha_symdir   7.622473    3.769187    4.254677   11.561250    7.378373  10842.81  11108.31    1.000
      alpha_symdir   5.583144    2.706337    2.809699    8.905830    5.330855  10726.20  11023.22    1.000
      alpha_symdir   8.608507    3.685905    5.178726   12.408730    8.355410   9642.83  10444.04    1.000
      alpha_symdir   7.153815    2.688226    4.382108   10.493410    6.930364  10565.76  10631.99    1.000
      alpha_symdir   7.681435    3.189716    4.512857   11.215110    7.460347  11100.31  11292.88    1.000
      alpha_symdir   4.873319    2.090976    2.414334    7.692764    4.643900   8086.60   8362.45    1.000
      alpha_symdir   3.861377    1.809963    1.699046    6.528230    3.610522  10640.25  10705.01    1.000
      alpha_symdir   4.174128    1.733193    2.040420    6.767610    3.936892  10139.78  10397.55    1.000
      alpha_symdir   7.956638    3.332492    4.714268   11.625950    7.721026  10066.79  10881.53    1.000
      alpha_symdir   4.747020    1.788306    2.570604    7.436497    4.523197  10251.91  10266.16    1.000
      alpha_symdir   7.638256    3.506477    4.335121   11.363450    7.393156   9460.28   9916.36    1.000
      alpha_symdir   8.137444    3.918784    4.687511   12.096310    7.873816  10766.41  10830.30    1.000
      alpha_symdir   7.564372    3.355095    4.466041   11.347240    7.323878  11356.43  11472.18    1.000
      alpha_symdir   6.529065    2.829615    3.637710    9.895335    6.283031   8469.43   8578.14    1.000
      alpha_symdir   7.181429    3.035365    4.099887   10.581480    6.951067   9344.71  10007.65    1.000
      alpha_symdir   6.860308    2.736309    3.911907   10.077330    6.636712  10059.98  10751.53    1.000
      alpha_symdir   6.288343    2.627224    3.562140    9.579166    6.053216   8529.83   8807.96    1.000
      alpha_symdir   6.477462    2.855184    3.571934    9.840364    6.234222  10158.44  10510.99    1.000
      alpha_symdir   8.158416    3.848011    4.793792   12.157690    7.903541   8674.38   9338.02    1.000
      alpha_symdir   6.261427    2.254421    3.725277    9.319274    6.050268   7830.97   7980.08    1.000
      alpha_symdir   8.093452    3.738192    4.735033   11.979170    7.833739  11091.43  11169.14    1.000
      alpha_symdir   5.863217    2.772248    3.048105    9.198587    5.600629  11045.73  11291.91    1.000
      alpha_symdir   7.898654    3.296078    4.728919   11.534850    7.688781  10900.80  11288.90    1.000
      alpha_symdir   5.347976    2.350635    2.769635    8.397493    5.100547  10304.06  10611.97    1.000
      alpha_symdir   5.826576    2.595814    3.074657    9.046899    5.573252  10744.98  11229.21    1.000
      alpha_symdir   4.850637    2.303877    2.313237    7.839296    4.596775  10761.20  10884.54    1.000
      alpha_symdir   5.001326    1.948847    2.615429    7.761174    4.776874   9958.93   9989.38    1.000
      alpha_symdir   6.002377    2.621099    3.192289    9.231172    5.757162  10842.09  11043.50    1.000
      alpha_symdir   9.193695    4.113200    5.511764   13.163030    8.965835  11286.72  11404.32    1.000
      alpha_symdir   6.332936    2.684540    3.556881    9.629308    6.100162  10581.92  10764.82    1.000
      alpha_symdir   8.301183    3.630388    4.979863   12.078400    8.072960   9891.51  10284.51    1.000
      alpha_symdir   7.584826    3.335096    4.421522   11.254340    7.347505   9713.51   9787.78    1.000
      alpha_symdir   7.324428    3.166942    4.198299   10.869270    7.093626   8800.23   8928.77    1.000
      alpha_symdir   6.057118    2.671561    3.298185    9.314715    5.811683  10294.19  10553.16    1.000
      alpha_symdir   5.865407    2.181735    3.344251    8.810752    5.654787   9410.58  10184.77    1.000
      alpha_symdir   5.166453    2.414066    2.650465    8.371437    4.923101   8054.68   8492.00    1.000
      alpha_symdir   6.453861    2.522447    3.671747    9.597755    6.238175  10206.20  10532.45    1.000
      alpha_symdir   6.145081    2.294946    3.588868    9.202520    5.931139  10833.63  11082.17    1.000
      alpha_symdir   5.356925    2.348716    2.845605    8.467364    5.114026   9798.19   9965.96    1.000
      alpha_symdir   5.160570    2.081334    2.756276    8.058456    4.929742  10253.22  10514.02    1.000
      alpha_symdir   4.956697    2.145435    2.566144    7.925220    4.718974  10383.64  10595.24    1.000
      alpha_symdir   3.622292    0.843017    2.043739    5.431312    3.475232   6929.66   7104.88    1.000
      alpha_symdir   5.514617    1.998628    3.216743    8.449784    5.292343   9076.10   9289.43    1.000
      alpha_symdir   5.265615    1.908900    2.916343    8.017906    5.056161   9553.51  10153.80    1.000
      alpha_symdir   9.263817    4.216126    5.712158   13.462520    9.032792   9967.10  10210.37    1.000
      alpha_symdir   5.202681    2.069007    2.828474    8.149316    4.971382  10370.44  10540.96    1.000
      alpha_symdir   5.192500    1.983447    2.835619    8.048017    4.960377   9106.53   9318.15    1.000
      alpha_symdir   5.429949    1.950621    3.011795    8.166793    5.204680  10095.49  10352.48    1.000
      alpha_symdir   4.541491    2.018987    2.208061    7.382737    4.302106  10422.84  10550.99    1.000
      alpha_symdir   6.828013    2.568736    4.067972   10.047090    6.613743  10177.06  10423.17    1.000
      alpha_symdir   5.788954    2.558950    3.055384    9.001605    5.538367   9981.37  10488.38    1.000
      alpha_symdir   8.659690    3.831942    5.132579   12.549710    8.412439  10522.79  11088.44    1.000
      alpha_symdir   6.528338    2.591496    3.722720    9.703245    6.311793   8247.15   8322.16    1.000
      alpha_symdir   7.075061    2.845985    4.094891   10.375350    6.846362   7453.51   7502.32    1.000
      alpha_symdir   5.603361    2.549951    2.935220    8.815534    5.345781  10298.54  10427.78    1.000
      alpha_symdir   5.601264    2.225591    3.024301    8.555402    5.386356  10652.46  10901.49    1.000
      alpha_symdir   5.159138    1.785632    2.884820    7.781822    4.945563   7401.67   7518.72    1.000
      alpha_symdir   6.344851    2.995713    3.480557    9.920876    6.107900   7472.64   8125.37    1.000
      alpha_symdir   7.325776    3.241322    4.195351   10.976040    7.076782  11143.39  11344.40    1.000
      alpha_symdir   6.966365    3.112276    3.939945   10.521300    6.726548   9490.11   9931.97    1.000
      alpha_symdir   7.126705    2.693713    4.282516   10.465930    6.901129   8408.33   9665.14    1.000
      alpha_symdir   4.758033    1.727577    2.611208    7.400708    4.547186   4356.95   4413.18    1.000
      alpha_symdir   5.499166    2.178479    2.962409    8.430273    5.261921  10449.66  10556.35    1.000
      alpha_symdir   3.906120    1.803501    1.733883    6.573403    3.664021   9620.73  10371.82    1.000
      alpha_symdir   7.219889    2.864404    4.177043   10.544060    7.005688   9113.25   9492.07    1.000
      alpha_symdir   5.130130    2.334873    2.575358    8.168532    4.883239   9821.87  10092.77    1.000
      alpha_symdir   7.544120    3.201228    4.499210   11.254900    7.306839  10751.09  11050.48    1.000
      alpha_symdir   4.516473    1.793815    2.312441    7.151555    4.288483   9221.70   9778.85    1.000
      alpha_symdir   7.757902    3.389331    4.586768   11.496830    7.505943   8086.15   8540.33    1.001
      alpha_symdir   9.420641    4.287184    5.759549   13.600850    9.178359  10154.37  10454.86    1.000
      alpha_symdir   6.581306    2.472357    3.940861    9.776845    6.361492   9431.98   9520.81    1.000
      alpha_symdir   7.279442    3.059830    4.257381   10.807120    7.035802  10276.39  10656.87    1.000
      alpha_symdir   6.584925    2.891631    3.788170   10.085050    6.342616  11444.51  11546.94    1.000
      alpha_symdir   7.773197    3.626500    4.403806   11.536780    7.521433   9196.60   9725.04    1.000
      alpha_symdir   5.856636    2.591169    3.155816    9.088578    5.603664   8963.04   9099.78    1.000
      alpha_symdir   4.598130    1.656279    2.501126    7.222694    4.384934   9527.49   9732.57    1.000
      alpha_symdir   5.752856    2.416469    3.131453    8.880543    5.523468  10805.54  11175.76    1.000
      alpha_symdir   4.699214    1.772099    2.449797    7.358016    4.488681   7903.33   8030.46    1.000
      alpha_symdir   7.950692    3.491198    4.737735   11.702870    7.716664  10167.25  10459.60    1.000
      alpha_symdir   6.447566    2.394431    3.735675    9.476056    6.236277   9573.71  10092.14    1.000
      alpha_symdir   8.451556    3.696466    5.017365   12.268590    8.224234   7896.07   8224.60    1.000
      alpha_symdir   4.430219    1.637851    2.343790    6.998236    4.209928   8331.48   8910.62    1.000
      alpha_symdir   7.087203    2.738657    4.208212   10.380550    6.867563   8449.97   8984.66    1.001
      alpha_symdir   7.318601    2.660045    4.476397   10.605520    7.106588  10170.40  10199.60    1.000
      alpha_symdir   6.704089    3.312259    3.513699   10.278700    6.445641  10000.53  10715.74    1.000
      alpha_symdir   5.634345    2.476548    2.995498    8.828885    5.383954   9091.01   9409.40    1.000
      alpha_symdir   8.855366    4.082932    5.218970   12.820710    8.626882  10579.52  11128.77    1.000
      alpha_symdir   5.849967    2.046336    3.362935    8.673467    5.637722   9569.88  10276.20    1.000
