      ilnvar                   0.021988    0.001441    0.000001    0.096759    0.006176     30.46     38.73    1.033
      ilnvar                   0.023854    0.001544    0.000001    0.107613    0.004601     25.40     46.64    1.003
      ilnvar                   0.030271    0.001748    0.000001    0.109722    0.015572     33.45     39.83    1.009
      ilnvar                   0.048877    0.005099    0.000001    0.192038    0.017283     19.12     40.61    1.167
      ilnvar                   0.023262    0.000909    0.000083    0.086204    0.011708     37.63     45.16    1.013
      ilnvar                   0.028624    0.002023    0.000001    0.109211    0.011827     80.88    176.52    1.022
      ilnvar                   0.000161    0.000000    0.000001    0.000794    0.000028     43.94     65.80    1.005
      ilnvar                   0.512541    0.279260    0.000362    1.534559    0.347399     67.68     75.24    1.000
      ilnvar                   0.020387    0.001333    0.000016    0.090569    0.006039     46.25     76.65    1.000
      ilnvar                   0.038802    0.005091    0.000001    0.186144    0.002609     20.10     26.53    1.005
      ilnvar                   0.061417    0.004684    0.000014    0.190818    0.040983     34.12     58.60    1.024
      ilnvar                   0.371312    0.134080    0.000793    1.037629    0.269198    372.65    445.77    1.000
      ilnvar                   0.075398    0.011463    0.000035    0.272133    0.039954     66.14     70.45    1.000
      ilnvar                   0.292600    0.088936    0.000406    0.827559    0.212926    410.18    437.03    1.001
      ilnvar                   0.010157    0.000534    0.000001    0.056142    0.000889     24.11     28.88    1.071
      ilnvar                   0.007847    0.000179    0.000001    0.034522    0.001989     42.22     49.92    1.052
      ilnvar                   0.019010    0.000778    0.000009    0.074510    0.008610     34.58     37.47    1.009
      ilnvar                   0.059894    0.011608    0.000020    0.246198    0.021356     85.19    128.34    1.000
      ilnvar                   0.172212    0.090740    0.000001    0.695463    0.070255    354.50    626.11    1.000
      ilnvar                   0.297438    0.159315    0.000498    1.164091    0.149953     42.46     59.10    1.003
      ilnvar                   0.003905    0.000191    0.000001    0.020863    0.000183     25.22     34.68    1.071
      ilnvar                   0.070637    0.008361    0.000021    0.246312    0.039618     92.23    101.63    1.000
      ilnvar                   0.043699    0.003765    0.000012    0.164510    0.020141     47.77     75.68    1.003
      ilnvar                   0.095637    0.011862    0.000004    0.311738    0.059958     45.54     92.39    1.018
      ilnvar                   0.003614    0.000108    0.000001    0.022448    0.000177     28.38     30.41    1.061
      ilnvar                   0.366369    0.095121    0.001297    0.902130    0.288820    106.76    173.58    1.003
      ilnvar                   0.121959    0.020222    0.000040    0.403317    0.073625     40.83     62.97    1.023
      ilnvar                   0.009868    0.000833    0.000001    0.059832    0.000324     31.69     33.51    1.062
      ilnvar                   0.274331    0.066532    0.004063    0.754465    0.201731    120.13    138.56    1.005
      ilnvar                   0.037797    0.003534    0.000001    0.153712    0.010975     37.77     56.19    1.123
      ilnvar                   0.018118    0.001112    0.000001    0.078212    0.004717     39.97     49.34    1.004
      ilnvar                   0.102094    0.010649    0.000145    0.296807    0.077060     47.10     59.84    1.000
      ilnvar                   0.000976    0.000009    0.000001    0.005918    0.000057     41.10     51.12    1.000
      ilnvar                   0.087964    0.013750    0.000004    0.308464    0.048273    176.95    190.74    1.002
      ilnvar                   0.002920    0.000078    0.000001    0.020117    0.000029     23.43     25.41    1.000
      ilnvar                   0.102687    0.021076    0.000003    0.384732    0.048540     78.93     90.51    1.014
      ilnvar                   0.005589    0.000171    0.000001    0.029379    0.000569     79.06     80.72    1.000
      ilnvar                   0.073390    0.008916    0.000188    0.234394    0.044701    171.31    188.03    1.003
      ilnvar                   0.083213    0.009654    0.000158    0.254411    0.055271    236.65    261.56    1.001
      ilnvar                   0.012800    0.000711    0.000001    0.057998    0.002917     63.09     65.67    1.002
      ilnvar                   0.000336    0.000004    0.000001    0.001029    0.000014     29.81     58.15    1.018
      ilnvar                   0.027876    0.003077    0.000001    0.140005    0.001205     45.03     74.30    1.159
      ilnvar                   0.038745    0.002555    0.000007    0.146766    0.019929     38.15     41.35    1.050
      ilnvar                   0.046300    0.003671    0.000016    0.171397    0.022585     31.83     37.12    1.061
      ilnvar                   0.044463    0.003495    0.000134    0.156038    0.024300     52.03     56.24    1.001
      ilnvar                   0.124142    0.020023    0.000138    0.378427    0.085082     73.66    101.09    1.000
      ilnvar                   0.016870    0.000528    0.000016    0.063876    0.008416     68.71     70.57    1.004
      ilnvar                   0.034382    0.004826    0.000001    0.151204    0.007659     60.73     61.80    1.027
      ilnvar                   0.108742    0.010153    0.000551    0.299486    0.086371     84.71     97.87    1.006
      ilnvar                   0.022952    0.002191    0.000001    0.117232    0.002614     36.10     38.66    1.099
      ilnvar                   0.047555    0.008118    0.000029    0.197682    0.015450     69.11     94.97    1.012
      ilnvar                   0.045001    0.006905    0.000001    0.211899    0.008115     73.19     92.98    1.001
      ilnvar                   0.137475    0.019891    0.000169    0.398590    0.100988    222.94    315.87    1.001
      ilnvar                   0.004346    0.000145    0.000001    0.022162    0.000523     56.73     58.55    1.000
      ilnvar                   0.023693    0.001787    0.000009    0.101177    0.007487     36.11     65.83    1.032
      ilnvar                   0.022658    0.001814    0.000002    0.104677    0.003520     32.74     36.36    1.023
      ilnvar                   0.023004    0.001512    0.000004    0.101252    0.006016     29.39     32.45    1.136
      ilnvar                   0.031387    0.002992    0.000011    0.123255    0.012888     80.12    149.93    1.009
      ilnvar                   0.357935    0.064649    0.001418    0.827622    0.297994    661.86    690.11    1.000
      ilnvar                   0.012299    0.000505    0.000007    0.051363    0.003696     40.07     42.55    1.001
      ilnvar                   0.051783    0.008468    0.000037    0.220024    0.017017     87.03    104.67    1.023
      ilnvar                   0.081094    0.008474    0.000001    0.256496    0.057058     22.63     27.96    1.082
      ilnvar                   0.018200    0.001622    0.000002    0.087944    0.002829     67.58     73.55    1.009
      ilnvar                   0.061020    0.005360    0.000016    0.207915    0.037387     25.80     29.52    1.018
      ilnvar                   0.012105    0.000390    0.000001    0.053191    0.003655     25.13     35.54    1.055
      ilnvar                   0.040199    0.003393    0.000009    0.150449    0.017450     56.88     59.35    1.007
      ilnvar                   0.453074    0.271121    0.000519    1.488541    0.269178    108.99    149.88    1.003
      ilnvar                   0.030609    0.003837    0.000012    0.126546    0.009805     70.36    129.04    1.013
      ilnvar                   0.028303    0.003289    0.000001    0.125766    0.006343     40.23     81.55    1.000
      ilnvar                   0.164411    0.026861    0.000646    0.467291    0.121179    102.40    111.66    1.002
      ilnvar                   0.023498    0.001730    0.000006    0.110084    0.006427     28.63     32.18    1.029
      ilnvar                   0.338434    0.063209    0.002554    0.811332    0.284650    170.63    189.47    1.001
      ilnvar                   0.004927    0.000121    0.000001    0.024172    0.000713     43.66     45.30    1.007
      ilnvar                   0.015829    0.002053    0.000001    0.083470    0.000953     57.23     69.33    1.040
      ilnvar                   0.052855    0.005722    0.000002    0.205646    0.022131     40.63     64.76    1.004
      ilnvar                   0.454188    0.236286    0.000192    1.374096    0.305885   1493.34   1577.91    1.000
      ilnvar                   0.008894    0.000184    0.000005    0.035790    0.003596     66.70     69.77    1.001
      ilnvar                   0.075169    0.016770    0.000001    0.323404    0.014665     92.85    112.98    1.031
      ilnvar                   0.018844    0.001056    0.000009    0.081902    0.005889     26.76     28.12    1.013
      ilnvar                   0.072163    0.011584    0.000072    0.260769    0.036546    164.37    207.66    1.003
      ilnvar                   0.012123    0.000497    0.000002    0.054378    0.003179     35.94     36.68    1.039
      ilnvar                   0.120455    0.007558    0.001747    0.285112    0.103152     90.62    115.56    1.002
      ilnvar                   0.006032    0.000164    0.000001    0.029855    0.001170     56.50     67.63    1.144
      ilnvar                   0.021635    0.004485    0.000001    0.126877    0.000334     28.35     31.70    1.030
      ilnvar                   0.372285    0.170994    0.000250    1.171597    0.239054     58.43     76.34    1.001
      ilnvar                   0.007395    0.000200    0.000002    0.034158    0.001742     37.21     63.53    1.051
      ilnvar                   0.193471    0.024713    0.008688    0.499404    0.151785    116.82    146.15    1.029
      ilnvar                   0.738638    0.430307    0.003917    2.014330    0.550851    104.51    117.20    1.015
      ilnvar                   0.027050    0.002306    0.000001    0.118101    0.007946     76.96     89.43    1.011
      ilnvar                   0.020384    0.001343    0.000001    0.078610    0.008337     51.96    103.53    1.007
      ilnvar                   0.005571    0.000318    0.000001    0.028160    0.000253     22.70     31.23    1.042
      ilnvar                   0.003540    0.000227    0.000001    0.016282    0.000109     34.00     34.90    1.001
      ilnvar                   0.006244    0.000263    0.000001    0.035398    0.000290     37.63     41.55    1.066
      ilnvar                   0.835275    0.305238    0.037030    1.900903    0.703596    395.94    583.51    1.002
      ilnvar                   0.030039    0.003523    0.000009    0.142971    0.005963     33.01     34.67    1.007
      ilnvar                   0.006269    0.000349    0.000001    0.031863    0.000295     34.57     44.95    1.002
      ilnvar                   0.009091    0.000322    0.000001    0.040942    0.001723     57.12     67.02    1.032
      ilnvar                   0.034419    0.002385    0.000051    0.129434    0.016857     81.55     95.31    1.002
      ilnvar                   0.012945    0.000770    0.000001    0.071473    0.001273     32.68     35.08    1.004
      ilnvar                   0.037708    0.003523    0.000002    0.161322    0.011934     40.85     48.38    1.009
