      age[0]                   0.898235    0.000992    0.842877    0.964337    0.894206    1.007    2
      age[0]                  0.986512    0.000628    0.954717    1.028983    0.981824    1.002    2
      age[0]                   0.981581    0.000816    0.928948    1.040247    0.978450    1.002    2
      age[0]                   1.060962    0.002961    0.956127    1.174108    1.059435    1.045    2
      age[0]                   1.068541    0.001941    0.988496    1.152860    1.063931    1.002    2
      age[0]                  1.058384    0.002841    0.963667    1.168720    1.053163    1.005    2
      age[0]                   0.984110    0.000660    0.944441    1.031998    0.979230    1.006    2
      age[0]                  0.784377    0.003172    0.723508    0.896634    0.767873    1.005    2
      age[0]                  1.024412    0.001551    0.953347    1.104978    1.020151    1.000    2
      age[0]                   0.935796    0.000831    0.883530    0.992573    0.932762    1.001    2
      age[0]                   0.930826    0.001327    0.869398    1.003674    0.925171    1.007    2
      age[0]                  0.884186    0.004255    0.831187    1.015609    0.861897    1.004    2
      age[0]                  0.908886    0.001755    0.857040    0.989178    0.899359    1.000    2
      age[0]                  0.929446    0.005542    0.819806    1.078782    0.912496    1.000    2
      age[0]                   1.028710    0.001883    0.946464    1.114707    1.026621    1.008    2
      age[0]                   0.974644    0.000899    0.920613    1.035508    0.972508    1.003    2
      age[0]                   1.059015    0.001125    0.999412    1.125520    1.054747    1.000    2
      age[0]                  0.988679    0.003364    0.882024    1.107943    0.983593    1.005    2
      age[0]                  0.908269    0.016695    0.671766    1.165849    0.893901    1.002    2
      age[0]                  0.989884    0.001173    0.951793    1.056585    0.980787    1.000    2
      age[0]                   0.977008    0.000913    0.922309    1.037180    0.973521    1.000    2
      age[0]                  1.017557    0.001109    0.979083    1.082889    1.008631    1.000    2
      age[0]                  0.985824    0.005567    0.849637    1.134555    0.979777    1.000    2
      age[0]                  0.963573    0.003944    0.859150    1.077891    0.957457    1.001    2
      age[0]                  1.032953    0.003730    0.926733    1.154118    1.025216    1.001    2
      age[0]                  0.938421    0.006355    0.796073    1.094357    0.929927    1.002    2
      age[0]                  1.001430    0.005145    0.863279    1.141509    0.995857    1.023    2
      age[0]                  0.948762    0.001839    0.870395    1.033697    0.944578    1.012    2
      age[0]                  0.875140    0.004900    0.742405    1.014767    0.870762    1.001    2
      age[0]                   0.919850    0.002215    0.828127    1.013274    0.916410    1.016    2
      age[0]                   0.965711    0.002603    0.886471    1.061786    0.955692    1.011    2
      age[0]                   0.939459    0.000587    0.914770    0.988768    0.932146    1.003    2
      age[0]                  1.099474    0.001843    1.016262    1.180408    1.096348    1.011    2
      age[0]                  0.999975    0.001037    0.970761    1.065092    0.989198    1.002    2
      age[0]                   1.008613    0.001189    0.945714    1.080030    1.004612    1.001    2
      age[0]                  1.016610    0.001419    0.944813    1.090511    1.014168    1.006    2
      age[0]                  0.985513    0.003133    0.883615    1.096071    0.978136    1.000    2
      age[0]                  0.916708    0.001056    0.872958    0.984699    0.908060    1.009    2
      age[0]                  1.023785    0.000938    0.972387    1.083356    1.018903    1.000    2
      age[0]                  1.042877    0.001211    0.977991    1.113116    1.040293    1.000    2
      age[0]                   0.973258    0.001648    0.896182    1.052194    0.970324    1.000    2
      age[0]                  0.973309    0.002120    0.886554    1.066648    0.969599    1.034    2
      age[0]                   0.901983    0.004766    0.780377    1.048877    0.895507    1.000    2
      age[0]                   0.969246    0.001381    0.898823    1.042766    0.966131    1.006    2
      age[0]                  1.004464    0.000650    0.957244    1.053315    1.001858    1.004    2
      age[0]                  1.027814    0.002687    0.928839    1.120870    1.024014    1.000    2
      age[0]                   0.998280    0.001229    0.931247    1.065582    0.994754    1.004    2
      age[0]                  0.962973    0.001348    0.915297    1.036013    0.955064    1.006    2
      age[0]                  1.007712    0.001177    0.948161    1.071316    1.002929    1.001    2
      age[0]                   1.053445    0.002368    0.962384    1.150026    1.049788    1.001    2
      age[0]                  1.051704    0.002179    0.963036    1.147142    1.048944    1.001    2
      age[0]                  0.931460    0.003343    0.827802    1.045607    0.925152    1.008    2
      age[0]                  0.885838    0.002062    0.827725    0.973238    0.876451    1.002    2
      age[0]                  0.957961    0.003902    0.842655    1.082830    0.951296    1.001    2
      age[0]                  0.983459    0.001045    0.923698    1.046917    0.980446    1.001    2
      age[0]                  0.996288    0.000561    0.966027    1.043077    0.990802    1.003    2
      age[0]                   0.998575    0.000834    0.945912    1.056942    0.995970    1.003    2
      age[0]                  0.946764    0.001701    0.872506    1.030092    0.942425    1.001    2
      age[0]                  0.910213    0.001680    0.866003    0.994276    0.898413    1.001    2
      age[0]                  1.015853    0.001581    0.940800    1.091905    1.012802    1.013    2
      age[0]                  1.087217    0.004565    0.956587    1.207540    1.081356    1.003    2
      age[0]                   0.962611    0.001604    0.891243    1.045077    0.958458    1.017    2
      age[0]                  0.984152    0.000873    0.932103    1.046132    0.980468    1.001    2
      age[0]                   0.990390    0.003552    0.896719    1.111787    0.979368    1.004    2
      age[0]                   0.964348    0.001111    0.903076    1.028301    0.960490    1.000    2
      age[0]                   1.014528    0.004436    0.898478    1.143425    1.005964    1.000    2
      age[0]                  0.896327    0.011370    0.699268    1.101572    0.887324    1.003    2
      age[0]                  1.018069    0.001746    0.940672    1.100981    1.013567    1.000    2
      age[0]                  1.024736    0.004695    0.901582    1.165750    1.018031    1.001    2
      age[0]                  1.004764    0.004311    0.901256    1.132661    0.993720    1.000    2
      age[0]                   1.067538    0.003383    0.959778    1.187456    1.061896    1.001    2
      age[0]                  0.987320    0.002489    0.900307    1.085922    0.980534    1.000    2
      age[0]                   0.928414    0.000957    0.877459    0.990569    0.923206    1.000    2
      age[0]                  0.964735    0.003359    0.851135    1.080189    0.959212    1.006    2
      age[0]                  0.968490    0.001015    0.914676    1.029461    0.965398    1.005    2
      age[0]                  0.871803    0.009234    0.792186    1.067023    0.839484    1.005    2
      age[0]                   1.120726    0.004480    0.999749    1.238685    1.115967    1.016    2
      age[0]                  0.989115    0.001666    0.911704    1.070826    0.986098    1.012    2
      age[0]                   0.977755    0.000690    0.928218    1.030102    0.975900    1.000    2
      age[0]                  1.067806    0.004131    0.951977    1.197571    1.061289    1.002    2
      age[0]                   0.914407    0.004869    0.791547    1.063142    0.906982    1.012    2
      age[0]                   0.873223    0.001927    0.794854    0.961931    0.868166    1.004    2
      age[0]                   0.987494    0.001561    0.925965    1.060063    0.981266    1.001    2
      age[0]                  0.996133    0.008756    0.819653    1.188427    0.991316    1.030    2
      age[0]                  0.921486    0.007591    0.775196    1.072180    0.914941    1.000    2
      age[0]                  1.022478    0.001624    0.947960    1.103568    1.018873    1.000    2
      age[0]                  0.656163    0.003881    0.539491    0.781880    0.652064    1.018    2
      age[0]                  0.957793    0.002376    0.905132    1.054848    0.943820    1.000    2
      age[0]                  1.074864    0.005104    0.944536    1.218900    1.068136    1.002    2
      age[0]                  0.909833    0.001431    0.837908    0.984531    0.905823    1.002    2
      age[0]                   1.050583    0.003660    0.952792    1.174907    1.038983    1.006    2
      age[0]                  1.029015    0.002504    0.941850    1.127114    1.022287    1.001    2
      age[0]                   0.999130    0.001640    0.923982    1.083813    0.994724    1.006    2
      age[0]                  0.912357    0.002455    0.834676    1.003339    0.902672    1.000    2
      age[0]                   1.097514    0.005310    0.957182    1.245543    1.091419    1.001    2
      age[0]                   1.040882    0.001054    0.977966    1.103511    1.038620    1.003    2
      age[0]                  1.006942    0.000982    0.950359    1.069973    1.004210    1.009    2
      age[0]                  0.992004    0.000539    0.962755    1.038208    0.986244    1.000    2
      age[0]                   0.975268    0.004710    0.851833    1.114744    0.967641    1.001    2
      age[0]                  0.852220    0.002832    0.778685    0.954977    0.841061    1.001    2
