0.255814
0.3888889
0.1818182
0.25
0.2272727
0.2
0.07692308
0.3181818
0.2758621
0.3333333
0.3421053
0.25
0.173913
0.1875
0.3255814
0.1521739
0.4418605
0.5789474
0.2857143
0.5625
0.326087
0.3333333
0.2258065
0.2692308
0.125
0.3703704
0.3235294
0.2857143
0.2962963
0.3333333
0.3170732
0.2702703
0.2432432
0.3529412
0.1521739
0.1
0.1481481
0.1818182
0.2631579
0.2
0.2765957
0.2758621
0.3617021
0.3191489
0.3243243
0.3333333
0.225
0.2083333
0.3939394
0.1777778
0.3043478
0.1666667
0.3684211
0.1666667
0.21875
0.08571429
0.2857143
0.3181818
0.4
0.2432432
0.1111111
0.3
0.16
0.1777778
0.255814
0.35
0.2352941
0.4090909
0.1923077
0.3076923
0.475
0.2962963
0.25
0.4347826
0.1923077
0.6666667
0.3589744
0.2
0.2195122
0.1578947
0.3684211
0.1818182
0.2307692
0.4
0.3157895
0.2105263
0.4
0.2
0.1923077
0.3333333
0.1627907
0.3142857
0.2826087
0.1875
0.3
0.1956522
0.2333333
0.1428571
0.2631579
0.3225806
