      age[0]                   0.898488    0.001187    0.840555    0.967250    0.892879    1.001    2
      age[0]                  0.986292    0.000469    0.954716    1.027276    0.982418    1.000    2
      age[0]                   0.984826    0.000849    0.932209    1.047336    0.981201    1.006    2
      age[0]                   1.059326    0.002957    0.958476    1.167531    1.055322    1.034    2
      age[0]                   1.080809    0.002249    0.997328    1.180293    1.075078    1.000    2
      age[0]                  1.065645    0.002970    0.962018    1.172921    1.061213    1.002    2
      age[0]                   0.982298    0.000488    0.946164    1.021032    0.979101    1.001    2
      age[0]                  0.796142    0.003662    0.723515    0.918874    0.780955    1.006    2
      age[0]                  1.028951    0.001883    0.954845    1.107513    1.023483    1.000    2
      age[0]                   0.937961    0.001000    0.879794    0.998369    0.934839    1.017    2
      age[0]                   0.933627    0.001417    0.871568    1.014822    0.927569    1.017    2
      age[0]                  0.891450    0.005638    0.831190    1.040497    0.865609    1.000    2
      age[0]                  0.911745    0.002058    0.857041    1.001492    0.899679    1.000    2
      age[0]                  0.910759    0.002779    0.821387    1.014419    0.902240    1.003    2
      age[0]                   1.035182    0.002178    0.947314    1.127544    1.031357    1.028    2
      age[0]                   0.980749    0.000948    0.921529    1.043068    0.978062    1.012    2
      age[0]                   1.057952    0.000977    1.001555    1.122895    1.054633    1.008    2
      age[0]                  0.994867    0.003635    0.889139    1.112081    0.987263    1.003    2
      age[0]                  0.919343    0.018074    0.678286    1.183181    0.902398    1.003    2
      age[0]                  0.990034    0.001197    0.951793    1.056439    0.980904    1.001    2
      age[0]                   0.977586    0.001017    0.920497    1.041029    0.973664    1.016    2
      age[0]                  1.019778    0.001157    0.979082    1.084782    1.011252    1.000    2
      age[0]                  0.988987    0.005243    0.851939    1.133135    0.982760    1.047    2
      age[0]                  0.956185    0.003035    0.859135    1.057181    0.951728    1.000    2
      age[0]                  1.037531    0.004373    0.928443    1.172702    1.027003    1.006    2
      age[0]                  0.944806    0.007199    0.799478    1.117990    0.934065    1.000    2
      age[0]                  1.003284    0.005677    0.859938    1.153534    0.998376    1.055    2
      age[0]                  0.941307    0.001482    0.869756    1.022107    0.938767    1.015    2
      age[0]                  0.897124    0.004451    0.769205    1.023810    0.891702    1.006    2
      age[0]                   0.914683    0.002319    0.819052    1.011826    0.910647    1.005    2
      age[0]                   0.962056    0.001763    0.888154    1.043878    0.957080    1.011    2
      age[0]                   0.940888    0.000618    0.914772    0.993715    0.933383    1.001    2
      age[0]                  1.104500    0.002130    1.022966    1.197287    1.098156    1.002    2
      age[0]                  0.997839    0.000950    0.970761    1.060025    0.987404    1.002    2
      age[0]                   1.007606    0.001068    0.945515    1.071985    1.005297    1.000    2
      age[0]                  1.015961    0.001338    0.945690    1.087287    1.013092    1.002    2
      age[0]                  0.992348    0.003089    0.892581    1.109087    0.985894    1.004    2
      age[0]                  0.915965    0.000936    0.873873    0.968183    0.909004    1.000    2
      age[0]                  1.025416    0.000867    0.973404    1.083564    1.020959    1.000    2
      age[0]                  1.045513    0.001249    0.981281    1.117939    1.042745    1.000    2
      age[0]                   0.977957    0.002190    0.892346    1.067986    0.973566    1.013    2
      age[0]                  0.961862    0.002100    0.877960    1.053487    0.957673    1.014    2
      age[0]                   0.876179    0.004016    0.755495    1.003905    0.872754    1.001    2
      age[0]                   0.982726    0.001633    0.908269    1.061757    0.978206    1.002    2
      age[0]                  1.006761    0.000589    0.963581    1.056622    1.004345    1.005    2
      age[0]                  1.031601    0.002503    0.932659    1.125746    1.028902    1.002    2
      age[0]                   0.992690    0.001004    0.933211    1.057266    0.991036    1.004    2
      age[0]                  0.965983    0.001396    0.915294    1.041603    0.958198    1.028    2
      age[0]                   1.010378    0.001133    0.949214    1.071309    1.006377    1.001    2
      age[0]                   1.061007    0.001912    0.977921    1.150014    1.057847    1.000    2
      age[0]                  1.053947    0.002236    0.964646    1.152443    1.051217    1.024    2
      age[0]                  0.930783    0.002743    0.835123    1.034259    0.924543    1.003    2
      age[0]                  0.886842    0.002004    0.827728    0.973028    0.877918    1.009    2
      age[0]                  0.965440    0.003527    0.858173    1.087991    0.962878    1.017    2
      age[0]                  0.982562    0.001043    0.923065    1.046556    0.979754    1.001    2
      age[0]                  0.997922    0.000533    0.966037    1.042275    0.993368    1.001    2
      age[0]                   0.999337    0.000806    0.944800    1.055140    0.996209    1.002    2
      age[0]                  0.949983    0.001726    0.877192    1.035715    0.945222    1.003    2
      age[0]                  0.906387    0.001047    0.866025    0.971187    0.898485    1.000    2
      age[0]                  1.028986    0.001840    0.949380    1.113552    1.024936    1.001    2
      age[0]                  1.088054    0.003935    0.970619    1.210102    1.083779    1.009    2
      age[0]                   0.967416    0.001430    0.901480    1.046052    0.963935    1.037    2
      age[0]                  0.985823    0.000913    0.930830    1.044280    0.982393    1.000    2
      age[0]                   1.008245    0.002687    0.918363    1.113253    1.003780    1.001    2
      age[0]                   0.966906    0.001171    0.907468    1.034540    0.962857    1.007    2
      age[0]                   1.012657    0.006025    0.882404    1.159959    0.999025    1.015    2
      age[0]                  0.873673    0.009920    0.678355    1.047861    0.869115    1.019    2
      age[0]                  1.015000    0.001580    0.942715    1.093502    1.010638    1.000    2
      age[0]                  1.026644    0.005314    0.901931    1.170569    1.017108    1.010    2
      age[0]                  0.996706    0.002862    0.899681    1.100930    0.989348    1.010    2
      age[0]                   1.072503    0.003726    0.962304    1.202762    1.068423    1.013    2
      age[0]                  0.993730    0.002397    0.906664    1.090941    0.988159    1.000    2
      age[0]                   0.929742    0.000982    0.877720    0.990577    0.924360    1.001    2
      age[0]                  0.958557    0.002937    0.858577    1.067073    0.952811    1.009    2
      age[0]                  0.969630    0.001010    0.912713    1.030214    0.966248    1.013    2
      age[0]                  0.868413    0.006558    0.792186    1.035224    0.843231    1.003    2
      age[0]                   1.109951    0.003376    1.006286    1.226177    1.103356    1.034    2
      age[0]                  0.993536    0.001726    0.913814    1.075892    0.990778    1.002    2
      age[0]                   0.982347    0.000745    0.930924    1.038698    0.979322    1.005    2
      age[0]                  1.081467    0.004403    0.962411    1.214081    1.075274    1.000    2
      age[0]                   0.906103    0.004385    0.771720    1.036372    0.901348    1.002    2
      age[0]                   0.896692    0.002651    0.802087    0.991852    0.893672    1.309    2
      age[0]                   0.984065    0.001459    0.926003    1.054644    0.977778    1.001    2
      age[0]                  0.992715    0.011137    0.791756    1.203857    0.989370    1.001    2
      age[0]                  0.932295    0.007403    0.776716    1.085008    0.925809    1.026    2
      age[0]                  1.016238    0.001604    0.941296    1.095530    1.012775    1.006    2
      age[0]                  0.654543    0.004503    0.528584    0.784226    0.648306    1.000    2
      age[0]                  0.954873    0.002112    0.905132    1.046528    0.941836    1.003    2
      age[0]                  1.063898    0.004035    0.950800    1.194438    1.056945    1.004    2
      age[0]                  0.914895    0.001494    0.844028    0.993547    0.910825    1.017    2
      age[0]                   1.037385    0.002709    0.947913    1.146808    1.028255    1.002    2
      age[0]                  1.035837    0.002599    0.947313    1.141396    1.029005    1.024    2
      age[0]                   1.001306    0.002088    0.921966    1.097688    0.994796    1.024    2
      age[0]                  0.916360    0.002417    0.837847    1.017656    0.907359    1.002    2
      age[0]                   1.092406    0.003858    0.985523    1.229068    1.087436    1.002    2
      age[0]                   1.046378    0.001525    0.976679    1.127973    1.039652    1.018    2
      age[0]                  1.004358    0.001118    0.944179    1.069783    1.000233    1.005    2
      age[0]                  0.994276    0.000622    0.962751    1.041350    0.988360    1.000    2
      age[0]                   0.963877    0.004896    0.828233    1.098747    0.959564    1.018    2
      age[0]                  0.841689    0.002248    0.778739    0.932495    0.830602    1.004    2
