      alpha_symdir   1.736646    0.049430    1.322261    2.179766    1.719446   5816.51   5823.72    1.000
      alpha_symdir   1.242228    0.027150    0.957946    1.583900    1.222042   4019.44   4486.56    1.000
      alpha_symdir   1.369666    0.040333    1.006373    1.771600    1.347056   3051.02   3105.45    1.000
      alpha_symdir   1.483541    0.030862    1.151815    1.837084    1.472090   5573.60   5932.53    1.000
      alpha_symdir   1.922038    0.071194    1.435663    2.467620    1.899696   5219.94   5892.79    1.000
      alpha_symdir   1.574649    0.080291    1.053841    2.125638    1.541813   5907.81   6261.87    1.000
      alpha_symdir   1.423110    0.041415    1.053138    1.826111    1.401742   3238.71   3424.78    1.001
      alpha_symdir   1.592171    0.129692    0.990324    2.304562    1.536359   3527.01   3689.87    1.000
      alpha_symdir   1.257877    0.028498    0.944787    1.592508    1.239805   2149.66   2814.77    1.000
      alpha_symdir   1.386853    0.052253    0.936985    1.803809    1.378205    547.89    617.51    1.000
      alpha_symdir   1.579334    0.071514    1.113971    2.119459    1.540450   4525.33   5060.12    1.000
      alpha_symdir   2.419832    0.519760    1.294986    3.850880    2.276910   7006.63   7633.96    1.000
      alpha_symdir   1.468025    0.107987    0.848160    2.144427    1.446012   2927.45   3201.20    1.000
      alpha_symdir   2.218111    0.420113    1.264150    3.493028    2.085662   7223.83   7299.70    1.000
      alpha_symdir   1.542894    0.055615    1.128174    2.011441    1.517223   1517.96   1811.13    1.002
      alpha_symdir   1.569296    0.040663    1.196165    1.963132    1.549047   5545.79   5598.91    1.000
      alpha_symdir   1.960987    0.088476    1.425264    2.570621    1.931307   6371.90   6452.71    1.000
      alpha_symdir   1.639744    0.092139    1.111633    2.231884    1.597831   4730.50   5149.64    1.000
      alpha_symdir   2.322762    1.165326    0.651651    4.540558    2.095597   6192.06   6352.58    1.000
      alpha_symdir   2.513508    0.533583    1.374313    3.984977    2.371579   7102.67   7865.60    1.000
      alpha_symdir   1.443334    0.039098    1.071504    1.833567    1.428252   3005.10   3198.22    1.000
      alpha_symdir   1.655106    0.110575    1.053966    2.308166    1.610909   5186.49   5396.88    1.001
      alpha_symdir   1.591491    0.058167    1.166823    2.098981    1.570267   3933.59   4061.23    1.000
      alpha_symdir   2.406018    0.231936    1.564578    3.373077    2.345379   7292.50   7877.11    1.000
      alpha_symdir   1.946179    0.130192    1.315453    2.653354    1.895456   3177.21   3797.45    1.000
      alpha_symdir   1.522562    0.045688    1.132817    1.952230    1.499219   3288.13   3683.38    1.000
      alpha_symdir   1.512502    0.073807    1.074617    2.070801    1.467250   2361.80   2374.58    1.001
      alpha_symdir   2.041670    0.129364    1.409829    2.767559    1.996615   5053.97   5577.08    1.000
      alpha_symdir   1.674997    0.073648    1.180817    2.207099    1.641036   6015.81   6337.98    1.000
      alpha_symdir   1.903334    0.076402    1.408865    2.466041    1.873775   6727.03   7106.42    1.000
      alpha_symdir   1.567712    0.042144    1.209990    1.994926    1.543918   5094.33   5140.07    1.000
      alpha_symdir   1.596797    0.044628    1.207721    2.022488    1.579045   4783.24   4825.14    1.000
      alpha_symdir   1.750192    0.060691    1.302729    2.242203    1.724773   7581.18   7699.86    1.000
      alpha_symdir   1.918403    0.263658    1.113012    2.921796    1.820489   5369.60   5546.83    1.000
      alpha_symdir   1.194613    0.016196    0.971551    1.457197    1.181974   5868.79   6117.98    1.000
      alpha_symdir   2.684003    0.507380    1.558371    4.128699    2.552722   8312.51   9027.97    1.000
      alpha_symdir   1.786193    0.119007    1.204332    2.497613    1.737049   7475.91   7717.26    1.000
      alpha_symdir   1.841874    0.222137    1.023726    2.787117    1.768694   5770.42   5856.18    1.000
      alpha_symdir   1.442453    0.060159    1.019114    1.940585    1.412810   5634.58   5753.43    1.000
      alpha_symdir   1.830294    0.123574    1.190485    2.523179    1.792193   6820.85   7010.63    1.000
      alpha_symdir   1.285318    0.032686    0.962880    1.646714    1.263156   1007.55   1845.37    1.000
      alpha_symdir   1.565205    0.125992    0.979369    2.270770    1.504316   3235.48   3377.43    1.001
      alpha_symdir   1.160994    0.017495    0.922263    1.423441    1.146820    959.21   1531.30    1.000
      alpha_symdir   1.250744    0.025082    0.940986    1.556182    1.246423   1281.97   1512.20    1.000
      alpha_symdir   1.212200    0.047804    0.832898    1.636480    1.186751    743.62   1183.96    1.000
      alpha_symdir   1.805988    0.107508    1.232534    2.475110    1.765528   5413.15   5640.73    1.000
      alpha_symdir   1.155714    0.029243    0.845306    1.502395    1.137450   3645.82   3702.53    1.000
      alpha_symdir   1.401577    0.060010    0.987031    1.893958    1.369145   4562.17   5300.62    1.000
      alpha_symdir   1.309479    0.027273    1.016176    1.641157    1.292958   4157.61   4644.73    1.000
      alpha_symdir   1.010802    0.008594    0.835383    1.194374    1.004259   4709.81   5535.69    1.000
      alpha_symdir   1.790861    0.104849    1.242743    2.463048    1.750411   7888.54   7916.31    1.000
      alpha_symdir   1.900239    0.145548    1.252776    2.662883    1.841539   6718.30   7063.18    1.000
      alpha_symdir   1.522740    0.088757    1.011127    2.123772    1.480845   6557.89   6985.67    1.000
      alpha_symdir   1.524638    0.077095    0.993114    2.084249    1.511577   3555.07   3626.97    1.000
      alpha_symdir   1.545307    0.044739    1.151267    1.974131    1.528480   4479.34   4599.87    1.000
      alpha_symdir   1.580888    0.088636    1.073963    2.162342    1.535677   3678.83   3938.24    1.000
      alpha_symdir   1.563906    0.043054    1.177343    1.986101    1.549746   2628.91   2691.51    1.000
      alpha_symdir   1.302973    0.056805    0.882607    1.787636    1.279853   2899.53   2955.11    1.000
      alpha_symdir   1.535617    0.071688    1.058762    2.061209    1.502020   4919.30   4961.93    1.000
      alpha_symdir   1.617104    0.054346    1.196585    2.091438    1.593619   4707.22   5075.70    1.000
      alpha_symdir   2.221802    0.423836    1.228856    3.536217    2.089295   8778.86   9301.71    1.000
      alpha_symdir   1.926130    0.112217    1.343556    2.621266    1.887900   4012.05   4233.56    1.000
      alpha_symdir   1.747555    0.145272    1.050268    2.493981    1.702320   5351.35   5410.40    1.000
      alpha_symdir   1.824582    0.059801    1.372039    2.310707    1.805008   3754.57   3782.13    1.000
      alpha_symdir   1.493062    0.038278    1.127326    1.885035    1.475718   4655.42   4832.26    1.000
      alpha_symdir   1.615809    0.053389    1.199143    2.086638    1.595350   3026.54   3366.30    1.000
      alpha_symdir   2.147767    0.326767    1.254434    3.309368    2.034920   5631.73   6006.22    1.000
      alpha_symdir   1.824244    0.141684    1.203903    2.581022    1.764113   6621.99   6708.09    1.000
      alpha_symdir   1.613817    0.063013    1.162413    2.117225    1.584758   5895.49   5936.71    1.000
      alpha_symdir   1.264898    0.040397    0.903858    1.672341    1.243391   3188.07   3345.65    1.000
      alpha_symdir   1.425387    0.049723    1.006782    1.873987    1.409395   5270.14   5696.99    1.000
      alpha_symdir   1.116824    0.041254    0.771989    1.520647    1.087048   2935.70   3046.39    1.000
      alpha_symdir   1.676584    0.096641    1.087392    2.283034    1.658850   1659.23   1977.87    1.000
      alpha_symdir   2.120684    0.212723    1.364632    3.041345    2.051139   6994.05   7458.54    1.000
      alpha_symdir   1.833204    0.082419    1.313528    2.409115    1.798621   8206.88   8639.74    1.000
      alpha_symdir   1.787532    0.427446    0.827995    3.209527    1.655954   6123.40   6891.81    1.000
      alpha_symdir   1.760029    0.068272    1.282033    2.282062    1.735471   2443.25   2465.67    1.000
      alpha_symdir   2.254306    0.303450    1.332541    3.343735    2.161369   8675.66   9246.59    1.000
      alpha_symdir   1.310430    0.038184    0.955771    1.701991    1.287287   4331.35   4529.49    1.000
      alpha_symdir   1.189433    0.034949    0.846954    1.562150    1.173247   4846.26   5348.06    1.000
      alpha_symdir   1.646106    0.050574    1.231047    2.094612    1.626327   4807.35   4871.04    1.000
      alpha_symdir   1.692179    0.054679    1.259608    2.169468    1.674796   4684.99   4858.13    1.000
      alpha_symdir   1.700970    0.099933    1.144385    2.322314    1.661667   3331.96   3528.55    1.000
      alpha_symdir   1.724205    0.059040    1.298579    2.229016    1.699996   6742.81   6857.38    1.000
      alpha_symdir   1.572466    0.158673    0.888589    2.366134    1.526622   2775.51   2835.36    1.000
      alpha_symdir   1.863220    0.086261    1.332812    2.446659    1.831572   2808.26   3402.01    1.000
      alpha_symdir   1.756799    0.103876    1.171365    2.400343    1.724497   3157.02   3526.43    1.000
      alpha_symdir   1.955803    0.147727    1.292721    2.723210    1.904824   6017.29   6098.20    1.000
      alpha_symdir   1.853760    0.101040    1.312709    2.505160    1.815118   7834.55   8121.49    1.000
      alpha_symdir   1.930532    0.117512    1.323721    2.626230    1.889617   6536.19   6558.42    1.001
      alpha_symdir   1.367655    0.026217    1.074909    1.695244    1.349755   4029.69   4189.46    1.000
      alpha_symdir   1.570207    0.053276    1.167054    2.033399    1.541760   4170.08   4417.59    1.000
      alpha_symdir   1.712537    0.059164    1.272811    2.198040    1.687257   1631.26   1785.47    1.002
      alpha_symdir   1.668220    0.157890    1.021017    2.457684    1.600049   4544.43   4566.42    1.000
      alpha_symdir   1.573465    0.054625    1.142273    2.035624    1.550409   3056.55   3248.20    1.000
      alpha_symdir   1.844181    0.042933    1.455995    2.258730    1.827977   7013.93   7089.68    1.000
      alpha_symdir   1.608025    0.079603    1.132365    2.172293    1.567986   7383.26   7403.25    1.000
      alpha_symdir   1.847790    0.093272    1.305816    2.459363    1.805922   6952.19   6963.20    1.000
      alpha_symdir   1.893871    0.101287    1.309614    2.499164    1.849981   3010.56   3063.94    1.000
      alpha_symdir   1.604712    0.054317    1.171807    2.070123    1.584547   5129.77   5498.49    1.001
