RFdist
0.255814
0.4166667
0.1818182
0.3181818
0.25
0.2
0.1025641
0.3636364
0.5862069
0.2888889
0.1842105
0.1875
0.173913
0.1875
0.3488372
0.1086957
0.255814
0
0.2857143
0.125
0.2391304
0.3333333
0.3225806
0.3076923
0.175
0.3333333
0.3823529
0.3428571
0.2962963
0.4102564
0.2439024
0.4054054
0.2162162
0.3529412
0.3478261
0.3
0.1851852
0.6363636
0.3684211
0.32
0.2978723
0.2413793
0.3617021
0.3617021
0.2972973
0.2962963
0.225
0.1666667
0.3333333
0.3777778
0.173913
0.05555556
0.2105263
0.2333333
0.09375
0.1428571
0.2380952
0.4545455
0.3
0.2972973
0.2222222
0.2
0.16
0.1777778
0.2790698
0.25
0.4705882
0.3636364
0.1923077
0.4615385
0.2
0.1851852
0.25
0.3478261
0.03846154
0.1666667
0.2307692
0.1333333
0.2682927
0.2631579
0.3157895
0.2727273
0.3076923
0.2571429
0.3157895
0.1578947
0.5
0.4
0.3461538
0.375
0.255814
0.1714286
0.3478261
0.25
0.275
0.2173913
0.2
0.3214286
0.2368421
0.3225806
