      clockrate                0.684048    0.005417    0.542504    0.828535    0.680834   1499.04   1564.46    1.000
      clockrate                0.599729    0.007381    0.440574    0.773678    0.592420    112.18    204.67    1.006
      clockrate                0.789667    0.009169    0.608014    0.979103    0.785017    686.93    718.12    1.001
      clockrate                0.550709    0.006016    0.407892    0.706474    0.545516    436.49    454.15    1.000
      clockrate                0.609914    0.004549    0.481433    0.743804    0.606704    759.12    818.41    1.000
      clockrate                0.944000    0.032472    0.627690    1.276954    0.921514    120.08    137.92    1.025
      clockrate                0.689168    0.005806    0.543268    0.839526    0.685961   1662.41   1808.28    1.000
      clockrate                1.094824    0.045196    0.722341    1.487084    1.069209    114.31    183.77    1.005
      clockrate                1.032546    0.022229    0.757888    1.327363    1.017977    189.65    207.30    1.000
      clockrate                0.821968    0.009771    0.634513    1.016759    0.816888   1141.22   1150.23    1.000
      clockrate                0.757311    0.008315    0.584864    0.938685    0.752874    351.75    360.50    1.001
      clockrate                0.617145    0.030430    0.321223    0.965108    0.587832    289.08    376.88    1.000
      clockrate                0.765319    0.014592    0.541761    1.010429    0.756690   1125.50   2108.33    1.002
      clockrate                1.102497    0.160065    0.533906    1.918336    0.997613     52.39     55.35    1.012
      clockrate                0.736999    0.007020    0.579735    0.905257    0.731963    810.86    999.24    1.001
      clockrate                0.964016    0.010138    0.771871    1.163817    0.960198    489.87    540.78    1.002
      clockrate                0.730170    0.007179    0.568978    0.897431    0.724796   1567.69   1680.76    1.000
      clockrate                0.979180    0.118563    0.430839    1.667226    0.919462    110.76    252.97    1.002
      clockrate                1.437907    0.196236    0.727208    2.333183    1.355252    460.22    633.75    1.001
      clockrate                0.948723    0.128987    0.476757    1.657771    0.859404     88.01     95.87    1.004
      clockrate                0.727755    0.008577    0.555056    0.915628    0.723423   1140.65   1144.44    1.000
      clockrate                0.747090    0.039563    0.434160    1.150431    0.706544     38.54    262.48    1.059
      clockrate                1.037778    0.161750    0.547824    1.878476    0.916736     26.09     39.87    1.013
      clockrate                0.721834    0.045924    0.409639    1.172687    0.673884     35.53    417.01    1.106
      clockrate                0.864913    0.012078    0.655140    1.080805    0.856523    119.17    567.58    1.009
      clockrate                0.966098    0.086259    0.503439    1.538826    0.912665     40.16     42.90    1.008
      clockrate                0.804306    0.019894    0.552706    1.072657    0.788355     61.21    391.00    1.028
      clockrate                0.783485    0.016024    0.555901    1.030001    0.769539     50.39    551.30    1.064
      clockrate                0.890537    0.062633    0.556742    1.428167    0.828182     25.39     27.11    1.011
      clockrate                0.659822    0.006944    0.497511    0.821901    0.655682    180.17    495.11    1.000
      clockrate                0.659587    0.009211    0.477486    0.845887    0.652752    430.65    785.09    1.001
      clockrate                0.717315    0.007980    0.549738    0.896425    0.713375   1752.69   1832.72    1.002
      clockrate                0.614416    0.005933    0.470998    0.768988    0.609802    458.82    531.99    1.000
      clockrate                0.832697    0.055217    0.445516    1.287379    0.791094     48.69     92.25    1.022
      clockrate                0.787162    0.006405    0.637296    0.948919    0.783550   1454.44   1583.67    1.001
      clockrate                1.163815    0.090777    0.671861    1.786068    1.112334    452.02    656.32    1.001
      clockrate                0.817489    0.022680    0.555433    1.125336    0.798576     80.47     97.36    1.001
      clockrate                0.783184    0.066757    0.455945    1.327943    0.720719     40.48     44.79    1.030
      clockrate                1.001537    0.190337    0.462082    1.922403    0.840375     43.02     53.87    1.396
      clockrate                0.845350    0.016423    0.605217    1.100420    0.837323    593.62    593.64    1.000
      clockrate                0.761596    0.007901    0.588696    0.935783    0.757492    515.50    582.25    1.000
      clockrate                1.167919    0.142228    0.593065    1.918248    1.092641     36.86     56.15    1.039
      clockrate                1.025926    0.012257    0.818861    1.251142    1.020259    543.38    574.87    1.003
      clockrate                0.725509    0.009160    0.541256    0.914574    0.720448    619.18    628.84    1.000
      clockrate                0.715895    0.008880    0.539563    0.903100    0.708871    121.59    450.27    1.013
      clockrate                0.618356    0.016110    0.404106    0.854495    0.600406    192.46    277.55    1.007
      clockrate                0.781456    0.011455    0.583450    0.998172    0.775488     90.55    471.10    1.002
      clockrate                0.890684    0.027099    0.595938    1.225964    0.871807    172.26    342.09    1.000
      clockrate                0.866769    0.042344    0.534450    1.277586    0.828370     27.68     52.23    1.045
      clockrate                0.702628    0.009989    0.514983    0.899499    0.695229    764.79    876.37    1.001
      clockrate                0.822262    0.033328    0.513889    1.171887    0.795692     48.81     57.89    1.012
      clockrate                0.984809    0.174582    0.381884    1.770176    0.927123     20.94     26.10    1.081
      clockrate                0.726144    0.034539    0.413036    1.100360    0.697430    174.57    211.30    1.004
      clockrate                0.957715    0.037652    0.628566    1.351605    0.931519     39.62    325.49    1.084
      clockrate                0.724438    0.060160    0.382438    1.206039    0.661420     21.72     41.47    1.195
      clockrate                0.762452    0.036149    0.479122    1.160110    0.718576     56.67     57.54    1.070
      clockrate                0.609149    0.013301    0.428584    0.817615    0.588924     30.92    205.45    1.056
      clockrate                0.825149    0.023886    0.552534    1.134691    0.803426    139.44    157.92    1.040
      clockrate                0.802435    0.022372    0.543426    1.057666    0.787543    123.62    293.41    1.000
      clockrate                0.584251    0.006852    0.430158    0.751836    0.579141    502.54    597.27    1.000
      clockrate                0.736820    0.058050    0.367560    1.234578    0.687569    288.60    340.95    1.000
      clockrate                0.705177    0.007279    0.543757    0.875039    0.701010   1689.33   1894.72    1.001
      clockrate                0.793867    0.018892    0.558113    1.058122    0.776445     53.92     88.32    1.005
      clockrate                0.710467    0.005934    0.563221    0.862718    0.707472    385.03    399.96    1.000
      clockrate                0.891985    0.017281    0.654253    1.156971    0.880964    291.70    331.80    1.000
      clockrate                0.806002    0.023139    0.550344    1.074747    0.784931     27.87    250.10    1.014
      clockrate                0.843128    0.029409    0.531041    1.164166    0.822793    232.56    254.25    1.002
      clockrate                0.752114    0.070178    0.376732    1.299931    0.684545    132.79    139.39    1.000
      clockrate                0.795827    0.012232    0.584097    1.012767    0.787194     68.35    726.36    1.009
      clockrate                0.973701    0.070136    0.550585    1.506141    0.922668    106.18    123.17    1.011
      clockrate                0.597268    0.005581    0.452915    0.744771    0.593324    806.03   1054.30    1.000
      clockrate                0.630548    0.016362    0.414374    0.887350    0.611748     77.38     86.25    1.001
      clockrate                0.864623    0.013516    0.649801    1.101267    0.858560    617.51    869.27    1.000
      clockrate                0.631764    0.015172    0.415700    0.857661    0.617939     61.78    898.83    1.018
      clockrate                0.650950    0.008469    0.476993    0.832834    0.645331    476.16    705.52    1.001
      clockrate                1.291483    0.244339    0.443710    2.191518    1.264935    178.78    330.45    1.003
      clockrate                0.734777    0.007738    0.566455    0.907826    0.729905    406.27    481.98    1.000
      clockrate                0.760997    0.056184    0.427741    1.215589    0.710025    141.36    150.90    1.008
      clockrate                0.796062    0.009776    0.605997    0.990548    0.790759    492.34    610.07    1.006
      clockrate                1.265764    0.239899    0.534367    2.222794    1.161694     54.80     70.05    1.012
      clockrate                1.072094    0.034909    0.745032    1.422082    1.046943     41.05    246.54    1.009
      clockrate                0.679519    0.006303    0.528816    0.839383    0.675945   1031.96   1103.13    1.000
      clockrate                0.640023    0.012592    0.448894    0.870938    0.624791     54.87     54.90    1.047
      clockrate                0.925766    0.070383    0.560653    1.516147    0.852657     25.02    367.32    1.258
      clockrate                1.170526    0.156139    0.621615    1.993814    1.066345     57.41    142.07    1.022
      clockrate                0.690326    0.007894    0.516589    0.856225    0.684499    114.12    132.21    1.000
      clockrate                1.299697    0.196630    0.642161    2.176846    1.205462     23.05     68.25    1.042
      clockrate                0.777919    0.088400    0.376146    1.385112    0.700508     55.92     59.39    1.012
      clockrate                0.783711    0.023364    0.517188    1.070817    0.762357     38.40    214.04    1.030
      clockrate                0.895570    0.016992    0.653420    1.150476    0.886769    188.97    568.51    1.004
      clockrate                0.774357    0.008917    0.595335    0.962147    0.769625   1465.40   1469.66    1.000
      clockrate                0.658744    0.007416    0.496829    0.831051    0.653980    237.99    977.71    1.002
      clockrate                0.693951    0.005065    0.559429    0.836677    0.690537    823.38    944.19    1.000
      clockrate                0.995865    0.148644    0.500299    1.635046    0.916027     36.55     57.32    1.019
      clockrate                0.886113    0.028895    0.591416    1.225300    0.860739     36.32     44.69    1.001
      clockrate                0.706478    0.009340    0.524201    0.897378    0.701333    194.20    387.37    1.009
      clockrate                0.552889    0.006733    0.398316    0.716271    0.547054    481.42    584.34    1.000
      clockrate                0.844460    0.022338    0.580012    1.136818    0.827479     91.14    156.69    1.004
      clockrate                0.807158    0.010088    0.616066    1.005888    0.802239    472.59    498.76    1.001
      clockrate                0.915657    0.050370    0.552596    1.368507    0.870122     42.74     48.85    1.001
