      age[0]                   0.904946    0.001559    0.838528    0.975961    0.898946    1.012    2
      age[0]                   1.008169    0.001111    0.954821    1.069492    1.002916    1.001    2
      age[0]                   0.982111    0.000568    0.940291    1.030221    0.979638    1.002    2
      age[0]                   1.010169    0.001823    0.930779    1.091620    1.006677    1.000    2
      age[0]                   0.971985    0.000528    0.931339    1.019104    0.969611    1.013    2
      age[0]                  1.040403    0.001969    0.961214    1.131802    1.036439    1.000    2
      age[0]                   1.011159    0.000871    0.961657    1.071344    1.006683    1.002    2
      age[0]                  0.813625    0.004434    0.723510    0.935316    0.802571    1.011    2
      age[0]                  0.967130    0.000898    0.913625    1.028237    0.963274    1.006    2
      age[0]                   0.988671    0.001815    0.908665    1.076106    0.983701    1.003    2
      age[0]                   0.944718    0.000872    0.892072    1.005161    0.941636    1.005    2
      age[0]                  0.914916    0.007594    0.831188    1.100997    0.883905    1.004    2
      age[0]                  1.019687    0.006513    0.857048    1.158445    1.016551    1.000    2
      age[0]                  0.948461    0.003556    0.842037    1.067447    0.941478    1.000    2
      age[0]                   0.991790    0.001101    0.927301    1.056595    0.990451    1.002    2
      age[0]                   0.998560    0.000986    0.938355    1.060457    0.996604    1.009    2
      age[0]                   1.016233    0.000817    0.965695    1.071338    1.012964    1.008    2
      age[0]                  0.952695    0.002990    0.849548    1.057067    0.950319    1.010    2
      age[0]                  0.949172    0.026596    0.665047    1.272274    0.926386    1.001    2
      age[0]                  1.006379    0.001917    0.951794    1.087572    0.996753    1.003    2
      age[0]                   1.000876    0.001362    0.933567    1.076343    0.997429    1.002    2
      age[0]                  1.020265    0.001021    0.979082    1.081803    1.013045    1.001    2
      age[0]                  0.843242    0.001581    0.772746    0.924294    0.839353    1.000    2
      age[0]                  0.958016    0.002295    0.862133    1.048584    0.955501    1.037    2
      age[0]                   0.973791    0.001283    0.909150    1.044569    0.969974    1.002    2
      age[0]                  0.937697    0.003412    0.831815    1.054178    0.932316    1.000    2
      age[0]                  0.963361    0.001945    0.878858    1.049317    0.960124    1.005    2
      age[0]                   0.937623    0.002668    0.834816    1.025922    0.934892    1.031    2
      age[0]                  0.863130    0.003007    0.761453    0.973603    0.858173    1.010    2
      age[0]                   0.975101    0.003019    0.871072    1.085624    0.971350    1.000    2
      age[0]                   0.961624    0.001014    0.900525    1.023708    0.959194    1.000    2
      age[0]                   0.941930    0.000499    0.914770    0.985658    0.936594    1.000    2
      age[0]                   1.000868    0.000681    0.952474    1.052068    0.998879    1.001    2
      age[0]                  1.061985    0.004248    0.970763    1.181275    1.050814    1.008    2
      age[0]                   0.998371    0.001118    0.933450    1.061663    0.997485    1.001    2
      age[0]                  0.983402    0.001605    0.914299    1.062258    0.978128    1.003    2
      age[0]                  0.895989    0.001466    0.824870    0.973534    0.892882    1.005    2
      age[0]                  0.928463    0.000783    0.881516    0.983243    0.923506    1.000    2
      age[0]                  1.017999    0.001053    0.965650    1.077360    1.012082    1.003    2
      age[0]                  1.000121    0.000782    0.948587    1.054059    0.998328    1.000    2
      age[0]                   0.910410    0.001182    0.851250    0.979105    0.906722    1.000    2
      age[0]                  1.034677    0.003126    0.929029    1.147292    1.030153    1.000    2
      age[0]                   0.916130    0.003920    0.793541    1.036449    0.911921    1.085    2
      age[0]                   0.994516    0.002211    0.912507    1.093267    0.986768    1.004    2
      age[0]                  1.005297    0.000813    0.955981    1.060891    1.001636    1.000    2
      age[0]                  0.972240    0.000866    0.925652    1.022625    0.967711    1.003    2
      age[0]                   0.955894    0.000966    0.900488    1.014369    0.952100    1.003    2
      age[0]                  1.027957    0.004343    0.915695    1.149906    1.019578    1.001    2
      age[0]                   1.021800    0.001037    0.962181    1.085657    1.018564    1.007    2
      age[0]                   1.027811    0.001422    0.956086    1.099117    1.024807    1.009    2
      age[0]                  1.044888    0.004067    0.931465    1.172499    1.038565    1.000    2
      age[0]                  1.013928    0.005327    0.870937    1.156887    1.010949    1.074    2
      age[0]                  0.901895    0.003364    0.827724    1.012841    0.890629    1.000    2
      age[0]                  0.902340    0.002116    0.811665    0.993502    0.899505    1.027    2
      age[0]                  0.971011    0.000966    0.915962    1.033604    0.967608    1.000    2
      age[0]                   0.992425    0.000421    0.966032    1.031143    0.988142    1.000    2
      age[0]                   1.052385    0.001654    0.975346    1.132536    1.047494    1.002    2
      age[0]                  1.007488    0.005043    0.870446    1.144786    1.001292    1.001    2
      age[0]                  0.937891    0.001430    0.873683    1.015085    0.932381    1.005    2
      age[0]                   0.957817    0.000442    0.927809    0.997184    0.953302    1.001    2
      age[0]                  1.002326    0.001728    0.956543    1.075659    0.992362    1.001    2
      age[0]                   0.973246    0.001308    0.907712    1.042481    0.969519    1.000    2
      age[0]                  1.024926    0.001008    0.965017    1.086451    1.022597    1.004    2
      age[0]                   1.006173    0.001805    0.928782    1.089679    1.002045    1.029    2
      age[0]                   0.947037    0.000859    0.898413    1.001258    0.943664    1.008    2
      age[0]                   0.958714    0.001005    0.900047    1.022241    0.956402    1.014    2
      age[0]                  0.961103    0.015057    0.724342    1.189828    0.958677    1.005    2
      age[0]                  0.968193    0.001884    0.903398    1.045981    0.961360    1.000    2
      age[0]                  1.023413    0.003566    0.910535    1.141252    1.020007    1.000    2
      age[0]                  0.977630    0.001792    0.904112    1.064330    0.971062    1.002    2
      age[0]                   0.978718    0.000997    0.917983    1.039742    0.976256    1.000    2
      age[0]                  1.011021    0.001868    0.933616    1.097420    1.007236    1.001    2
      age[0]                   0.961592    0.001806    0.881143    1.041028    0.957620    1.039    2
      age[0]                  1.008650    0.005129    0.888047    1.150516    0.995793    1.015    2
      age[0]                  1.072788    0.003394    0.961239    1.190593    1.068610    1.009    2
      age[0]                  0.867333    0.008058    0.792186    1.036880    0.840529    1.002    2
      age[0]                   1.027542    0.001982    0.942759    1.114550    1.024466    1.000    2
      age[0]                  1.012350    0.003135    0.909352    1.127267    1.008357    1.002    2
      age[0]                   0.985317    0.000947    0.926567    1.044926    0.983176    1.019    2
      age[0]                  0.936303    0.000934    0.880367    0.998281    0.932994    1.000    2
      age[0]                   1.059287    0.005371    0.934986    1.210658    1.048632    1.012    2
      age[0]                   0.962534    0.001889    0.883012    1.050911    0.959206    1.002    2
      age[0]                   1.022886    0.002830    0.926503    1.117884    1.018196    1.009    2
      age[0]                  0.985642    0.006051    0.843167    1.141423    0.976428    1.011    2
      age[0]                  0.936691    0.002114    0.853015    1.026653    0.932381    1.000    2
      age[0]                   1.010566    0.001514    0.938564    1.091840    1.007373    1.003    2
      age[0]                  0.788208    0.003512    0.674305    0.906466    0.783724    1.000    2
      age[0]                  1.002297    0.004005    0.905132    1.110122    0.998982    1.010    2
      age[0]                  0.964935    0.001685    0.891523    1.047489    0.961403    1.001    2
      age[0]                  0.942651    0.002113    0.855919    1.035244    0.938591    1.006    2
      age[0]                   0.988198    0.000909    0.935710    1.041674    0.984588    1.000    2
      age[0]                   1.004241    0.001653    0.931309    1.085883    0.999081    1.001    2
      age[0]                   0.974756    0.001073    0.914505    1.040610    0.971046    1.001    2
      age[0]                  0.937506    0.001404    0.868120    1.010669    0.933350    1.001    2
      age[0]                   0.977008    0.001505    0.904211    1.054173    0.973944    1.015    2
      age[0]                   0.997706    0.000542    0.954590    1.042904    0.995406    1.017    2
      age[0]                  1.002622    0.000596    0.955757    1.048507    1.001148    1.011    2
      age[0]                  1.021540    0.001151    0.962879    1.085630    1.015946    1.001    2
      age[0]                   0.955648    0.002922    0.856446    1.065475    0.950825    1.008    2
      age[0]                  0.925962    0.006551    0.778684    1.069728    0.917904    1.051    2
