0.3023256
0.3888889
0.2272727
0.2272727
0.2272727
0.35
0.1025641
0.3636364
0.2758621
0.2888889
0.3157895
0.25
0.2173913
0.25
0.3023256
0.1521739
0.372093
0.5789474
0.2857143
0.4375
0.3043478
0.3333333
0.2258065
0.1923077
0.1
0.3333333
0.3823529
0.2285714
0.2962963
0.3076923
0.2926829
0.2702703
0.3783784
0.4117647
0.173913
0.15
0.2222222
0.1818182
0.2631579
0.2
0.2978723
0.2758621
0.3404255
0.2978723
0.2702703
0.2592593
0.225
0.2916667
0.3636364
0.2
0.3043478
0.1666667
0.3157895
0.1333333
0.15625
0.05714286
0.2619048
0.3636364
0.25
0.2432432
0.1111111
0.35
0.12
0.1555556
0.1627907
0.35
0.2352941
0.4090909
0.1153846
0.3076923
0.5
0.2592593
0.25
0.4347826
0.1538462
0.3333333
0.3846154
0.2
0.2439024
0.1578947
0.3421053
0.1818182
0.2820513
0.3142857
0.4736842
0.2368421
0.5333333
0.2
0.1538462
0.3333333
0.1627907
0.3428571
0.2608696
0.1875
0.3
0.2173913
0.2
0.1785714
0.2894737
0.2258065
