0.1395349
0.25
0.1363636
0.1590909
0.2045455
0.4
0.07692308
0.2272727
0.1034483
0.2444444
0.2631579
0.1875
0.2173913
0.0625
0.3488372
0.06521739
0.1395349
0.05263158
0.1428571
0.0625
0.3043478
0.25
0.2580645
0.2692308
0.1
0.2222222
0.08823529
0.2
0.2592593
0.2820513
0.1463415
0.2432432
0.2432432
0.2941176
0.2391304
0.2
0.07407407
0.4545455
0.3157895
0.32
0.4680851
0.2413793
0.2340426
0.2553191
0.2702703
0.2592593
0.275
0.1666667
0.3636364
0.1777778
0.173913
0.05555556
0.1578947
0.2
0.21875
0.1714286
0.2857143
0.2272727
0.2
0.1351351
0.1666667
0.275
0.2
0.2666667
0.2790698
0.225
0.2941176
0.3181818
0.1538462
0.2692308
0.2
0.2222222
0.2
0.173913
0.07692308
0.1666667
0.2307692
0.06666667
0.1463415
0.2631579
0.05263158
0.2272727
0.2051282
0.2857143
0.2631579
0.2105263
0.3333333
0.4
0.1538462
0.25
0.09302326
0.2285714
0.2826087
0.125
0.35
0.1304348
0.2
0.2142857
0.3157895
0.2258065
