      clockrate                0.872798    0.004356    0.745579    1.003157    0.869981    277.25    308.32    1.042
      clockrate                1.066274    0.017595    0.820182    1.327789    1.050984    270.31    283.26    1.003
      clockrate                0.907665    0.003008    0.803138    1.018313    0.906161    527.19    577.38    1.001
      clockrate                0.836310    0.003209    0.725420    0.946824    0.834820    276.75    355.25    1.003
      clockrate                0.829439    0.002940    0.727499    0.938553    0.827951    285.44    298.25    1.001
      clockrate                0.927493    0.008710    0.749447    1.115959    0.922678    297.08    416.13    1.001
      clockrate                0.836519    0.002589    0.738977    0.937645    0.835325    458.09    530.63    1.000
      clockrate                1.142753    0.013974    0.925159    1.377256    1.134700    113.16    285.15    1.000
      clockrate                0.874954    0.008739    0.699527    1.056522    0.866549     93.91    120.09    1.022
      clockrate                0.899068    0.004132    0.773501    1.023460    0.897250    219.08    684.20    1.004
      clockrate                0.775199    0.002719    0.670849    0.873932    0.774438    216.11    228.07    1.000
      clockrate                0.902010    0.055395    0.509933    1.374558    0.862663    319.64    336.63    1.001
      clockrate                0.873733    0.018762    0.626520    1.149682    0.856531     49.44     53.89    1.025
      clockrate                1.735662    0.196266    1.011438    2.600592    1.672375     47.81    127.18    1.014
      clockrate                0.806190    0.003327    0.700670    0.913417    0.802302     65.28    225.15    1.036
      clockrate                0.823582    0.002959    0.717818    0.929777    0.821560    190.92    469.60    1.003
      clockrate                0.760842    0.003900    0.645409    0.884238    0.756213     58.21    107.32    1.040
      clockrate                0.934857    0.019034    0.690964    1.204957    0.918335    175.52    227.39    1.000
      clockrate                1.304554    0.209296    0.508138    2.177465    1.235870     31.50    238.55    1.015
      clockrate                1.239021    0.090792    0.789379    1.851045    1.173311     82.79    121.24    1.001
      clockrate                0.857873    0.003117    0.752032    0.970665    0.856882   1456.22   1506.12    1.000
      clockrate                0.925024    0.008247    0.757095    1.108138    0.918098     77.20    177.59    1.005
      clockrate                1.126531    0.030298    0.826526    1.465919    1.098916    101.57    105.23    1.009
      clockrate                0.891207    0.009059    0.712470    1.077822    0.881937     46.76    260.42    1.011
      clockrate                0.961369    0.004385    0.832485    1.090706    0.959689    586.74    700.37    1.000
      clockrate                1.154058    0.044589    0.813438    1.574443    1.115301     16.44     29.57    1.033
      clockrate                0.863343    0.006371    0.711177    1.021973    0.859005    111.55    316.53    1.000
      clockrate                0.849492    0.005406    0.710284    0.994737    0.844822     67.59    182.65    1.043
      clockrate                0.893442    0.007947    0.720548    1.066210    0.889770    349.43    357.70    1.000
      clockrate                0.768388    0.003737    0.649780    0.886747    0.765796     41.63    196.56    1.013
      clockrate                0.895632    0.009848    0.714123    1.100231    0.885087     77.07     89.11    1.044
      clockrate                0.916421    0.004146    0.789470    1.041922    0.914084   1002.71   1014.21    1.002
      clockrate                0.700633    0.002362    0.603728    0.793588    0.699601    222.18    222.81    1.000
      clockrate                0.865820    0.026622    0.594861    1.192240    0.838588    130.15    227.89    1.004
      clockrate                0.884681    0.002822    0.778474    0.986662    0.883239    621.42    685.93    1.000
      clockrate                0.843288    0.020398    0.610480    1.137570    0.817684     29.84     31.46    1.032
      clockrate                0.971644    0.006538    0.814886    1.130888    0.968180    301.18    420.99    1.001
      clockrate                1.031687    0.062416    0.704871    1.554450    0.959798     12.95     15.13    1.014
      clockrate                0.929567    0.013591    0.716150    1.145609    0.919127    174.04    216.14    1.001
      clockrate                0.800134    0.005875    0.655099    0.950835    0.796330    246.39    280.79    1.002
      clockrate                0.794627    0.002760    0.692551    0.897881    0.793746    440.88    542.72    1.001
      clockrate                0.884155    0.009267    0.713827    1.065336    0.873704     73.95     83.40    1.017
      clockrate                0.726188    0.003316    0.611433    0.837897    0.725457    232.05    254.99    1.001
      clockrate                0.852272    0.004534    0.724175    0.988031    0.848507    175.27    258.82    1.059
      clockrate                0.806477    0.003688    0.691336    0.927875    0.803641    827.05    885.23    1.000
      clockrate                0.850176    0.008373    0.672439    1.030519    0.843825    271.72    494.64    1.017
      clockrate                0.913595    0.006099    0.762252    1.065006    0.910067    129.37    138.60    1.001
      clockrate                0.969560    0.013712    0.745259    1.197707    0.962065     86.97    368.02    1.002
      clockrate                0.763308    0.003928    0.640806    0.885684    0.760465     89.00    277.04    1.021
      clockrate                0.765210    0.002794    0.664563    0.870348    0.763594    193.72    386.39    1.004
      clockrate                1.030978    0.046133    0.722735    1.484012    0.973471     28.47     43.81    1.001
      clockrate                0.810522    0.012513    0.609607    1.021777    0.799607     46.91     62.84    1.000
      clockrate                1.212490    0.038380    0.870320    1.611031    1.183270     37.30     72.94    1.000
      clockrate                0.879859    0.012595    0.692123    1.110877    0.860514     20.55    310.36    1.142
      clockrate                0.922691    0.005693    0.777395    1.071271    0.919584    360.97    821.68    1.011
      clockrate                0.947121    0.005217    0.808922    1.088448    0.944282   1057.75   1334.83    1.008
      clockrate                0.743194    0.002170    0.655259    0.837115    0.742290    325.27    404.14    1.000
      clockrate                0.780448    0.008685    0.607536    0.973363    0.772490     39.64     61.10    1.001
      clockrate                0.855519    0.011487    0.659801    1.070178    0.846050    153.14    230.22    1.008
      clockrate                0.857316    0.005003    0.721510    0.995335    0.852749     84.84    145.05    1.001
      clockrate                1.140404    0.110129    0.628113    1.795468    1.068112     27.57     62.19    1.007
      clockrate                0.764165    0.002727    0.664883    0.867626    0.763138    649.68    684.83    1.000
      clockrate                0.821202    0.005347    0.687338    0.973042    0.817826    339.20    511.11    1.001
      clockrate                0.761044    0.002716    0.661651    0.863214    0.758498     64.96    179.40    1.003
      clockrate                0.844559    0.005018    0.711745    0.986421    0.839502     53.76    134.23    1.001
      clockrate                0.840824    0.003620    0.725860    0.959559    0.838500    101.04    110.87    1.002
      clockrate                1.452374    0.297932    0.686324    2.546564    1.336550     38.42     45.00    1.029
      clockrate                1.132529    0.057796    0.768247    1.607349    1.084041    153.91    177.06    1.003
      clockrate                1.070445    0.044860    0.746880    1.512132    1.020395     55.56     61.27    1.001
      clockrate                1.087942    0.023265    0.817555    1.392850    1.067686    128.60    180.31    1.000
      clockrate                0.810139    0.002932    0.703741    0.914870    0.808634    491.72    696.83    1.000
      clockrate                0.906750    0.009096    0.734020    1.098206    0.898442     95.79    100.91    1.026
      clockrate                0.861842    0.013401    0.654171    1.088283    0.847495     25.51     39.73    1.000
      clockrate                0.913131    0.009916    0.723072    1.110037    0.906788     52.90    186.77    1.020
      clockrate                0.977943    0.018742    0.743305    1.246596    0.957563     64.92    131.27    1.003
      clockrate                1.853716    0.225692    1.063433    2.795386    1.782414     35.43    139.40    1.003
      clockrate                0.706195    0.003117    0.597204    0.815271    0.704888    176.67    182.87    1.003
      clockrate                0.933365    0.016249    0.705171    1.181418    0.917931     62.61    110.97    1.003
      clockrate                0.890679    0.008585    0.732181    1.077855    0.878273     38.18     53.09    1.019
      clockrate                0.944322    0.013624    0.730041    1.179236    0.935492    330.27    390.23    1.000
      clockrate                0.910969    0.012505    0.716483    1.139498    0.894829     32.99     42.06    1.000
      clockrate                0.802712    0.002226    0.711071    0.895176    0.801121    308.82    408.74    1.000
      clockrate                0.921839    0.009250    0.746531    1.113586    0.911267     56.37     76.42    1.050
      clockrate                0.868685    0.007912    0.706308    1.051312    0.860872    108.74    155.86    1.032
      clockrate                0.906001    0.010773    0.712876    1.107743    0.896262     45.63    279.41    1.025
      clockrate                0.854319    0.003755    0.736414    0.975645    0.852500    586.48    653.48    1.000
      clockrate                0.997451    0.010438    0.804033    1.202242    0.992748    123.41    154.04    1.000
      clockrate                1.235334    0.059153    0.823229    1.718700    1.200090    169.03    180.78    1.002
      clockrate                0.871753    0.012100    0.675303    1.092093    0.856213     45.70     57.69    1.126
      clockrate                0.830384    0.011392    0.638094    1.037760    0.817365     91.26    108.60    1.002
      clockrate                0.790465    0.002896    0.686338    0.896998    0.789408    863.31    892.04    1.001
      clockrate                0.891143    0.005428    0.748956    1.036741    0.884879     78.50    869.73    1.072
      clockrate                0.752591    0.003468    0.639024    0.869409    0.751258    192.03    202.57    1.003
      clockrate                1.127033    0.177615    0.600025    1.932758    1.007821     39.95     84.65    1.048
      clockrate                0.830182    0.003456    0.718156    0.948154    0.827756    543.25    563.99    1.000
      clockrate                0.830196    0.002939    0.724303    0.935462    0.828741    136.07    290.17    1.002
      clockrate                0.856408    0.005686    0.707865    1.001994    0.853245    189.52    246.52    1.000
      clockrate                0.881386    0.011394    0.690216    1.079898    0.869861     56.17     72.02    1.006
      clockrate                0.781279    0.003171    0.675986    0.896265    0.779743    238.29    246.07    1.000
      clockrate                0.940254    0.007819    0.765725    1.100016    0.934378     30.69    310.68    1.022
