      TL             4.605321    0.584668    3.156802    6.163658    4.681141    642.76    730.26    1.000
      TL             7.295911    1.035965    5.455288    9.364190    7.197544   1375.74   1827.85    1.000
      TL             5.629531    0.414852    4.388738    6.931171    5.605337   9583.13  10474.64    1.000
      TL             5.824510    0.327662    4.746068    6.975311    5.797657   3920.31   4608.79    1.000
      TL             6.478309    0.618812    5.030631    8.097328    6.422537   3605.39   3619.42    1.000
      TL             2.693654    0.311737    1.608383    3.786299    2.683307  10391.35  11019.65    1.000
      TL             4.076060    0.312690    3.032627    5.168653    4.091184   2030.02   2292.75    1.000
      TL             2.214871    1.195000    0.640071    3.563543    2.708891     15.55     21.01    1.001
      TL             4.390775    0.621004    3.189945    6.005285    4.395629    134.08    713.86    1.006
      TL             5.990327    0.696303    4.369181    7.663846    5.958710   4153.47   4275.45    1.000
      TL             5.789264    0.454892    4.489371    7.119102    5.742389   8309.04   8664.53    1.000
      TL             1.476607    0.185321    0.564307    2.266805    1.487643   4894.83   4965.91    1.000
      TL             3.328332    0.894947    0.918803    4.580282    3.521860    383.07    486.48    1.003
      TL             1.860213    0.335949    0.556012    2.738061    1.945938   1560.95   1726.53    1.001
      TL             6.573860    0.424256    5.360984    7.903836    6.538359   7876.13   8253.67    1.000
      TL             6.124444    0.249979    5.184417    7.125611    6.098148   7403.07   7785.42    1.000
      TL             4.762705    0.223218    3.846447    5.699393    4.743952   8609.87   8939.81    1.000
      TL             2.940287    0.433267    1.475732    4.293004    2.977914   2731.04   2993.65    1.000
      TL             0.916879    0.126412    0.271070    1.598623    0.877281   2535.90   2655.91    1.000
      TL             2.110874    0.326131    0.594083    2.932730    2.196499   1271.55   1535.60    1.000
      TL             6.235687    0.378581    5.058332    7.448888    6.196939   4226.78   4244.70    1.000
      TL             3.055026    0.678134    0.960425    4.247885    3.195166    708.46    719.56    1.000
      TL             4.392835    0.195761    3.545422    5.270539    4.366376   9343.61   9461.21    1.000
      TL             3.300446    0.545938    1.827674    4.749059    3.291501   7385.82   7441.77    1.000
      TL             5.117712    0.291367    4.099273    6.210774    5.091559   9136.92   9346.00    1.000
      TL             3.472014    2.323669    0.860179    5.213783    4.071511     10.45   4845.23    1.534
      TL             6.372790    0.541708    4.993544    7.836653    6.318610   6602.12   7118.65    1.000
      TL             4.402563    0.389921    3.496482    5.483269    4.444895     69.91   6422.24    1.010
      TL             4.400151    2.286230    1.139180    6.058714    4.880686     11.48     15.26    1.016
      TL             3.450997    0.346911    2.644633    4.472743    3.523613     22.87   8599.28    1.019
      TL             4.304239    0.702495    2.376426    5.925797    4.379311   1745.66   2030.28    1.000
      TL             5.340899    0.319460    4.278540    6.476948    5.300643   2779.40   3097.52    1.000
      TL             4.150427    0.123450    3.478025    4.850539    4.139773  16494.39  17262.84    1.000
      TL             1.424060    0.314404    0.456614    2.240895    1.554094    833.85    890.03    1.002
      TL             5.152116    0.186297    4.343710    6.033034    5.136393  15862.43  16928.34    1.000
      TL             1.416216    0.392774    0.415575    2.253119    1.626721    253.05    255.80    1.000
      TL             2.435399    0.899341    0.661647    3.545710    2.772619     74.76     75.56    1.001
      TL             1.639312    0.300725    0.468079    2.339307    1.788402    349.51    390.12    1.000
      TL             3.065927    0.824274    1.147893    4.650140    3.130837   4132.63   4153.89    1.000
      TL             3.437046    0.177747    2.627008    4.269960    3.407707  14561.47  14932.70    1.000
      TL             5.610106    0.224731    4.700108    6.546328    5.587417   9246.56   9776.32    1.000
      TL             4.093586    0.199320    3.235362    4.979706    4.067126  12195.88  12503.18    1.000
      TL             4.893357    0.297765    3.845318    5.968667    4.885981   2923.89   5833.88    1.000
      TL             6.046775    0.350252    4.922107    7.237316    6.014879   8769.39   9387.36    1.000
      TL             6.344500    0.437093    5.121034    7.674040    6.291106   4894.40   5217.50    1.000
      TL             3.117116    0.311731    2.020292    4.257787    3.133751   4907.85   5709.56    1.000
      TL             3.816144    0.118973    3.152908    4.507620    3.807514  16384.22  16530.45    1.000
      TL             2.066925    0.415572    0.596898    2.921977    2.220544    527.92    549.86    1.000
      TL             4.647381    0.212519    3.762852    5.570107    4.623373   8415.27   8684.49    1.000
      TL             4.679884    0.168973    3.905474    5.507927    4.663540   9576.28   9847.97    1.000
      TL             1.944338    1.392199    0.654620    3.641937    1.055113     16.81     18.81    1.000
      TL             2.773565    0.800592    0.793040    4.163068    2.896723   1581.39   1659.92    1.000
      TL             2.058142    0.210215    1.139198    2.926946    2.064403   7397.42   7571.45    1.000
      TL             4.086276    0.196389    3.232749    4.970625    4.061024  13649.13  14178.72    1.000
      TL             4.994756    0.302304    3.962193    6.079929    4.952014   7035.60   7301.65    1.000
      TL             4.547944    0.349671    3.548581    5.644434    4.549630    192.03   5291.23    1.003
      TL             7.243244    0.401530    6.046732    8.520631    7.203329   8457.05   8475.28    1.000
      TL             2.170306    0.189125    1.264578    3.012117    2.192638   5641.59   5838.04    1.000
      TL             2.719293    1.829851    0.731717    4.387378    3.311378     17.87     19.73    1.017
      TL             4.560174    0.186725    3.743762    5.428525    4.532424   6665.35   7260.20    1.000
      TL             1.326444    0.147093    0.491625    1.968063    1.368329   2441.89   2568.05    1.000
      TL             5.870921    0.413573    4.670267    7.158744    5.828618   4573.91   5026.48    1.000
      TL             3.757738    0.551370    2.205506    5.332191    3.825164   1265.56   1455.19    1.000
      TL             6.529394    0.323013    5.460337    7.683425    6.502358   9320.80   9527.18    1.000
      TL             3.430353    4.256221    1.187123    6.085403    3.468189   7451.65  10043.19   10.564
      TL             5.660340    1.163261    2.571759    7.700733    5.772573    385.67    439.47    1.001
      TL             2.016988    0.364002    0.604105    2.909898    2.114325   1458.07   1625.53    1.001
      TL             2.230200    0.273721    1.113879    3.244221    2.249170   4898.44   5421.19    1.000
      TL             4.123883    0.741294    2.194630    5.965480    4.175637    875.45   1134.33    1.000
      TL             3.811872    0.423755    2.570429    5.160495    3.823112   2553.41   5078.49    1.001
      TL             4.987308    0.340988    3.930837    6.142142    4.976262   1174.33   6011.94    1.000
      TL             4.923989    0.334400    3.859018    6.090203    4.868942   7662.79   7841.78    1.000
      TL             7.392097    0.569452    5.939504    8.872263    7.343499  10010.91  10325.12    1.000
      TL             3.011358    1.975115    0.823522    4.745657    3.586504     24.86     29.69    1.012
      TL             2.786731    0.304652    1.613476    3.855191    2.840548   2872.06   3279.30    1.000
      TL             1.101467    0.172093    0.296141    1.838363    1.093515   3188.52   3890.49    1.000
      TL             5.473819    0.578899    4.212690    6.872505    5.485838    270.62    519.67    1.000
      TL             1.946177    0.403450    0.590976    2.929918    2.039277   1865.07   1936.30    1.000
      TL             3.921574    1.840993    1.573955    5.789713    4.359885    380.44    410.37    1.001
      TL             4.647531    1.717802    2.214419    7.694727    4.541078   3001.11   3275.35    1.000
      TL             6.145509    0.397574    4.985407    7.427639    6.106069   3433.41   3980.62    1.000
      TL             6.913851    0.346597    5.794453    8.092028    6.880025   9583.74   9967.08    1.000
      TL             3.873203    0.480165    2.397988    5.216452    3.932228   3902.15   4067.59    1.000
      TL             3.768415    0.830707    0.983098    4.788216    3.953641     29.87     34.03    1.002
      TL             3.367886    0.970254    0.893547    4.652703    3.568478    405.73    465.54    1.003
      TL             3.793058    0.926433    1.434423    5.035644    4.026544    281.49    337.76    1.003
      TL             3.787262    0.408292    2.768527    5.037351    3.793934    151.55    282.56    1.001
      TL             1.916922    1.012248    0.583164    3.208964    2.385156     18.28     26.75    1.002
      TL             2.581830    1.064173    0.706443    3.787532    2.969119     47.13     53.66    1.007
      TL             4.049672    2.807633    1.014271    6.217925    4.563811    122.65    127.30    1.003
      TL             3.924045    3.049459    1.645851    6.466364    4.358557    102.26    127.97    1.000
      TL             5.687287    0.351346    4.562940    6.871427    5.650167   3888.91   3977.95    1.000
      TL             8.598941    0.831060    6.886620   10.430440    8.538651   2341.28   2737.53    1.000
      TL             2.555466    0.503243    0.675127    3.617886    2.637907   1095.72   1191.60    1.000
      TL             5.867975    0.324810    4.781424    6.991345    5.833599   5963.29   6375.26    1.000
      TL             6.221818    0.558068    4.851535    7.722376    6.178896   2713.89   4383.84    1.000
      TL             3.007729    0.493831    0.889853    3.887652    3.150645    225.85    233.17    1.001
      TL             2.012239    1.549821    0.696839    3.784344    1.006966     22.14   6381.39    4.133
      TL             4.714298    0.337304    3.687176    5.817849    4.713671    407.81   4307.93    1.001
      TL             3.346608    0.385486    2.254266    4.613550    3.411039    188.40    289.97    1.000
