      alpha_symdir{1}               2.002574    0.391563    1.065186    3.227073    1.868611   3216.47   3713.03    1.000
      alpha_symdir{1}               1.358565    0.200631    0.728709    2.218762    1.255129   2098.66   3057.91    1.009
      alpha_symdir{1}               1.439731    0.146541    0.823747    2.186072    1.367682   4100.54   4114.55    1.000
      alpha_symdir{1}               1.733665    0.186060    1.013395    2.580323    1.659873   4954.49   5127.21    1.000
      alpha_symdir{1}               1.973184    0.267478    1.115660    2.988839    1.881628   4277.58   4410.02    1.000
      alpha_symdir{1}               2.033168    0.704721    0.894814    3.747911    1.834013   3175.12   3315.45    1.001
      alpha_symdir{1}               1.888201    0.262858    1.080894    2.902314    1.791813   4636.62   4752.64    1.000
      alpha_symdir{1}               2.431652    1.000836    1.002180    4.435320    2.194538   2525.29   2536.14    1.000
      alpha_symdir{1}               2.125121    0.467421    1.121475    3.488289    1.987525   3973.81   4114.46    1.000
      alpha_symdir{1}               2.019332    0.247001    1.216707    2.982612    1.930784   5426.57   5488.80    1.000
      alpha_symdir{1}               2.234392    0.381310    1.216359    3.428256    2.124570   5022.78   5135.49    1.000
      alpha_symdir{1}               1.767489    0.840519    0.545518    3.676739    1.544369    741.16   1215.75    1.000
      alpha_symdir{1}               1.575805    0.260032    0.770805    2.599715    1.480866   2080.96   2235.29    1.000
      alpha_symdir{1}               2.984741    1.311226    1.269480    5.292287    2.746348   3254.53   3433.06    1.000
      alpha_symdir{1}               2.705031    0.569860    1.506761    4.212958    2.560948   4897.05   5080.93    1.000
      alpha_symdir{1}               2.500462    0.393988    1.467715    3.744720    2.392705   5405.37   5540.43    1.000
      alpha_symdir{1}               1.623607    0.153430    0.983545    2.404956    1.555389   4260.53   4362.02    1.000
      alpha_symdir{1}               2.157642    0.648242    0.962578    3.818166    1.990223   2918.64   3356.48    1.000
      alpha_symdir{1}               1.693618    1.480335    0.000060    3.873836    1.583563     42.18    169.43    1.042
      alpha_symdir{1}               3.145304    1.634884    1.168348    5.740754    2.889735   3609.80   3657.61    1.000
      alpha_symdir{1}               4.223885    1.788943    2.031158    6.857533    3.993717   4894.62   4921.16    1.000
      alpha_symdir{1}               3.026489    1.319077    1.272035    5.296120    2.794419   3429.64   3876.70    1.001
      alpha_symdir{1}               1.720993    0.277303    0.920454    2.766799    1.610685   3731.36   4163.38    1.000
      alpha_symdir{1}               3.673995    1.810234    1.482663    6.316508    3.423631   3611.20   4004.89    1.000
      alpha_symdir{1}               1.951714    0.396846    0.986270    3.202663    1.820595   3718.93   4147.15    1.000
      alpha_symdir{1}               1.941266    0.336140    1.064370    3.080669    1.822854   3212.36   3749.93    1.006
      alpha_symdir{1}               2.001462    0.328362    1.122074    3.116890    1.891911   4135.48   4143.77    1.002
      alpha_symdir{1}               2.154488    0.477483    1.082278    3.549715    2.014782   4119.71   4289.11    1.001
      alpha_symdir{1}               2.085736    0.475872    1.027491    3.450397    1.943526   3989.58   4315.27    1.000
      alpha_symdir{1}               1.594011    0.213135    0.839901    2.484077    1.508677   3894.60   4002.78    1.000
      alpha_symdir{1}               1.961359    0.441000    0.990807    3.308943    1.821082   3081.24   3251.53    1.000
      alpha_symdir{1}               2.503233    0.580168    1.352929    4.024733    2.350983   3917.30   4163.89    1.001
      alpha_symdir{1}               1.781250    0.278373    0.972099    2.804145    1.675861   4848.60   5004.09    1.000
      alpha_symdir{1}               2.385524    1.023723    0.916810    4.452186    2.162328   3216.35   3433.88    1.000
      alpha_symdir{1}               2.026282    0.248775    1.194263    3.016834    1.943426   5601.59   5779.31    1.000
      alpha_symdir{1}               2.873563    1.345307    1.157749    5.212959    2.619322   3536.88   3622.78    1.001
      alpha_symdir{1}               2.907387    1.382358    1.079461    5.244917    2.667234   3672.30   4032.84    1.000
      alpha_symdir{1}               3.003402    1.507153    1.096612    5.427714    2.753389   3487.62   3626.43    1.000
      alpha_symdir{1}               2.177974    0.802809    0.920813    4.008468    1.980041   2494.86   2855.69    1.002
      alpha_symdir{1}               2.443544    1.013952    1.034502    4.435835    2.203836    445.47    506.52    1.009
      alpha_symdir{1}               2.052618    0.432300    1.106858    3.396679    1.912112   3762.94   3980.55    1.000
      alpha_symdir{1}               1.794553    0.451501    0.786321    3.133349    1.647203   1999.38   2978.60    1.001
      alpha_symdir{1}               2.753629    0.698856    1.445624    4.466649    2.599987   4347.48   4426.70    1.000
      alpha_symdir{1}               1.280716    0.103776    0.780965    1.913839    1.218466   4015.56   4378.73    1.000
      alpha_symdir{1}               3.412307    1.402111    1.615645    5.820691    3.171455   3858.35   4032.59    1.000
      alpha_symdir{1}               3.145613    1.249130    1.451362    5.369191    2.916130   3986.78   4173.02    1.001
      alpha_symdir{1}               1.652302    0.217527    0.942946    2.567466    1.557798   4113.44   4362.48    1.000
      alpha_symdir{1}               2.974754    1.411391    1.293425    5.444250    2.717249   3527.43   3540.66    1.000
      alpha_symdir{1}               2.729322    0.939827    1.262572    4.631140    2.527982   3612.75   3645.49    1.003
      alpha_symdir{1}               2.152120    0.411670    1.145105    3.428067    2.028860   4362.26   4379.92    1.000
      alpha_symdir{1}               2.005918    0.516090    0.932894    3.512370    1.864520   1862.17   2859.20    1.000
      alpha_symdir{1}               2.676473    1.329154    1.027661    5.000758    2.427935   2347.09   2921.96    1.000
      alpha_symdir{1}               1.604978    0.500502    0.352826    2.962670    1.471684   2847.21   3000.18    1.000
      alpha_symdir{1}               3.075945    1.240792    1.357613    5.281712    2.855994   2491.39   3246.16    1.000
      alpha_symdir{1}               2.175183    0.574803    1.090613    3.695946    2.005878   4031.14   4051.72    1.000
      alpha_symdir{1}               1.834585    0.229938    1.045294    2.766993    1.748566   4481.06   4635.82    1.002
      alpha_symdir{1}               1.666291    0.204567    0.888073    2.589504    1.599772   4659.42   4710.82    1.000
      alpha_symdir{1}               2.222880    0.658640    1.034135    3.812734    2.049190   3713.47   3972.76    1.000
      alpha_symdir{1}               2.298540    0.795441    1.033235    4.108109    2.096869   3494.32   3522.07    1.001
      alpha_symdir{1}               3.080371    1.162016    1.411524    5.226700    2.863271   3948.90   4128.72    1.000
      alpha_symdir{1}               2.124782    0.849421    0.771266    4.024410    1.923727   2563.59   2823.36    1.001
      alpha_symdir{1}               2.869087    0.857945    1.409418    4.752651    2.702384   4149.85   4416.88    1.000
      alpha_symdir{1}               2.537170    0.885300    1.057741    4.385869    2.340644   4068.02   4123.62    1.002
      alpha_symdir{1}               2.329600    0.621601    1.123483    3.874577    2.163891   3025.76   3506.68    1.002
      alpha_symdir{1}               2.578112    0.590066    1.352527    4.110902    2.442408   4499.88   4620.97    1.000
      alpha_symdir{1}               2.013799    0.397208    1.007476    3.204390    1.891443   2667.66   3348.51    1.000
      alpha_symdir{1}               2.075349    0.552547    0.973427    3.547831    1.915473   3720.73   3922.63    1.000
      alpha_symdir{1}               2.030627    0.881103    0.790683    3.991384    1.801366   1191.66   1198.73    1.001
      alpha_symdir{1}               2.081710    0.621131    0.927234    3.657588    1.900900   2919.15   3253.32    1.000
      alpha_symdir{1}               1.977889    0.360161    1.050030    3.176602    1.867340   3829.17   4104.50    1.000
      alpha_symdir{1}               2.740306    0.856198    1.278736    4.615302    2.568729   3728.25   3871.63    1.000
      alpha_symdir{1}               1.502046    0.229310    0.814489    2.441736    1.398480   2499.04   3041.60    1.001
      alpha_symdir{1}               1.538516    0.111474    0.971071    2.197641    1.483908   5297.82   5528.77    1.000
      alpha_symdir{1}               3.022044    1.150729    1.392101    5.223218    2.800489   3658.32   3801.25    1.002
      alpha_symdir{1}               2.367983    0.895254    1.016670    4.266028    2.155318   2509.22   2583.87    1.000
      alpha_symdir{1}               0.660016    1.524284    0.000041    3.423384    0.070668     11.62     12.38    1.016
      alpha_symdir{1}               1.966611    0.434022    1.011728    3.261846    1.816208   3600.60   3650.69    1.000
      alpha_symdir{1}               1.876045    1.378401    0.000308    3.839040    1.871350      9.30   1561.31    1.074
      alpha_symdir{1}               2.072169    0.378182    1.109362    3.290831    1.956818   3914.60   3969.49    1.000
      alpha_symdir{1}               3.196326    1.451770    1.355839    5.604925    2.940602   2162.97   2998.50    1.000
      alpha_symdir{1}               1.294852    0.147370    0.741508    2.076255    1.207363   3377.93   3508.56    1.001
      alpha_symdir{1}               2.794077    0.733735    1.498869    4.548029    2.620178   4117.95   4282.45    1.000
      alpha_symdir{1}               1.722645    0.405204    0.814898    2.953572    1.576577   2808.87   2931.14    1.000
      alpha_symdir{1}               2.110281    0.444490    1.063619    3.390519    1.975663   3783.90   3955.47    1.000
      alpha_symdir{1}               1.475710    0.293867    0.639283    2.676046    1.381964    498.68   1774.14    1.007
      alpha_symdir{1}               1.595678    0.216715    0.928939    2.494435    1.493842   3017.28   3042.31    1.000
      alpha_symdir{1}               2.255355    0.646560    1.028574    3.828067    2.094386    124.12   1806.94    1.016
      alpha_symdir{1}               2.626687    1.174183    1.063774    4.786092    2.382719    223.18   1465.15    1.002
      alpha_symdir{1}               1.960413    0.566019    0.839705    3.483735    1.797658   3662.70   3897.15    1.000
      alpha_symdir{1}               2.034539    0.374802    1.079851    3.268409    1.923859   4573.38   4639.34    1.001
      alpha_symdir{1}               1.870839    0.216803    1.121394    2.789127    1.788057   4843.95   4853.72    1.000
      alpha_symdir{1}               1.838513    0.311390    1.010089    2.962869    1.728885   3945.01   3975.01    1.000
      alpha_symdir{1}               1.676747    0.182122    1.002982    2.516985    1.592582   2741.43   3784.51    1.003
      alpha_symdir{1}               2.478391    0.854076    1.099262    4.333162    2.284349   3371.49   3617.30    1.000
      alpha_symdir{1}               1.955147    0.277644    1.105429    2.962176    1.857628   4762.70   5133.84    1.000
      alpha_symdir{1}               1.821064    0.171734    1.107495    2.615592    1.751679   4630.76   4936.31    1.000
      alpha_symdir{1}               1.981840    0.525376    0.927758    3.423138    1.824949   3941.64   4029.94    1.000
      alpha_symdir{1}               2.436969    0.750160    1.119437    4.124430    2.254175   4175.94   4191.41    1.000
      alpha_symdir{1}               1.350523    0.072859    0.904078    1.899982    1.309438   5430.72   5519.14    1.000
      alpha_symdir{1}               1.531489    0.198035    0.801547    2.395194    1.449615   1192.59   2722.33    1.002
