      clockrate{all}                0.808382    0.003526    0.693918    0.924885    0.805707    158.71    512.38    1.006
      clockrate{all}                0.803311    0.008211    0.630980    0.982045    0.797697     48.04    180.28    1.101
      clockrate{all}                0.823285    0.003842    0.705836    0.947140    0.821550    281.59    297.11    1.001
      clockrate{all}                0.770607    0.003416    0.659620    0.887810    0.769023    371.48    427.36    1.000
      clockrate{all}                0.796996    0.003441    0.686373    0.915592    0.795584    719.54    732.40    1.000
      clockrate{all}                0.845634    0.010410    0.649715    1.044423    0.838418    223.40    292.41    1.003
      clockrate{all}                0.781750    0.002812    0.680364    0.887417    0.780997   1835.31   1993.31    1.000
      clockrate{all}                1.092805    0.035915    0.751460    1.471191    1.071634    178.34    196.01    1.002
      clockrate{all}                0.946863    0.010788    0.753301    1.156866    0.939782     81.52    152.54    1.000
      clockrate{all}                0.831527    0.003380    0.716981    0.944785    0.830632    586.83    771.09    1.000
      clockrate{all}                0.797947    0.003362    0.686194    0.912312    0.796456    478.16    531.67    1.001
      clockrate{all}                0.926006    0.051997    0.521984    1.374574    0.897870    184.52    277.22    1.000
      clockrate{all}                0.989819    0.037201    0.645980    1.373059    0.965835    308.37    321.09    1.000
      clockrate{all}                1.144286    0.059476    0.747466    1.646042    1.097214     65.64     77.06    1.013
      clockrate{all}                0.770528    0.002743    0.672289    0.876984    0.768991    410.36    427.44    1.001
      clockrate{all}                0.792998    0.002785    0.690060    0.896087    0.791447    288.81    356.37    1.001
      clockrate{all}                0.828000    0.004414    0.701460    0.959014    0.824118     54.94    464.39    1.002
      clockrate{all}                1.173750    0.063829    0.759381    1.680538    1.130065     32.10     49.25    1.005
      clockrate{all}                1.130298    0.125395    0.562514    1.849915    1.069471     78.41    163.14    1.005
      clockrate{all}                0.839953    0.012809    0.637021    1.056519    0.828714    125.22    168.69    1.004
      clockrate{all}                0.787945    0.002879    0.683599    0.895092    0.786704    933.66   1126.19    1.000
      clockrate{all}                0.836172    0.010203    0.655719    1.042863    0.826618     48.40    176.93    1.014
      clockrate{all}                0.775732    0.010745    0.575898    0.975832    0.769506    160.46    341.71    1.002
      clockrate{all}                0.832125    0.012320    0.634381    1.058373    0.817967     66.82     91.89    1.002
      clockrate{all}                0.862829    0.004280    0.735575    0.989977    0.860747   1070.67   1281.72    1.003
      clockrate{all}                1.050960    0.035835    0.757382    1.450346    1.009757     22.96     56.47    1.093
      clockrate{all}                1.076644    0.035523    0.758627    1.454041    1.043976     48.15     72.70    1.033
      clockrate{all}                0.846764    0.006005    0.701111    1.000920    0.842894    163.44    287.98    1.026
      clockrate{all}                0.806576    0.011117    0.619150    1.007691    0.796282     84.56    176.68    1.003
      clockrate{all}                0.874530    0.004850    0.739040    1.011242    0.872536    232.81    422.76    1.002
      clockrate{all}                0.804096    0.007493    0.640615    0.976187    0.797517     44.23     56.58    1.018
      clockrate{all}                0.909407    0.005501    0.761156    1.051995    0.908226    392.43    634.30    1.007
      clockrate{all}                0.755170    0.003270    0.644260    0.867430    0.753783    247.27    295.01    1.003
      clockrate{all}                0.947715    0.025212    0.670257    1.257168    0.924935    155.31    195.83    1.004
      clockrate{all}                0.825443    0.002980    0.719264    0.933517    0.823630    963.83   1227.56    1.000
      clockrate{all}                0.860218    0.012500    0.659567    1.074710    0.849026    102.81    118.27    1.048
      clockrate{all}                0.880626    0.014872    0.664576    1.126291    0.865698     82.38    128.41    1.000
      clockrate{all}                0.827512    0.010214    0.638701    1.029675    0.819723    333.12    504.82    1.000
      clockrate{all}                0.900966    0.024438    0.635194    1.193435    0.876701    172.50    234.31    1.010
      clockrate{all}                0.829537    0.029207    0.574644    1.193658    0.789982     20.66     44.27    1.065
      clockrate{all}                0.781516    0.003913    0.660430    0.904615    0.778613    225.77    518.23    1.007
      clockrate{all}                0.815153    0.008174    0.644860    0.990296    0.807884     47.63     82.87    1.009
      clockrate{all}                0.739888    0.003274    0.628210    0.851166    0.738386    462.85    464.88    1.000
      clockrate{all}                0.812704    0.003714    0.696822    0.934819    0.810889    634.78    674.71    1.001
      clockrate{all}                0.834500    0.004644    0.706589    0.971799    0.831485    202.40    560.26    1.000
      clockrate{all}                0.868829    0.009710    0.689465    1.069152    0.859680    105.08    119.63    1.037
      clockrate{all}                0.906677    0.006786    0.749908    1.069154    0.902974    412.07    810.00    1.004
      clockrate{all}                0.955738    0.017715    0.710677    1.219576    0.943311    256.93    289.28    1.008
      clockrate{all}                0.867509    0.014276    0.664677    1.106788    0.847182     31.88     41.88    1.127
      clockrate{all}                0.785556    0.003504    0.670512    0.902909    0.784034    937.90    992.68    1.001
      clockrate{all}                1.033287    0.036370    0.722225    1.425889    0.999126     28.25     70.58    1.003
      clockrate{all}                0.783492    0.011557    0.574183    0.990659    0.775881    200.90    247.65    1.001
      clockrate{all}                1.401146    0.163389    0.746898    2.179461    1.330804    196.26    198.22    1.006
      clockrate{all}                0.871149    0.015111    0.660269    1.128038    0.851718     29.77     34.20    1.000
      clockrate{all}                0.864897    0.005467    0.721879    1.011930    0.862044   1384.56   1456.35    1.000
      clockrate{all}                0.902921    0.013382    0.708063    1.151249    0.884316     20.65     53.77    1.020
      clockrate{all}                0.696216    0.003192    0.587594    0.806609    0.692424     36.04    309.34    1.006
      clockrate{all}                0.971233    0.022913    0.708756    1.280778    0.950945     71.74     88.38    1.010
      clockrate{all}                1.029045    0.015411    0.791588    1.270741    1.020092    100.53    181.46    1.002
      clockrate{all}                0.806940    0.004230    0.682005    0.936316    0.804864   1073.57   1154.95    1.000
      clockrate{all}                1.103555    0.066264    0.662869    1.607749    1.072921     23.60    159.14    1.050
      clockrate{all}                0.755404    0.003323    0.643868    0.868979    0.754033    260.55    411.00    1.003
      clockrate{all}                0.820455    0.008678    0.651906    1.009900    0.811913     76.13    261.61    1.064
      clockrate{all}                0.654129    0.002633    0.555245    0.754101    0.652131    132.41    427.36    1.006
      clockrate{all}                0.826077    0.005568    0.687065    0.973256    0.820047     79.87     82.97    1.001
      clockrate{all}                0.757018    0.005051    0.624182    0.899317    0.751819     67.87     92.85    1.004
      clockrate{all}                1.367902    0.119641    0.809619    2.048669    1.303397     71.76     86.86    1.004
      clockrate{all}                0.992183    0.033599    0.658084    1.362900    0.971877    156.48    183.92    1.003
      clockrate{all}                0.805345    0.012278    0.614496    1.040238    0.792150     92.62     95.18    1.026
      clockrate{all}                1.141613    0.050809    0.759930    1.603272    1.104824     79.38    122.93    1.001
      clockrate{all}                0.880924    0.003797    0.760570    1.000436    0.878708    600.36    693.55    1.001
      clockrate{all}                0.882028    0.022564    0.620572    1.180187    0.860972     20.05     29.46    1.003
      clockrate{all}                0.846300    0.003984    0.724054    0.970426    0.845104    500.70    520.47    1.000
      clockrate{all}                0.928458    0.053635    0.600441    1.444239    0.866242     17.57    169.60    1.277
      clockrate{all}                0.914078    0.021115    0.684502    1.206261    0.887546     59.70     63.42    1.000
      clockrate{all}                1.471140    0.218827    0.679724    2.377098    1.402806    860.72   1012.89    1.001
      clockrate{all}                0.769500    0.004349    0.643596    0.903799    0.768436    239.74    256.80    1.000
      clockrate{all}                0.965832    0.042852    0.645428    1.377436    0.923384     52.78     89.52    1.016
      clockrate{all}                0.811758    0.004062    0.689889    0.937924    0.808839    241.77    398.64    1.002
      clockrate{all}                0.955844    0.045669    0.638602    1.402024    0.912866     54.03     68.55    1.000
      clockrate{all}                0.996780    0.025528    0.719359    1.319658    0.976209     51.69     53.90    1.050
      clockrate{all}                0.721118    0.003840    0.608902    0.841731    0.715181     20.17    295.90    1.037
      clockrate{all}                0.654475    0.006855    0.500355    0.819839    0.647304     91.10    143.28    1.005
      clockrate{all}                0.944047    0.011245    0.741265    1.154734    0.937579    142.12    142.59    1.008
      clockrate{all}                1.060888    0.071200    0.701694    1.515229    1.007287     54.06     60.02    1.091
      clockrate{all}                0.878516    0.006977    0.712954    1.036132    0.872888    101.51    104.24    1.004
      clockrate{all}                1.230471    0.127479    0.738790    1.977186    1.112159     10.37     72.95    1.433
      clockrate{all}                0.877694    0.041455    0.560859    1.301367    0.829066     14.22     17.00    1.013
      clockrate{all}                0.848236    0.012010    0.651101    1.058408    0.836660     78.55    151.74    1.000
      clockrate{all}                0.888168    0.013253    0.689178    1.100576    0.875348     47.97    471.85    1.041
      clockrate{all}                0.726804    0.003313    0.614786    0.839115    0.725024    633.55    682.19    1.001
      clockrate{all}                0.738909    0.005541    0.597157    0.885670    0.732597     50.35     76.62    1.019
      clockrate{all}                0.777300    0.010389    0.609089    1.000657    0.759711     10.66     64.45    1.075
      clockrate{all}                1.572626    0.250248    0.823382    2.612859    1.466571     95.10    119.24    1.000
      clockrate{all}                0.731190    0.003177    0.621285    0.840969    0.728814    360.44    458.41    1.019
      clockrate{all}                0.738519    0.003692    0.620358    0.857060    0.735134    113.49    226.82    1.011
      clockrate{all}                0.870994    0.007606    0.703003    1.041466    0.866758    197.03    232.45    1.015
      clockrate{all}                1.011218    0.011538    0.810653    1.227429    1.004064    200.13    749.74    1.011
      clockrate{all}                0.686884    0.003320    0.574135    0.798477    0.685289    243.90    283.32    1.001
      clockrate{all}                0.978319    0.017888    0.746610    1.259563    0.957433     18.17     27.14    1.067
