      age{all}[0]                   0.941328    0.002008    0.858352    1.024385    0.938352    1.003    2
      age{all}[0]                   1.012291    0.001235    0.954810    1.078424    1.006697    1.003    2
      age{all}[0]                   1.016354    0.001570    0.946150    1.097451    1.011673    1.004    2
      age{all}[0]                   1.043730    0.001761    0.966449    1.125299    1.040279    1.002    2
      age{all}[0]                   1.009690    0.000893    0.952496    1.067924    1.007056    1.001    2
      age{all}[0]                  1.050911    0.002867    0.954348    1.160029    1.045380    1.002    2
      age{all}[0]                   0.982161    0.000447    0.944772    1.023388    0.979916    1.000    2
      age{all}[0]                  0.791998    0.003040    0.723508    0.900755    0.779171    1.000    2
      age{all}[0]                  0.992886    0.001056    0.932506    1.057456    0.989653    1.002    2
      age{all}[0]                   0.951207    0.001665    0.880006    1.033359    0.943821    1.000    2
      age{all}[0]                   0.978856    0.001684    0.905137    1.058807    0.974648    1.006    2
      age{all}[0]                  0.906836    0.008827    0.831188    1.107792    0.870721    1.002    2
      age{all}[0]                  0.917100    0.003266    0.857040    1.031000    0.900075    1.002    2
      age{all}[0]                  0.945979    0.003619    0.840616    1.065856    0.938335    1.006    2
      age{all}[0]                   0.976806    0.001022    0.922419    1.042899    0.973242    1.005    2
      age{all}[0]                   0.993877    0.001385    0.926471    1.068569    0.991163    1.013    2
      age{all}[0]                   1.012793    0.000722    0.965196    1.064948    1.009213    1.000    2
      age{all}[0]                  0.994631    0.004470    0.870288    1.130066    0.988169    1.004    2
      age{all}[0]                  0.838239    0.015879    0.622507    1.085273    0.821695    1.002    2
      age{all}[0]                  1.002165    0.001503    0.951805    1.077766    0.994028    1.000    2
      age{all}[0]                   0.991335    0.001344    0.925780    1.065639    0.987385    1.001    2
      age{all}[0]                  1.028074    0.001202    0.979082    1.092547    1.021624    1.004    2
      age{all}[0]                  0.923247    0.003694    0.812694    1.045644    0.917126    1.001    2
      age{all}[0]                  1.052020    0.004270    0.927707    1.181203    1.046805    1.000    2
      age{all}[0]                   0.949607    0.000938    0.898899    1.005161    0.945317    1.004    2
      age{all}[0]                  0.895065    0.003774    0.777222    1.019343    0.891042    1.086    2
      age{all}[0]                   0.953263    0.003824    0.836832    1.073732    0.948193    1.027    2
      age{all}[0]                  1.008358    0.003055    0.908996    1.119706    1.002600    1.001    2
      age{all}[0]                  0.937766    0.003914    0.827184    1.072444    0.932162    1.000    2
      age{all}[0]                   0.944021    0.002435    0.854790    1.044892    0.938225    1.000    2
      age{all}[0]                   1.016466    0.002258    0.928360    1.112953    1.012741    1.006    2
      age{all}[0]                   0.940722    0.000625    0.914769    0.991944    0.933269    1.001    2
      age{all}[0]                   0.982169    0.000738    0.934683    1.040853    0.977756    1.011    2
      age{all}[0]                  1.011756    0.001633    0.970761    1.092189    0.999423    1.004    2
      age{all}[0]                   1.059830    0.001819    0.977613    1.144827    1.057371    1.000    2
      age{all}[0]                  1.059066    0.002243    0.970341    1.153678    1.055101    1.013    2
      age{all}[0]                  0.900732    0.001950    0.817356    0.988026    0.896144    1.000    2
      age{all}[0]                  0.922285    0.000771    0.878362    0.981017    0.917113    1.002    2
      age{all}[0]                  1.037618    0.001914    0.967643    1.122151    1.029285    1.001    2
      age{all}[0]                  1.027848    0.002472    0.934079    1.124756    1.024380    1.032    2
      age{all}[0]                   0.914814    0.001494    0.842779    0.988071    0.912056    1.000    2
      age{all}[0]                  0.983805    0.002697    0.888627    1.089341    0.980752    1.004    2
      age{all}[0]                   0.922136    0.003051    0.816034    1.026808    0.917760    1.002    2
      age{all}[0]                   1.020601    0.001487    0.947198    1.097380    1.018641    1.008    2
      age{all}[0]                   0.993419    0.000696    0.947005    1.045566    0.990128    1.000    2
      age{all}[0]                  1.004181    0.001132    0.942279    1.071671    1.000624    1.004    2
      age{all}[0]                   0.943851    0.000774    0.900496    0.996134    0.939616    1.000    2
      age{all}[0]                  0.975083    0.001724    0.915295    1.053040    0.967503    1.007    2
      age{all}[0]                  1.010370    0.001555    0.948145    1.082187    1.004909    1.019    2
      age{all}[0]                   1.027932    0.001173    0.966024    1.097071    1.024235    1.002    2
      age{all}[0]                  1.014681    0.001853    0.935150    1.099180    1.010775    1.004    2
      age{all}[0]                  0.969705    0.003496    0.867044    1.085417    0.962687    1.000    2
      age{all}[0]                  0.916446    0.004970    0.827733    1.048509    0.901142    1.000    2
      age{all}[0]                  0.934475    0.004434    0.806054    1.069922    0.931624    1.002    2
      age{all}[0]                  0.995723    0.001419    0.924361    1.069491    0.992415    1.000    2
      age{all}[0]                   0.988225    0.000339    0.966027    1.024640    0.983753    1.000    2
      age{all}[0]                   1.011633    0.001848    0.936896    1.095598    1.004811    1.000    2
      age{all}[0]                  0.944854    0.002795    0.855267    1.043829    0.937849    1.001    2
      age{all}[0]                  0.922773    0.000998    0.866546    0.980686    0.918373    1.012    2
      age{all}[0]                   0.977370    0.000765    0.931278    1.029994    0.972516    1.002    2
      age{all}[0]                  1.031296    0.003758    0.956538    1.149615    1.016912    1.026    2
      age{all}[0]                   0.955275    0.001241    0.888893    1.026482    0.952160    1.011    2
      age{all}[0]                  1.012105    0.001475    0.945887    1.090078    1.007591    1.016    2
      age{all}[0]                   1.084389    0.002940    0.980828    1.191099    1.079882    1.001    2
      age{all}[0]                   1.012076    0.002500    0.915536    1.107092    1.008099    1.002    2
      age{all}[0]                   1.006481    0.002039    0.923054    1.096868    1.002718    1.002    2
      age{all}[0]                  0.853250    0.008796    0.683952    1.027200    0.843758    1.001    2
      age{all}[0]                  0.986586    0.002331    0.904413    1.082188    0.979053    1.001    2
      age{all}[0]                  1.008270    0.004192    0.889042    1.139268    1.002941    1.013    2
      age{all}[0]                  1.056752    0.005005    0.926135    1.192099    1.051285    1.003    2
      age{all}[0]                   0.999201    0.001419    0.929859    1.078247    0.995237    1.003    2
      age{all}[0]                  1.070689    0.005005    0.942453    1.211222    1.066045    1.000    2
      age{all}[0]                   0.973547    0.001601    0.902844    1.058593    0.968663    1.003    2
      age{all}[0]                  1.034348    0.008159    0.852651    1.200885    1.031977    1.097    2
      age{all}[0]                  0.985405    0.001594    0.913539    1.061523    0.981425    1.001    2
      age{all}[0]                  0.877948    0.007304    0.792186    1.042905    0.853378    1.000    2
      age{all}[0]                   0.958218    0.001409    0.886850    1.030794    0.954279    1.002    2
      age{all}[0]                  1.047705    0.004766    0.915418    1.187209    1.042408    1.010    2
      age{all}[0]                   1.038937    0.001377    0.970542    1.112116    1.037409    1.001    2
      age{all}[0]                  0.996923    0.002775    0.899337    1.102072    0.993134    1.000    2
      age{all}[0]                   0.869874    0.005582    0.735986    1.022830    0.862892    1.061    2
      age{all}[0]                   0.961995    0.002453    0.869371    1.060918    0.958814    1.010    2
      age{all}[0]                   1.011184    0.003115    0.925988    1.116666    1.002313    1.003    2
      age{all}[0]                   0.843594    0.003058    0.745774    0.951977    0.838194    1.016    2
      age{all}[0]                  0.957438    0.004023    0.837392    1.093153    0.953171    1.034    2
      age{all}[0]                   0.952523    0.001286    0.888045    1.024757    0.948544    1.000    2
      age{all}[0]                  0.744763    0.010329    0.546786    0.921280    0.750401    1.334    2
      age{all}[0]                  1.005688    0.003408    0.905455    1.113504    0.998121    1.010    2
      age{all}[0]                  1.040768    0.004052    0.922413    1.172286    1.034868    1.001    2
      age{all}[0]                  0.958152    0.002779    0.866490    1.070991    0.953388    1.006    2
      age{all}[0]                   1.071184    0.002149    0.983073    1.161995    1.068150    1.004    2
      age{all}[0]                  1.023469    0.002414    0.935339    1.124231    1.018577    1.000    2
      age{all}[0]                   1.030475    0.003087    0.905498    1.127657    1.029785    1.043    2
      age{all}[0]                  0.943364    0.003227    0.850821    1.055339    0.935070    1.001    2
      age{all}[0]                   1.047099    0.002497    0.953124    1.145628    1.042393    1.034    2
      age{all}[0]                   1.044405    0.001446    0.977852    1.118941    1.040475    1.000    2
      age{all}[0]                  1.034996    0.001473    0.965301    1.113223    1.031608    1.034    2
      age{all}[0]                  1.005860    0.000509    0.966040    1.048947    1.002920    1.002    2
      age{all}[0]                   1.045762    0.005093    0.910027    1.185331    1.038990    1.000    2
      age{all}[0]                  0.938182    0.005454    0.781358    1.065339    0.934975    1.046    2
