      clockrate                0.634694    0.003017    0.524220    0.738894    0.631844    162.38    176.03    1.000
      clockrate                0.758295    0.005082    0.620195    0.896900    0.754156    167.42    176.89    1.007
      clockrate                0.753290    0.001947    0.668881    0.840752    0.752101    638.91    724.16    1.000
      clockrate                0.792531    0.003069    0.689281    0.905446    0.789436     64.21     74.97    1.018
      clockrate                0.675621    0.004063    0.559031    0.803018    0.669269     45.74    100.74    1.063
      clockrate                0.689484    0.009392    0.513558    0.883882    0.680861    133.29    150.13    1.001
      clockrate                0.716829    0.001939    0.628046    0.799457    0.715692    454.69   1129.46    1.001
      clockrate                1.035862    0.032661    0.706387    1.396780    1.020477    163.43    209.59    1.000
      clockrate                0.936053    0.015194    0.718282    1.186794    0.918660     58.65    110.58    1.002
      clockrate                0.764546    0.002442    0.672531    0.858638    0.762329     72.47    597.07    1.001
      clockrate                0.741233    0.003867    0.625674    0.865999    0.736926     43.13    112.71    1.003
      clockrate                0.868787    0.031564    0.559608    1.235419    0.844223    349.99    373.57    1.003
      clockrate                0.655696    0.010021    0.474259    0.854799    0.644339    121.53    199.85    1.000
      clockrate                0.676557    0.014473    0.469506    0.914205    0.659983    307.91    320.40    1.001
      clockrate                0.679873    0.002354    0.587231    0.778522    0.676938    268.81    316.81    1.007
      clockrate                0.650560    0.001523    0.576072    0.728592    0.649602    747.14    846.06    1.002
      clockrate                0.645155    0.002467    0.550759    0.745009    0.641274    164.48    194.06    1.000
      clockrate                0.635500    0.014700    0.428236    0.878261    0.618630    150.46    209.06    1.012
      clockrate                1.244677    0.192477    0.468480    2.073827    1.199103     19.91    211.06    1.019
      clockrate                0.814885    0.009228    0.649134    1.000799    0.803579    103.53    104.70    1.005
      clockrate                0.808316    0.007171    0.656733    0.978868    0.799185    106.96    140.76    1.010
      clockrate                0.774851    0.010058    0.591580    0.977524    0.764384    288.47    320.33    1.001
      clockrate                0.763312    0.006309    0.612284    0.917665    0.757684    274.52    358.06    1.000
      clockrate                0.764677    0.005454    0.625048    0.906241    0.758717    189.28    210.77    1.013
      clockrate                0.841239    0.004558    0.712015    0.972058    0.836313    125.66    225.19    1.000
      clockrate                0.721717    0.011708    0.537210    0.938748    0.708905     62.85     68.65    1.015
      clockrate                0.717957    0.005797    0.576509    0.871070    0.713026    240.37    257.76    1.003
      clockrate                0.731912    0.007792    0.573075    0.906692    0.722023     52.95     65.15    1.002
      clockrate                0.789913    0.011381    0.598037    1.004647    0.778023    179.50    187.14    1.005
      clockrate                0.705674    0.002769    0.604421    0.809450    0.703984    135.49    165.40    1.000
      clockrate                0.778157    0.011167    0.586024    0.996087    0.770644     97.32    106.91    1.001
      clockrate                0.786482    0.006993    0.637481    0.958528    0.778237    147.26    152.18    1.001
      clockrate                0.741581    0.002489    0.647357    0.841452    0.740099    421.42    433.61    1.001
      clockrate                0.738286    0.017288    0.519955    1.014786    0.717408    236.13    294.01    1.002
      clockrate                0.714832    0.001910    0.628283    0.799782    0.713702    216.74    295.53    1.000
      clockrate                0.705648    0.007829    0.544114    0.886812    0.697692    112.45    151.51    1.006
      clockrate                1.047054    0.032431    0.765486    1.402930    1.016001     53.11     73.41    1.014
      clockrate                0.836020    0.012083    0.627990    1.042858    0.826234    239.84    273.95    1.000
      clockrate                0.641105    0.008841    0.460559    0.825266    0.632571    245.39    309.76    1.000
      clockrate                0.706100    0.005368    0.566878    0.853597    0.700195    329.67    347.84    1.001
      clockrate                0.756468    0.005496    0.626837    0.910617    0.748228     29.15     56.49    1.035
      clockrate                0.916821    0.035447    0.605261    1.288953    0.887892    111.33    120.66    1.020
      clockrate                0.777106    0.003642    0.662524    0.895139    0.774241     46.72     59.22    1.000
      clockrate                0.663303    0.001998    0.576026    0.750457    0.662463    727.22    772.58    1.000
      clockrate                0.756899    0.004615    0.633889    0.896722    0.752055     53.15    140.22    1.000
      clockrate                0.672227    0.005774    0.530249    0.824700    0.666264    135.49    170.50    1.000
      clockrate                0.755654    0.003382    0.641594    0.869042    0.754200    766.93    809.74    1.003
      clockrate                0.898078    0.021473    0.644721    1.191663    0.882217     92.68    120.05    1.009
      clockrate                0.669659    0.003670    0.556651    0.791826    0.665968     94.91    210.84    1.001
      clockrate                0.690810    0.003064    0.585286    0.799231    0.686230     81.55    118.92    1.007
      clockrate                0.703255    0.011198    0.527545    0.922466    0.683367     52.47     83.37    1.041
      clockrate                0.777525    0.029346    0.493782    1.113914    0.750359     72.96     77.89    1.000
      clockrate                0.915634    0.023875    0.640938    1.228062    0.898800    350.00    364.92    1.002
      clockrate                0.755030    0.009772    0.593326    0.957460    0.738077     34.98     39.08    1.059
      clockrate                0.685874    0.004787    0.558808    0.822744    0.678796    124.64    231.80    1.003
      clockrate                0.695947    0.004274    0.571215    0.828153    0.691928    177.60    349.44    1.000
      clockrate                0.628579    0.001418    0.555537    0.702580    0.627584    919.42    948.60    1.000
      clockrate                0.726477    0.011870    0.540552    0.953173    0.709586     79.91    137.77    1.001
      clockrate                0.766521    0.011606    0.584119    0.992635    0.751392    158.33    203.50    1.003
      clockrate                0.707659    0.004959    0.575789    0.850685    0.702120     52.45    173.26    1.023
      clockrate                0.966372    0.037291    0.645625    1.349878    0.938219    168.10    220.16    1.004
      clockrate                0.685522    0.002196    0.594565    0.777364    0.684494    591.63    716.55    1.002
      clockrate                0.777289    0.005537    0.638349    0.923710    0.770533     44.61    172.80    1.013
      clockrate                0.706349    0.002837    0.605753    0.814372    0.702892     99.48    132.11    1.003
      clockrate                0.672021    0.003743    0.563157    0.799269    0.666623    130.79    136.36    1.001
      clockrate                0.827361    0.008421    0.659247    1.013205    0.819580    141.70    162.69    1.001
      clockrate                0.898243    0.046107    0.567458    1.296924    0.860031    160.16    163.56    1.000
      clockrate                0.807434    0.009178    0.632131    1.000140    0.798590    132.87    209.65    1.001
      clockrate                0.808124    0.011363    0.626269    1.031300    0.792686     58.95    105.55    1.015
      clockrate                0.636402    0.006077    0.497628    0.793110    0.627528     51.40     94.20    1.000
      clockrate                0.639502    0.002627    0.543874    0.742646    0.635304     93.52    199.91    1.005
      clockrate                0.682783    0.007794    0.525418    0.862511    0.674191    144.46    183.68    1.012
      clockrate                0.753284    0.006782    0.603537    0.913608    0.745709     87.78    120.23    1.001
      clockrate                0.748925    0.008063    0.583168    0.927380    0.738790     86.72    153.22    1.001
      clockrate                0.722734    0.005149    0.591313    0.867995    0.715691    241.94    263.95    1.002
      clockrate                1.236974    0.096068    0.751653    1.906052    1.176906    260.25    273.21    1.001
      clockrate                0.744573    0.003393    0.632151    0.855715    0.740923     82.42    114.37    1.001
      clockrate                0.836358    0.009800    0.659090    1.032262    0.826174    218.45    263.81    1.000
      clockrate                0.775481    0.003311    0.666412    0.891183    0.771203    118.24    179.91    1.003
      clockrate                0.757340    0.011897    0.559751    0.973315    0.745122    271.51    273.71    1.001
      clockrate                0.747594    0.008361    0.586221    0.933292    0.736504     66.56     75.31    1.006
      clockrate                0.733832    0.004784    0.610756    0.875013    0.724690     53.17     75.77    1.005
      clockrate                0.738850    0.005205    0.607060    0.884857    0.732791    116.51    141.07    1.002
      clockrate                0.768862    0.012786    0.579693    1.003090    0.750743     31.20     50.35    1.004
      clockrate                0.691135    0.010674    0.506534    0.899819    0.677644    258.72    264.19    1.003
      clockrate                0.898392    0.005663    0.751352    1.047201    0.892340    149.40    244.13    1.014
      clockrate                1.065925    0.022490    0.801038    1.375760    1.048178     64.37     92.29    1.014
      clockrate                0.640767    0.010290    0.462221    0.837380    0.628860    272.90    274.63    1.002
      clockrate                0.712153    0.004404    0.588821    0.844677    0.707387    432.32    570.09    1.002
      clockrate                0.791492    0.007832    0.626570    0.970959    0.783569     54.73    205.47    1.009
      clockrate                0.721536    0.003343    0.614655    0.839261    0.718120    154.93    164.63    1.007
      clockrate                0.625382    0.002742    0.529310    0.732869    0.621376    205.10    209.05    1.002
      clockrate                0.710904    0.002311    0.620329    0.808640    0.708489     77.89    178.14    1.018
      clockrate                0.821560    0.024587    0.568575    1.134393    0.794619    187.52    192.02    1.000
      clockrate                0.751126    0.004669    0.626045    0.888318    0.744644     80.59     89.58    1.013
      clockrate                0.667116    0.002992    0.567278    0.779585    0.662345     79.27    122.77    1.037
      clockrate                0.797184    0.005148    0.668801    0.946628    0.791352     53.56     87.28    1.050
      clockrate                0.954131    0.020458    0.711757    1.246259    0.933048    168.63    182.96    1.004
      clockrate                0.709125    0.004480    0.582070    0.839128    0.705174     40.58     50.19    1.002
      clockrate                0.827628    0.006805    0.676926    0.993527    0.819421    108.24    129.44    1.000
