0.09302326
0.2777778
0.04545455
0.2045455
0.2272727
0.15
0.05128205
0.1363636
0.137931
0.1777778
0.1842105
0.1875
0.2173913
0.125
0.255814
0.02173913
0.1395349
0.1052632
0
0.0625
0.2173913
0.25
0.1612903
0.2692308
0.1
0.07407407
0.08823529
0.2
0.1481481
0.1538462
0.1707317
0.2432432
0.1891892
0.1764706
0.1956522
0.1
0.1111111
0.4090909
0.2105263
0.2
0.2553191
0.2068966
0.1702128
0.212766
0.2432432
0.2222222
0.2
0.2083333
0.2424242
0.1333333
0.173913
0.1111111
0.1578947
0.2
0.125
0.1428571
0.2857143
0.1363636
0.15
0.1621622
0.1666667
0.225
0.2
0.2666667
0.255814
0.2
0.1764706
0.2727273
0.1153846
0.3076923
0.225
0.2307692
0.15
0.173913
0.03846154
0
0.2564103
0.06666667
0.1463415
0.1578947
0.07894737
0.2045455
0.1282051
0.2285714
0.1052632
0.1315789
0.2666667
0.35
0.1923077
0.1666667
0.04651163
0.1428571
0.2391304
0
0.2
0.1086957
0.1333333
0.3214286
0.2631579
0.1290323
