0.3023256
0.3055556
0.2272727
0.2727273
0.2727273
0.25
0.07692308
0.04545455
0.3103448
0.2666667
0.1842105
0.125
0.173913
0.1875
0.3488372
0.173913
0.1627907
0.2105263
0.4285714
0.125
0.2826087
0.1666667
0.1612903
0.3076923
0.225
0.2592593
0.2352941
0.2857143
0.1481481
0.2820513
0.3414634
0.2972973
0.1621622
0.1176471
0.173913
0.1
0.1851852
0.2272727
0.1052632
0.24
0.2340426
0.1724138
0.3617021
0.212766
0.1891892
0.3333333
0.275
0.1666667
0.1515152
0.1111111
0.173913
0.05555556
0.3157895
0.2
0.15625
0.05714286
0.2142857
0.2272727
0.25
0.1891892
0.2222222
0.2
0.16
0.1111111
0.255814
0.1
0.1176471
0.3181818
0.2307692
0.2692308
0.2
0.07407407
0.2
0.2173913
0.2692308
0.1666667
0.2307692
0.2666667
0.2195122
0.1052632
0.2105263
0.2727273
0.1538462
0.2
0.1052632
0.1578947
0.2666667
0.2
0.2692308
0.1666667
0.09302326
0.1142857
0.1521739
0.125
0.225
0.2608696
0.06666667
0.07142857
0.1842105
0.2580645
