      ilnvar                   0.060444    0.002520    0.000191    0.156036    0.050119     29.76     39.65    1.027
      ilnvar                   0.011955    0.000245    0.000028    0.041818    0.006089     26.26     40.50    1.009
      ilnvar                   0.006978    0.000128    0.000001    0.029269    0.002827     32.54     36.36    1.002
      ilnvar                   0.018678    0.000526    0.000041    0.064998    0.010906     15.32     31.68    1.002
      ilnvar                   0.017408    0.000428    0.000016    0.057940    0.009811     16.60     21.56    1.003
      ilnvar                   0.016051    0.000678    0.000001    0.067242    0.005368     35.42     88.76    1.031
      ilnvar                   0.010680    0.000357    0.000001    0.045180    0.002940     18.60     23.39    1.068
      ilnvar                   0.053663    0.003715    0.000014    0.163505    0.035920    121.77    145.14    1.002
      ilnvar                   0.035267    0.001430    0.000275    0.111736    0.022840     55.21     81.29    1.010
      ilnvar                   0.025643    0.000884    0.000093    0.084437    0.016158     22.90     24.73    1.003
      ilnvar                   0.003458    0.000084    0.000001    0.017105    0.000370     18.18     20.31    1.027
      ilnvar                   0.268915    0.054087    0.005043    0.691640    0.207963    267.84    282.55    1.002
      ilnvar                   0.066530    0.004230    0.000034    0.189929    0.049746     41.32    112.25    1.015
      ilnvar                   0.081699    0.011994    0.000112    0.287525    0.043365    102.38    110.12    1.002
      ilnvar                   0.013672    0.000406    0.000040    0.054641    0.005220     19.07     26.52    1.003
      ilnvar                   0.003925    0.000041    0.000024    0.016455    0.001045     17.19     20.11    1.023
      ilnvar                   0.016805    0.000397    0.000069    0.057694    0.009955     19.01     23.74    1.062
      ilnvar                   0.050560    0.004040    0.000025    0.166551    0.029668    116.19    121.36    1.000
      ilnvar                   0.387581    0.190188    0.000021    1.205705    0.247811    480.28    538.18    1.001
      ilnvar                   0.059326    0.004897    0.000044    0.193763    0.037658     65.70     74.45    1.007
      ilnvar                   0.012981    0.000208    0.000103    0.040571    0.008211     27.54     33.33    1.024
      ilnvar                   0.027039    0.000959    0.000068    0.084244    0.017319     34.99     76.52    1.009
      ilnvar                   0.047157    0.004019    0.000104    0.173878    0.023141     32.51     37.09    1.001
      ilnvar                   0.052568    0.003014    0.000100    0.154377    0.037526     27.75     51.27    1.000
      ilnvar                   0.009278    0.000338    0.000001    0.046214    0.001040     16.78     19.47    1.029
      ilnvar                   0.049898    0.004299    0.000066    0.178037    0.028670     54.85     61.20    1.048
      ilnvar                   0.111158    0.005017    0.008895    0.250091    0.095520     81.50     92.31    1.003
      ilnvar                   0.030751    0.001603    0.000001    0.112532    0.014972     15.60     18.52    1.013
      ilnvar                   0.023923    0.001103    0.000022    0.089091    0.012394     32.14     39.77    1.002
      ilnvar                   0.030444    0.000823    0.000192    0.086316    0.021905     38.56     40.71    1.015
      ilnvar                   0.028607    0.000754    0.000262    0.081709    0.020484     32.49     44.17    1.047
      ilnvar                   0.016020    0.000410    0.000031    0.052971    0.009293     39.86     41.06    1.001
      ilnvar                   0.009754    0.000343    0.000001    0.047880    0.001912     29.03     29.74    1.063
      ilnvar                   0.099009    0.009075    0.001660    0.281811    0.070997    195.08    211.65    1.000
      ilnvar                   0.009337    0.000206    0.000007    0.037756    0.003658     13.59     24.25    1.255
      ilnvar                   0.007960    0.000237    0.000001    0.036123    0.001715     27.94     54.26    1.007
      ilnvar                   0.019224    0.000979    0.000019    0.076397    0.007550     38.28     48.47    1.016
      ilnvar                   0.020978    0.000672    0.000055    0.070407    0.012084     85.98     98.42    1.022
      ilnvar                   0.033019    0.002519    0.000036    0.126202    0.014960     64.46     66.00    1.000
      ilnvar                   0.016972    0.000490    0.000018    0.060336    0.009075     67.94     77.04    1.011
      ilnvar                   0.026314    0.001150    0.000001    0.093615    0.010976     13.47     14.20    1.004
      ilnvar                   0.013221    0.000380    0.000027    0.048612    0.006582     44.81     48.20    1.028
      ilnvar                   0.053455    0.002129    0.000603    0.144949    0.040356     30.20     38.93    1.000
      ilnvar                   0.008854    0.000103    0.000233    0.029871    0.005415     16.79     24.31    1.002
      ilnvar                   0.019178    0.000521    0.000166    0.061530    0.011325     43.89     47.27    1.022
      ilnvar                   0.037891    0.002524    0.000003    0.138526    0.017534     31.77     40.03    1.025
      ilnvar                   0.040942    0.001347    0.000304    0.112430    0.030751     50.56     53.32    1.002
      ilnvar                   0.041676    0.002409    0.000046    0.136154    0.025922     52.86     62.35    1.000
      ilnvar                   0.033121    0.001937    0.000014    0.120239    0.016552     23.08     28.38    1.031
      ilnvar                   0.011337    0.000492    0.000002    0.050310    0.003058     13.98     23.17    1.095
      ilnvar                   0.059760    0.004096    0.000178    0.188714    0.039421     62.65     95.72    1.011
      ilnvar                   0.066200    0.005195    0.000067    0.205338    0.043958     89.35    145.69    1.014
      ilnvar                   0.177761    0.020957    0.001599    0.450474    0.143043    174.96    213.56    1.004
      ilnvar                   0.027051    0.001975    0.000002    0.109471    0.008090     17.05     27.97    1.005
      ilnvar                   0.047824    0.002919    0.000012    0.153604    0.032432     16.15     25.67    1.005
      ilnvar                   0.013085    0.000419    0.000040    0.051704    0.004916     27.04     36.70    1.001
      ilnvar                   0.005967    0.000115    0.000001    0.026782    0.001489     13.80     17.07    1.053
      ilnvar                   0.058409    0.005268    0.000036    0.198048    0.034336     64.28     66.63    1.000
      ilnvar                   0.035361    0.001804    0.000019    0.117473    0.021458     98.33    120.20    1.021
      ilnvar                   0.014956    0.000838    0.000003    0.072769    0.002599     18.18     23.81    1.012
      ilnvar                   0.070807    0.010084    0.000216    0.244492    0.037773    123.92    176.33    1.000
      ilnvar                   0.009713    0.000251    0.000007    0.041202    0.002705     16.47     18.29    1.002
      ilnvar                   0.021383    0.000733    0.000011    0.073815    0.012523     58.51     66.76    1.088
      ilnvar                   0.027933    0.000939    0.000207    0.092484    0.017483     16.90     25.35    1.000
      ilnvar                   0.039074    0.001004    0.001135    0.101877    0.031113     55.00     58.40    1.002
      ilnvar                   0.061688    0.002297    0.000549    0.152595    0.051180     39.06     66.97    1.003
      ilnvar                   0.100720    0.010815    0.000323    0.290651    0.069941    152.88    177.05    1.001
      ilnvar                   0.053458    0.004345    0.000014    0.176917    0.031867     23.84     46.39    1.002
      ilnvar                   0.047932    0.002890    0.000234    0.152426    0.030561     62.07     86.70    1.005
      ilnvar                   0.068315    0.004275    0.001257    0.189686    0.050878     70.19     82.87    1.000
      ilnvar                   0.033168    0.001479    0.000012    0.107681    0.020662     21.30     23.92    1.001
      ilnvar                   0.009824    0.000204    0.000071    0.035289    0.004834     86.48     95.14    1.018
      ilnvar                   0.021817    0.000587    0.000050    0.070946    0.013202     25.85     32.38    1.039
      ilnvar                   0.111697    0.006139    0.001349    0.259619    0.094891    197.92    219.02    1.002
      ilnvar                   0.040646    0.002559    0.000011    0.142798    0.021835     27.96     47.95    1.030
      ilnvar                   0.303311    0.162529    0.000047    1.042798    0.172623    482.40    551.38    1.000
      ilnvar                   0.009885    0.000300    0.000001    0.046887    0.002687     18.78     25.19    1.022
      ilnvar                   0.062071    0.006551    0.000004    0.209068    0.037143     74.73    113.36    1.003
      ilnvar                   0.019248    0.000546    0.000045    0.066965    0.010312     28.82     29.87    1.022
      ilnvar                   0.042501    0.002282    0.000203    0.133800    0.028151    104.08    128.74    1.001
      ilnvar                   0.034262    0.001484    0.000080    0.108371    0.023022     22.16     46.65    1.008
      ilnvar                   0.004208    0.000085    0.000007    0.022301    0.000462     13.47     18.21    1.072
      ilnvar                   0.014750    0.000314    0.000023    0.049340    0.009095     36.55     40.52    1.000
      ilnvar                   0.019766    0.000477    0.000203    0.062027    0.012246     32.03     55.75    1.013
      ilnvar                   0.014038    0.000606    0.000011    0.058768    0.004484     88.69     89.42    1.004
      ilnvar                   0.018221    0.000612    0.000145    0.069691    0.007611     16.53     26.13    1.002
      ilnvar                   0.125646    0.012601    0.000568    0.345882    0.098189     29.27     52.31    1.006
      ilnvar                   0.036647    0.001994    0.000109    0.117203    0.021839     56.61    126.69    1.006
      ilnvar                   0.026572    0.001216    0.000001    0.097347    0.014219     19.86     35.81    1.018
      ilnvar                   0.024643    0.000970    0.000074    0.085728    0.014042     62.38     78.70    1.000
      ilnvar                   0.003926    0.000078    0.000001    0.020874    0.000601     17.36     17.68    1.141
      ilnvar                   0.003979    0.000061    0.000001    0.017754    0.000939     14.58     22.61    1.017
      ilnvar                   0.011936    0.000485    0.000002    0.058751    0.002110     13.50     15.69    1.002
      ilnvar                   0.239772    0.048643    0.000080    0.644069    0.188058     63.04    106.69    1.010
      ilnvar                   0.048657    0.002694    0.000021    0.145268    0.034303     28.28     29.91    1.060
      ilnvar                   0.004772    0.000087    0.000001    0.023898    0.000903     24.38     26.94    1.127
      ilnvar                   0.011014    0.000245    0.000017    0.043349    0.005238     48.43     56.70    1.017
      ilnvar                   0.019912    0.000577    0.000100    0.067075    0.011295     56.76     61.63    1.003
      ilnvar                   0.010547    0.000329    0.000001    0.046463    0.002401     14.90     22.44    1.139
      ilnvar                   0.016984    0.000590    0.000065    0.066920    0.007634     52.89     60.95    1.009
