      clockrate                0.757568    0.008304    0.591239    0.941980    0.748975     84.70     92.97    1.004
      clockrate                0.632380    0.010316    0.447636    0.839834    0.623072    114.00    211.11    1.005
      clockrate                0.699362    0.005710    0.556141    0.851291    0.694095    161.41    304.56    1.018
      clockrate                0.547995    0.004560    0.421142    0.684370    0.542923    181.43    282.45    1.021
      clockrate                0.641114    0.005201    0.504883    0.784182    0.636313    106.79    152.02    1.020
      clockrate                0.410836    0.011833    0.197622    0.601482    0.411529   1038.74   1101.62    1.005
      clockrate                0.659637    0.007576    0.502602    0.840004    0.650760     60.69     81.78    1.025
      clockrate                1.030801    0.061716    0.605060    1.529004    0.995477    280.16    313.41    1.001
      clockrate                0.571486    0.007012    0.419166    0.738672    0.561454    177.29    215.43    1.001
      clockrate                0.632545    0.006088    0.480644    0.788899    0.628448    157.49    365.49    1.010
      clockrate                0.646780    0.007021    0.494464    0.817416    0.638547    109.51    200.50    1.004
      clockrate                0.738166    0.056496    0.322754    1.224556    0.706488    113.16    182.19    1.000
      clockrate                0.495628    0.015403    0.129954    0.688121    0.501355     69.04     86.45    1.001
      clockrate                0.865286    0.118824    0.165828    1.451802    0.868593    337.63    359.85    1.001
      clockrate                0.587056    0.007501    0.426461    0.761503    0.579477    116.51    120.77    1.026
      clockrate                0.610324    0.003697    0.492037    0.733089    0.608337    189.95    249.68    1.017
      clockrate                0.602292    0.006567    0.445149    0.762160    0.597481    176.74    294.75    1.000
      clockrate                0.894530    0.088165    0.315914    1.526289    0.857572    358.79    431.08    1.000
      clockrate                0.404409    0.041797    0.080204    0.776474    0.374451    282.95    367.08    1.003
      clockrate                0.560441    0.021219    0.259696    0.870326    0.552751    120.49    132.92    1.000
      clockrate                0.546557    0.003853    0.425380    0.669750    0.545346   1194.59   2139.67    1.000
      clockrate                0.603747    0.008650    0.431085    0.792576    0.597101   1050.54   1222.71    1.000
      clockrate                0.821129    0.029737    0.514625    1.166565    0.803086    148.47    154.65    1.000
      clockrate                0.632933    0.016750    0.415156    0.912353    0.612757     75.23     96.83    1.004
      clockrate                0.613292    0.008402    0.446159    0.796768    0.602470     56.59    164.92    1.066
      clockrate                0.484333    0.039284    0.197047    0.862097    0.453366    266.23    305.20    1.002
      clockrate                0.650997    0.015823    0.422769    0.908341    0.638290    222.70    242.15    1.000
      clockrate                0.663094    0.014713    0.452913    0.911089    0.643173     61.44     69.99    1.005
      clockrate                0.719278    0.022032    0.464976    1.016834    0.695765    198.17    319.20    1.000
      clockrate                0.668197    0.007112    0.513866    0.841972    0.660240     72.79    112.46    1.058
      clockrate                0.679898    0.009551    0.500385    0.878297    0.670752    100.48    109.87    1.003
      clockrate                0.606146    0.005291    0.470571    0.753822    0.601919    165.98    318.91    1.001
      clockrate                0.585876    0.005454    0.449841    0.734233    0.578449     54.76     73.85    1.037
      clockrate                0.618927    0.023217    0.303240    1.002789    0.618649    231.49    272.04    1.000
      clockrate                0.615858    0.004576    0.484594    0.749438    0.613618    193.22    227.14    1.023
      clockrate                0.418046    0.018916    0.155785    0.629486    0.442665    376.95    424.14    1.005
      clockrate                0.495738    0.012018    0.270585    0.698850    0.494949    293.65    612.41    1.000
      clockrate                0.516135    0.014836    0.232652    0.728462    0.527266    789.31    823.52    1.000
      clockrate                0.489983    0.031609    0.215930    0.841118    0.457841    147.73    211.96    1.002
      clockrate                0.618765    0.019630    0.376532    0.912613    0.601395    169.33    218.57    1.002
      clockrate                0.651385    0.007589    0.492016    0.829178    0.645019     75.50    146.62    1.000
      clockrate                0.666124    0.011472    0.479135    0.881970    0.661267    148.80    265.87    1.000
      clockrate                0.531433    0.002960    0.425633    0.636016    0.528072    114.57    150.51    1.004
      clockrate                0.980611    0.025728    0.691472    1.309629    0.965050    173.53    175.81    1.001
      clockrate                0.554981    0.003576    0.441825    0.675532    0.552103    650.75    667.58    1.001
      clockrate                0.608167    0.012719    0.411822    0.837234    0.593740    214.27    306.78    1.001
      clockrate                0.625054    0.011741    0.420462    0.840246    0.615164    237.86    310.82    1.000
      clockrate                0.509633    0.026980    0.219691    0.839706    0.486449     73.87    175.41    1.026
      clockrate                0.499431    0.008575    0.305743    0.685740    0.501490    325.70    441.23    1.019
      clockrate                0.615725    0.004911    0.482385    0.756799    0.611530    222.81    236.01    1.002
      clockrate                0.656294    0.033171    0.177647    0.973224    0.654427    105.63    135.68    1.001
      clockrate                0.594015    0.029321    0.214401    0.916379    0.586781    472.12    710.44    1.000
      clockrate                0.483640    0.034680    0.164567    0.817254    0.474954    442.21    566.89    1.001
      clockrate                0.518665    0.005107    0.383155    0.661538    0.513769    262.93    282.36    1.000
      clockrate                0.653107    0.008393    0.490526    0.839380    0.642485    156.05    163.61    1.001
      clockrate                0.594466    0.006246    0.448701    0.743150    0.595151    253.96   1203.47    1.000
      clockrate                0.553441    0.003345    0.444182    0.668825    0.549678    342.53    545.70    1.000
      clockrate                0.408960    0.012024    0.188705    0.610042    0.409807    952.38   1111.98    1.000
      clockrate                0.697760    0.033016    0.390448    1.064787    0.671704     91.17    116.33    1.000
      clockrate                0.681203    0.005439    0.544802    0.829075    0.676089    195.46    243.09    1.002
      clockrate                0.638712    0.037737    0.256603    1.021089    0.630381    375.29    412.07    1.005
      clockrate                0.634448    0.004265    0.510528    0.766532    0.632206    967.98   1407.19    1.002
      clockrate                0.535770    0.011563    0.313915    0.760284    0.537145    527.35    651.09    1.000
      clockrate                0.718656    0.010138    0.527633    0.914320    0.712212     49.38    231.48    1.005
      clockrate                0.817078    0.011017    0.618870    1.026525    0.810311    141.95    187.21    1.004
      clockrate                0.724443    0.010161    0.550997    0.929127    0.713039    171.11    209.78    1.000
      clockrate                0.794454    0.094256    0.272093    1.423866    0.738489    253.94    261.66    1.003
      clockrate                0.586375    0.044606    0.230540    0.999459    0.552149    177.00    223.96    1.000
      clockrate                0.674839    0.037985    0.375305    1.080165    0.631866    157.69    182.07    1.000
      clockrate                1.053208    0.118469    0.460747    1.728961    1.007489    192.56    249.53    1.000
      clockrate                0.594143    0.005398    0.459034    0.745971    0.591484    489.09    589.71    1.004
      clockrate                0.613730    0.016995    0.363279    0.869472    0.605114    108.12    403.33    1.008
      clockrate                0.690880    0.011369    0.502227    0.900286    0.677423     94.98    152.79    1.011
      clockrate                0.679390    0.053829    0.267508    1.163771    0.630161     88.40     93.01    1.001
      clockrate                0.488646    0.052886    0.157528    0.803564    0.579765     14.91     15.50    1.040
      clockrate                0.587658    0.103794    0.096013    1.163548    0.558994    266.51    289.80    1.002
      clockrate                0.395498    0.005500    0.171155    0.520075    0.404102     73.63    191.06    1.008
      clockrate                0.635418    0.024590    0.276832    0.931835    0.631723    256.85    335.82    1.002
      clockrate                0.737246    0.015762    0.511235    0.992947    0.722137     74.41    148.91    1.005
      clockrate                0.595523    0.022937    0.305764    0.892440    0.583332    822.00    991.75    1.001
      clockrate                0.703741    0.008298    0.533204    0.885738    0.694513     83.20    105.08    1.000
      clockrate                0.629449    0.009862    0.453246    0.828878    0.616416     48.17     61.21    1.000
      clockrate                0.641537    0.007753    0.475399    0.815757    0.634709    264.05    387.94    1.002
      clockrate                0.709647    0.014487    0.491488    0.952702    0.696589    104.63    127.78    1.003
      clockrate                0.561192    0.010629    0.372388    0.772496    0.554777    197.83    214.38    1.004
      clockrate                0.594619    0.003316    0.481332    0.706375    0.592677    594.79   1682.64    1.001
      clockrate                0.929722    0.074977    0.478826    1.566823    0.892916     71.09     89.51    1.000
      clockrate                0.436740    0.023098    0.174928    0.708378    0.433226    497.79    515.40    1.001
      clockrate                0.421934    0.017691    0.151861    0.626630    0.442501    189.57    269.31    1.001
      clockrate                0.609811    0.013017    0.382221    0.841047    0.605492    259.95    408.30    1.008
      clockrate                0.616553    0.008230    0.455839    0.799337    0.604508    100.06    294.53    1.000
      clockrate                0.833419    0.019164    0.585162    1.121326    0.819488    277.08    333.94    1.001
      clockrate                0.589130    0.008887    0.411427    0.776956    0.581287    245.21    280.20    1.000
      clockrate                0.510636    0.045339    0.194101    0.893450    0.482136    451.92    483.34    1.004
      clockrate                0.764708    0.012463    0.561403    0.987464    0.752186     67.12     82.80    1.042
      clockrate                0.714398    0.005181    0.580047    0.858290    0.709927    367.10    981.12    1.012
      clockrate                0.559337    0.013905    0.242701    0.773395    0.570254    149.01    171.21    1.000
      clockrate                0.586739    0.018348    0.229953    0.819836    0.594840    353.17    648.24    1.002
      clockrate                0.678146    0.022362    0.425992    0.977524    0.657584     54.99     85.92    1.021
      clockrate                0.550771    0.010216    0.367235    0.764693    0.542433    137.71    160.94    1.007
