      clockrate{all}                0.820828    0.004411    0.688418    0.948228    0.818733    572.15    587.18    1.001
      clockrate{all}                0.931890    0.008149    0.758174    1.112044    0.928329    298.66    481.50    1.005
      clockrate{all}                0.868669    0.003993    0.745869    0.992644    0.867031    381.95    442.22    1.002
      clockrate{all}                0.875485    0.004864    0.738898    1.010813    0.873095    352.98    502.72    1.004
      clockrate{all}                0.757226    0.005200    0.623160    0.899254    0.750693     21.10    190.29    1.032
      clockrate{all}                0.889923    0.019456    0.621246    1.152857    0.882259     36.64     96.84    1.004
      clockrate{all}                0.833775    0.004721    0.701820    0.969024    0.831292    922.69    953.17    1.000
      clockrate{all}                1.846392    0.244680    1.063655    2.870426    1.761426    150.01    153.47    1.003
      clockrate{all}                1.063975    0.036619    0.743196    1.451541    1.030789     26.61     46.74    1.047
      clockrate{all}                0.823119    0.004016    0.700541    0.947602    0.821066    793.17    984.51    1.002
      clockrate{all}                0.811185    0.005631    0.669359    0.962043    0.808543     82.24     95.70    1.001
      clockrate{all}                1.399403    0.121131    0.831681    2.083044    1.343490    129.00    264.55    1.001
      clockrate{all}                0.919368    0.018582    0.682713    1.206954    0.900807     71.99    158.10    1.003
      clockrate{all}                0.945949    0.060407    0.574284    1.463703    0.890077     58.45    171.61    1.002
      clockrate{all}                0.789910    0.005854    0.645402    0.942851    0.784275     36.86    339.30    1.033
      clockrate{all}                0.776622    0.005207    0.638741    0.909747    0.771182     22.52    269.05    1.022
      clockrate{all}                0.823365    0.004350    0.693750    0.951958    0.822153   1345.84   1349.15    1.000
      clockrate{all}                0.923751    0.043644    0.587765    1.356266    0.884540     57.57    105.84    1.008
      clockrate{all}                1.361054    0.155446    0.731606    2.122069    1.291532    560.08    603.21    1.005
      clockrate{all}                1.158227    0.131111    0.656100    1.904663    1.057301     41.88     63.37    1.002
      clockrate{all}                0.779749    0.004111    0.658725    0.907913    0.777172    755.67    815.95    1.000
      clockrate{all}                0.976361    0.044170    0.637592    1.389616    0.939225     55.28     91.28    1.033
      clockrate{all}                1.019634    0.022862    0.750548    1.319749    1.000055     29.11     60.88    1.000
      clockrate{all}                0.954089    0.010403    0.756249    1.153428    0.947549    273.22    360.00    1.000
      clockrate{all}                0.987080    0.025631    0.741343    1.327508    0.947859     97.30    488.48    1.590
      clockrate{all}                0.838077    0.019983    0.604187    1.143699    0.814738     25.61     26.41    1.010
      clockrate{all}                1.121124    0.025867    0.834510    1.451592    1.101868     79.24    115.19    1.000
      clockrate{all}                0.854056    0.012315    0.658199    1.067691    0.841591     47.10    545.23    1.097
      clockrate{all}                1.073554    0.027273    0.787687    1.411005    1.050617     38.95    103.64    1.001
      clockrate{all}                0.821783    0.007430    0.660224    0.993025    0.814661     47.34    134.64    1.040
      clockrate{all}                0.869623    0.009550    0.684425    1.063726    0.865575    402.47    537.11    1.008
      clockrate{all}                0.963514    0.016219    0.735805    1.231586    0.947629     34.39     79.09    1.009
      clockrate{all}                0.830859    0.004391    0.703169    0.961449    0.828465    442.76    530.08    1.001
      clockrate{all}                0.874653    0.031424    0.586686    1.233353    0.843984    127.33    147.07    1.007
      clockrate{all}                0.798976    0.003522    0.685156    0.917225    0.797558    536.45    671.84    1.000
      clockrate{all}                0.756117    0.013172    0.555101    0.970608    0.742242     43.47     83.58    1.003
      clockrate{all}                1.379161    0.160808    0.868370    2.219661    1.234662     23.39     30.40    1.312
      clockrate{all}                1.027551    0.047563    0.673816    1.471125    0.986892     25.05    122.20    1.043
      clockrate{all}                0.746839    0.017084    0.523282    1.000222    0.728045     29.79     41.31    1.008
      clockrate{all}                0.811708    0.009674    0.627183    1.004082    0.801972     57.50     74.68    1.012
      clockrate{all}                0.901343    0.004951    0.768389    1.042819    0.899159    791.24    882.77    1.000
      clockrate{all}                0.942001    0.023492    0.674563    1.236682    0.917942     90.49     91.37    1.083
      clockrate{all}                0.937934    0.005807    0.789620    1.089111    0.936815    360.13    499.61    1.014
      clockrate{all}                0.787069    0.004223    0.663375    0.915357    0.784608    478.27    536.48    1.004
      clockrate{all}                0.922219    0.007913    0.750287    1.096948    0.917165     68.97    161.48    1.000
      clockrate{all}                0.863563    0.015345    0.637782    1.104009    0.852110    196.08    327.39    1.000
      clockrate{all}                0.832609    0.005218    0.694423    0.975932    0.829524    726.18    984.44    1.020
      clockrate{all}                1.070429    0.087497    0.616982    1.660471    1.006822     13.80     78.71    1.115
      clockrate{all}                0.941385    0.011752    0.745557    1.159246    0.931306     68.32    125.24    1.002
      clockrate{all}                0.795598    0.004663    0.663057    0.929329    0.791618     62.11    115.40    1.026
      clockrate{all}                0.926242    0.031365    0.633536    1.283614    0.890063     53.37    168.41    1.208
      clockrate{all}                0.970985    0.019752    0.724441    1.247113    0.955515    124.05    248.39    1.066
      clockrate{all}                1.055738    0.049107    0.672600    1.498852    1.021385    127.94    150.72    1.001
      clockrate{all}                0.878423    0.007822    0.713508    1.044299    0.870722     46.79    414.02    1.038
      clockrate{all}                0.773058    0.006219    0.617184    0.921957    0.768577    365.17    657.75    1.001
      clockrate{all}                0.924241    0.010225    0.728340    1.120609    0.918574    148.87    396.43    1.000
      clockrate{all}                0.760182    0.002848    0.657923    0.867916    0.758868    888.49   1066.64    1.002
      clockrate{all}                0.881102    0.029140    0.613546    1.231675    0.849461     62.18     70.60    1.000
      clockrate{all}                1.400990    0.126932    0.786628    2.038138    1.369104     26.59     45.99    1.006
      clockrate{all}                0.884576    0.010526    0.689551    1.081671    0.875433     42.38     66.03    1.001
      clockrate{all}                1.141887    0.083113    0.671648    1.704476    1.092859     72.87    104.65    1.015
      clockrate{all}                0.873859    0.004982    0.737375    1.011941    0.871360    441.26    493.19    1.000
      clockrate{all}                0.897602    0.007183    0.732900    1.064569    0.893559    892.31    947.68    1.000
      clockrate{all}                0.790457    0.006225    0.644481    0.950053    0.783008     30.59     76.63    1.027
      clockrate{all}                1.042969    0.016301    0.821119    1.300454    1.023559     23.18     50.41    1.109
      clockrate{all}                1.054505    0.033952    0.760424    1.421868    1.022610     13.00     34.62    1.212
      clockrate{all}                1.214816    0.115318    0.700391    1.944141    1.137185     28.78     39.18    1.001
      clockrate{all}                1.677322    0.216972    0.941659    2.596631    1.596480     79.18     88.05    1.001
      clockrate{all}                1.069001    0.050284    0.711616    1.508136    1.026061     30.10     41.54    1.008
      clockrate{all}                0.867322    0.017874    0.630860    1.135450    0.849434     29.24     88.57    1.037
      clockrate{all}                0.767371    0.004068    0.647729    0.896684    0.765236    653.05    727.52    1.000
      clockrate{all}                0.957613    0.029434    0.667910    1.300099    0.925848     36.70    106.40    1.000
      clockrate{all}                0.787210    0.021018    0.551665    1.083305    0.756913     43.97    188.94    1.450
      clockrate{all}                0.957704    0.011814    0.751509    1.168402    0.950830     83.30    420.61    1.008
      clockrate{all}                0.998459    0.009361    0.810130    1.186950    0.993282    628.26    713.08    1.000
      clockrate{all}                1.771594    0.315739    0.745680    2.879217    1.701880     27.24    156.17    1.002
      clockrate{all}                0.818840    0.005362    0.676106    0.963222    0.816098    255.97    334.90    1.001
      clockrate{all}                1.491453    0.156388    0.892364    2.314722    1.403458     71.29    122.40    1.002
      clockrate{all}                0.869474    0.004977    0.737857    1.011974    0.865749    132.66    608.13    1.018
      clockrate{all}                0.950150    0.020575    0.695801    1.214705    0.936370     96.78    171.90    1.003
      clockrate{all}                0.876470    0.007615    0.708064    1.047975    0.873445    240.12    271.22    1.000
      clockrate{all}                0.820566    0.003566    0.707461    0.940017    0.819203    335.46    376.52    1.008
      clockrate{all}                0.968972    0.015239    0.740699    1.221409    0.958226     69.74    129.30    1.014
      clockrate{all}                1.009351    0.033142    0.693480    1.372579    0.988554     85.48    103.88    1.002
      clockrate{all}                0.887559    0.076434    0.506255    1.470196    0.817516     55.83     76.94    1.001
      clockrate{all}                0.990206    0.005595    0.846466    1.139339    0.988047   1194.03   1320.38    1.000
      clockrate{all}                1.113553    0.050671    0.779412    1.594190    1.066322     19.29     31.31    1.003
      clockrate{all}                1.455395    0.218100    0.663026    2.323842    1.425076     33.66     56.57    1.010
      clockrate{all}                0.805238    0.007096    0.645806    0.972570    0.801318    311.64    323.02    1.000
      clockrate{all}                0.909481    0.021371    0.673061    1.201803    0.886618     28.66     36.99    1.003
      clockrate{all}                0.848000    0.004836    0.714297    0.985231    0.846573    857.40    900.68    1.001
      clockrate{all}                0.888161    0.017582    0.662982    1.156924    0.869629     72.55     77.47    1.005
      clockrate{all}                0.866937    0.005652    0.718326    1.010701    0.865703    201.38    214.21    1.002
      clockrate{all}                1.242356    0.072957    0.813091    1.792197    1.196470     66.79    116.40    1.015
      clockrate{all}                0.728370    0.004062    0.602239    0.850184    0.726266    281.19    282.57    1.000
      clockrate{all}                0.719634    0.003020    0.609926    0.825111    0.718573    763.19    915.37    1.000
      clockrate{all}                0.857419    0.007443    0.691805    1.025151    0.850878    122.38    396.45    1.059
      clockrate{all}                1.137995    0.047459    0.785500    1.594922    1.100528     70.21     77.00    1.000
      clockrate{all}                0.911323    0.005084    0.771024    1.051651    0.909854    150.81    196.44    1.005
      clockrate{all}                0.945777    0.009153    0.766670    1.136415    0.941076    266.49    332.49    1.007
