0.3023256
0.3055556
0.2272727
0.2727273
0.2727273
0.25
0.2564103
0.1818182
0.2413793
0.2222222
0.2368421
0.375
0.173913
0.25
0.525
0.08695652
0.2790698
0.2631579
0
0.1875
0.3695652
0.375
0.2580645
0.2692308
0.175
0.1851852
0.2058824
0.3142857
0.1851852
0.2564103
0.3414634
0.2972973
0.1621622
0.3529412
0.173913
0.05
0.2592593
0.5
0.2105263
0.32
0.4255319
0.1724138
0.1914894
0.2765957
0.4594595
0.3703704
0.375
0.2916667
0.4545455
0.2
0.2608696
0.1666667
0.3157895
0.1666667
0.1875
0.1714286
0.3809524
0.2727273
0.3
0.1351351
0.1111111
0.15
0.08
0.2444444
0.3953488
0.25
0.3529412
0.3636364
0.5384615
0.3461538
0.275
0.4716981
0.15
0.3043478
0.1153846
0
0.4358974
0.2
0.3414634
0.2631579
0.3421053
0.25
0.3333333
0.3142857
0.3684211
0.1842105
0.3666667
0.35
0.1923077
0.375
0.3023256
0.2857143
0.5217391
0.1875
0.25
0.1956522
0.2
0.3214286
0.4210526
0.3225806
