      age{all}[0]                   0.934067    0.002270    0.844836    1.027789    0.929495    1.000    2
      age{all}[0]                   1.013369    0.001042    0.954871    1.072541    1.009499    1.001    2
      age{all}[0]                   1.001207    0.000931    0.945301    1.060813    0.998367    1.000    2
      age{all}[0]                   0.974720    0.001175    0.912137    1.040557    0.971229    1.001    2
      age{all}[0]                   1.107657    0.003045    1.008378    1.227892    1.101423    1.009    2
      age{all}[0]                  1.152698    0.005587    1.022118    1.309564    1.144955    1.000    2
      age{all}[0]                   1.038471    0.001001    0.981456    1.102267    1.035762    1.000    2
      age{all}[0]                  0.757958    0.001100    0.723507    0.823595    0.748479    1.004    2
      age{all}[0]                  1.027407    0.002389    0.935856    1.124698    1.024071    1.026    2
      age{all}[0]                   0.957089    0.001182    0.894013    1.025893    0.953744    1.007    2
      age{all}[0]                   0.977389    0.001515    0.906401    1.053511    0.972438    1.001    2
      age{all}[0]                  0.880935    0.003036    0.831186    0.989232    0.864262    1.001    2
      age{all}[0]                  0.895645    0.001207    0.857037    0.962408    0.886362    1.000    2
      age{all}[0]                  0.965439    0.003914    0.850273    1.091887    0.959288    1.001    2
      age{all}[0]                   0.997667    0.001507    0.926174    1.075921    0.994703    1.010    2
      age{all}[0]                   1.030365    0.001746    0.954224    1.117252    1.027984    1.000    2
      age{all}[0]                   1.021804    0.001200    0.964844    1.090405    1.015971    1.000    2
      age{all}[0]                  1.040522    0.007080    0.886066    1.207482    1.034039    1.007    2
      age{all}[0]                  0.832165    0.019787    0.611559    1.089558    0.807812    1.006    2
      age{all}[0]                  1.006971    0.002489    0.951793    1.103701    0.995077    1.010    2
      age{all}[0]                   0.987264    0.001386    0.918486    1.064042    0.983898    1.000    2
      age{all}[0]                  1.064347    0.004734    0.979087    1.204107    1.047309    1.008    2
      age{all}[0]                  0.890551    0.002788    0.790490    0.998415    0.885707    1.002    2
      age{all}[0]                  0.941478    0.001949    0.863883    1.026904    0.935458    1.002    2
      age{all}[0]                   0.959330    0.001998    0.898899    1.045139    0.950231    1.085    2
      age{all}[0]                  1.082819    0.009460    0.889434    1.287923    1.076276    1.000    2
      age{all}[0]                  0.919764    0.002271    0.832844    1.017367    0.915817    1.000    2
      age{all}[0]                   0.909460    0.001426    0.840311    0.981525    0.905892    1.006    2
      age{all}[0]                  0.870092    0.002591    0.778297    0.972082    0.865403    1.001    2
      age{all}[0]                   0.939929    0.002825    0.840492    1.047195    0.935881    1.019    2
      age{all}[0]                   0.984576    0.001721    0.910035    1.068406    0.980381    1.000    2
      age{all}[0]                   0.996655    0.002135    0.915746    1.082019    0.989431    1.001    2
      age{all}[0]                   1.072870    0.001610    0.998620    1.153789    1.069193    1.012    2
      age{all}[0]                  1.008060    0.001321    0.970761    1.079988    0.997280    1.001    2
      age{all}[0]                   1.021783    0.001234    0.957711    1.095295    1.018302    1.002    2
      age{all}[0]                  1.100274    0.004078    0.984504    1.233304    1.095044    1.008    2
      age{all}[0]                  0.909778    0.004114    0.788644    1.033979    0.911745    1.223    2
      age{all}[0]                  0.915407    0.002001    0.872941    1.002206    0.903395    1.014    2
      age{all}[0]                  1.040498    0.002541    0.965612    1.138731    1.029765    1.000    2
      age{all}[0]                  1.044884    0.001745    0.969735    1.126543    1.041366    1.001    2
      age{all}[0]                   0.887014    0.000994    0.828376    0.949894    0.884259    1.000    2
      age{all}[0]                  0.999542    0.003068    0.897397    1.113376    0.995372    1.017    2
      age{all}[0]                   0.856442    0.001945    0.778458    0.948697    0.852732    1.011    2
      age{all}[0]                   1.002833    0.001500    0.931224    1.078861    1.000459    1.002    2
      age{all}[0]                   0.993502    0.001570    0.934800    1.072873    0.985256    1.001    2
      age{all}[0]                  1.068717    0.003462    0.964444    1.185565    1.060877    1.001    2
      age{all}[0]                   0.983336    0.001325    0.916729    1.054668    0.979332    1.000    2
      age{all}[0]                  1.028110    0.007753    0.915320    1.196182    1.013732    1.083    2
      age{all}[0]                   0.973457    0.000449    0.948146    1.013894    0.968352    1.000    2
      age{all}[0]                   1.070644    0.003082    0.968800    1.179900    1.066774    1.011    2
      age{all}[0]                  1.063598    0.003551    0.955358    1.183209    1.057830    1.073    2
      age{all}[0]                  0.970467    0.003988    0.848539    1.097818    0.965617    1.024    2
      age{all}[0]                  0.916101    0.003903    0.827733    1.034008    0.905217    1.000    2
      age{all}[0]                  0.968138    0.003716    0.857934    1.100721    0.965870    1.012    2
      age{all}[0]                  0.990272    0.001513    0.919808    1.066388    0.985931    1.001    2
      age{all}[0]                   1.034992    0.001300    0.970603    1.103787    1.030588    1.000    2
      age{all}[0]                   0.981137    0.000655    0.934995    1.030354    0.978424    1.002    2
      age{all}[0]                  0.990105    0.005215    0.855273    1.115100    0.983886    1.002    2
      age{all}[0]                  0.935238    0.003390    0.866013    1.051034    0.919023    1.006    2
      age{all}[0]                   0.997157    0.001507    0.927810    1.066999    0.993392    1.000    2
      age{all}[0]                  1.012906    0.002245    0.956538    1.106257    1.001014    1.000    2
      age{all}[0]                   0.985326    0.001678    0.909541    1.066553    0.982255    1.000    2
      age{all}[0]                  0.995341    0.000920    0.941621    1.057506    0.992168    1.005    2
      age{all}[0]                   0.956174    0.001701    0.892931    1.035320    0.949957    1.016    2
      age{all}[0]                   0.954913    0.001158    0.898405    1.016976    0.951029    1.032    2
      age{all}[0]                   1.002849    0.003555    0.887208    1.117287    1.002922    1.068    2
      age{all}[0]                  0.925187    0.010334    0.723775    1.123432    0.920427    1.000    2
      age{all}[0]                  0.950223    0.001785    0.880103    1.034446    0.943986    1.000    2
      age{all}[0]                  0.954342    0.004157    0.831191    1.083097    0.950031    1.008    2
      age{all}[0]                  1.019936    0.003058    0.924675    1.133350    1.011898    1.003    2
      age{all}[0]                   1.051543    0.002215    0.964733    1.149583    1.046676    1.003    2
      age{all}[0]                  0.945782    0.001547    0.879090    1.023595    0.940327    1.000    2
      age{all}[0]                   1.025975    0.004208    0.902256    1.152920    1.021622    1.217    2
      age{all}[0]                  1.004465    0.003963    0.892037    1.135428    0.997905    1.004    2
      age{all}[0]                  0.973898    0.000772    0.926736    1.029179    0.970099    1.001    2
      age{all}[0]                  0.928270    0.020100    0.792186    1.204970    0.885694    1.000    2
      age{all}[0]                   0.999824    0.001545    0.924392    1.077849    0.997296    1.001    2
      age{all}[0]                  0.942449    0.002191    0.874821    1.027178    0.934207    1.003    2
      age{all}[0]                   0.974134    0.000738    0.922814    1.027859    0.972295    1.007    2
      age{all}[0]                  0.980422    0.001813    0.902794    1.065066    0.975743    1.000    2
      age{all}[0]                   0.951756    0.005492    0.813864    1.097258    0.946712    1.000    2
      age{all}[0]                   1.003259    0.002454    0.910956    1.097519    1.001104    1.014    2
      age{all}[0]                   0.989770    0.001966    0.925983    1.074562    0.981788    1.002    2
      age{all}[0]                   0.842181    0.005439    0.705754    0.983108    0.832689    1.000    2
      age{all}[0]                  1.039785    0.009068    0.852274    1.221925    1.035198    1.001    2
      age{all}[0]                  0.989803    0.001551    0.918501    1.068920    0.986793    1.002    2
      age{all}[0]                  0.771683    0.007912    0.589941    0.933887    0.771207    1.016    2
      age{all}[0]                  0.958702    0.002648    0.905132    1.062596    0.942417    1.003    2
      age{all}[0]                  0.998628    0.002391    0.907800    1.095122    0.994316    1.004    2
      age{all}[0]                  0.947821    0.003270    0.845205    1.068388    0.943607    1.000    2
      age{all}[0]                   0.991226    0.001159    0.934843    1.055672    0.986021    1.001    2
      age{all}[0]                   0.978543    0.002538    0.902822    1.072101    0.971631    1.001    2
      age{all}[0]                   1.006451    0.001747    0.925276    1.084155    1.004112    1.005    2
      age{all}[0]                  0.922478    0.002099    0.845095    1.016406    0.915583    1.009    2
      age{all}[0]                   1.079164    0.003030    0.978153    1.184417    1.074157    1.003    2
      age{all}[0]                   1.043496    0.001265    0.980339    1.114383    1.039860    1.001    2
      age{all}[0]                  1.033807    0.000975    0.975231    1.095917    1.033039    1.035    2
      age{all}[0]                  1.005726    0.000855    0.962753    1.059943    1.000736    1.000    2
      age{all}[0]                   0.911846    0.002730    0.811224    1.011430    0.907023    1.000    2
      age{all}[0]                   0.901823    0.003556    0.798744    1.017069    0.893078    1.010    2
