      clockrate                0.521549    0.004331    0.405611    0.652644    0.513686     74.06    124.36    1.002
      clockrate                0.503051    0.002916    0.401015    0.613173    0.501357    930.72   1029.58    1.000
      clockrate                0.588293    0.002174    0.496636    0.679454    0.585880    133.42   1077.21    1.011
      clockrate                0.497548    0.003325    0.388590    0.612787    0.492233    114.00    140.80    1.003
      clockrate                0.623755    0.002700    0.524107    0.727314    0.622738    698.88    755.38    1.001
      clockrate                0.523297    0.010253    0.358314    0.727065    0.505429    107.27    117.12    1.001
      clockrate                0.511348    0.002123    0.421643    0.602143    0.510133   1553.78   1642.77    1.001
      clockrate                0.889291    0.050955    0.541994    1.354506    0.844640    164.77    183.38    1.000
      clockrate                0.542349    0.008821    0.382027    0.729662    0.528653    205.62    220.70    1.000
      clockrate                0.533629    0.002511    0.438289    0.632919    0.530957    145.82    289.98    1.012
      clockrate                0.543648    0.005004    0.424325    0.688857    0.532628     33.73     54.58    1.001
      clockrate                0.677853    0.024015    0.415535    0.996726    0.656688    625.19    646.51    1.001
      clockrate                0.590888    0.009171    0.417993    0.784041    0.579742     97.69    104.82    1.000
      clockrate                0.920730    0.078918    0.456193    1.479007    0.877109    237.76    392.25    1.008
      clockrate                0.571588    0.007295    0.427826    0.756278    0.556485     27.08    396.49    1.187
      clockrate                0.525970    0.002036    0.437190    0.614094    0.525525    354.40    609.06    1.001
      clockrate                0.462692    0.003247    0.355494    0.574820    0.457459     80.60     98.18    1.004
      clockrate                0.613285    0.016133    0.394715    0.866359    0.592843    264.04    310.67    1.001
      clockrate                1.628373    0.294856    0.684153    2.672047    1.566302    213.92    365.20    1.003
      clockrate                0.726107    0.019473    0.497817    0.996087    0.701339     66.28     67.79    1.002
      clockrate                0.578429    0.002149    0.488970    0.669854    0.576961   1565.29   1636.91    1.000
      clockrate                0.587038    0.012948    0.398680    0.815213    0.567581     84.21    147.18    1.009
      clockrate                0.708934    0.008375    0.536288    0.890290    0.702147    243.46    248.16    1.000
      clockrate                0.645761    0.006771    0.490329    0.809683    0.638903    153.17    158.90    1.004
      clockrate                0.540425    0.002017    0.454471    0.630116    0.539053   1914.69   2132.60    1.001
      clockrate                0.520731    0.016544    0.316987    0.764408    0.497829    116.56    143.69    1.001
      clockrate                0.797849    0.028748    0.495148    1.122927    0.774972    134.38    168.61    1.001
      clockrate                0.646186    0.008010    0.488829    0.826221    0.633609     62.45     68.03    1.009
      clockrate                0.771065    0.012428    0.559837    0.989185    0.760930    196.18    212.99    1.014
      clockrate                0.607630    0.005673    0.475685    0.760457    0.598199    107.47    122.94    1.000
      clockrate                0.574910    0.005626    0.434433    0.718966    0.567088     58.24    103.41    1.006
      clockrate                0.615354    0.008227    0.461890    0.801407    0.601094     67.28    123.43    1.023
      clockrate                0.506661    0.002168    0.413851    0.596485    0.505137    499.33    561.07    1.000
      clockrate                0.654933    0.009964    0.474572    0.857637    0.645604    488.05    538.36    1.004
      clockrate                0.531369    0.001916    0.446363    0.617232    0.530196   1472.34   1660.60    1.000
      clockrate                0.847714    0.021954    0.585014    1.146836    0.827479    151.91    272.06    1.000
      clockrate                0.846413    0.037290    0.560388    1.248478    0.800883     71.15    142.89    1.086
      clockrate                0.671235    0.012892    0.478423    0.902263    0.652564     65.06     87.01    1.008
      clockrate                0.531036    0.006994    0.376654    0.697609    0.524928    559.61    698.90    1.001
      clockrate                0.708751    0.005827    0.564842    0.858719    0.704924   1024.39   1671.97    1.000
      clockrate                0.478563    0.002016    0.388910    0.564437    0.477553   1235.72   1328.60    1.001
      clockrate                0.611684    0.013209    0.431216    0.822727    0.592125     51.77     67.70    1.037
      clockrate                0.535710    0.003223    0.430194    0.651169    0.532796    111.20    381.18    1.028
      clockrate                0.506540    0.002293    0.415193    0.601037    0.503873    587.38    709.11    1.000
      clockrate                0.581399    0.004239    0.461472    0.715157    0.575955    108.06    128.03    1.005
      clockrate                0.523476    0.003889    0.406629    0.647167    0.517944    253.39    318.25    1.001
      clockrate                0.685210    0.007647    0.531441    0.864702    0.674537    130.13    143.48    1.012
      clockrate                0.778842    0.016134    0.562559    1.049213    0.761195    127.57    134.82    1.002
      clockrate                0.419274    0.001937    0.334916    0.506930    0.416938    137.72    515.82    1.004
      clockrate                0.448328    0.001715    0.369009    0.530979    0.447179    572.06    746.80    1.000
      clockrate                0.613464    0.007364    0.464973    0.774585    0.603046    133.36    207.87    1.019
      clockrate                0.672750    0.013668    0.470794    0.903435    0.656912    104.57    122.56    1.003
      clockrate                0.598497    0.019957    0.358630    0.883297    0.578974    231.22    237.67    1.003
      clockrate                0.537572    0.007071    0.396899    0.708856    0.523139     57.27     71.66    1.053
      clockrate                0.547969    0.003651    0.436565    0.668152    0.543005     91.04    108.46    1.005
      clockrate                0.616705    0.009078    0.447279    0.811387    0.603011     67.32     82.90    1.000
      clockrate                0.478468    0.003528    0.369080    0.597650    0.471822    115.00    126.00    1.006
      clockrate                0.477045    0.005104    0.347432    0.620319    0.470359    188.75    258.30    1.000
      clockrate                0.680695    0.039378    0.363272    1.075729    0.644584     47.56     82.29    1.005
      clockrate                0.498755    0.004776    0.375195    0.635710    0.491623     64.16     85.08    1.011
      clockrate                0.483836    0.009569    0.310232    0.677192    0.471017    285.79    504.08    1.001
      clockrate                0.521798    0.004306    0.400186    0.652245    0.514108     47.17     49.58    1.000
      clockrate                0.594424    0.013919    0.399645    0.828538    0.574069    104.10    126.07    1.003
      clockrate                0.457016    0.001569    0.381908    0.536797    0.454702    145.25    613.80    1.031
      clockrate                0.518416    0.003368    0.412334    0.638964    0.513485    159.01    164.37    1.064
      clockrate                0.571052    0.007644    0.418558    0.747301    0.558559     95.26    130.08    1.006
      clockrate                0.716455    0.036489    0.422611    1.093754    0.678782     78.30     81.18    1.000
      clockrate                0.561226    0.006318    0.412922    0.715082    0.553621    415.22    739.77    1.000
      clockrate                0.512588    0.010206    0.353358    0.725617    0.492795     75.51     96.54    1.004
      clockrate                0.714921    0.026085    0.424066    1.033716    0.694382     68.27    109.32    1.000
      clockrate                0.638047    0.004173    0.515424    0.765584    0.635320    374.77    643.85    1.002
      clockrate                0.599489    0.007634    0.437511    0.769305    0.590486    154.13    177.50    1.000
      clockrate                0.604647    0.009400    0.439857    0.800497    0.588948     43.22     63.48    1.003
      clockrate                0.652402    0.008261    0.485330    0.831279    0.644673    139.33    212.14    1.027
      clockrate                0.707794    0.012520    0.511228    0.938148    0.692788     47.33     49.42    1.000
      clockrate                1.149160    0.164327    0.522053    1.950167    1.068492    362.55    377.97    1.004
      clockrate                0.461678    0.001856    0.379211    0.546808    0.459886    521.94    546.93    1.005
      clockrate                0.731298    0.029888    0.464036    1.089319    0.693128     66.38     75.95    1.003
      clockrate                0.700751    0.002781    0.599478    0.804599    0.698076    135.63    210.60    1.004
      clockrate                0.486795    0.014722    0.297670    0.731894    0.462645     92.50    159.96    1.013
      clockrate                0.565478    0.003352    0.458301    0.682677    0.561747    288.07    348.91    1.009
      clockrate                0.640587    0.002464    0.545854    0.739259    0.639149    919.78   1240.71    1.003
      clockrate                0.522575    0.003907    0.402615    0.646833    0.517607    102.72    105.65    1.002
      clockrate                0.592138    0.008429    0.425207    0.776136    0.580029     47.03    102.86    1.005
      clockrate                0.687259    0.036643    0.404183    1.061698    0.642725     63.79    132.92    1.033
      clockrate                0.522279    0.002830    0.422231    0.627918    0.519588    639.68    920.54    1.001
      clockrate                0.774666    0.009139    0.592950    0.959534    0.767760    260.54    278.31    1.004
      clockrate                0.620206    0.027492    0.354194    0.960814    0.587172     75.36    108.99    1.009
      clockrate                0.615205    0.007254    0.459832    0.785176    0.608599    223.03    229.29    1.000
      clockrate                0.599355    0.008134    0.435773    0.778683    0.588668    108.26    109.48    1.004
      clockrate                0.658998    0.008971    0.492742    0.850370    0.646972     80.57    134.98    1.004
      clockrate                0.577911    0.008079    0.421976    0.764605    0.563314     44.85     45.53    1.003
      clockrate                0.507700    0.002651    0.406460    0.607715    0.505797    264.67    356.75    1.014
      clockrate                1.006177    0.083824    0.558031    1.590879    0.946592    117.45    171.43    1.001
      clockrate                0.553424    0.008703    0.392491    0.741810    0.540819    106.23    130.91    1.000
      clockrate                0.398651    0.001797    0.319935    0.483149    0.395302    133.36    201.15    1.022
      clockrate                0.594656    0.004057    0.472780    0.721341    0.591483    723.28    741.43    1.002
      clockrate                0.740351    0.012377    0.543469    0.952970    0.724063     59.93     66.45    1.000
      clockrate                0.545474    0.005945    0.407324    0.695192    0.535575     67.98     73.93    1.004
      clockrate                0.568069    0.013178    0.369627    0.801548    0.553274     67.00     79.59    1.000
