      ilnvar                   0.068133    0.006445    0.000010    0.225544    0.041274     35.19     44.20    1.001
      ilnvar                   0.016271    0.000709    0.000001    0.066968    0.005687     49.78     55.43    1.003
      ilnvar                   0.009448    0.000593    0.000001    0.055115    0.000771     32.49     33.44    1.186
      ilnvar                   0.054843    0.006758    0.000045    0.218346    0.020428     36.51     42.30    1.004
      ilnvar                   0.000411    0.000003    0.000001    0.002274    0.000015     32.11     38.50    1.028
      ilnvar                   0.068194    0.015609    0.000001    0.305856    0.016207     77.12     85.56    1.000
      ilnvar                   0.000960    0.000008    0.000001    0.005061    0.000124     29.47     44.29    1.000
      ilnvar                   0.349085    0.129038    0.000183    1.043241    0.253377    142.23    160.34    1.001
      ilnvar                   0.075389    0.011295    0.000193    0.276981    0.036648     74.15     99.08    1.002
      ilnvar                   0.009408    0.000599    0.000001    0.055031    0.000566     23.66     25.44    1.111
      ilnvar                   0.037082    0.006376    0.000001    0.196588    0.001445     22.77     30.55    1.008
      ilnvar                   0.216150    0.057280    0.000626    0.658328    0.146923    238.14    289.58    1.000
      ilnvar                   0.086570    0.022869    0.000001    0.372719    0.019829     38.33     44.20    1.000
      ilnvar                   0.584497    0.263096    0.000183    1.554538    0.455165    229.01    418.08    1.007
      ilnvar                   0.035984    0.006651    0.000001    0.215261    0.000142     22.57     28.65    1.310
      ilnvar                   0.000155    0.000001    0.000001    0.000503    0.000007     35.10     41.53    1.008
      ilnvar                   0.020273    0.002210    0.000001    0.106458    0.002017     22.89     30.11    1.003
      ilnvar                   0.067912    0.009145    0.000008    0.252038    0.033722    118.42    138.28    1.004
      ilnvar                   0.298419    0.175657    0.000001    1.086429    0.159403    464.36    745.33    1.001
      ilnvar                   0.053582    0.011514    0.000001    0.229717    0.011789     95.38    118.09    1.000
      ilnvar                   0.000314    0.000001    0.000001    0.001427    0.000022     30.94     32.69    1.050
      ilnvar                   0.167957    0.048722    0.000020    0.585000    0.093451     58.34     97.35    1.018
      ilnvar                   0.039748    0.003240    0.000019    0.152798    0.019017     79.68     85.69    1.000
      ilnvar                   0.038144    0.004304    0.000002    0.160778    0.011273     63.26     70.59    1.020
      ilnvar                   0.004734    0.000148    0.000001    0.023840    0.000392     43.96     45.14    1.008
      ilnvar                   0.285406    0.078857    0.000691    0.810013    0.214003    104.42    122.68    1.001
      ilnvar                   0.371027    0.069290    0.010263    0.853823    0.311399    136.40    155.65    1.003
      ilnvar                   0.039574    0.005049    0.000001    0.182780    0.004602     31.10     34.77    1.017
      ilnvar                   0.046678    0.005665    0.000001    0.188929    0.018328     83.35    101.00    1.048
      ilnvar                   0.077941    0.007843    0.000123    0.250155    0.049922     54.88     63.24    1.000
      ilnvar                   0.024328    0.002399    0.000008    0.116962    0.003590     30.17     33.60    1.023
      ilnvar                   0.096856    0.011492    0.000142    0.306096    0.063000     45.29     76.74    1.036
      ilnvar                   0.001229    0.000022    0.000001    0.006110    0.000033     33.55     35.10    1.011
      ilnvar                   0.057047    0.009475    0.000006    0.214296    0.025341    113.04    207.98    1.013
      ilnvar                   0.000630    0.000004    0.000001    0.002812    0.000049     35.63     40.68    1.057
      ilnvar                   0.108235    0.023308    0.000017    0.404351    0.052006     93.76    141.39    1.000
      ilnvar                   0.200074    0.063912    0.000029    0.681949    0.121428     49.82     87.36    1.101
      ilnvar                   0.052903    0.007992    0.000001    0.227312    0.013421     41.37     52.24    1.005
      ilnvar                   0.040545    0.004238    0.000019    0.162081    0.015082    111.04    132.15    1.006
      ilnvar                   0.002175    0.000175    0.000001    0.007516    0.000061     68.80     84.31    1.003
      ilnvar                   0.000065    0.000000    0.000001    0.000284    0.000006     33.29     38.12    1.028
      ilnvar                   0.067675    0.020786    0.000001    0.290538    0.009347     36.18     38.29    1.047
      ilnvar                   0.012213    0.000754    0.000001    0.069248    0.000731     23.38     27.64    1.133
      ilnvar                   0.007679    0.000321    0.000001    0.040759    0.001134     34.30     38.24    1.000
      ilnvar                   0.042936    0.004418    0.000004    0.181518    0.014137     30.81     36.56    1.020
      ilnvar                   0.018757    0.001251    0.000009    0.084313    0.005458     70.76     74.79    1.002
      ilnvar                   0.031257    0.002500    0.000032    0.129199    0.011768     37.93     53.05    1.031
      ilnvar                   0.028180    0.002800    0.000001    0.128239    0.006139     57.31     64.30    1.016
      ilnvar                   0.011351    0.000675    0.000001    0.063323    0.000685     30.56     36.99    1.026
      ilnvar                   0.002494    0.000078    0.000001    0.011149    0.000270     28.05     37.34    1.021
      ilnvar                   0.030020    0.005519    0.000001    0.141837    0.005147     80.72     90.59    1.031
      ilnvar                   0.039737    0.009109    0.000001    0.206058    0.002961     65.43     68.79    1.006
      ilnvar                   0.114587    0.021507    0.000068    0.395602    0.063284    149.71    187.91    1.006
      ilnvar                   0.070136    0.010788    0.000001    0.273884    0.026662     37.26     55.27    1.080
      ilnvar                   0.016031    0.001633    0.000001    0.088690    0.001668     25.75     33.67    1.017
      ilnvar                   0.066526    0.009864    0.000019    0.262665    0.026727     39.92     47.33    1.000
      ilnvar                   0.099628    0.009462    0.000267    0.288236    0.075626     52.73     53.29    1.004
      ilnvar                   0.041892    0.003547    0.000001    0.149308    0.021972     94.06    116.74    1.000
      ilnvar                   0.325043    0.117813    0.000002    0.988006    0.233569     50.91    107.50    1.004
      ilnvar                   0.036934    0.004187    0.000001    0.155364    0.012694     26.64     41.11    1.028
      ilnvar                   0.080160    0.015440    0.000001    0.301338    0.036992    162.01    227.47    1.000
      ilnvar                   0.019035    0.003021    0.000001    0.129181    0.000076     19.92     21.71    1.000
      ilnvar                   0.098219    0.020417    0.000002    0.359602    0.044990     88.45    101.66    1.002
      ilnvar                   0.015914    0.000967    0.000001    0.080128    0.002468     36.73     39.34    1.215
      ilnvar                   0.032296    0.002846    0.000001    0.139284    0.009636     25.61     44.40    1.173
      ilnvar                   0.120286    0.015301    0.000221    0.354556    0.085674     45.38     73.41    1.015
      ilnvar                   0.085192    0.034390    0.000002    0.402502    0.014232     67.06     83.94    1.000
      ilnvar                   0.047635    0.004214    0.000050    0.160166    0.027335     99.37    119.79    1.002
      ilnvar                   0.097653    0.027697    0.000001    0.414143    0.032629     56.62     76.75    1.004
      ilnvar                   0.105200    0.016542    0.000043    0.356119    0.062657     57.23     70.35    1.000
      ilnvar                   0.004427    0.000259    0.000001    0.026000    0.000080     25.85     32.33    1.055
      ilnvar                   0.041289    0.004871    0.000001    0.172691    0.014456     69.85     76.07    1.001
      ilnvar                   0.099065    0.013881    0.000014    0.327675    0.060598     30.28     44.71    1.002
      ilnvar                   0.012714    0.001654    0.000001    0.076311    0.000511     32.77     52.31    1.043
      ilnvar                   0.026978    0.004906    0.000001    0.157755    0.000657     34.66     44.35    1.001
      ilnvar                   0.310562    0.180317    0.000015    1.094299    0.170465    725.86    776.16    1.002
      ilnvar                   0.004082    0.000165    0.000001    0.022088    0.000165     34.80     40.06    1.004
      ilnvar                   0.058727    0.017130    0.000001    0.285595    0.009178     63.10     75.66    1.003
      ilnvar                   0.005540    0.000232    0.000001    0.030886    0.000377     26.46     26.58    1.012
      ilnvar                   0.159112    0.053051    0.000001    0.595742    0.076966     59.65    117.62    1.021
      ilnvar                   0.016239    0.000667    0.000002    0.069783    0.005081     35.73     38.26    1.039
      ilnvar                   0.000885    0.000021    0.000001    0.002612    0.000035     26.42     35.82    1.023
      ilnvar                   0.039992    0.002791    0.000001    0.147351    0.018401     35.19     36.08    1.014
      ilnvar                   0.054647    0.014803    0.000001    0.294182    0.006166     31.22     44.39    1.013
      ilnvar                   0.186090    0.069306    0.000001    0.672618    0.096464     58.58    127.11    1.026
      ilnvar                   0.007387    0.000252    0.000001    0.036975    0.001159     38.90     44.46    1.017
      ilnvar                   0.023410    0.002000    0.000003    0.103414    0.005485     52.96     65.09    1.010
      ilnvar                   0.154362    0.060105    0.000001    0.610826    0.058664     88.20    110.66    1.006
      ilnvar                   0.027985    0.002140    0.000012    0.116404    0.010330     67.61     70.55    1.000
      ilnvar                   0.035106    0.006785    0.000001    0.197199    0.002492     45.17     49.82    1.003
      ilnvar                   0.155557    0.016632    0.000292    0.396413    0.127190     52.21     85.62    1.006
      ilnvar                   0.051897    0.008388    0.000001    0.238275    0.003691     26.50     27.85    1.008
      ilnvar                   0.001830    0.000055    0.000001    0.007931    0.000061     35.24     47.85    1.062
      ilnvar                   0.248264    0.113182    0.000046    0.895736    0.130229    162.72    182.16    1.000
      ilnvar                   0.170935    0.019150    0.000856    0.436211    0.141825     79.68     87.12    1.000
      ilnvar                   0.024035    0.001629    0.000013    0.101462    0.006542     44.07     50.76    1.051
      ilnvar                   0.004640    0.000125    0.000001    0.025453    0.000558     45.13     54.95    1.091
      ilnvar                   0.042734    0.006318    0.000001    0.190038    0.008787     34.96     37.31    1.002
      ilnvar                   0.032750    0.003747    0.000002    0.151182    0.007263     34.79     38.80    1.008
      ilnvar                   0.102699    0.019188    0.000273    0.361181    0.054969     52.32     76.38    1.000
