      age[0]                   0.927320    0.002055    0.846501    1.015818    0.921956    1.005    2
      age[0]                   1.036639    0.001853    0.961734    1.121145    1.030541    1.000    2
      age[0]                   1.008719    0.001049    0.949771    1.074478    1.005537    1.000    2
      age[0]                   1.116345    0.004904    0.984737    1.256971    1.110889    1.000    2
      age[0]                   1.072048    0.001960    0.989591    1.159498    1.068689    1.000    2
      age[0]                  1.066168    0.004169    0.948664    1.199121    1.060205    1.006    2
      age[0]                   1.043423    0.001802    0.967422    1.129147    1.039032    1.003    2
      age[0]                  0.779296    0.001567    0.723507    0.853617    0.772633    1.000    2
      age[0]                  1.081648    0.003701    0.971429    1.202206    1.076540    1.001    2
      age[0]                   0.978573    0.001794    0.902619    1.064444    0.974037    1.001    2
      age[0]                   0.983901    0.001725    0.905117    1.066947    0.981002    1.001    2
      age[0]                  0.888325    0.003079    0.831196    0.983583    0.874507    1.001    2
      age[0]                  0.956476    0.004563    0.857040    1.083599    0.945749    1.000    2
      age[0]                  0.915117    0.003881    0.816784    1.036321    0.903336    1.002    2
      age[0]                   0.993384    0.002227    0.902372    1.087155    0.990540    1.044    2
      age[0]                   1.007486    0.001877    0.926235    1.092134    1.002601    1.016    2
      age[0]                   1.143100    0.003597    1.036602    1.265992    1.136527    1.002    2
      age[0]                  0.994761    0.004923    0.870190    1.132946    0.986018    1.000    2
      age[0]                  0.802571    0.014108    0.610671    1.030148    0.782349    1.002    2
      age[0]                  1.002624    0.001714    0.951793    1.082444    0.993782    1.002    2
      age[0]                   0.963929    0.001402    0.897443    1.036938    0.959570    1.003    2
      age[0]                  1.065275    0.003711    0.979087    1.181176    1.053907    1.002    2
      age[0]                  0.881969    0.002526    0.792202    0.982387    0.876624    1.000    2
      age[0]                  0.991391    0.003243    0.890158    1.100066    0.984387    1.000    2
      age[0]                   0.949601    0.001223    0.898861    1.015897    0.943382    1.000    2
      age[0]                  1.016895    0.010007    0.835208    1.217184    1.006544    1.003    2
      age[0]                   0.923709    0.004429    0.811653    1.058500    0.914023    1.000    2
      age[0]                   0.932826    0.002188    0.846821    1.024748    0.928078    1.002    2
      age[0]                  0.838229    0.002407    0.751260    0.935667    0.832128    1.000    2
      age[0]                   0.910101    0.002318    0.817979    1.003784    0.906619    1.002    2
      age[0]                   0.981560    0.002100    0.897462    1.073256    0.977518    1.001    2
      age[0]                   0.977943    0.001324    0.915038    1.045184    0.972897    1.006    2
      age[0]                   1.090163    0.001709    1.011370    1.170702    1.088125    1.000    2
      age[0]                  1.006404    0.001075    0.970761    1.070704    0.997352    1.000    2
      age[0]                   1.013502    0.001584    0.940284    1.092897    1.009708    1.000    2
      age[0]                  0.983601    0.001502    0.917577    1.060456    0.977812    1.000    2
      age[0]                  0.932866    0.004749    0.803344    1.062934    0.927449    1.100    2
      age[0]                  0.929353    0.001670    0.872964    1.006984    0.920974    1.010    2
      age[0]                  1.056135    0.004177    0.965602    1.181033    1.042649    1.001    2
      age[0]                  1.034577    0.001434    0.966090    1.112325    1.030775    1.000    2
      age[0]                   0.974135    0.002666    0.880458    1.076183    0.968920    1.000    2
      age[0]                  0.959056    0.002505    0.865268    1.060266    0.954518    1.007    2
      age[0]                   0.901991    0.003798    0.787173    1.026110    0.896776    1.008    2
      age[0]                   0.996589    0.001926    0.915258    1.081709    0.991466    1.002    2
      age[0]                   1.041521    0.001565    0.974391    1.122942    1.036497    1.000    2
      age[0]                  1.083853    0.003076    0.982134    1.193156    1.078690    1.000    2
      age[0]                   0.986355    0.001674    0.912797    1.067790    0.981908    1.001    2
      age[0]                  0.972249    0.001779    0.915299    1.050971    0.964288    1.003    2
      age[0]                  1.063268    0.002619    0.971683    1.164216    1.057555    1.001    2
      age[0]                   1.088750    0.002731    0.991985    1.193496    1.085122    1.001    2
      age[0]                  1.096735    0.002998    0.995463    1.206826    1.092301    1.001    2
      age[0]                  0.969567    0.003682    0.860696    1.092993    0.962912    1.001    2
      age[0]                  0.989164    0.008656    0.827857    1.160191    0.977779    1.000    2
      age[0]                  0.997103    0.006971    0.837208    1.162617    0.993905    1.043    2
      age[0]                  0.988921    0.001773    0.912981    1.072449    0.984254    1.001    2
      age[0]                   1.005529    0.001104    0.966031    1.070015    0.997247    1.000    2
      age[0]                   1.049909    0.002678    0.955287    1.153316    1.044748    1.001    2
      age[0]                  0.967360    0.002842    0.871821    1.071468    0.961429    1.002    2
      age[0]                  1.014344    0.006826    0.870043    1.165019    1.003831    1.004    2
      age[0]                   1.081879    0.003005    0.982762    1.191340    1.076463    1.000    2
      age[0]                  1.145926    0.007673    0.988688    1.324944    1.136846    1.000    2
      age[0]                   0.982282    0.002740    0.885632    1.086035    0.977259    1.000    2
      age[0]                  1.036463    0.002830    0.942639    1.144295    1.030869    1.001    2
      age[0]                   0.999621    0.001753    0.923197    1.080974    0.995331    1.001    2
      age[0]                   0.997506    0.002451    0.910079    1.095211    0.991296    1.007    2
      age[0]                   1.004254    0.003151    0.902221    1.117722    0.999254    1.000    2
      age[0]                  0.903594    0.007561    0.738330    1.075662    0.895768    1.000    2
      age[0]                  1.006512    0.002274    0.922045    1.101880    1.000574    1.000    2
      age[0]                  1.072456    0.007477    0.908467    1.244734    1.067205    1.001    2
      age[0]                  1.065635    0.005971    0.930290    1.221711    1.055193    1.000    2
      age[0]                   1.031750    0.002009    0.947684    1.120433    1.028363    1.000    2
      age[0]                  0.985803    0.002048    0.904194    1.075225    0.980030    1.000    2
      age[0]                   0.973033    0.002029    0.889013    1.059983    0.968316    1.001    2
      age[0]                  0.971446    0.003529    0.861858    1.088254    0.964782    1.003    2
      age[0]                  0.977365    0.001744    0.909956    1.062301    0.969111    1.000    2
      age[0]                  0.852810    0.006587    0.792186    1.015373    0.823670    1.007    2
      age[0]                   1.097556    0.003300    0.989846    1.214513    1.093142    1.011    2
      age[0]                  1.038750    0.004174    0.913592    1.165744    1.033853    1.001    2
      age[0]                   1.000455    0.001140    0.938937    1.068276    0.996851    1.013    2
      age[0]                  1.153511    0.008982    0.972158    1.337792    1.147694    1.007    2
      age[0]                   0.852976    0.002457    0.761887    0.952762    0.848115    1.000    2
      age[0]                   0.878653    0.001227    0.813004    0.948805    0.875776    1.002    2
      age[0]                   1.032361    0.003061    0.934495    1.139385    1.026030    1.000    2
      age[0]                   0.869895    0.003900    0.752286    0.997012    0.864609    1.002    2
      age[0]                  0.990392    0.005781    0.842280    1.133894    0.986598    1.025    2
      age[0]                   1.016140    0.002425    0.925419    1.113967    1.010801    1.002    2
      age[0]                  0.678105    0.002119    0.592210    0.772172    0.674386    1.002    2
      age[0]                  1.021514    0.006268    0.905133    1.167575    1.009528    1.013    2
      age[0]                  1.054329    0.004179    0.933655    1.183886    1.047346    1.000    2
      age[0]                  1.008503    0.004719    0.881896    1.152483    1.002540    1.003    2
      age[0]                   1.021097    0.002371    0.934841    1.110357    1.015388    1.004    2
      age[0]                  1.005004    0.002976    0.903148    1.105127    0.998471    1.001    2
      age[0]                   1.040095    0.002795    0.942054    1.141764    1.036636    1.010    2
      age[0]                  0.925880    0.002650    0.841524    1.029048    0.917631    1.001    2
      age[0]                   1.069705    0.004924    0.939309    1.207222    1.064547    1.001    2
      age[0]                   1.158782    0.003463    1.047751    1.274201    1.154281    1.009    2
      age[0]                  1.015536    0.001443    0.947964    1.092251    1.010925    1.000    2
      age[0]                  1.008236    0.000949    0.962752    1.066675    1.002703    1.000    2
      age[0]                   1.007344    0.005935    0.859893    1.158409    1.001481    1.000    2
      age[0]                  0.904827    0.005777    0.778682    1.046507    0.892956    1.002    2
