0.1162791
0.3333333
0.1363636
0.2045455
0.2954545
0.35
0.05128205
0.1818182
0.2758621
0.1777778
0.05263158
0.1875
0.173913
0.125
0.2325581
0.06521739
0.255814
0.1578947
0.4285714
0.125
0.173913
0.08333333
0.06451613
0.07692308
0.1
0.1851852
0.2352941
0.1428571
0.1481481
0.2307692
0.2439024
0.1621622
0.1081081
0.2941176
0.1956522
0.15
0.1481481
0.3181818
0.1578947
0.16
0.2553191
0.06896552
0.1914894
0.2340426
0.1891892
0.1481481
0.3
0.1666667
0.2121212
0.2
0.173913
0.1666667
0.2105263
0.1666667
0.21875
0.05714286
0.1904762
0.2272727
0.1
0.08108108
0.05555556
0.15
0.08
0.1333333
0.1860465
0.125
0.1764706
0.2727273
0.07692308
0.2692308
0.175
0.1851852
0.225
0.3478261
0.1538462
0.3333333
0.2307692
0.06666667
0.195122
0
0.1052632
0.06818182
0.2307692
0.1142857
0.2631579
0.1315789
0.2666667
0.15
0.1923077
0.25
0.2093023
0.05714286
0.1521739
0.25
0.075
0.1304348
0.1333333
0.2142857
0.3421053
0.1290323
