      clockrate                1.226707    0.033216    0.889550    1.598140    1.214525    475.31    579.14    1.002
      clockrate                1.527335    0.097266    0.961932    2.155111    1.494438    920.78    981.40    1.000
      clockrate                0.997436    0.021114    0.720016    1.283185    0.988438    354.01    452.68    1.000
      clockrate                1.195800    0.027698    0.882097    1.532380    1.185398    808.40   1210.80    1.001
      clockrate                1.032511    0.022729    0.750430    1.331386    1.022099   1286.19   1345.97    1.001
      clockrate                1.022592    0.134768    0.482744    1.769906    0.943430     39.11     39.61    1.001
      clockrate                0.953471    0.028691    0.642691    1.291816    0.937325    959.75   1175.64    1.000
      clockrate                2.665177    1.814015    0.999147    5.372407    2.128270     18.79     20.11    1.017
      clockrate                1.204900    0.060128    0.736614    1.691261    1.188400   1380.37   1427.05    1.001
      clockrate                1.193126    0.027766    0.877467    1.522171    1.182686    829.02    993.49    1.000
      clockrate                0.942997    0.021498    0.666581    1.236077    0.933701    559.38    683.04    1.000
      clockrate                2.032466    0.466761    0.903997    3.422115    1.919195    343.59    660.57    1.001
      clockrate                1.935872    1.052090    0.774160    4.169335    1.570465     26.05     26.74    1.017
      clockrate                2.086868    0.561826    0.733449    3.583228    1.983339     61.87    293.08    1.008
      clockrate                1.088345    0.027767    0.768565    1.416890    1.077305    710.76    742.88    1.001
      clockrate                1.538193    0.712423    0.749127    3.383210    1.147368     16.60    274.31    1.300
      clockrate                1.103416    0.031816    0.776262    1.465398    1.087496    923.92    960.18    1.001
      clockrate                2.280119    0.796421    0.955322    4.123830    2.072129     36.55     45.71    1.007
      clockrate                2.139443    0.964932    0.718699    4.111947    1.887857    846.27    904.80    1.000
      clockrate                1.095530    0.262244    0.432085    2.183949    0.955488     55.99     61.39    1.002
      clockrate                1.218844    0.041378    0.840564    1.629386    1.203526    941.22   1003.38    1.001
      clockrate                1.261034    0.245242    0.587335    2.312404    1.119952     33.84     37.35    1.034
      clockrate                3.934062    2.711706    0.986022    6.742394    3.984718     20.51     24.89    1.023
      clockrate                1.118740    0.169293    0.535627    1.911346    1.031035     29.61    303.77    1.062
      clockrate                1.007313    0.021613    0.731033    1.300494    0.995244   1411.63   1462.12    1.000
      clockrate                2.597099    2.045957    0.871030    5.334294    1.979101     65.93    493.79    2.336
      clockrate                0.950412    0.034012    0.607781    1.316843    0.935246    809.36   1217.46    1.000
      clockrate                1.305142    0.049653    0.890348    1.751126    1.287187   1328.55   1498.02    1.002
      clockrate                5.598062    3.363928    1.297086    8.812696    5.523659     33.61    274.63    1.013
      clockrate                1.387907    0.594177    0.539036    2.980895    1.010949     26.66    865.75    1.513
      clockrate                1.019681    0.032655    0.680513    1.374597    1.007729    254.09    327.73    1.000
      clockrate                1.084665    0.051532    0.677107    1.533522    1.055475    692.64    812.39    1.002
      clockrate                0.946052    0.026026    0.640020    1.261843    0.934239    435.43    450.24    1.001
      clockrate                1.356074    0.225391    0.582143    2.302014    1.277440    192.23    228.10    1.002
      clockrate                1.020682    0.022013    0.745349    1.317109    1.012790   1305.86   1387.01    1.001
      clockrate                1.178163    0.084003    0.702838    1.695909    1.141391     53.50   1137.67    1.007
      clockrate                1.403375    0.265900    0.702336    2.341955    1.293158     42.13     47.14    1.027
      clockrate                1.063016    0.083642    0.586891    1.608009    1.021074     44.81    414.53    1.026
      clockrate                1.269361    0.110960    0.713905    1.934647    1.211671     69.04     71.35    1.000
      clockrate                0.986822    0.040137    0.619859    1.390369    0.969489   1383.47   1493.23    1.003
      clockrate                1.311823    0.045044    0.911350    1.732007    1.295826    458.92    554.98    1.004
      clockrate                3.303760    4.418769    0.823169    6.899203    2.355027    379.60    594.69    3.462
      clockrate                1.316190    0.043439    0.924376    1.730444    1.301192    451.49    486.55    1.001
      clockrate                1.422945    0.043614    1.034330    1.841718    1.408165    754.82    781.71    1.001
      clockrate                1.186965    0.056927    0.745876    1.657215    1.162133    835.22    909.49    1.000
      clockrate                1.747324    0.504817    0.763524    3.249059    1.554718     59.30     60.95    1.173
      clockrate                1.328152    0.101418    0.826591    1.986168    1.260630     32.15     36.41    1.035
      clockrate                1.779373    0.213662    0.980323    2.671586    1.722792     61.78    522.16    1.013
      clockrate                1.352222    0.059237    0.907425    1.841834    1.330714   1565.81   1830.08    1.000
      clockrate                1.421561    0.049082    1.011780    1.866597    1.403923    622.53    776.68    1.000
      clockrate                2.335876    0.950213    0.717924    4.204870    2.205368     37.86     51.39    1.000
      clockrate                2.394622    1.912211    0.593944    4.895916    2.223728     18.67     22.74    1.140
      clockrate                2.007989    0.863110    0.789563    3.848814    1.727433     19.87     23.43    1.077
      clockrate                1.356244    0.062204    0.887484    1.856084    1.342226    759.38   1015.92    1.001
      clockrate                1.113452    0.036918    0.764023    1.505700    1.099573   1876.50   2118.84    1.000
      clockrate                1.357142    0.159096    0.769331    2.052679    1.289978     40.42     56.43    1.002
      clockrate                1.192707    0.040999    0.816370    1.596202    1.181413    697.91    741.75    1.001
      clockrate                1.672045    0.374724    0.667099    2.860656    1.569701    106.05    154.70    1.000
      clockrate                1.509890    0.118251    0.886390    2.193468    1.471389   1122.88   1238.89    1.001
      clockrate                3.797601    1.583422    1.224749    6.150517    3.731786     61.08    152.71    1.036
      clockrate                0.950512    0.146433    0.384433    1.727105    0.860503    116.23    157.18    1.000
      clockrate                1.055384    0.021879    0.773204    1.348376    1.047653   1711.68   1719.20    1.000
      clockrate                0.866137    0.056181    0.478662    1.320113    0.828615     60.11    121.36    1.005
      clockrate                1.351857    0.045796    0.952777    1.778030    1.335169    383.62    513.73    1.002
      clockrate                1.481207    0.064870    0.999932    1.986610    1.460437    504.06    660.41    1.001
      clockrate                1.528282    0.078483    1.001359    2.080951    1.506518    610.50    630.74    1.000
      clockrate                2.426352    0.961897    0.760867    4.322209    2.283519    248.35    249.42    1.003
      clockrate                3.019679    0.750848    1.480579    4.743949    2.903359   1348.96   1377.03    1.000
      clockrate                1.210659    0.088043    0.683748    1.806732    1.175328    385.36   1030.57    1.000
      clockrate                1.819036    0.746499    0.695189    3.634585    1.548084    107.34    167.01    1.394
      clockrate                1.204613    0.039030    0.845872    1.604942    1.186591    818.76    818.81    1.000
      clockrate                1.262943    0.064607    0.788167    1.759368    1.242150   1766.05   1924.27    1.000
      clockrate                1.177599    0.035622    0.838136    1.540342    1.158882     80.63    224.72    1.003
      clockrate                0.953210    0.039751    0.590856    1.353600    0.935532   1022.54   1311.91    1.000
      clockrate                1.406361    0.090901    0.839230    1.994641    1.379078    853.42    896.51    1.000
      clockrate                2.510493    0.890357    0.804510    4.441433    2.370343     91.82   1681.06    1.002
      clockrate                1.408307    0.080105    0.900158    1.979061    1.379674    308.57    320.82    1.000
      clockrate                1.913335    1.385688    0.522707    4.288096    1.536165     26.60     32.18    1.000
      clockrate                1.127571    0.034955    0.776509    1.499081    1.109916    603.89    727.01    1.000
      clockrate                1.906824    1.082638    0.679159    4.199461    1.617590     34.94     41.69    1.036
      clockrate                1.218455    0.046484    0.813833    1.641919    1.200279    524.85    563.65    1.000
      clockrate                1.091677    0.026403    0.780797    1.412820    1.080267   1044.23   1224.21    1.000
      clockrate                1.138261    0.051388    0.730047    1.580173    1.113855    107.33    562.92    1.010
      clockrate                1.396404    0.032059    1.055459    1.750619    1.385068   1547.64   1906.26    1.000
      clockrate                5.051359    3.138983    0.974163    8.069268    5.076504     25.63    349.31    1.028
      clockrate                0.919126    0.028275    0.612017    1.256841    0.904234   1115.61   1174.70    1.000
      clockrate                1.123972    0.052637    0.698715    1.578162    1.105375    867.87   1065.79    1.000
      clockrate                2.960491    1.110782    0.847094    4.939375    2.859681     69.79    209.56    1.005
      clockrate                1.413507    0.258516    0.703037    2.370598    1.307952     42.39     44.35    1.001
      clockrate                2.612450    2.801579    0.737884    5.773922    1.795952    136.08    372.48    1.944
      clockrate                1.155777    0.037834    0.795512    1.550576    1.140483   1184.88   1264.17    1.000
      clockrate                2.023861    1.793364    0.725752    4.890114    1.369755     18.60    573.81    1.342
      clockrate                1.368170    0.041278    0.993845    1.779710    1.355598    633.90    707.42    1.001
      clockrate                2.981963    1.499569    0.904449    5.296445    2.842651     30.80    243.61    1.031
      clockrate                1.949358    1.457109    0.921987    4.909296    1.506841     15.91    288.30    1.269
      clockrate                1.146635    0.033112    0.808916    1.512003    1.131525    759.08    899.24    1.000
      clockrate                0.933941    0.033906    0.591475    1.301739    0.919098    668.10    694.83    1.001
      clockrate                2.253847    0.908659    0.867856    4.142349    2.043799     21.33     83.28    1.100
      clockrate                1.455471    0.528642    0.579756    2.812996    1.159262    283.58    421.87    2.771
      clockrate                1.440915    0.088658    0.902800    2.038572    1.412545   1124.03   1502.57    1.001
