      alpha_symdir             5.705888    1.890191    3.239860    8.551032    5.545788     36.47     47.30    1.000
      alpha_symdir             6.617707    2.717426    3.813949    9.919421    6.370639     24.20     28.42    1.001
      alpha_symdir             7.089875    2.271916    4.239064    9.945816    6.896550     47.39     63.87    1.003
      alpha_symdir             7.240698    2.811861    4.339539   10.550580    6.982207     55.89     56.47    1.019
      alpha_symdir             7.344164    2.309496    4.666586   10.447750    7.197171     98.37    101.18    1.051
      alpha_symdir             4.173080    1.355684    2.292076    6.359557    3.988444     29.43     40.21    1.014
      alpha_symdir             5.783391    1.756000    3.507031    8.397549    5.634199     32.26     36.01    1.008
      alpha_symdir             2.835061    0.612191    1.535295    4.405943    2.684362     22.27     34.44    1.023
      alpha_symdir             4.954144    1.365001    2.918449    7.313381    4.815728     31.34     36.70    1.001
      alpha_symdir             7.565788    2.661936    4.573206   10.676570    7.428224     32.96     42.72    1.000
      alpha_symdir             7.369833    2.570928    4.483587   10.564510    7.193381     51.04     52.55    1.037
      alpha_symdir             3.713990    1.562610    1.813488    6.282886    3.492164     22.41     26.51    1.017
      alpha_symdir             4.242695    1.372289    2.190590    6.578342    4.081295     32.57     33.30    1.032
      alpha_symdir             2.618062    0.457561    1.455543    3.936040    2.532948     39.17     42.32    1.000
      alpha_symdir             7.236151    2.308572    4.414846   10.179680    7.092474     57.19     57.77    1.002
      alpha_symdir             7.666277    2.741072    4.685454   11.118260    7.438494     51.75     68.51    1.014
      alpha_symdir             4.878844    0.891332    3.026851    6.663212    4.802312     45.17     56.38    1.019
      alpha_symdir             3.688596    1.063214    1.904892    5.808544    3.543533     41.49     43.59    1.019
      alpha_symdir             0.143550    0.000719    0.107395    0.205037    0.136670    243.11    271.80    1.000
      alpha_symdir             3.307897    1.065180    1.708701    5.490311    3.082868     25.73     34.44    1.002
      alpha_symdir             6.414193    1.998264    3.909251    9.254803    6.229034     38.19     59.66    1.004
      alpha_symdir             4.386649    1.424033    2.388044    6.538727    4.219358     46.42     56.41    1.034
      alpha_symdir             5.149985    1.631623    3.000262    7.739261    4.958849     42.52     42.98    1.032
      alpha_symdir             5.024575    1.787018    2.747939    7.755657    4.803219     43.69     43.89    1.055
      alpha_symdir             5.712563    1.820059    3.338683    8.427131    5.567327     60.74     63.84    1.005
      alpha_symdir             5.324581    1.685087    3.112307    7.996442    5.137185     35.64     40.01    1.003
      alpha_symdir             6.072964    1.915054    3.602896    8.706951    5.926829     52.73     56.79    1.008
      alpha_symdir             5.820257    1.854991    3.583069    8.540287    5.600709     47.84     51.56    1.010
      alpha_symdir             5.075503    1.558863    2.870214    7.518882    4.954209     41.28     41.55    1.013
      alpha_symdir             4.505468    1.120070    2.588868    6.513818    4.352409     34.42     35.48    1.008
      alpha_symdir             6.251699    2.326127    3.595630    9.330586    6.007057     49.26     51.37    1.012
      alpha_symdir             5.630981    1.424721    3.525364    7.930605    5.454678     49.19     56.61    1.015
      alpha_symdir             6.473220    2.362127    3.811717    9.483690    6.287800     34.31     39.07    1.015
      alpha_symdir             2.497941    0.450129    1.450313    3.873366    2.380261     28.21     39.49    1.014
      alpha_symdir             5.914347    1.786564    3.592503    8.533548    5.702509     47.52     71.08    1.045
      alpha_symdir             3.211641    0.712463    1.715725    4.792701    3.090573     32.61     44.05    1.000
      alpha_symdir             3.832765    1.000707    2.040917    5.775755    3.699380     42.84     46.32    1.002
      alpha_symdir             3.193929    1.164342    1.358655    5.154430    3.027454     18.58     29.13    1.001
      alpha_symdir             3.286856    0.803686    1.739538    5.057316    3.140403     39.74     41.54    1.038
      alpha_symdir             3.355375    0.674452    1.943868    5.029540    3.239586     51.63     58.12    1.000
      alpha_symdir             7.157794    2.463826    4.451634   10.268090    6.995034     22.35     47.34    1.002
      alpha_symdir             6.064573    2.217142    3.390834    8.950386    5.882444     56.33     66.59    1.001
      alpha_symdir             5.921272    1.630895    3.767698    8.564265    5.753323     28.77     49.39    1.020
      alpha_symdir             6.905083    2.085993    4.272697    9.714325    6.761388     68.94     73.30    1.005
      alpha_symdir             6.656113    2.198681    4.140828    9.613823    6.491971     55.07     58.03    1.005
      alpha_symdir             3.432050    0.745592    1.887107    5.110694    3.314615     28.64     47.80    1.000
      alpha_symdir             4.462343    1.121652    2.619349    6.598586    4.263778     45.96     52.67    1.000
      alpha_symdir             4.935493    1.842536    2.528737    7.479856    4.740517     35.78     40.03    1.014
      alpha_symdir             3.628739    0.675133    2.128789    5.278210    3.516177     59.31     63.35    1.049
      alpha_symdir             6.325233    2.022617    3.723044    9.115254    6.160601     35.09     64.30    1.031
      alpha_symdir             4.907013    1.698237    2.696468    7.577917    4.692683     24.07     37.40    1.002
      alpha_symdir             3.042523    0.548593    1.815436    4.504102    2.914489     39.79     41.24    1.020
      alpha_symdir             3.027543    0.686703    1.666716    4.591327    2.889234     38.39     41.67    1.006
      alpha_symdir             5.701782    2.240901    3.196844    8.787816    5.488106     26.04     40.43    1.001
      alpha_symdir             4.031736    0.732507    2.429671    5.683305    3.936353     67.79     69.65    1.001
      alpha_symdir             4.959218    1.561390    2.727795    7.332877    4.774576     18.28     38.42    1.002
      alpha_symdir             7.723261    2.785778    4.746323   11.225380    7.550868     62.04     76.88    1.026
      alpha_symdir             4.455282    1.499985    2.354117    6.919107    4.253880     23.76     25.31    1.011
      alpha_symdir             3.140917    0.692444    1.700736    4.763797    3.007672     47.51     55.09    1.011
      alpha_symdir             4.912695    1.448442    2.836483    7.281912    4.749983     49.33     63.41    1.000
      alpha_symdir             0.272286    0.000502    0.228543    0.315745    0.272287    106.19    178.76    1.005
      alpha_symdir             5.136247    1.097020    3.245459    7.217959    5.040084     38.73     62.46    1.017
      alpha_symdir             4.372221    1.619849    2.342792    7.016844    4.120105     27.74     34.64    1.059
      alpha_symdir             8.754068    3.593730    5.365887   12.538880    8.519378     45.76     63.46    1.046
      alpha_symdir             5.702106    1.467155    3.515697    8.102125    5.555889     61.91     66.37    1.032
      alpha_symdir             5.719730    1.745071    3.436920    8.155260    5.552684     29.46     50.37    1.001
      alpha_symdir             3.949056    1.081219    2.235526    5.989080    3.772594     22.42     32.68    1.025
      alpha_symdir             3.826976    0.849322    2.228966    5.741771    3.703976     23.37     55.54    1.000
      alpha_symdir             5.042322    1.361810    2.995657    7.359953    4.929427     38.95     50.44    1.011
      alpha_symdir             5.837027    2.248753    3.261192    8.833764    5.573675     31.37     44.58    1.016
      alpha_symdir             5.130324    1.398347    3.106261    7.535338    4.947732     40.78     47.91    1.006
      alpha_symdir             5.736495    1.614190    3.393367    8.184549    5.608047     56.53     67.53    1.004
      alpha_symdir             4.869584    1.149909    2.958153    7.018658    4.724783     41.36     58.24    1.000
      alpha_symdir             5.354188    2.396292    2.859203    8.635460    5.034272     22.97     32.14    1.001
      alpha_symdir             4.622289    1.435661    2.614191    7.018215    4.440443     50.30     53.09    1.011
      alpha_symdir             0.173672    0.037225    0.106831    0.376812    0.132700     14.44    436.39    1.035
      alpha_symdir             6.643853    2.271435    4.104343    9.734108    6.439653     56.09     62.97    1.013
      alpha_symdir             4.509597    1.679513    2.329626    7.214758    4.298638     26.88     39.83    1.022
      alpha_symdir             5.256912    1.281198    3.139542    7.472131    5.139331     42.84     49.15    1.000
      alpha_symdir             5.066911    2.006249    2.745270    7.926146    4.842501     25.00     33.01    1.010
      alpha_symdir             7.535345    2.594456    4.672686   10.902040    7.373446     53.04     66.25    1.005
      alpha_symdir             8.160501    3.597699    4.628888   11.859820    7.947644     41.02     51.59    1.006
      alpha_symdir             5.071251    1.302273    3.145237    7.375609    4.877335     56.84     58.10    1.012
      alpha_symdir             6.727279    2.347459    4.041480    9.750884    6.496214     49.07     55.68    1.017
      alpha_symdir             5.089650    1.367672    3.006105    7.308195    4.964538     34.26     41.01    1.001
      alpha_symdir             7.071590    2.334774    4.307591   10.149350    6.953023     31.12     59.76    1.007
      alpha_symdir             5.040286    1.712595    2.843609    7.749493    4.836522     36.58     41.45    1.003
      alpha_symdir             5.013199    1.943779    2.751482    7.849849    4.788480     30.21     36.61    1.005
      alpha_symdir             4.235874    1.615909    2.054429    6.752748    4.020997     19.95     27.00    1.015
      alpha_symdir             4.133319    0.992899    2.320538    6.093881    4.004828     52.36     54.34    1.000
      alpha_symdir             5.447151    1.707539    3.394572    8.086392    5.219639     41.16     58.26    1.012
      alpha_symdir             5.571369    1.615234    3.403400    8.083207    5.394256     38.16     58.79    1.024
      alpha_symdir             7.321981    2.285040    4.596244   10.245090    7.181153     74.17     79.27    1.000
      alpha_symdir             4.138854    1.283641    2.240619    6.418436    3.979228     18.39     46.64    1.030
      alpha_symdir             6.153093    1.854270    3.859555    8.903973    5.988032     39.70     44.23    1.010
      alpha_symdir             6.252487    1.950663    3.851714    8.997897    6.069788     56.78     56.82    1.066
      alpha_symdir             5.025903    2.492376    2.490427    8.223849    4.743870     34.00     37.08    1.056
      alpha_symdir             4.753697    1.472720    2.724772    7.196863    4.572714     40.24     43.07    1.009
      alpha_symdir             7.077404    2.551027    4.223119   10.230780    6.900770     40.14     41.92    1.010
      alpha_symdir             5.273128    1.739223    3.036068    7.925412    5.059282     33.54     45.65    1.056
