      clockrate                0.836040    0.003870    0.721849    0.963466    0.830697    134.55    169.56    1.006
      clockrate                0.914304    0.006684    0.760142    1.071155    0.906756    127.52    215.55    1.000
      clockrate                0.874152    0.003051    0.770615    0.985268    0.869812    111.28    139.56    1.043
      clockrate                0.787024    0.001829    0.705043    0.872200    0.785062    233.62    242.36    1.005
      clockrate                0.804505    0.001677    0.726504    0.886797    0.803394    294.61    375.37    1.007
      clockrate                0.781191    0.004626    0.652968    0.915520    0.776946    410.92    448.78    1.009
      clockrate                0.856307    0.004076    0.738425    0.984750    0.849701     62.86     85.71    1.001
      clockrate                1.028093    0.013001    0.806670    1.246368    1.019471    106.65    114.18    1.000
      clockrate                0.875689    0.005111    0.737659    1.016039    0.870124    129.89    188.73    1.011
      clockrate                0.880006    0.002802    0.778894    0.984627    0.877418     99.72    176.94    1.010
      clockrate                0.817932    0.001953    0.731920    0.902882    0.815633     92.86    329.39    1.007
      clockrate                0.683517    0.017047    0.452450    0.944084    0.664704    252.26    292.82    1.000
      clockrate                0.837267    0.016709    0.623212    1.098137    0.815639     70.24     87.71    1.001
      clockrate                1.015813    0.036205    0.722513    1.417233    0.973905     59.30     90.12    1.003
      clockrate                0.818521    0.003631    0.702879    0.936099    0.813805     24.34     86.02    1.003
      clockrate                0.788265    0.002359    0.694102    0.884129    0.784496     38.50     40.48    1.039
      clockrate                0.751538    0.001936    0.667325    0.838001    0.749484    323.66    481.77    1.016
      clockrate                0.785849    0.011210    0.592884    0.999295    0.774543    163.61    235.69    1.009
      clockrate                1.288261    0.207199    0.588739    2.196812    1.197500    237.19    259.37    1.000
      clockrate                0.876885    0.011527    0.675030    1.086543    0.866751    142.60    313.41    1.000
      clockrate                0.916561    0.003315    0.811236    1.032818    0.912455    126.76    211.01    1.022
      clockrate                0.754970    0.003350    0.645891    0.871924    0.751480    632.95    814.61    1.000
      clockrate                1.003568    0.006135    0.851176    1.157156    0.999963    125.84    143.61    1.001
      clockrate                0.820632    0.006805    0.664953    0.985142    0.813549    188.13    210.39    1.003
      clockrate                0.882169    0.003111    0.775839    0.993545    0.878203     63.67    614.27    1.085
      clockrate                0.931225    0.007165    0.774906    1.102963    0.922392    146.35    166.67    1.015
      clockrate                0.846667    0.008469    0.678293    1.035443    0.838203     21.96     73.86    1.033
      clockrate                0.769410    0.004731    0.645793    0.909539    0.762866     96.50    110.80    1.001
      clockrate                0.843036    0.006645    0.688942    0.997741    0.833417     91.73    170.01    1.000
      clockrate                0.812683    0.003309    0.707658    0.929156    0.809199     48.10     50.54    1.003
      clockrate                0.874609    0.005383    0.737011    1.021562    0.868775    112.57    139.64    1.000
      clockrate                0.836052    0.002812    0.732452    0.938548    0.833573    414.14    466.98    1.000
      clockrate                0.763401    0.002338    0.668401    0.858092    0.760245     51.96     55.99    1.011
      clockrate                0.735684    0.011698    0.538076    0.946328    0.724046    284.31    377.91    1.001
      clockrate                0.867975    0.002119    0.780643    0.959436    0.864910     85.54    624.37    1.086
      clockrate                0.819879    0.011146    0.635843    1.035667    0.801781     30.19     59.96    1.016
      clockrate                0.884235    0.007860    0.724923    1.065811    0.873703     92.56    143.11    1.001
      clockrate                0.776398    0.006800    0.625139    0.941917    0.768829    131.84    167.67    1.002
      clockrate                0.810894    0.010444    0.646890    1.015059    0.793870     62.71     81.63    1.005
      clockrate                0.769200    0.004789    0.638272    0.906238    0.764006    249.77    284.84    1.000
      clockrate                0.778218    0.002218    0.689219    0.873207    0.774784    100.37    105.47    1.067
      clockrate                0.861068    0.005234    0.725856    1.005686    0.855092    223.30    259.11    1.015
      clockrate                0.763664    0.002484    0.670672    0.866564    0.761627    176.17    236.51    1.001
      clockrate                0.780424    0.001905    0.699811    0.870514    0.779300    298.46    467.78    1.001
      clockrate                0.728875    0.002460    0.636067    0.828673    0.725883    287.96    478.06    1.001
      clockrate                0.746889    0.003628    0.629320    0.863889    0.743101    366.62    378.05    1.005
      clockrate                0.903683    0.003700    0.785051    1.022773    0.902294    397.00    422.01    1.000
      clockrate                0.800980    0.006328    0.658929    0.967887    0.794117     45.09     92.61    1.001
      clockrate                0.769268    0.003034    0.665900    0.881110    0.765589    116.90    162.00    1.011
      clockrate                0.775176    0.001833    0.690765    0.857417    0.773757    110.25    580.99    1.014
      clockrate                0.756276    0.006132    0.616342    0.918014    0.749467    144.43    277.51    1.000
      clockrate                0.878636    0.009637    0.704649    1.078020    0.867446     47.33     54.38    1.000
      clockrate                0.839012    0.010820    0.654862    1.050307    0.826736    203.31    229.39    1.008
      clockrate                0.834581    0.004174    0.710829    0.961325    0.830681    146.86    152.73    1.000
      clockrate                0.881424    0.006097    0.736328    1.035878    0.873629     34.25    168.42    1.001
      clockrate                0.866474    0.003358    0.752995    0.980527    0.864394    404.85    431.58    1.000
      clockrate                0.717529    0.001504    0.644189    0.796292    0.715966    400.60    408.10    1.000
      clockrate                0.755927    0.005584    0.623974    0.891168    0.748748    189.49    310.34    1.000
      clockrate                0.814500    0.007269    0.657174    0.987639    0.807606    282.85    388.27    1.000
      clockrate                0.799118    0.002691    0.698829    0.900509    0.797145    190.81    374.12    1.000
      clockrate                0.950215    0.029425    0.653863    1.273809    0.922994     32.38     57.40    1.050
      clockrate                0.774259    0.001959    0.689246    0.861513    0.772239    307.74    413.75    1.001
      clockrate                0.880857    0.008516    0.723462    1.074141    0.868373     46.68     97.95    1.008
      clockrate                0.751836    0.002269    0.663554    0.848347    0.747840     70.08    105.69    1.017
      clockrate                0.788529    0.002850    0.685941    0.894530    0.785937     60.82    118.38    1.001
      clockrate                0.816115    0.002435    0.724248    0.916473    0.813316    111.62    214.90    1.021
      clockrate                0.827795    0.015434    0.611790    1.070065    0.809913    101.30    102.69    1.000
      clockrate                0.861540    0.011413    0.683422    1.071394    0.845867     65.63    152.36    1.003
      clockrate                0.779829    0.004250    0.661227    0.913788    0.774380    139.15    176.47    1.006
      clockrate                0.919961    0.007201    0.767271    1.094274    0.913451    195.36    224.38    1.004
      clockrate                0.852792    0.002726    0.753722    0.956870    0.850381    368.23    460.87    1.000
      clockrate                0.839760    0.004272    0.718693    0.971240    0.835609    493.68    506.32    1.001
      clockrate                0.804730    0.003702    0.691334    0.926134    0.800516    207.55    213.42    1.002
      clockrate                0.753194    0.004385    0.627037    0.883475    0.748672    219.22    231.96    1.000
      clockrate                0.787712    0.004955    0.659389    0.929449    0.781644    232.74    297.02    1.000
      clockrate                1.738728    0.209769    0.987927    2.620429    1.671645     47.45    141.08    1.000
      clockrate                0.727039    0.002579    0.629758    0.828024    0.723152     75.30     78.07    1.028
      clockrate                0.756434    0.008821    0.587477    0.946735    0.746211    226.64    350.66    1.000
      clockrate                0.915763    0.007535    0.758824    1.090349    0.906504    139.61    153.47    1.005
      clockrate                0.809214    0.006569    0.655980    0.970102    0.802549    377.87    494.73    1.001
      clockrate                0.830557    0.003187    0.720604    0.940810    0.828378    223.83    264.16    1.010
      clockrate                0.788902    0.001276    0.720238    0.859386    0.788336     99.08    112.72    1.006
      clockrate                0.834110    0.003085    0.728996    0.946433    0.831120    227.95    288.08    1.002
      clockrate                0.842231    0.004889    0.714640    0.983098    0.835490     68.24     83.41    1.004
      clockrate                0.843461    0.004623    0.713335    0.978458    0.838955    381.02    450.17    1.000
      clockrate                0.836094    0.002588    0.738594    0.937271    0.834362    202.40    470.82    1.000
      clockrate                0.895880    0.007120    0.737642    1.064238    0.888200     56.06     69.33    1.007
      clockrate                0.783058    0.008839    0.631841    0.960708    0.769804    119.63    134.86    1.008
      clockrate                0.807276    0.004998    0.675051    0.949244    0.802149    128.83    302.22    1.000
      clockrate                0.777826    0.003621    0.662855    0.897412    0.774161    265.90    333.71    1.004
      clockrate                0.775938    0.002157    0.687819    0.869324    0.774686    186.85    226.16    1.000
      clockrate                0.839411    0.003307    0.731561    0.953814    0.835403    261.77    349.67    1.068
      clockrate                0.848994    0.005274    0.714024    0.995417    0.843631     47.03     82.11    1.003
      clockrate                0.770718    0.010161    0.590134    0.975072    0.755694     73.31    122.42    1.001
      clockrate                0.867228    0.003726    0.752702    0.986381    0.862515     43.01     58.93    1.005
      clockrate                0.822424    0.003139    0.718061    0.936185    0.818431     42.65     87.14    1.010
      clockrate                0.754585    0.004081    0.635541    0.880885    0.749530     51.96    123.91    1.006
      clockrate                0.850883    0.004761    0.715395    0.986122    0.847096    287.72    523.80    1.004
      clockrate                0.797209    0.002960    0.699196    0.912244    0.793602     38.03     63.35    1.001
      clockrate                0.943646    0.015616    0.739788    1.205349    0.922059     53.53     54.67    1.000
