0.1860465
0.1666667
0.1590909
0.2272727
0.1818182
0.25
0.1025641
0.1363636
0.1724138
0.08888889
0.1578947
0
0.173913
0.1875
0.3023256
0.1086957
0.2325581
0.1052632
0.2857143
0
0.1521739
0.2083333
0.1290323
0.1923077
0.125
0.1851852
0.2352941
0.1428571
0.1481481
0.1794872
0.195122
0.1351351
0.1621622
0.1764706
0.08695652
0.25
0
0.1818182
0.1578947
0.24
0.2553191
0.1034483
0.2340426
0.1914894
0.08108108
0.1481481
0.225
0
0.1515152
0.1111111
0.1304348
0.1111111
0.1052632
0.2
0
0.08571429
0.1904762
0.2272727
0
0.2702703
0.1111111
0.075
0.04
0.1111111
0.2093023
0.15
0
0.3636364
0.1153846
0.1153846
0.175
0.1481481
0.15
0.173913
0.03846154
0.3333333
0.1794872
0.06666667
0.09756098
0.1052632
0.1578947
0.06818182
0.2564103
0.1714286
0.05263158
0.1578947
0.1666667
0.15
0.1923077
0.125
0.1395349
0.08571429
0.06521739
0.25
0.2
0.173913
0.1333333
0.2142857
0.2105263
0.03225806
