      TL             8.130334    0.558431    6.707152    9.605395    8.096056   1360.47   1598.83    1.000
      TL             9.574440    0.823892    7.865110   11.379140    9.522804   3421.87   3557.81    1.000
      TL             9.460524    0.480258    8.120701   10.814500    9.423253   2390.59   2697.35    1.000
      TL             8.621070    0.446984    7.338679    9.944948    8.591042   2483.30   2587.32    1.000
      TL             9.311651    0.593547    7.849303   10.843630    9.267825   1949.65   2269.25    1.001
      TL             5.376410    0.545210    4.033100    6.869935    5.312772   4987.88   5146.96    1.000
      TL             7.673783    0.495808    6.331764    9.070473    7.625709   3861.24   3921.65    1.000
      TL             5.652470    0.402647    4.468882    6.934143    5.601371   6750.71   7020.92    1.000
      TL             6.880350    0.525257    5.526470    8.323872    6.826019   3894.28   4285.67    1.000
      TL             9.772907    0.490161    8.428737   11.155590    9.737177   2439.41   2624.15    1.000
      TL             8.805695    0.809798    7.134644   10.618310    8.748229   1826.03   1834.19    1.001
      TL             2.951193    0.164744    2.200502    3.761580    2.913340   5760.02   6632.73    1.000
      TL             5.538057    0.503875    4.214706    6.951309    5.476606   4180.97   4489.26    1.000
      TL             3.369485    0.200458    2.541789    4.249982    3.328557     80.88   4259.27    1.006
      TL             8.850074    0.432339    7.604696   10.171820    8.815541   2513.22   2626.35    1.000
      TL             9.152129    0.509841    7.813592   10.580280    9.111760   2937.76   3086.04    1.000
      TL             7.399707    0.348887    6.280683    8.584252    7.373964   2081.80   2557.51    1.000
      TL             4.566083    0.292359    3.581815    5.655119    4.501474    150.00    219.96    1.068
      TL             2.098879    0.190777    1.302829    2.971791    2.051733   4579.87   8623.11    1.001
      TL             3.675618    0.246129    2.779089    4.671616    3.626345   7720.54   7982.71    1.000
      TL             8.687471    0.382804    7.523061    9.942540    8.658062   2172.31   3110.22    1.000
      TL             5.070049    0.353503    3.986447    6.280738    5.022518   5146.26   5203.48    1.000
      TL             7.142278    0.545811    5.729024    8.597571    7.099319   3161.75   3384.73    1.000
      TL             6.096985    0.421804    4.869502    7.404927    6.058389   5129.71   5716.63    1.000
      TL             8.144704    0.501926    6.808548    9.585405    8.112481   3501.50   3744.30    1.000
      TL             7.310646    0.597401    5.881968    8.873083    7.251030   3573.63   3742.93    1.000
      TL             9.109768    0.880223    7.401939   11.030880    9.034716   2016.35   2053.16    1.000
      TL             7.142042    0.340130    6.038293    8.306706    7.107959   3252.00   3624.97    1.000
      TL             6.543389    0.509661    5.198677    7.954780    6.491157   4587.30   4753.00    1.000
      TL             6.588163    0.288662    5.534245    7.636926    6.567057   3212.72   3603.95    1.000
      TL             7.272497    0.285118    6.235948    8.320453    7.248253   2436.07   2745.99    1.000
      TL             8.462917    0.487128    7.131360    9.853353    8.422556   3936.97   3988.31    1.000
      TL             7.336666    0.483860    6.057544    8.757925    7.294760   2135.74   2165.02    1.000
      TL             3.268192    0.139190    2.566685    4.006998    3.240809  11813.56  12811.84    1.000
      TL             7.194847    0.254788    6.218690    8.187466    7.177614   4797.55   5510.81    1.000
      TL             3.581094    0.203024    2.744602    4.487022    3.546115   8782.75   9749.47    1.000
      TL             4.758717    0.244595    3.828023    5.737639    4.723803   5297.28   5480.59    1.000
      TL             2.910330    0.100075    2.304189    3.536458    2.893769   9579.00   9648.07    1.000
      TL             4.963961    0.597865    3.522034    6.522305    4.898149   5647.92   6178.93    1.000
      TL             5.302817    0.396432    4.132397    6.548879    5.249367   5048.87   5148.52    1.000
      TL             8.444340    0.456571    7.116094    9.750733    8.419504   2375.70   2831.34    1.000
      TL             4.959013    0.266016    3.986098    5.988162    4.921385   4103.77   4593.89    1.001
      TL             7.798564    0.347429    6.662896    8.963714    7.774459   4000.69   4327.37    1.000
      TL             9.483405    0.568423    8.065100   11.013160    9.444844   3432.87   3528.92    1.000
      TL             8.223881    0.562236    6.791578    9.724690    8.191540   2689.27   2823.84    1.000
      TL             5.668397    0.419173    4.453151    6.960258    5.626843   3849.20   3935.24    1.000
      TL             6.910251    0.375348    5.746461    8.129079    6.883767   2145.41   2313.70    1.000
      TL             5.098552    0.385800    3.915052    6.310964    5.051632   3852.19   3968.80    1.000
      TL             7.154531    0.424382    5.939224    8.474543    7.115361   3158.59   3618.88    1.000
      TL             6.789465    0.263484    5.811316    7.816165    6.770232   1793.35   1932.46    1.000
      TL             4.183157    0.195931    3.362296    5.077854    4.150329   6527.30   6813.48    1.000
      TL             4.818779    0.570713    3.420194    6.301159    4.745345   5487.24   6189.74    1.000
      TL             3.931118    0.199691    3.093821    4.821193    3.896143   2849.03   2891.46    1.000
      TL             6.754727    0.545628    5.400984    8.271627    6.696375   3762.42   4287.45    1.000
      TL             7.663733    0.577484    6.259673    9.222599    7.615966   3789.31   3913.72    1.000
      TL             5.890125    0.229848    4.986519    6.854297    5.868640   4852.81   5669.17    1.000
      TL             9.995682    0.684687    8.438002   11.644280    9.950799   2220.30   2372.37    1.000
      TL             4.390372    0.194717    3.565104    5.268038    4.359032   5580.56   5730.85    1.000
      TL             5.006825    0.410051    3.815854    6.268664    4.952372   5379.43   5717.42    1.000
      TL             6.899894    0.419207    5.680794    8.199675    6.863018   2757.09   2816.63    1.000
      TL             2.518815    0.146586    1.810368    3.285273    2.489104   5441.54   5511.50    1.000
      TL             7.271338    0.409209    6.061558    8.552721    7.249110   2406.92   2536.72    1.000
      TL             5.179006    0.260170    4.220931    6.200422    5.143671   5078.25   5358.05    1.000
      TL             9.008639    0.409412    7.783727   10.286750    8.976783   1856.43   2100.35    1.000
      TL             7.912643    0.362374    6.756074    9.097123    7.881062   3166.13   3380.91    1.000
      TL             8.219542    0.628349    6.730305    9.808671    8.173879   2205.00   2289.75    1.000
      TL             4.210743    0.432522    3.054940    5.549307    4.133294   4987.85   5550.80    1.000
      TL             4.894535    0.344044    3.794794    6.052379    4.846767   3247.23   5051.15    1.000
      TL             7.208991    0.809128    5.548852    8.992932    7.121726   3599.99   3773.18    1.000
      TL             6.663217    0.439319    5.414413    7.982820    6.612138   2065.18   2115.97    1.000
      TL             7.669998    0.404805    6.447327    8.926017    7.635894   3240.18   3484.17    1.000
      TL             7.135710    0.579322    5.688304    8.626160    7.073604   4063.25   4157.23    1.000
      TL             9.672881    0.770741    8.007394   11.424010    9.617305   1183.03   1373.20    1.001
      TL             5.723452    0.559740    4.356087    7.234739    5.664318   3784.45   3795.40    1.000
      TL             5.689775    0.345737    4.595373    6.873627    5.644048   5520.86   5769.42    1.000
      TL             2.637786    0.418974    1.542539    3.924348    2.538718  16090.91  16562.63    1.000
      TL             8.495157    0.521943    7.097714    9.921075    8.456018   3015.92   3147.74    1.000
      TL             4.022403    0.424700    2.835819    5.319702    3.954041   7716.47   7738.99    1.000
      TL             9.555562    0.804036    7.871052   11.358870    9.497178   1605.83   1717.22    1.000
      TL             5.326217    0.699158    3.823992    6.998118    5.232848   6110.76   6115.98    1.000
      TL             8.179002    0.510919    6.830094    9.613592    8.137020   2338.22   2405.84    1.000
      TL            10.103147    0.630156    8.596902   11.692650   10.065310   2582.11   3503.49    1.000
      TL             6.955941    0.354917    5.798543    8.145709    6.939334   2241.93   2348.67    1.000
      TL             7.043396    0.444307    5.801971    8.388971    7.005209   2302.60   2684.26    1.000
      TL             4.836630    0.448253    3.606824    6.166852    4.772708   5889.46   5910.58    1.000
      TL             7.621474    0.404062    6.376844    8.863519    7.592717   3354.35   3398.41    1.000
      TL             5.523673    0.268534    4.542001    6.550120    5.494914   6001.32   6033.07    1.000
      TL             4.987313    0.320819    3.923937    6.115982    4.944019   5353.60   5650.33    1.000
      TL             4.307675    0.188182    3.497072    5.178773    4.277366   7595.35   8114.84    1.000
      TL             6.117583    0.625047    4.680547    7.707927    6.037100   3454.81   4007.96    1.000
      TL             8.405755    0.475296    7.090839    9.774829    8.372188   1830.68   2346.46    1.000
      TL             9.085678    0.735299    7.432077   10.782890    9.031168   2376.16   2646.66    1.000
      TL             9.135449    0.570113    7.683234   10.635230    9.103282   1660.84   1709.84    1.001
      TL             3.792859    0.264891    2.849045    4.818861    3.740491  10146.22  10855.17    1.000
      TL             9.351072    0.544771    7.940417   10.830530    9.320369   3314.09   3467.06    1.000
      TL             9.225009    0.452901    7.932589   10.555260    9.192514   3193.63   3567.57    1.000
      TL             4.394537    0.195739    3.561617    5.290840    4.371221   4930.83   5162.27    1.000
      TL             5.092273    0.246333    4.137411    6.071806    5.065986   4658.12   5691.24    1.000
      TL             8.085296    0.474793    6.750782    9.435888    8.044998   2985.20   3141.01    1.000
      TL             6.001622    0.403290    4.817110    7.270326    5.963310   3129.08   3146.08    1.001
