      clockrate                0.547263    0.001919    0.462216    0.633664    0.545778    734.85    955.23    1.002
      clockrate                0.703479    0.005163    0.565692    0.844290    0.700200    187.29    270.31    1.044
      clockrate                0.545503    0.001579    0.469853    0.625806    0.544482   1555.90   1907.14    1.001
      clockrate                0.516453    0.004455    0.397692    0.652364    0.509163    128.25    128.43    1.037
      clockrate                0.563170    0.002138    0.474578    0.655201    0.561679    464.87    881.73    1.004
      clockrate                0.621812    0.018848    0.405481    0.902909    0.596581    159.03    268.06    1.003
      clockrate                0.492470    0.001578    0.415016    0.570468    0.491238   2215.82   2561.74    1.000
      clockrate                0.771648    0.016703    0.550551    1.026232    0.751439    106.92    138.02    1.018
      clockrate                0.570753    0.004148    0.449393    0.694501    0.565491    260.02    299.61    1.005
      clockrate                0.539001    0.002198    0.449213    0.633429    0.536593    832.81    882.23    1.000
      clockrate                0.518726    0.002825    0.419420    0.625633    0.515340    168.44    212.57    1.003
      clockrate                0.491414    0.011476    0.301838    0.704245    0.476234    210.40    308.74    1.001
      clockrate                0.705259    0.008107    0.532702    0.879752    0.699201    155.51    165.45    1.013
      clockrate                1.018829    0.076451    0.543775    1.584351    0.977389    314.12    452.03    1.002
      clockrate                0.575037    0.002629    0.475872    0.675501    0.572425    170.88    234.88    1.013
      clockrate                0.622452    0.002316    0.526316    0.714188    0.621657   1015.85   1020.74    1.000
      clockrate                0.541383    0.005001    0.416598    0.686793    0.531826     45.83     87.13    1.008
      clockrate                0.636011    0.021857    0.404372    0.941979    0.608359    159.03    197.68    1.000
      clockrate                0.819626    0.097246    0.344559    1.450608    0.756244    527.07    872.70    1.001
      clockrate                0.762942    0.039601    0.441003    1.141647    0.729640    142.29    315.62    1.000
      clockrate                0.598446    0.004378    0.476648    0.730087    0.592291     50.59     53.92    1.001
      clockrate                0.625398    0.005324    0.487181    0.770569    0.620809    597.86    643.95    1.005
      clockrate                0.713926    0.006978    0.557039    0.880867    0.707852    674.98    687.92    1.001
      clockrate                0.627094    0.013721    0.429099    0.872094    0.608629     65.04     73.54    1.010
      clockrate                0.603084    0.002143    0.515189    0.695823    0.601049    251.79   1465.49    1.004
      clockrate                0.468440    0.002978    0.365036    0.578639    0.465447    960.54   1122.26    1.001
      clockrate                0.564887    0.007876    0.414268    0.748975    0.550791     81.82     82.18    1.003
      clockrate                0.803465    0.016089    0.573215    1.057776    0.787396    188.57    205.42    1.000
      clockrate                0.794523    0.010175    0.603846    0.991255    0.786720    141.46    142.75    1.000
      clockrate                0.599710    0.006486    0.470778    0.760524    0.586168     84.55    411.82    1.278
      clockrate                0.591610    0.013177    0.412281    0.841626    0.564140     55.95    355.65    1.294
      clockrate                0.630181    0.002862    0.528054    0.736574    0.627818    207.34    524.76    1.002
      clockrate                0.545156    0.001928    0.461509    0.632226    0.543708    243.70    336.71    1.002
      clockrate                0.581525    0.008155    0.419403    0.761111    0.571876    255.59    282.45    1.000
      clockrate                0.621889    0.002135    0.534376    0.714992    0.620270    356.99    409.53    1.001
      clockrate                0.798295    0.030926    0.497076    1.135764    0.775612     65.51    193.75    1.022
      clockrate                0.643813    0.012214    0.466477    0.859306    0.625997     99.62    118.49    1.005
      clockrate                0.650529    0.006175    0.500944    0.801254    0.644172    217.35    402.50    1.002
      clockrate                0.680707    0.038990    0.391898    1.082477    0.633669     67.00     72.99    1.015
      clockrate                0.598901    0.006804    0.452626    0.759722    0.589968     93.96    142.07    1.005
      clockrate                0.670476    0.002910    0.566293    0.778060    0.669489   1926.00   1934.77    1.000
      clockrate                0.670375    0.007219    0.516317    0.839444    0.661433    100.50    131.64    1.000
      clockrate                0.535755    0.007728    0.390081    0.713333    0.522085     33.86     73.37    1.181
      clockrate                0.632479    0.005082    0.506526    0.778801    0.622237     83.43    608.36    1.169
      clockrate                0.594546    0.005450    0.459443    0.744643    0.587965     87.57     92.08    1.000
      clockrate                0.474271    0.009284    0.320662    0.672503    0.455072     60.51     65.28    1.000
      clockrate                0.546640    0.003697    0.433402    0.668101    0.542051    121.15    267.06    1.000
      clockrate                0.637464    0.009009    0.466975    0.826614    0.628033    227.20    299.68    1.008
      clockrate                0.568033    0.003028    0.459778    0.675709    0.565242    114.81    141.56    1.016
      clockrate                0.587417    0.005120    0.464114    0.735243    0.577425     60.28     73.83    1.035
      clockrate                0.789060    0.031138    0.500797    1.141613    0.757825     44.28    146.43    1.040
      clockrate                0.641755    0.013106    0.450809    0.865108    0.624439    179.31    220.37    1.000
      clockrate                0.651428    0.010243    0.473847    0.847506    0.639420    448.77    517.66    1.000
      clockrate                0.637587    0.005060    0.506787    0.779406    0.630557     60.98     72.29    1.008
      clockrate                0.675032    0.005915    0.530374    0.826224    0.668850    138.89    181.42    1.000
      clockrate                0.681791    0.003879    0.562508    0.805083    0.680125   1699.58   1862.81    1.000
      clockrate                0.622412    0.004634    0.499517    0.757115    0.613343     55.38     60.90    1.003
      clockrate                0.584420    0.014321    0.389255    0.827480    0.563085    129.71    202.96    1.002
      clockrate                0.803256    0.023372    0.552718    1.115823    0.775514     81.77    108.64    1.021
      clockrate                0.614441    0.004137    0.495994    0.742811    0.609258     94.82    100.63    1.003
      clockrate                0.580246    0.012562    0.384416    0.801048    0.564330    791.15    962.52    1.000
      clockrate                0.566265    0.003588    0.457908    0.686893    0.559443     44.26     65.38    1.016
      clockrate                0.704356    0.007971    0.546798    0.868307    0.694959    148.86    194.56    1.002
      clockrate                0.623171    0.003123    0.517551    0.728360    0.619327     44.29    881.19    1.032
      clockrate                0.630512    0.007972    0.489242    0.814136    0.613224     34.03     42.24    1.048
      clockrate                0.549443    0.004169    0.432633    0.678458    0.541992     89.86    137.76    1.017
      clockrate                0.812685    0.054138    0.491227    1.299939    0.751503     72.49    139.57    1.002
      clockrate                0.563936    0.015098    0.363986    0.805116    0.543826    273.00    280.28    1.001
      clockrate                0.567760    0.004582    0.436444    0.697384    0.563114    565.52    576.51    1.000
      clockrate                0.605786    0.008634    0.439062    0.787151    0.594193    102.39    111.91    1.001
      clockrate                0.618352    0.002661    0.516696    0.717076    0.616568    573.12    815.30    1.002
      clockrate                0.588975    0.005340    0.460040    0.738016    0.580195     95.63    123.40    1.000
      clockrate                0.700685    0.004591    0.570155    0.834248    0.697095    127.97    142.23    1.007
      clockrate                0.602144    0.009151    0.439704    0.793727    0.587725     98.82    115.39    1.077
      clockrate                0.611170    0.008063    0.456277    0.792817    0.597648    111.11    160.82    1.045
      clockrate                0.999320    0.076379    0.552741    1.536686    0.954325    744.86   1346.29    1.001
      clockrate                0.564696    0.002171    0.475705    0.657962    0.563480    215.19    245.69    1.000
      clockrate                0.680603    0.017975    0.461182    0.959755    0.656881    190.65    245.43    1.011
      clockrate                0.610678    0.002639    0.512363    0.712264    0.608506    221.60    556.11    1.005
      clockrate                0.743619    0.013002    0.533287    0.967451    0.732846    475.12    673.82    1.002
      clockrate                0.637049    0.003454    0.525047    0.753745    0.634108    361.43    379.63    1.002
      clockrate                0.628968    0.002078    0.539395    0.717530    0.627931    791.64    884.09    1.001
      clockrate                0.704629    0.016570    0.465747    0.947862    0.698185     34.46     88.55    1.027
      clockrate                0.565413    0.008070    0.417849    0.760016    0.548570     40.77     40.84    1.000
      clockrate                0.738809    0.019289    0.535799    0.968890    0.719201     84.97     98.93    1.007
      clockrate                0.533120    0.001726    0.452652    0.615047    0.531753   1579.38   2210.71    1.000
      clockrate                0.798095    0.022554    0.550069    1.112034    0.771924     44.46    108.77    1.073
      clockrate                0.490342    0.006820    0.357551    0.650719    0.476761    127.64    135.03    1.009
      clockrate                0.635069    0.007487    0.480286    0.808880    0.625931    101.27    104.97    1.001
      clockrate                0.651174    0.008594    0.478421    0.835334    0.643202    217.53    301.38    1.000
      clockrate                0.522838    0.004415    0.404664    0.646647    0.514883     38.49    133.82    1.057
      clockrate                0.541823    0.002709    0.439981    0.643800    0.540631    244.46    778.02    1.000
      clockrate                0.567041    0.008866    0.400376    0.756104    0.556529     37.21     37.99    1.009
      clockrate                0.903290    0.083549    0.516536    1.474338    0.834189    101.70    110.64    1.005
      clockrate                0.540198    0.002135    0.449780    0.629648    0.538095    192.76    346.49    1.000
      clockrate                0.504189    0.002015    0.421179    0.592661    0.500984    133.36    136.31    1.002
      clockrate                0.646091    0.004071    0.522619    0.771000    0.642356    182.77    585.78    1.007
      clockrate                0.741635    0.030131    0.494791    1.097576    0.696996     38.88     39.19    1.000
      clockrate                0.477693    0.002000    0.392408    0.564128    0.474576     46.39    267.83    1.008
      clockrate                0.567055    0.011217    0.415560    0.770830    0.546725     52.96     65.52    1.011
