      clockrate                0.800809    0.016138    0.567589    1.053038    0.790247    108.20    111.50    1.003
      clockrate                0.676781    0.004827    0.542647    0.814054    0.673921    473.60    532.89    1.001
      clockrate                0.622355    0.003894    0.499961    0.743417    0.619509    114.21    267.48    1.013
      clockrate                0.603890    0.006610    0.458182    0.768504    0.593666     67.70     79.84    1.000
      clockrate                0.571449    0.003781    0.454365    0.691775    0.565637     54.45    143.68    1.008
      clockrate                0.630593    0.013938    0.429338    0.862988    0.614327    331.56    362.38    1.017
      clockrate                0.606838    0.006856    0.461057    0.775736    0.594015     55.58     65.50    1.000
      clockrate                1.428117    0.125754    0.805291    2.134381    1.381979     97.61    154.19    1.000
      clockrate                0.741079    0.023030    0.493377    1.038346    0.713532     66.28    104.12    1.000
      clockrate                0.785314    0.009205    0.610183    0.957573    0.777477     76.43    341.82    1.009
      clockrate                0.922703    0.048966    0.543372    1.363104    0.892121     51.42     84.72    1.043
      clockrate                0.837721    0.020576    0.553895    1.129668    0.831947    506.61    628.76    1.000
      clockrate                0.690846    0.015733    0.466792    0.937886    0.674249    218.46    299.42    1.002
      clockrate                0.897043    0.067421    0.495494    1.418175    0.845210    150.79    165.93    1.002
      clockrate                0.641037    0.008070    0.482783    0.822346    0.630202     62.46     78.06    1.001
      clockrate                0.512034    0.001904    0.428881    0.598960    0.510119    952.25   1078.56    1.000
      clockrate                0.529304    0.002960    0.424163    0.637010    0.527389    183.61    340.25    1.003
      clockrate                0.687258    0.032227    0.398653    1.050483    0.652564    198.53    205.35    1.000
      clockrate                1.389446    0.141129    0.766334    2.151020    1.331660    497.66    694.77    1.000
      clockrate                0.832193    0.015199    0.614026    1.067977    0.816159    232.81    357.59    1.000
      clockrate                0.626432    0.005285    0.491020    0.772837    0.618663     77.74     79.46    1.003
      clockrate                0.776730    0.033617    0.490899    1.138061    0.739759     53.44    139.98    1.042
      clockrate                0.604485    0.017125    0.380107    0.861407    0.586908    221.98    227.08    1.000
      clockrate                0.879080    0.040281    0.520393    1.266084    0.853599    118.21    135.24    1.017
      clockrate                0.780956    0.004764    0.648232    0.916928    0.777505    107.35    943.15    1.014
      clockrate                0.597646    0.012578    0.404135    0.815331    0.582854    244.59    256.64    1.002
      clockrate                0.894685    0.032779    0.576727    1.255822    0.870315    148.65    173.93    1.006
      clockrate                0.817041    0.034786    0.499904    1.190703    0.792973     26.77     89.80    1.129
      clockrate                0.829990    0.018812    0.585726    1.108296    0.812301    212.80    218.70    1.000
      clockrate                0.599499    0.005742    0.461086    0.746536    0.591195     73.93     91.34    1.008
      clockrate                0.622940    0.005380    0.480781    0.765399    0.617030    185.86    212.06    1.014
      clockrate                0.665884    0.009182    0.493775    0.864192    0.653759     99.82    107.19    1.023
      clockrate                0.613312    0.004016    0.494599    0.741402    0.610353    139.21    225.95    1.001
      clockrate                0.758157    0.028303    0.471753    1.086726    0.731184    420.69    430.82    1.000
      clockrate                0.654077    0.002725    0.555815    0.758831    0.652647    536.84   1391.98    1.004
      clockrate                0.685218    0.024536    0.434182    0.993371    0.656371     98.73    193.28    1.004
      clockrate                0.811648    0.017209    0.587283    1.070287    0.793064    101.52    146.18    1.001
      clockrate                0.723099    0.018872    0.485401    0.989904    0.705143    152.23    277.13    1.007
      clockrate                0.635232    0.024571    0.374010    0.945302    0.607255    159.87    187.13    1.000
      clockrate                0.951968    0.044295    0.613112    1.365569    0.916596    128.89    175.35    1.018
      clockrate                0.651047    0.006160    0.507701    0.814255    0.642088     72.75     73.39    1.036
      clockrate                0.869885    0.041833    0.545876    1.273604    0.836740     81.37    132.53    1.043
      clockrate                0.718485    0.008949    0.536918    0.904608    0.711767     61.71     81.59    1.004
      clockrate                0.745635    0.018571    0.507791    1.016527    0.729318     35.08     63.48    1.015
      clockrate                0.546418    0.002646    0.444907    0.645781    0.544680   1034.78   1085.97    1.003
      clockrate                0.623397    0.011296    0.437431    0.835531    0.609703     80.31     91.35    1.023
      clockrate                0.674137    0.009398    0.486873    0.861787    0.669292    103.52    133.91    1.007
      clockrate                0.711489    0.010020    0.518793    0.904253    0.705396    175.02    509.21    1.000
      clockrate                0.497532    0.004214    0.378566    0.628166    0.489833     59.30     80.15    1.003
      clockrate                0.550741    0.005119    0.422249    0.696946    0.543371     76.83     77.45    1.001
      clockrate                0.592910    0.018136    0.383568    0.870395    0.564968     80.51    158.44    1.015
      clockrate                0.899333    0.071609    0.478185    1.426430    0.850888     79.19     99.81    1.005
      clockrate                1.094525    0.093061    0.580363    1.716739    1.047591    252.87    337.91    1.000
      clockrate                0.535339    0.009344    0.374889    0.729998    0.520972    129.47    161.45    1.001
      clockrate                0.688675    0.015540    0.492901    0.923118    0.669105     61.01     70.71    1.022
      clockrate                0.770408    0.019810    0.528590    1.044318    0.752056     94.09    114.62    1.012
      clockrate                0.570136    0.002029    0.482771    0.659230    0.568680    993.17   1135.26    1.000
      clockrate                0.725910    0.020734    0.473330    1.007465    0.706708    395.36    419.59    1.000
      clockrate                0.980279    0.046467    0.613012    1.404979    0.947964     67.91    205.11    1.053
      clockrate                1.030701    0.035581    0.692635    1.419043    1.008513    131.77    224.74    1.007
      clockrate                0.569935    0.015796    0.350920    0.818741    0.552099    183.91    361.65    1.005
      clockrate                0.661945    0.005119    0.529698    0.803385    0.655854     67.07    604.91    1.019
      clockrate                0.870861    0.041495    0.540299    1.289645    0.829973     44.69     48.46    1.007
      clockrate                0.601095    0.006459    0.453877    0.760807    0.593354     53.93     61.40    1.012
      clockrate                0.717134    0.010631    0.536781    0.924800    0.702174     43.85     51.44    1.054
      clockrate                0.528110    0.005698    0.397848    0.685576    0.517275     48.69     62.20    1.038
      clockrate                0.879971    0.048071    0.537215    1.332951    0.835108    167.21    244.70    1.019
      clockrate                0.621161    0.018951    0.388114    0.901276    0.598604    171.10    183.17    1.003
      clockrate                0.660526    0.029895    0.395343    1.017936    0.621967     89.74    129.83    1.003
      clockrate                0.620480    0.013402    0.417696    0.851553    0.604724    110.03    157.09    1.006
      clockrate                0.541232    0.005026    0.413521    0.677395    0.532307    112.63    138.16    1.006
      clockrate                0.814589    0.013498    0.605822    1.046061    0.802413    138.12    263.57    1.010
      clockrate                0.579561    0.004929    0.442955    0.714418    0.573979     99.10    168.45    1.000
      clockrate                0.803488    0.035262    0.485422    1.168846    0.774756     72.02     75.94    1.000
      clockrate                0.727550    0.011045    0.533413    0.936530    0.719087    201.49    234.39    1.001
      clockrate                1.577495    0.268700    0.646252    2.608673    1.508590   1130.35   1302.16    1.000
      clockrate                0.653594    0.004625    0.521219    0.788836    0.651308    575.06    577.87    1.001
      clockrate                0.847267    0.046043    0.503172    1.288861    0.804587    144.03    185.70    1.001
      clockrate                0.702399    0.008834    0.536927    0.887863    0.689513    104.28    112.27    1.005
      clockrate                0.768160    0.020980    0.503982    1.055031    0.750942    237.89    274.56    1.006
      clockrate                0.613373    0.012318    0.427552    0.838884    0.596519     49.70     51.78    1.007
      clockrate                0.544889    0.002301    0.454523    0.640968    0.541667    114.81    136.40    1.000
      clockrate                0.681003    0.010627    0.474795    0.880396    0.677045    104.84    108.03    1.001
      clockrate                0.838478    0.036503    0.503754    1.209162    0.814145    186.92    197.31    1.002
      clockrate                0.530492    0.011238    0.357629    0.734429    0.513694    154.53    256.76    1.002
      clockrate                0.581321    0.003401    0.470613    0.696174    0.578212    565.53    854.75    1.000
      clockrate                0.836334    0.010161    0.644425    1.036241    0.830366    172.12    302.59    1.006
      clockrate                0.715665    0.024809    0.464116    1.045173    0.683834     79.90    135.83    1.007
      clockrate                0.669979    0.009773    0.490313    0.867572    0.658343     88.99     90.79    1.000
      clockrate                1.120843    0.128337    0.575727    1.855378    1.040854    135.02    160.65    1.002
      clockrate                0.515709    0.008707    0.369418    0.716690    0.495825     48.19    584.94    1.233
      clockrate                0.769055    0.021834    0.514990    1.066892    0.747246    158.46    163.22    1.010
      clockrate                0.572712    0.005044    0.440582    0.716665    0.568235    121.10    196.12    1.005
      clockrate                1.259983    0.297638    0.619192    2.438567    1.061098     33.07     51.17    1.003
      clockrate                0.655600    0.007034    0.505795    0.826762    0.645834     63.67     82.45    1.004
      clockrate                0.702727    0.014170    0.501647    0.941784    0.684450     68.49    124.95    1.012
      clockrate                0.574078    0.005693    0.432854    0.726170    0.569357    367.00    449.22    1.000
      clockrate                0.771692    0.028869    0.514587    1.120060    0.732660     75.51     89.40    1.005
      clockrate                0.556331    0.004468    0.425849    0.686385    0.552032    183.01    239.29    1.001
      clockrate                0.606571    0.012326    0.412158    0.832024    0.591370    122.99    141.63    1.000
