      ilnvar                   0.130848    0.012313    0.002898    0.344317    0.105501     85.19     89.41    1.003
      ilnvar                   0.016749    0.000779    0.000028    0.069140    0.005815     47.06     48.90    1.002
      ilnvar                   0.016488    0.001261    0.000003    0.089676    0.002193     37.41     37.78    1.058
      ilnvar                   0.090387    0.009155    0.000214    0.274585    0.063959     48.75     54.82    1.000
      ilnvar                   0.024742    0.002708    0.000002    0.135225    0.002264     23.30     45.83    1.034
      ilnvar                   0.088888    0.018340    0.000038    0.346057    0.037143    179.37    182.44    1.026
      ilnvar                   0.065003    0.008256    0.000010    0.248499    0.026793     30.38     36.58    1.001
      ilnvar                   0.312836    0.117979    0.000070    0.976697    0.212215    102.35    159.01    1.000
      ilnvar                   0.117942    0.025899    0.000045    0.430631    0.059651     63.30     84.70    1.000
      ilnvar                   0.012073    0.001632    0.000001    0.064029    0.000746     33.24     34.37    1.039
      ilnvar                   0.358028    0.098785    0.001052    0.971049    0.286259     47.12     92.61    1.040
      ilnvar                   0.055644    0.008140    0.000019    0.219103    0.022588    183.37    199.07    1.000
      ilnvar                   0.109519    0.025380    0.000117    0.401530    0.053520    134.83    173.81    1.002
      ilnvar                   0.147864    0.042999    0.000035    0.528867    0.076041    128.87    156.41    1.002
      ilnvar                   0.072227    0.007075    0.000284    0.240596    0.043408     35.39     46.62    1.001
      ilnvar                   0.005875    0.000164    0.000001    0.027722    0.001192     50.83     55.37    1.025
      ilnvar                   0.010831    0.000557    0.000001    0.056372    0.001396     43.84     53.34    1.019
      ilnvar                   0.185626    0.040206    0.000067    0.570624    0.124200    147.74    156.84    1.000
      ilnvar                   0.239106    0.115731    0.000010    0.869471    0.124435    816.21    948.66    1.001
      ilnvar                   0.075178    0.014365    0.000029    0.284952    0.032935    177.56    238.86    1.000
      ilnvar                   0.035910    0.004223    0.000010    0.172178    0.009050     29.04     32.68    1.007
      ilnvar                   0.196644    0.071832    0.000001    0.693051    0.103778     47.06    120.99    1.048
      ilnvar                   0.161223    0.024980    0.000255    0.458055    0.120567     69.62     78.97    1.005
      ilnvar                   0.220483    0.064241    0.000011    0.699533    0.154097     50.08     77.86    1.031
      ilnvar                   0.005064    0.000340    0.000001    0.029787    0.000064     34.54     41.29    1.082
      ilnvar                   0.118066    0.019707    0.000454    0.386560    0.074829     97.39     99.46    1.005
      ilnvar                   0.221592    0.031726    0.003609    0.566142    0.180922    116.74    147.37    1.011
      ilnvar                   0.235034    0.060148    0.000001    0.696225    0.186942     23.61     75.82    1.166
      ilnvar                   0.088141    0.011643    0.000446    0.291714    0.052152     97.15    114.18    1.002
      ilnvar                   0.032653    0.004950    0.000008    0.167029    0.002496     31.07     32.04    1.021
      ilnvar                   0.024372    0.001636    0.000011    0.107016    0.008345     46.36     51.30    1.047
      ilnvar                   0.065831    0.008897    0.000010    0.253936    0.031056     48.64     57.15    1.039
      ilnvar                   0.009896    0.000459    0.000001    0.051718    0.000907     34.20     36.88    1.012
      ilnvar                   0.218934    0.054371    0.000174    0.659304    0.153029    184.03    201.16    1.000
      ilnvar                   0.002789    0.000099    0.000001    0.014253    0.000113     38.07     40.41    1.082
      ilnvar                   0.132407    0.058050    0.000010    0.535871    0.044197     58.60    107.23    1.001
      ilnvar                   0.068354    0.015869    0.000005    0.285174    0.022671     53.38     71.46    1.006
      ilnvar                   0.115518    0.027004    0.000025    0.416864    0.059987     65.56    139.27    1.007
      ilnvar                   0.240850    0.075238    0.000043    0.760611    0.158538    165.26    178.79    1.000
      ilnvar                   0.271177    0.075428    0.000580    0.785398    0.200981     84.67    130.39    1.018
      ilnvar                   0.038507    0.004048    0.000002    0.177435    0.007829     29.38     32.97    1.058
      ilnvar                   0.241706    0.054572    0.000341    0.672274    0.186447     74.12    134.85    1.046
      ilnvar                   0.086222    0.008700    0.000035    0.271066    0.058908     31.39     47.82    1.006
      ilnvar                   0.225223    0.034785    0.000134    0.578841    0.190148     29.22     54.37    1.010
      ilnvar                   0.005951    0.000201    0.000002    0.028759    0.000950     27.49     45.34    1.023
      ilnvar                   0.063849    0.008184    0.000017    0.236288    0.029713     47.22     59.08    1.040
      ilnvar                   0.049997    0.003526    0.000043    0.167458    0.028942     37.00     46.95    1.014
      ilnvar                   0.017854    0.001774    0.000001    0.089231    0.002292     45.32     46.83    1.003
      ilnvar                   0.060792    0.007662    0.000003    0.236367    0.026384     35.99     44.49    1.003
      ilnvar                   0.048968    0.005842    0.000002    0.195127    0.014790     29.79     31.99    1.002
      ilnvar                   0.160076    0.048610    0.000001    0.581623    0.088433     44.18    117.05    1.029
      ilnvar                   0.332669    0.124533    0.000116    1.003431    0.241374     96.65    117.30    1.003
      ilnvar                   0.521624    0.222719    0.002019    1.404598    0.394716    239.25    277.28    1.001
      ilnvar                   0.135891    0.023252    0.000828    0.413765    0.093057    100.14    102.22    1.002
      ilnvar                   0.061805    0.016992    0.000001    0.268012    0.013735     34.81     58.64    1.034
      ilnvar                   0.286763    0.051555    0.000960    0.697944    0.240218     85.24     90.75    1.013
      ilnvar                   0.002066    0.000040    0.000001    0.011107    0.000214     49.32     54.67    1.011
      ilnvar                   0.247291    0.049177    0.001084    0.647915    0.193495    238.69    279.67    1.000
      ilnvar                   0.189214    0.061001    0.000001    0.657301    0.108100     61.33    160.49    1.064
      ilnvar                   0.416185    0.057300    0.033815    0.875909    0.365909    182.15    234.70    1.005
      ilnvar                   0.114739    0.025727    0.000021    0.391971    0.063999    108.37    170.57    1.016
      ilnvar                   0.018064    0.003029    0.000001    0.143800    0.000078     26.21     39.71    1.084
      ilnvar                   0.199835    0.059251    0.000003    0.675962    0.124882     43.11     44.98    1.009
      ilnvar                   0.045496    0.004455    0.000001    0.180307    0.016829     28.06     32.65    1.019
      ilnvar                   0.113910    0.018294    0.000013    0.390328    0.068267     26.56     36.42    1.076
      ilnvar                   0.040707    0.005665    0.000002    0.201398    0.005518     24.26     26.44    1.074
      ilnvar                   0.174586    0.069035    0.000031    0.667167    0.083236    123.81    196.50    1.024
      ilnvar                   0.115146    0.025659    0.000020    0.417201    0.063214    111.00    115.95    1.004
      ilnvar                   0.266337    0.096596    0.000363    0.868889    0.170131     68.42    104.99    1.004
      ilnvar                   0.093021    0.015100    0.000015    0.332797    0.050754     56.87     77.44    1.009
      ilnvar                   0.035775    0.003549    0.000069    0.136790    0.015203     52.74     58.01    1.019
      ilnvar                   0.054375    0.006240    0.000015    0.208731    0.025117     66.08     70.15    1.045
      ilnvar                   0.022211    0.001680    0.000005    0.103132    0.005334     27.04     42.93    1.000
      ilnvar                   0.286956    0.095896    0.000035    0.853899    0.212524     63.47     68.05    1.001
      ilnvar                   0.029543    0.003572    0.000003    0.146483    0.005665     58.38     69.98    1.007
      ilnvar                   0.486098    0.300893    0.000101    1.530875    0.312294   1062.08   1388.88    1.000
      ilnvar                   0.000564    0.000004    0.000001    0.003273    0.000024     23.18     24.16    1.000
      ilnvar                   0.086461    0.022507    0.000001    0.367464    0.027980    145.66    153.20    1.000
      ilnvar                   0.038827    0.005841    0.000001    0.171320    0.008788     47.55     53.64    1.010
      ilnvar                   0.049967    0.008515    0.000001    0.205105    0.016692     98.10    129.64    1.004
      ilnvar                   0.084573    0.019012    0.000012    0.352897    0.024343     30.49     34.21    1.001
      ilnvar                   0.013464    0.001003    0.000001    0.077993    0.001493     21.98     25.66    1.001
      ilnvar                   0.146673    0.014219    0.000127    0.368913    0.122399     64.58     88.76    1.000
      ilnvar                   0.524460    0.136867    0.004346    1.217857    0.450339    157.43    168.43    1.003
      ilnvar                   0.098333    0.020825    0.000017    0.350756    0.051805     93.94    134.75    1.002
      ilnvar                   0.014853    0.000844    0.000005    0.072748    0.002769     40.53     45.16    1.001
      ilnvar                   0.020355    0.001514    0.000001    0.093206    0.004224     38.70     51.03    1.010
      ilnvar                   0.119305    0.036708    0.000170    0.490960    0.041479     62.03    102.91    1.010
      ilnvar                   0.027009    0.003189    0.000001    0.131324    0.003542     32.21     42.80    1.005
      ilnvar                   0.490284    0.231198    0.000374    1.427447    0.355046    163.58    187.61    1.004
      ilnvar                   0.065983    0.013763    0.000001    0.316939    0.003668     39.82     41.19    1.271
      ilnvar                   0.280530    0.049700    0.002495    0.704368    0.230446    126.51    128.19    1.018
      ilnvar                   0.000417    0.000002    0.000001    0.002095    0.000026     42.59     43.31    1.014
      ilnvar                   0.391200    0.413999    0.000001    1.724441    0.086740     37.70     57.33    1.002
      ilnvar                   0.037306    0.003450    0.000001    0.155182    0.011969     28.22     40.49    1.008
      ilnvar                   0.252167    0.037084    0.000540    0.608912    0.212414     62.29     99.80    1.020
      ilnvar                   0.015963    0.001287    0.000001    0.073346    0.002904     76.88     93.24    1.007
      ilnvar                   0.089832    0.017657    0.000021    0.337592    0.041102     65.68     73.65    1.005
      ilnvar                   0.010617    0.000687    0.000001    0.059203    0.000859     50.59     51.07    1.006
      ilnvar                   0.072323    0.008813    0.000086    0.258166    0.039499     55.03     63.28    1.001
