      alpha_symdir{1}   5.541371    2.205936    2.985815    8.452574    5.325528  11945.68  12688.81    1.000
      alpha_symdir{1}   5.275924    2.311111    2.658704    8.253162    5.049285  12680.34  12902.20    1.000
      alpha_symdir{1}   5.380490    2.188244    2.848407    8.307020    5.153816  12966.02  13101.82    1.000
      alpha_symdir{1}   5.679229    2.500191    2.937356    8.792260    5.445511  12944.62  13115.10    1.000
      alpha_symdir{1}   5.452603    2.382975    2.835462    8.546070    5.224727  10611.25  11018.52    1.000
      alpha_symdir{1}   4.050632    1.627552    1.981871    6.661547    3.835753  12584.76  12948.72    1.000
      alpha_symdir{1}   6.200771    2.802141    3.303325    9.533160    5.953454  13924.75  14027.25    1.000
      alpha_symdir{1}   3.966062    1.583600    1.934094    6.494557    3.735735  13138.98  13638.75    1.000
      alpha_symdir{1}   6.248955    3.112894    3.191012    9.731659    6.013113  13304.91  13408.57    1.000
      alpha_symdir{1}   6.182102    2.692159    3.353530    9.464584    5.929293  11461.61  11896.58    1.000
      alpha_symdir{1}   5.029372    2.078766    2.600747    7.926474    4.802547  11288.22  11894.59    1.000
      alpha_symdir{1}   4.140740    2.027508    1.878079    7.046442    3.886854  13024.23  13341.85    1.000
      alpha_symdir{1}   5.275203    2.500305    2.541312    8.340097    5.038770  12610.75  12875.93    1.000
      alpha_symdir{1}   4.430982    2.270074    1.948119    7.409362    4.175321  13479.10  13764.01    1.000
      alpha_symdir{1}   7.156295    3.318423    4.014738   10.844410    6.903089  13340.84  13640.01    1.000
      alpha_symdir{1}   7.079413    3.234688    3.952034   10.672560    6.849087  13065.10  13158.32    1.000
      alpha_symdir{1}   6.594685    3.118463    3.570078   10.176300    6.347082  12904.82  12971.41    1.000
      alpha_symdir{1}   4.423859    1.906771    2.106112    7.179618    4.199490  13351.21  13616.85    1.000
      alpha_symdir{1}   4.748796    2.590762    2.130923    8.017092    4.489260  13796.13  14191.78    1.000
      alpha_symdir{1}   3.555106    1.683450    1.481069    6.136297    3.311010  12876.74  13532.85    1.000
      alpha_symdir{1}   6.169852    2.660721    3.301496    9.384577    5.943432  12941.64  13000.62    1.000
      alpha_symdir{1}   5.120187    2.419092    2.464454    8.146264    4.862538  13934.25  13975.59    1.000
      alpha_symdir{1}   6.011291    2.901914    3.133144    9.421726    5.770745  11408.03  11991.55    1.000
      alpha_symdir{1}   4.908891    2.220135    2.446100    7.917699    4.669685  13867.79  13932.71    1.000
      alpha_symdir{1}   4.731384    1.843668    2.475983    7.434871    4.512453  12855.41  12889.59    1.000
      alpha_symdir{1}   6.891402    3.519164    3.555807   10.549860    6.635814  13330.21  13530.53    1.000
      alpha_symdir{1}   6.604309    3.138961    3.586851   10.183460    6.361505  12855.20  13022.03    1.000
      alpha_symdir{1}   7.615213    3.817093    4.168653   11.479150    7.378491  13667.02  13735.86    1.000
      alpha_symdir{1}   6.048307    2.874384    3.158381    9.393947    5.801038  12779.67  13099.53    1.000
      alpha_symdir{1}   6.090756    2.860501    3.215939    9.469548    5.853795  13244.21  13464.51    1.000
      alpha_symdir{1}   4.557461    1.572469    2.457054    7.075598    4.358674  12243.99  12254.85    1.000
      alpha_symdir{1}   5.064085    1.983882    2.666424    7.867720    4.854063  12240.03  12786.57    1.000
      alpha_symdir{1}   4.940657    2.066292    2.538446    7.819510    4.711416  12624.02  12857.65    1.000
      alpha_symdir{1}   4.124769    1.845035    1.963279    6.881386    3.880448  13667.40  13942.16    1.000
      alpha_symdir{1}   5.084443    2.098814    2.693667    8.005055    4.853154  13055.07  13072.79    1.000
      alpha_symdir{1}   5.872890    3.108796    2.975610    9.511228    5.609541  13946.18  14018.26    1.000
      alpha_symdir{1}   4.039809    1.807816    1.826007    6.733433    3.810356  12023.96  12391.89    1.000
      alpha_symdir{1}   4.131540    2.047007    1.780433    7.002633    3.880508  13710.20  13723.28    1.000
      alpha_symdir{1}   4.091391    1.637606    1.981686    6.596973    3.867137  14227.86  14332.20    1.000
      alpha_symdir{1}   5.416313    2.774928    2.496251    8.612867    5.155219  12701.85  12942.36    1.000
      alpha_symdir{1}   5.854886    2.476820    3.173928    9.051651    5.634883  12184.03  12209.26    1.000
      alpha_symdir{1}   4.429180    2.059169    2.039866    7.271632    4.188962  12880.94  12988.03    1.000
      alpha_symdir{1}   5.809926    2.547587    3.053826    8.953642    5.568030  13568.93  13744.26    1.000
      alpha_symdir{1}   6.619943    3.089873    3.563577   10.132300    6.378537  12702.66  12950.47    1.000
      alpha_symdir{1}   4.977572    1.901449    2.701172    7.768065    4.764276  12783.54  13028.02    1.000
      alpha_symdir{1}   4.301707    2.031655    1.982906    7.148534    4.058165  11567.96  12127.99    1.000
      alpha_symdir{1}   5.279814    2.274357    2.769147    8.312825    5.037270  11839.71  12270.98    1.000
      alpha_symdir{1}   3.466936    1.332592    1.667491    5.777280    3.241600   9354.27   9725.46    1.000
      alpha_symdir{1}   5.014816    2.051139    2.654779    7.938031    4.786241  12930.02  13117.91    1.000
      alpha_symdir{1}   5.589487    2.433961    2.892503    8.644832    5.344132  12966.12  13024.12    1.000
      alpha_symdir{1}   5.201485    2.575965    2.456614    8.348576    4.940549  12931.99  13255.26    1.000
      alpha_symdir{1}   3.571875    1.443131    1.669230    5.978437    3.347740  12346.50  12765.73    1.000
      alpha_symdir{1}   3.530402    1.392601    1.616027    5.853196    3.317577  13369.66  13422.23    1.000
      alpha_symdir{1}   5.654641    2.511998    2.961406    8.814384    5.409108  12002.84  12887.91    1.000
      alpha_symdir{1}   7.025307    3.578143    3.791812   10.885610    6.786553  12146.81  13117.93    1.000
      alpha_symdir{1}   5.041493    2.258328    2.515061    8.012708    4.805949  12914.80  13116.34    1.000
      alpha_symdir{1}   6.477287    2.962047    3.476901    9.918848    6.249864  13174.08  13388.19    1.000
      alpha_symdir{1}   5.704508    2.773447    2.830511    8.991561    5.462648  13618.19  13936.97    1.000
      alpha_symdir{1}   3.604381    1.236744    1.785964    5.793190    3.397299  11894.18  12341.23    1.000
      alpha_symdir{1}   6.741993    3.315840    3.551769   10.341230    6.507232  12393.50  13245.44    1.000
      alpha_symdir{1}   5.161915    2.665341    2.355836    8.377168    4.899679  13633.63  14098.94    1.000
      alpha_symdir{1}   4.979176    1.979031    2.611017    7.769040    4.753889  13199.65  13224.14    1.000
      alpha_symdir{1}   4.289000    1.886632    2.025403    7.035581    4.050037  13523.53  13668.38    1.000
      alpha_symdir{1}   7.871054    3.875748    4.459896   11.825370    7.609125  12960.12  13228.64    1.000
      alpha_symdir{1}   4.497974    1.644708    2.330409    7.050374    4.294810  11980.27  11988.93    1.000
      alpha_symdir{1}   5.604016    2.308563    3.058401    8.646437    5.377651  12158.14  12624.37    1.000
      alpha_symdir{1}   4.153036    1.894035    1.862017    6.845950    3.906493  12851.27  13075.93    1.000
      alpha_symdir{1}   4.804652    2.144032    2.382541    7.744620    4.553634  12726.39  12979.93    1.000
      alpha_symdir{1}   5.570237    2.539990    2.865715    8.738783    5.338156  13648.84  13778.93    1.000
      alpha_symdir{1}   5.984538    2.932302    3.133636    9.490283    5.730121  12195.62  12979.48    1.000
      alpha_symdir{1}   5.502248    2.494580    2.823885    8.658055    5.269513  13323.71  13578.89    1.000
      alpha_symdir{1}   4.733908    2.036250    2.311673    7.548274    4.505818  12242.59  12466.00    1.000
      alpha_symdir{1}   6.408086    2.759696    3.567483    9.771795    6.176469  12649.40  13241.02    1.000
      alpha_symdir{1}   5.253802    2.366966    2.620603    8.291538    5.022573  12967.95  13414.77    1.000
      alpha_symdir{1}   5.473054    2.668477    2.666992    8.727973    5.222948  13553.97  13776.19    1.000
      alpha_symdir{1}   2.842907    3.365043    0.000002    5.888228    2.891082      9.46     25.64    1.018
      alpha_symdir{1}   7.114274    3.621872    3.768107   10.894370    6.854342  10777.24  11867.37    1.000
      alpha_symdir{1}   4.913545    2.449801    2.342718    8.081153    4.659004  13474.16  14058.02    1.000
      alpha_symdir{1}   6.198146    2.812595    3.257924    9.445910    5.965309  13196.24  13481.00    1.000
      alpha_symdir{1}   3.708771    1.526919    1.714159    6.215703    3.488073  13061.51  13247.65    1.000
      alpha_symdir{1}   5.463819    2.241341    2.914973    8.421011    5.230844  11946.57  12473.52    1.000
      alpha_symdir{1}   5.338455    2.057601    2.903297    8.195449    5.122646  10394.84  11295.48    1.000
      alpha_symdir{1}   5.927880    2.810387    3.035306    9.256517    5.678871  12231.72  12918.83    1.000
      alpha_symdir{1}   5.987293    2.643423    3.184138    9.241600    5.750713  13316.07  13707.00    1.000
      alpha_symdir{1}   5.155269    2.373601    2.520575    8.181604    4.912215  14048.31  14067.59    1.000
      alpha_symdir{1}   5.034274    2.034547    2.605744    7.863587    4.818363  11941.43  12293.38    1.000
      alpha_symdir{1}   5.179966    2.333178    2.621687    8.233815    4.941339  12915.50  13059.61    1.000
      alpha_symdir{1}   4.016904    1.670521    1.966235    6.642303    3.778845  12912.46  13301.50    1.000
      alpha_symdir{1}   3.894433    1.589609    1.870880    6.404719    3.670313  13456.54  13476.37    1.000
      alpha_symdir{1}   5.133504    2.264306    2.642721    8.187976    4.887415  13290.33  13483.33    1.000
      alpha_symdir{1}   6.444137    3.177227    3.390730   10.006340    6.203783  12605.77  13135.84    1.000
      alpha_symdir{1}   5.560394    2.240316    3.006811    8.597223    5.339253  11441.81  12450.17    1.000
      alpha_symdir{1}   7.498453    3.445803    4.247287   11.191710    7.261907  13408.26  13767.80    1.000
      alpha_symdir{1}   3.883956    1.609131    1.886192    6.473561    3.656317  13013.07  13305.26    1.000
      alpha_symdir{1}   7.045987    3.263280    3.951181   10.658290    6.801887  11934.81  12437.23    1.000
      alpha_symdir{1}   6.713549    2.956692    3.732358   10.154600    6.475392  12240.00  12682.79    1.000
      alpha_symdir{1}   4.289146    1.952016    1.985946    7.070242    4.052555  14167.92  14232.73    1.000
      alpha_symdir{1}   4.705038    2.064234    2.304126    7.553033    4.470601  12905.59  13417.55    1.000
      alpha_symdir{1}   5.750770    2.308358    3.187752    8.832716    5.515179  12291.27  12473.35    1.000
      alpha_symdir{1}   4.944405    2.247824    2.421811    7.903289    4.699397  11390.65  11962.38    1.000
