RFdist
0.2325581
0.3611111
0.1590909
0.4772727
0.3636364
0.2
0.1538462
0.1363636
0.3448276
0.4444444
0.3421053
0.1875
0.1304348
0.1875
0.4186047
0.173913
0.3953488
0.2105263
0.4285714
0.1875
0.2391304
0.25
0.3548387
0.3076923
0.175
0.1851852
0.3529412
0.4
0.2962963
0.2564103
0.2195122
0.3243243
0.1621622
0.2941176
0.2826087
0.25
0.2222222
0.2727273
0.3157895
0.32
0.4255319
0.2068966
0.2340426
0.3829787
0.3783784
0.3703704
0.35
0.125
0.3030303
0.1777778
0.2173913
0.05555556
0.2631579
0.3666667
0.15625
0.1428571
0.4047619
0.2727273
0.1
0.2162162
0.1111111
0.3
0.24
0.2444444
0.3023256
0.325
0.4117647
0.4090909
0.2692308
0.3461538
0.475
0.4074074
0.25
0.5217391
0.3076923
0.1666667
0.3076923
0.2666667
0.3902439
0.05263158
0.3684211
0.3409091
0.1794872
0.2857143
0.3684211
0.2368421
0.3666667
0.4
0.3461538
0.2083333
0.1860465
0.1714286
0.2391304
0.3125
0.325
0.3695652
0.1333333
0.1785714
0.2894737
0.3548387
