      ilnvar                   0.022593    0.000993    0.000114    0.088032    0.011090     26.10     31.39    1.001
      ilnvar                   0.008837    0.000411    0.000001    0.045748    0.001041     24.29     28.70    1.037
      ilnvar                   0.038868    0.002653    0.000017    0.148742    0.014570     23.33     23.76    1.030
      ilnvar                   0.038950    0.002285    0.000144    0.132005    0.022714     39.59     39.65    1.000
      ilnvar                   0.094310    0.006309    0.001348    0.250073    0.076164     22.31     35.72    1.018
      ilnvar                   0.054886    0.004519    0.000098    0.182177    0.033562     57.30     71.49    1.025
      ilnvar                   0.012522    0.000464    0.000019    0.056356    0.002986     15.33     26.98    1.037
      ilnvar                   0.166739    0.026276    0.000726    0.457102    0.126093     92.52    140.37    1.000
      ilnvar                   0.053593    0.003899    0.000150    0.182542    0.031155     63.58     72.42    1.005
      ilnvar                   0.077931    0.007241    0.000053    0.244547    0.052799     11.67     30.16    1.074
      ilnvar                   0.159159    0.013079    0.001859    0.363230    0.137012     35.67     41.25    1.001
      ilnvar                   0.259954    0.096292    0.000505    0.841904    0.162570    177.46    198.45    1.001
      ilnvar                   0.120225    0.022341    0.000126    0.416960    0.068528     57.65     57.72    1.000
      ilnvar                   0.207970    0.050232    0.000048    0.636120    0.142342    118.27    158.47    1.010
      ilnvar                   0.159308    0.014472    0.006034    0.387201    0.138307     22.81     33.89    1.002
      ilnvar                   0.164929    0.017175    0.002769    0.424498    0.129256     41.53     52.56    1.004
      ilnvar                   0.129230    0.009883    0.003051    0.311020    0.107613     77.32     84.68    1.002
      ilnvar                   0.157593    0.036300    0.000463    0.507231    0.098915     63.92     66.69    1.010
      ilnvar                   0.218717    0.106688    0.000083    0.804613    0.108991    452.22    490.95    1.000
      ilnvar                   0.100555    0.028729    0.000005    0.381122    0.045063     36.75     67.08    1.000
      ilnvar                   0.026282    0.001424    0.000010    0.099577    0.011090     14.78     20.71    1.000
      ilnvar                   0.057482    0.005013    0.000685    0.195614    0.033237     58.58    100.02    1.002
      ilnvar                   0.153190    0.020906    0.002833    0.425291    0.115351     55.95     63.14    1.002
      ilnvar                   0.138075    0.022060    0.000377    0.413287    0.095349     64.57     74.78    1.011
      ilnvar                   0.045444    0.002522    0.000141    0.146154    0.027988     27.58     31.35    1.027
      ilnvar                   0.041494    0.003973    0.000091    0.161081    0.017459     37.42     41.19    1.020
      ilnvar                   0.007482    0.000465    0.000001    0.039152    0.000498     21.16     22.44    1.026
      ilnvar                   0.015458    0.000903    0.000027    0.060953    0.006004     22.36     37.50    1.000
      ilnvar                   0.352183    0.078949    0.004233    0.856209    0.289253     51.30     62.02    1.025
      ilnvar                   0.087951    0.005377    0.000530    0.227828    0.073492     30.95     51.50    1.048
      ilnvar                   0.031815    0.002140    0.000250    0.115028    0.015604     24.92     39.17    1.074
      ilnvar                   0.168047    0.019057    0.009940    0.428418    0.134001     55.34     64.15    1.000
      ilnvar                   0.003390    0.000122    0.000001    0.021566    0.000110     15.26     15.57    1.134
      ilnvar                   0.196341    0.036794    0.000382    0.549198    0.144102    217.39    242.19    1.003
      ilnvar                   0.005120    0.000140    0.000001    0.026758    0.000448     13.16     18.44    1.091
      ilnvar                   0.022614    0.001815    0.000001    0.111278    0.003508     30.62     33.81    1.013
      ilnvar                   0.008053    0.000248    0.000001    0.038385    0.001684     25.55     29.17    1.005
      ilnvar                   0.117445    0.022837    0.001305    0.371352    0.074931     41.68     68.25    1.000
      ilnvar                   0.026183    0.001268    0.000017    0.097047    0.013026     76.10     84.76    1.003
      ilnvar                   0.020209    0.002447    0.000003    0.084563    0.003522     34.86     48.19    1.029
      ilnvar                   0.002191    0.000065    0.000001    0.008912    0.000120     24.62     25.92    1.035
      ilnvar                   0.090679    0.008070    0.000039    0.268037    0.065165     25.00     66.74    1.031
      ilnvar                   0.018991    0.001378    0.000001    0.096258    0.002855     20.63     24.09    1.047
      ilnvar                   0.012354    0.000654    0.000002    0.062416    0.002026     13.80     16.59    1.035
      ilnvar                   0.023197    0.001545    0.000001    0.105635    0.005868     22.78     26.14    1.068
      ilnvar                   0.119490    0.012621    0.000135    0.347201    0.087169     33.77     71.37    1.006
      ilnvar                   0.011872    0.000335    0.000015    0.042175    0.005165     39.81     41.31    1.025
      ilnvar                   0.137532    0.018354    0.001295    0.397926    0.098859     92.10     99.83    1.011
      ilnvar                   0.074798    0.005376    0.000471    0.214145    0.053936     34.01     64.85    1.004
      ilnvar                   0.008168    0.000191    0.000026    0.034860    0.002217     12.62     20.64    1.010
      ilnvar                   0.104007    0.039747    0.000005    0.499769    0.011073     30.00     32.64    1.089
      ilnvar                   0.055155    0.012913    0.000001    0.258659    0.011163     25.95     39.11    1.008
      ilnvar                   0.244127    0.051696    0.000937    0.668048    0.185216    108.93    138.78    1.003
      ilnvar                   0.008312    0.000258    0.000001    0.040191    0.001903     28.33     33.19    1.007
      ilnvar                   0.063300    0.008146    0.000004    0.247445    0.025475      9.80     36.34    1.256
      ilnvar                   0.088125    0.006500    0.000453    0.242788    0.066150     35.24     44.16    1.006
      ilnvar                   0.036475    0.002410    0.000003    0.140684    0.016054     22.30     40.89    1.468
      ilnvar                   0.115325    0.013816    0.000338    0.334584    0.085425     62.19     70.86    1.000
      ilnvar                   0.470120    0.114617    0.043371    1.098678    0.389861    220.58    254.28    1.001
      ilnvar                   0.003144    0.000064    0.000001    0.016204    0.000294     19.64     25.73    1.014
      ilnvar                   0.030937    0.003265    0.000008    0.128654    0.010484    110.05    129.50    1.007
      ilnvar                   0.009500    0.000404    0.000001    0.041746    0.001416     14.28     17.97    1.000
      ilnvar                   0.020527    0.001428    0.000001    0.094381    0.005191     17.09     44.78    1.073
      ilnvar                   0.022364    0.001487    0.000001    0.106136    0.004502     14.68     18.51    1.045
      ilnvar                   0.107049    0.008576    0.001774    0.285737    0.082569     36.51     36.55    1.054
      ilnvar                   0.051169    0.008541    0.000045    0.185351    0.022153     35.83     38.69    1.024
      ilnvar                   0.321095    0.101651    0.001429    0.950897    0.222354     79.06    123.87    1.009
      ilnvar                   0.096080    0.035062    0.000330    0.365003    0.040929     61.18     80.71    1.004
      ilnvar                   0.021119    0.001708    0.000010    0.099381    0.002600     15.59     27.72    1.036
      ilnvar                   0.074744    0.009434    0.000804    0.260033    0.040320     41.95     64.86    1.004
      ilnvar                   0.012949    0.000711    0.000001    0.063363    0.001678     14.03     15.94    1.103
      ilnvar                   0.109895    0.012342    0.000091    0.327181    0.081830     20.24     39.83    1.010
      ilnvar                   0.122603    0.010323    0.000924    0.318017    0.101999     24.37     43.10    1.004
      ilnvar                   0.024658    0.002229    0.000006    0.104029    0.007617     52.75     67.32    1.011
      ilnvar                   0.082018    0.011740    0.000101    0.297938    0.043893     29.68     35.00    1.034
      ilnvar                   0.072415    0.022598    0.000011    0.279113    0.028273    461.88    528.25    1.002
      ilnvar                   0.016104    0.000686    0.000001    0.073408    0.005154     10.09     21.42    1.005
      ilnvar                   0.034428    0.003422    0.000010    0.146909    0.010593     62.16     71.17    1.000
      ilnvar                   0.051249    0.002876    0.000039    0.154424    0.036887     21.88     44.20    1.001
      ilnvar                   0.021798    0.000935    0.000032    0.079764    0.010994    115.80    127.37    1.000
      ilnvar                   0.322714    0.055247    0.002318    0.767926    0.274931     31.51     52.42    1.005
      ilnvar                   0.002809    0.000131    0.000001    0.012798    0.000105     23.73     28.84    1.007
      ilnvar                   0.023228    0.000941    0.000060    0.082607    0.012695     22.17     38.85    1.007
      ilnvar                   0.029774    0.001749    0.000024    0.107703    0.014094     22.60     25.08    1.061
      ilnvar                   0.095821    0.047963    0.000012    0.381412    0.028244     33.49     53.43    1.001
      ilnvar                   0.012861    0.000442    0.000009    0.052745    0.004422     30.42     36.74    1.003
      ilnvar                   0.096033    0.012699    0.000016    0.302380    0.062860     25.28     41.03    1.111
      ilnvar                   0.109466    0.015845    0.000088    0.346752    0.071142     79.46     88.53    1.001
      ilnvar                   0.174834    0.039529    0.001271    0.529977    0.118609     54.75     90.25    1.009
      ilnvar                   0.090894    0.013500    0.000532    0.303169    0.053603     55.38     80.02    1.003
      ilnvar                   0.003937    0.000052    0.000027    0.016529    0.001185     16.22     18.25    1.024
      ilnvar                   0.016080    0.001113    0.000001    0.083233    0.001405     18.81     19.43    1.032
      ilnvar                   0.000067    0.000000    0.000001    0.000337    0.000013     16.98     17.81    1.021
      ilnvar                   0.341291    0.154763    0.000021    1.090881    0.222860     58.78     84.84    1.001
      ilnvar                   0.071911    0.004503    0.000851    0.204575    0.054658     22.00     34.77    1.001
      ilnvar                   0.026195    0.001868    0.000002    0.109774    0.007383     16.19     18.26    1.016
      ilnvar                   0.026256    0.002155    0.000002    0.118453    0.007296     15.85     43.03    1.082
      ilnvar                   0.051757    0.003800    0.000016    0.175115    0.030108     25.69     60.14    1.017
      ilnvar                   0.409574    0.055310    0.053121    0.857061    0.359518     57.35     71.77    1.006
      ilnvar                   0.006571    0.000256    0.000006    0.029332    0.001189     28.17     31.77    1.021
