RFdist
0.2839506
0.3650794
0.1428571
0.2439024
0.195122
0.2727273
0.1780822
0.1707317
0.2222222
0.0952381
0.2753623
0.2413793
0.1363636
0.0625
0.2105263
0.1494253
0.3164557
0.05555556
0
0.2903226
0.1904762
0.3
0.1785714
0.2083333
0.2054795
0.2916667
0.1875
0.1746032
0.1428571
0.1315789
0.2207792
0.3650794
0.06849315
0.25
0.175
0.07692308
0.2307692
0.1794872
0.1764706
0.375
0.2771084
0.122807
0.1860465
0.2926829
0.21875
0.2692308
0.3513514
0.06382979
0.3442623
0.1034483
0.2195122
0.05882353
0.1428571
0.25
0.1
0.04347826
0.175
0.1904762
0.2105263
0.1714286
0.05555556
0.2328767
0.04
0.1566265
0.2839506
0.1944444
0.2258065
0.35
0.2
0.2093023
0.1578947
0.375
0.1842105
0.3023256
0.1666667
0
0.3529412
0.2413793
0.2105263
0.1111111
0.1506849
0.1724138
0.2054795
0.15625
0.1176471
0.1304348
0.3214286
0.2941176
0.1666667
0.3043478
0.1529412
0.1884058
0.2926829
0.3103448
0.2676056
0.2839506
0.08474576
0.05660377
0.3150685
0.2280702
