      clockrate{all}                1.182783    0.035318    0.898825    1.573953    1.135770     19.19     19.75    1.248
      clockrate{all}                1.087860    0.010307    0.894097    1.287347    1.080483     76.69    101.27    1.001
      clockrate{all}                1.012089    0.003845    0.892056    1.134250    1.010499    277.89    303.98    1.001
      clockrate{all}                1.016203    0.004993    0.883812    1.157149    1.011855     66.59    265.16    1.001
      clockrate{all}                0.990529    0.004532    0.858767    1.123298    0.988790    307.55    327.90    1.008
      clockrate{all}                1.275839    0.022863    1.017605    1.546497    1.260631     50.08    115.95    1.004
      clockrate{all}                1.024759    0.003603    0.906862    1.141509    1.023375   1066.53   1111.13    1.006
      clockrate{all}                1.957434    0.167104    1.242892    2.763126    1.911394     24.90     89.50    1.004
      clockrate{all}                1.146490    0.009876    0.962401    1.351144    1.142662    662.12    884.68    1.000
      clockrate{all}                1.096428    0.005563    0.945951    1.240969    1.094279    365.11    387.78    1.000
      clockrate{all}                0.990079    0.004830    0.856383    1.128463    0.988076    116.42    197.36    1.000
      clockrate{all}                1.279461    0.051166    0.859831    1.723928    1.257744    207.24    244.58    1.011
      clockrate{all}                1.160320    0.012219    0.940977    1.372317    1.155507    266.37    272.67    1.009
      clockrate{all}                1.378902    0.091331    0.853547    1.970824    1.334527    127.25    249.94    1.003
      clockrate{all}                0.957042    0.003570    0.844004    1.075850    0.955239    490.77    503.35    1.000
      clockrate{all}                1.185568    0.004527    1.054407    1.315253    1.184266    715.68    742.63    1.001
      clockrate{all}                1.018712    0.004281    0.888706    1.144651    1.016906    945.51   1181.61    1.001
      clockrate{all}                1.215694    0.027732    0.933206    1.548502    1.195885    291.18    382.00    1.016
      clockrate{all}                1.659438    0.272050    0.830141    2.692670    1.559639    378.77    529.07    1.004
      clockrate{all}                1.212577    0.018526    0.967521    1.491940    1.201551     39.34     67.36    1.002
      clockrate{all}                1.181076    0.006951    1.017383    1.343422    1.177817     46.81    577.72    1.019
      clockrate{all}                1.090800    0.025610    0.811703    1.412504    1.065565     58.17     94.99    1.000
      clockrate{all}                1.282926    0.027215    0.984709    1.622976    1.270008    115.89    123.82    1.003
      clockrate{all}                1.097566    0.013069    0.881957    1.325462    1.090503    268.57    349.24    1.002
      clockrate{all}                1.183047    0.005862    1.035540    1.334133    1.181628    736.27    803.26    1.000
      clockrate{all}                1.138777    0.024902    0.854729    1.457605    1.116477     33.64     41.25    1.012
      clockrate{all}                1.218199    0.011372    1.016162    1.431513    1.213697    499.40    528.77    1.001
      clockrate{all}                0.983109    0.006386    0.832159    1.142814    0.981059    148.55    455.35    1.000
      clockrate{all}                1.230270    0.017596    0.981030    1.485449    1.220913     65.38    173.79    1.004
      clockrate{all}                1.022469    0.004779    0.887098    1.158473    1.020751    134.95    367.30    1.007
      clockrate{all}                1.195720    0.021739    0.924366    1.486886    1.179755     77.86     93.61    1.078
      clockrate{all}                1.240741    0.010092    1.048500    1.442576    1.238655    698.45    905.08    1.000
      clockrate{all}                1.037708    0.004765    0.906879    1.176242    1.035549    127.45    297.43    1.001
      clockrate{all}                1.313834    0.061005    0.901931    1.828349    1.273817     98.88    218.69    1.009
      clockrate{all}                1.041812    0.004259    0.918443    1.173483    1.040329    621.24    725.26    1.000
      clockrate{all}                1.003968    0.013155    0.788902    1.228942    0.993739     49.02     63.99    1.004
      clockrate{all}                1.331564    0.027868    1.040023    1.647780    1.311175    143.64    155.44    1.015
      clockrate{all}                1.164039    0.048549    0.808108    1.605769    1.126815     25.66     90.42    1.027
      clockrate{all}                1.703042    0.221992    0.978419    2.640839    1.619931     38.30     57.08    1.001
      clockrate{all}                1.153871    0.010858    0.955450    1.362685    1.147700    103.65    114.81    1.007
      clockrate{all}                1.037440    0.005120    0.898913    1.177507    1.035316    330.29    390.88    1.001
      clockrate{all}                1.180607    0.012067    0.974276    1.398978    1.172978     62.90    416.52    1.007
      clockrate{all}                1.087718    0.005918    0.937717    1.240003    1.086954     84.48    143.16    1.000
      clockrate{all}                1.119700    0.012328    0.916973    1.347919    1.107510     98.94    105.45    1.026
      clockrate{all}                1.055423    0.005742    0.905562    1.201388    1.053850    390.74    474.44    1.000
      clockrate{all}                1.119798    0.023384    0.874878    1.398277    1.099890     62.02     93.90    1.004
      clockrate{all}                1.217822    0.011322    1.020023    1.430311    1.210282    178.49    228.34    1.046
      clockrate{all}                1.420560    0.077570    0.947516    1.990282    1.375911    134.41    188.73    1.006
      clockrate{all}                1.059934    0.011583    0.853618    1.266602    1.051848     51.95     69.35    1.008
      clockrate{all}                0.996361    0.004361    0.867118    1.123814    0.992871     67.31    830.29    1.037
      clockrate{all}                1.118009    0.011477    0.915945    1.331317    1.112479    338.01    484.50    1.000
      clockrate{all}                1.189371    0.099785    0.765332    1.894680    1.096903     17.87     18.70    1.000
      clockrate{all}                1.617094    0.134262    0.983512    2.344575    1.574193    108.93    192.19    1.004
      clockrate{all}                1.222723    0.007609    1.057165    1.398574    1.219534    530.10    586.29    1.000
      clockrate{all}                1.173518    0.011438    0.971486    1.384178    1.167218    201.55    626.79    1.014
      clockrate{all}                1.046963    0.007251    0.880727    1.215648    1.044802    880.20    946.00    1.002
      clockrate{all}                0.964328    0.003686    0.849616    1.087742    0.962367    257.37    295.79    1.000
      clockrate{all}                1.189763    0.022221    0.921781    1.486446    1.171797    211.46    255.61    1.008
      clockrate{all}                1.399855    0.045081    1.046051    1.846980    1.365891     28.93     67.92    1.000
      clockrate{all}                1.212857    0.011078    1.008379    1.419916    1.209250     71.46    281.96    1.000
      clockrate{all}                1.213308    0.085335    0.732327    1.808800    1.161195    290.89    373.40    1.002
      clockrate{all}                0.998687    0.004667    0.862978    1.130885    0.996263    250.00    263.13    1.006
      clockrate{all}                1.023828    0.015297    0.814422    1.289183    1.004435     19.89    361.82    1.136
      clockrate{all}                0.982049    0.004019    0.864001    1.111139    0.980080     96.85    177.89    1.000
      clockrate{all}                1.096662    0.009139    0.922680    1.276916    1.088491     60.81    343.52    1.013
      clockrate{all}                1.041503    0.006420    0.892401    1.204787    1.038931    688.95    713.79    1.000
      clockrate{all}                1.489797    0.237694    0.827140    2.469501    1.358710     23.60     27.85    1.001
      clockrate{all}                1.307087    0.020868    1.038422    1.595595    1.292739     56.74     74.51    1.015
      clockrate{all}                1.646510    0.074422    1.173171    2.186521    1.608345    192.71    195.34    1.001
      clockrate{all}                1.264898    0.032510    0.962252    1.593897    1.239076     51.78     68.67    1.003
      clockrate{all}                1.136541    0.005627    0.985839    1.280531    1.134346    313.59    422.81    1.000
      clockrate{all}                1.035120    0.017339    0.799676    1.298703    1.018839    134.25    138.99    1.013
      clockrate{all}                1.039136    0.005771    0.892037    1.188414    1.037512    619.47    763.63    1.000
      clockrate{all}                1.114339    0.012168    0.906728    1.339045    1.108842     47.07    271.18    1.015
      clockrate{all}                1.079174    0.011020    0.881822    1.275752    1.069696     43.06     86.16    1.002
      clockrate{all}                1.830759    0.275778    0.981949    2.871932    1.739344    782.81    935.97    1.000
      clockrate{all}                1.023227    0.005401    0.880231    1.167490    1.021450    107.73    137.42    1.000
      clockrate{all}                1.460060    0.048909    1.064320    1.884478    1.436593     39.29     45.62    1.004
      clockrate{all}                0.987577    0.005194    0.851895    1.132563    0.983822    223.02    238.15    1.020
      clockrate{all}                1.276156    0.033955    0.945184    1.644785    1.250083    105.35    111.21    1.009
      clockrate{all}                1.154703    0.010222    0.967252    1.358090    1.148131     41.92    102.00    1.000
      clockrate{all}                0.973506    0.003226    0.863018    1.085868    0.972468    280.87    405.82    1.001
      clockrate{all}                1.021702    0.007914    0.849346    1.195413    1.018351    386.35    390.30    1.010
      clockrate{all}                1.211065    0.009666    1.022383    1.400449    1.205002     38.25    205.60    1.005
      clockrate{all}                1.216299    0.032979    0.917831    1.586213    1.188178     30.18     56.78    1.011
      clockrate{all}                1.069858    0.005148    0.931272    1.211806    1.068131    800.07    999.97    1.000
      clockrate{all}                1.349203    0.029215    1.049746    1.704094    1.328120     33.84     69.51    1.070
      clockrate{all}                1.310338    0.124293    0.827719    1.998605    1.202947     11.64     17.63    1.001
      clockrate{all}                1.152191    0.020756    0.896452    1.447198    1.134162     54.85     72.26    1.032
      clockrate{all}                1.112533    0.030745    0.825773    1.478588    1.080502     33.53     48.07    1.014
      clockrate{all}                1.063835    0.006443    0.907991    1.221071    1.063141    181.69    263.53    1.000
      clockrate{all}                1.171311    0.012501    0.965087    1.396307    1.159629     33.75    296.80    1.056
      clockrate{all}                1.111945    0.006512    0.955839    1.268158    1.110289    235.07    249.46    1.004
      clockrate{all}                2.606049    0.719048    1.314800    4.347235    2.420715     30.72     53.72    1.005
      clockrate{all}                1.161164    0.007771    0.996617    1.333420    1.155196     49.05    110.55    1.002
      clockrate{all}                1.106660    0.004523    0.973534    1.237337    1.105325    951.47   1056.90    1.001
      clockrate{all}                1.126806    0.012196    0.923523    1.354244    1.117480     41.96    187.51    1.056
      clockrate{all}                1.230352    0.029408    0.938246    1.580071    1.204098     48.02     83.90    1.001
      clockrate{all}                1.083050    0.005820    0.932631    1.229839    1.081269    403.21    423.97    1.001
      clockrate{all}                1.167163    0.008904    0.981722    1.350950    1.163717    487.17    573.91    1.010
