0.2093023
0.34375
0.25
0.2272727
0.2727273
0.3
0.1538462
0.2272727
0.2758621
0.2
0.05263158
0.3125
0.173913
0.1875
0.2790698
0.1086957
0.3488372
0.2631579
0.1428571
0.1875
0.2826087
0.25
0.1612903
0.2307692
0.2
0.2222222
0.3529412
0.2
0.1481481
0.1538462
0.2682927
0.2432432
0.1621622
0.3529412
0.1521739
0.25
0.1481481
0.2380952
0.2631579
0.36
0.3829787
0.06896552
0.2765957
0.212766
0.2702703
0.2222222
0.375
0.2916667
0.1818182
0.1777778
0.173913
0.1666667
0.1578947
0.2333333
0.25
0.1142857
0.3333333
0.1818182
0.25
0.1891892
0.1666667
0.25
0.24
0.1333333
0.255814
0.15
0.05882353
0.3181818
0.1538462
0.3076923
0.275
0.1481481
0.3
0.3478261
0.1153846
0.3333333
0.2820513
0.2
0.2682927
0.3157895
0.1842105
0.04545455
0.3589744
0.3428571
0.1052632
0.1842105
0.2666667
0.2
0.2307692
0.2083333
0.2207792
0.1714286
0.2391304
0.3125
0.15
0.173913
0.1333333
0.1785714
0.4736842
0.1935484
