      clockrate                1.048282    0.005155    0.912572    1.190908    1.044366    370.14    443.36    1.001
      clockrate                0.978937    0.004869    0.843572    1.117930    0.977727   1303.17   1437.53    1.000
      clockrate                1.029442    0.005973    0.881054    1.182251    1.025014     77.33    263.92    1.000
      clockrate                1.064870    0.003437    0.952348    1.181868    1.062737    150.07    459.29    1.009
      clockrate                0.956621    0.003205    0.847142    1.068548    0.954417    311.82    337.17    1.005
      clockrate                1.050570    0.011780    0.852102    1.274575    1.039746    365.81    476.43    1.002
      clockrate                0.914083    0.002992    0.809203    1.024330    0.911670    318.64    339.73    1.000
      clockrate                1.143324    0.028366    0.838998    1.473206    1.123958    104.84    130.10    1.000
      clockrate                1.140187    0.007381    0.971424    1.305206    1.136185   1517.01   1529.19    1.000
      clockrate                1.069918    0.004085    0.946450    1.195563    1.066788    197.62    304.33    1.007
      clockrate                1.008902    0.004650    0.883757    1.146991    1.003418    145.38    147.73    1.058
      clockrate                1.369580    0.065857    0.862919    1.847983    1.361222    260.00    392.79    1.000
      clockrate                0.989289    0.008534    0.806943    1.168192    0.985943   1011.62   1015.46    1.000
      clockrate                1.201666    0.078699    0.775539    1.772894    1.140385    270.14    279.44    1.001
      clockrate                0.978319    0.004795    0.847446    1.116643    0.974844    136.99    209.80    1.005
      clockrate                1.003641    0.003568    0.887570    1.119831    1.000971    132.49    307.06    1.002
      clockrate                1.027656    0.004247    0.903213    1.158357    1.024094    233.52    344.58    1.000
      clockrate                1.315844    0.072883    0.860778    1.856641    1.274504    202.63    269.84    1.001
      clockrate                1.169126    0.057249    0.792537    1.637127    1.124506    947.33    977.51    1.000
      clockrate                1.092501    0.030856    0.808627    1.440522    1.061460     60.17    165.14    1.024
      clockrate                0.927526    0.003271    0.819817    1.044148    0.925433    493.07    878.38    1.001
      clockrate                1.007249    0.005923    0.865158    1.163291    1.001930    857.55    893.57    1.000
      clockrate                1.179786    0.045015    0.830932    1.617033    1.140092    102.91    104.43    1.000
      clockrate                1.015941    0.008216    0.850336    1.202383    1.010419    418.94    501.23    1.000
      clockrate                0.991863    0.004202    0.866544    1.119243    0.988284    207.36    220.70    1.008
      clockrate                1.189654    0.017111    0.963379    1.453278    1.170276     50.42     56.04    1.036
      clockrate                1.140563    0.011724    0.940045    1.359351    1.132750    316.60    574.22    1.000
      clockrate                1.025417    0.004565    0.894257    1.157952    1.023009    734.18    844.71    1.000
      clockrate                1.056824    0.012544    0.843225    1.278772    1.047968    216.97    295.47    1.001
      clockrate                0.956953    0.003524    0.845610    1.076099    0.953626    182.87    348.78    1.040
      clockrate                1.163962    0.011389    0.963358    1.376309    1.155448    129.80    135.74    1.000
      clockrate                1.010789    0.004733    0.879444    1.146054    1.007381    158.38    185.16    1.000
      clockrate                0.970398    0.003882    0.850371    1.094720    0.967085    119.62    152.79    1.010
      clockrate                0.958634    0.014656    0.728608    1.196422    0.948309    615.45    979.90    1.000
      clockrate                1.018262    0.004083    0.899984    1.149208    1.013945    115.98    142.05    1.036
      clockrate                1.072879    0.014802    0.860190    1.317569    1.055113     82.20    174.30    1.031
      clockrate                1.306404    0.017694    1.064194    1.568203    1.292842    198.22    215.45    1.005
      clockrate                0.972508    0.012644    0.772434    1.199187    0.958433     89.44    115.23    1.004
      clockrate                1.048234    0.019322    0.794059    1.318236    1.031804    387.33    700.48    1.003
      clockrate                0.921476    0.004104    0.798638    1.049006    0.918032    521.02    607.14    1.008
      clockrate                1.054121    0.003661    0.936901    1.173728    1.051956    230.65    576.03    1.007
      clockrate                1.128852    0.029888    0.838651    1.481930    1.101462    207.80    235.25    1.004
      clockrate                1.054958    0.004620    0.924906    1.191439    1.051659    101.10    130.90    1.000
      clockrate                0.964011    0.004288    0.837262    1.092954    0.961200    462.11    530.75    1.005
      clockrate                0.939774    0.004349    0.812087    1.069656    0.936855    478.98    535.66    1.000
      clockrate                0.823665    0.005203    0.686804    0.967354    0.818944    928.70    950.18    1.000
      clockrate                0.978608    0.004480    0.851473    1.112872    0.976371    749.55   1023.02    1.000
      clockrate                1.009542    0.014543    0.786118    1.253365    0.998861    196.32    264.36    1.001
      clockrate                0.967455    0.004473    0.841044    1.102359    0.964063    210.91    273.98    1.001
      clockrate                1.073725    0.006022    0.931187    1.231158    1.067200     57.26    102.77    1.006
      clockrate                1.053953    0.016968    0.821900    1.310262    1.035304    133.57    172.00    1.000
      clockrate                1.217522    0.030679    0.914362    1.578865    1.192595    229.65    303.05    1.000
      clockrate                0.974248    0.016178    0.748227    1.235783    0.959041    518.95    533.79    1.000
      clockrate                1.131467    0.006931    0.977105    1.297518    1.123631    102.22    132.10    1.004
      clockrate                0.981532    0.007916    0.815441    1.161494    0.972741    124.03    246.01    1.012
      clockrate                1.096123    0.005739    0.952442    1.247796    1.093954   1375.89   1500.56    1.000
      clockrate                1.052510    0.004351    0.930342    1.187563    1.048248     81.74    104.55    1.008
      clockrate                1.220748    0.018375    0.969731    1.490244    1.205309    272.46    319.01    1.001
      clockrate                1.157549    0.016017    0.930373    1.399725    1.143207    126.57    244.47    1.002
      clockrate                1.082081    0.007998    0.917320    1.264774    1.075398    101.81    151.96    1.007
      clockrate                0.936885    0.019676    0.683435    1.215129    0.921439    236.97    289.12    1.004
      clockrate                1.052303    0.002865    0.950470    1.159607    1.051493    689.03    712.66    1.000
      clockrate                1.024197    0.008872    0.856545    1.224391    1.010939     33.73     62.27    1.008
      clockrate                0.996714    0.005635    0.860785    1.151595    0.987234     54.92     65.04    1.006
      clockrate                1.085512    0.004929    0.946746    1.221746    1.083449    598.34    719.11    1.000
      clockrate                0.962607    0.003735    0.844436    1.083413    0.960023    461.45    550.40    1.007
      clockrate                1.188652    0.018244    0.939898    1.437335    1.180724    359.74    454.44    1.000
      clockrate                0.983590    0.014746    0.763890    1.227372    0.970901    453.55    535.35    1.000
      clockrate                0.974711    0.008414    0.802728    1.155598    0.966707    219.12    305.12    1.002
      clockrate                1.004936    0.009506    0.823232    1.199009    0.996066    327.11    370.57    1.003
      clockrate                0.993635    0.003391    0.882977    1.110617    0.991796    773.24    798.29    1.001
      clockrate                1.153644    0.024015    0.874875    1.468005    1.138517    432.83    474.84    1.000
      clockrate                1.071153    0.007087    0.914738    1.241354    1.065769    116.37    216.76    1.003
      clockrate                1.049763    0.008576    0.874640    1.232730    1.043770    391.79    410.03    1.000
      clockrate                1.076145    0.008517    0.904435    1.256824    1.068158    194.94    205.97    1.000
      clockrate                1.132482    0.046727    0.737984    1.551501    1.110257   1052.07   1279.69    1.000
      clockrate                1.044293    0.004841    0.909170    1.181521    1.040951    185.60    233.93    1.004
      clockrate                1.393163    0.054124    1.008992    1.874846    1.355365    495.53    574.67    1.001
      clockrate                1.042238    0.005012    0.906618    1.181912    1.037645    301.49    349.00    1.001
      clockrate                0.907634    0.012388    0.701379    1.129223    0.897970    616.21    637.35    1.002
      clockrate                1.022465    0.005368    0.883248    1.169880    1.018633    136.07    159.38    1.002
      clockrate                0.988769    0.003570    0.872354    1.104900    0.986052    115.19    125.28    1.000
      clockrate                0.965356    0.004892    0.828641    1.102426    0.963381    147.94    217.10    1.000
      clockrate                1.057695    0.008146    0.888233    1.239376    1.049067    250.36    281.38    1.002
      clockrate                1.082727    0.016080    0.868259    1.339690    1.064013    231.57    238.12    1.009
      clockrate                0.928829    0.003991    0.809017    1.054262    0.926140    404.88    865.08    1.001
      clockrate                1.098128    0.015618    0.872105    1.348407    1.085911    138.65    214.09    1.000
      clockrate                0.979915    0.008633    0.802936    1.163125    0.973569    684.87    808.87    1.000
      clockrate                0.936496    0.007105    0.778204    1.105043    0.931047    349.09    364.31    1.004
      clockrate                1.128776    0.016954    0.897292    1.387188    1.111725    150.76    221.51    1.005
      clockrate                1.045534    0.005402    0.898954    1.187332    1.043475    255.43    507.22    1.000
      clockrate                1.107169    0.010203    0.930158    1.317030    1.094852    104.15    117.15    1.002
      clockrate                0.998916    0.005047    0.867287    1.136826    0.993730     69.01    110.55    1.036
      clockrate                1.236862    0.073461    0.782160    1.755114    1.194424    151.24    162.75    1.001
      clockrate                1.177174    0.021582    0.917370    1.478291    1.159634    141.45    161.25    1.009
      clockrate                0.979151    0.005364    0.838739    1.122919    0.973112    117.45    119.09    1.002
      clockrate                0.943422    0.008886    0.770321    1.133865    0.933258     86.25    115.92    1.001
      clockrate                1.070152    0.009781    0.886238    1.268104    1.059951    274.57    370.16    1.007
      clockrate                1.019539    0.005039    0.881621    1.158955    1.017023    133.95    180.31    1.000
      clockrate                1.049132    0.006536    0.892405    1.207282    1.045472    917.61    949.80    1.000
