      age[0]                   0.904435    0.000974    0.850692    0.966108    0.899307    1.002    2
      age[0]                   0.983376    0.000391    0.954717    1.020332    0.979803    1.001    2
      age[0]                   0.986144    0.000882    0.931969    1.046770    0.982360    1.000    2
      age[0]                   0.997967    0.000744    0.947706    1.050969    0.996192    1.008    2
      age[0]                   1.011394    0.000683    0.964488    1.066713    1.008656    1.005    2
      age[0]                  1.007290    0.001583    0.931057    1.086995    1.004485    1.009    2
      age[0]                   1.038985    0.000602    0.993805    1.089225    1.037332    1.000    2
      age[0]                  0.856848    0.007044    0.723875    1.016588    0.842172    1.001    2
      age[0]                  0.992053    0.000611    0.947936    1.042825    0.989558    1.000    2
      age[0]                   0.947109    0.000604    0.902944    0.997344    0.944793    1.000    2
      age[0]                  0.978654    0.002062    0.897184    1.066959    0.976641    1.050    2
      age[0]                  0.873727    0.004165    0.831186    0.996384    0.850638    1.000    2
      age[0]                  0.916461    0.001651    0.857038    0.991438    0.910304    1.000    2
      age[0]                  0.937692    0.004478    0.817984    1.069613    0.927188    1.001    2
      age[0]                   1.019380    0.001117    0.958904    1.088036    1.016467    1.000    2
      age[0]                   1.015114    0.000843    0.961933    1.074380    1.012467    1.014    2
      age[0]                   1.002571    0.000605    0.966253    1.049311    0.997905    1.002    2
      age[0]                  0.988668    0.004115    0.870099    1.115183    0.981101    1.000    2
      age[0]                  0.861332    0.010165    0.667979    1.061525    0.854529    1.000    2
      age[0]                  1.003260    0.001579    0.951809    1.078036    0.995090    1.012    2
      age[0]                   0.963918    0.000603    0.920130    1.014093    0.961242    1.001    2
      age[0]                  1.005996    0.000423    0.979083    1.046204    1.001643    1.000    2
      age[0]                  0.921189    0.003421    0.809686    1.035212    0.918354    1.000    2
      age[0]                  0.939084    0.001096    0.873776    1.002205    0.936772    1.002    2
      age[0]                   0.964315    0.000935    0.908348    1.022507    0.961521    1.000    2
      age[0]                  0.987679    0.004630    0.861474    1.125580    0.981556    1.029    2
      age[0]                  0.935665    0.001492    0.866890    1.014714    0.932616    1.000    2
      age[0]                  0.960612    0.001089    0.899375    1.026667    0.957988    1.000    2
      age[0]                  0.927480    0.002502    0.830677    1.026697    0.923895    1.000    2
      age[0]                   1.036361    0.003158    0.929005    1.148829    1.033402    1.058    2
      age[0]                   0.955357    0.000953    0.897673    1.018510    0.952318    1.002    2
      age[0]                   0.945909    0.000702    0.914771    0.998611    0.938292    1.000    2
      age[0]                  1.022483    0.000865    0.966820    1.082181    1.020424    1.012    2
      age[0]                  1.019872    0.001685    0.970761    1.098148    1.010521    1.000    2
      age[0]                   0.948830    0.000333    0.914627    0.985643    0.947358    1.000    2
      age[0]                  1.002760    0.000827    0.950283    1.056165    1.000459    1.008    2
      age[0]                  0.901253    0.001148    0.836470    0.969518    0.899403    1.003    2
      age[0]                  0.923022    0.002307    0.876357    1.023402    0.908372    1.000    2
      age[0]                  1.021078    0.001055    0.973790    1.083305    1.013915    1.000    2
      age[0]                  1.023637    0.000698    0.976293    1.077502    1.021400    1.004    2
      age[0]                   0.935356    0.001064    0.872752    0.997621    0.933613    1.011    2
      age[0]                  0.955957    0.002739    0.859723    1.059876    0.951184    1.006    2
      age[0]                   0.923530    0.002894    0.823671    1.033715    0.917860    1.000    2
      age[0]                   0.991440    0.001056    0.929290    1.055736    0.989073    1.020    2
      age[0]                  1.005195    0.000384    0.969210    1.043989    1.003360    1.000    2
      age[0]                  1.010148    0.000706    0.959844    1.062355    1.007986    1.001    2
      age[0]                   0.990064    0.000731    0.940181    1.044042    0.987776    1.002    2
      age[0]                  1.017853    0.001825    0.937639    1.103565    1.014052    1.001    2
      age[0]                  0.985062    0.000402    0.951157    1.022045    0.982271    1.000    2
      age[0]                   0.973342    0.000570    0.943407    1.021020    0.967591    1.002    2
      age[0]                  0.998866    0.000858    0.943046    1.057698    0.996878    1.000    2
      age[0]                  0.937799    0.002865    0.845663    1.051478    0.931093    1.000    2
      age[0]                  0.925413    0.001938    0.840524    1.011180    0.922073    1.000    2
      age[0]                  0.886075    0.001677    0.806557    0.969209    0.883070    1.000    2
      age[0]                  1.045015    0.001603    0.969492    1.127636    1.042651    1.003    2
      age[0]                  1.010722    0.000506    0.969785    1.053713    1.008367    1.002    2
      age[0]                   0.965678    0.001004    0.929511    1.013239    0.959035    1.000    2
      age[0]                  0.969091    0.002474    0.866216    1.061135    0.966640    1.000    2
      age[0]                  0.967572    0.001370    0.898221    1.039561    0.964017    1.001    2
      age[0]                  0.962524    0.000498    0.927876    1.003470    0.958489    1.003    2
      age[0]                  1.041808    0.002971    0.956551    1.132917    1.035001    1.003    2
      age[0]                   0.935794    0.000507    0.893869    0.979488    0.933835    1.005    2
      age[0]                  1.004500    0.000699    0.953769    1.056657    1.002461    1.005    2
      age[0]                   1.032607    0.002465    0.933987    1.130088    1.031490    1.007    2
      age[0]                   0.969646    0.000902    0.917270    1.030819    0.966173    1.000    2
      age[0]                   0.988554    0.001166    0.926122    1.058527    0.986490    1.019    2
      age[0]                  0.844363    0.001813    0.763954    0.930083    0.840679    1.001    2
      age[0]                  0.990080    0.001567    0.924078    1.069302    0.983405    1.000    2
      age[0]                  0.982288    0.001845    0.899489    1.067925    0.979825    1.002    2
      age[0]                  1.010902    0.001132    0.949500    1.078955    1.007908    1.000    2
      age[0]                   0.985585    0.000893    0.928089    1.044536    0.983691    1.001    2
      age[0]                  0.960590    0.001002    0.904459    1.022319    0.956828    1.000    2
      age[0]                   0.942940    0.000875    0.892738    0.999182    0.939207    1.000    2
      age[0]                  0.928735    0.000960    0.870529    0.990547    0.926399    1.001    2
      age[0]                  0.988439    0.000741    0.935971    1.044394    0.986600    1.000    2
      age[0]                  0.909577    0.009687    0.792186    1.098184    0.887090    1.002    2
      age[0]                   1.018821    0.001530    0.945684    1.095696    1.015429    1.012    2
      age[0]                  0.945106    0.001612    0.877759    1.016719    0.938959    1.000    2
      age[0]                   0.995287    0.000645    0.948104    1.046415    0.993201    1.008    2
      age[0]                  1.024829    0.002071    0.944229    1.116686    1.020146    1.002    2
      age[0]                   0.997268    0.004886    0.867464    1.129376    0.992498    1.000    2
      age[0]                   0.974904    0.001654    0.899403    1.057368    0.971411    1.000    2
      age[0]                   0.975542    0.000972    0.925978    1.033829    0.970657    1.000    2
      age[0]                  0.884193    0.003437    0.776587    1.006250    0.879661    1.001    2
      age[0]                  0.911882    0.001277    0.844195    0.982778    0.909919    1.002    2
      age[0]                  1.000704    0.001023    0.942552    1.066370    0.997797    1.000    2
      age[0]                  0.838212    0.005241    0.700232    0.978856    0.833617    1.000    2
      age[0]                  1.047041    0.002145    0.956144    1.140785    1.043721    1.002    2
      age[0]                  1.020926    0.002160    0.930808    1.112009    1.017428    1.000    2
      age[0]                  0.960531    0.003517    0.855868    1.079457    0.952613    1.001    2
      age[0]                   0.996739    0.000707    0.949059    1.050934    0.993945    1.000    2
      age[0]                  0.950709    0.000672    0.903040    0.997207    0.948175    1.002    2
      age[0]                   1.023494    0.001595    0.953510    1.100470    1.018440    1.017    2
      age[0]                  0.960598    0.004200    0.857322    1.089133    0.947733    1.001    2
      age[0]                   0.974731    0.002331    0.893560    1.071177    0.969401    1.003    2
      age[0]                   1.063914    0.002490    0.978885    1.162062    1.058083    1.007    2
      age[0]                  0.999176    0.000780    0.945273    1.052204    0.996644    1.010    2
      age[0]                  0.996279    0.000285    0.965730    1.027665    0.994156    1.000    2
      age[0]                   0.921486    0.001736    0.847750    1.009121    0.917648    1.000    2
      age[0]                  0.952640    0.002717    0.860831    1.060558    0.947298    1.000    2
