      clockrate                0.754230    0.010266    0.562403    0.955976    0.747489    569.38    796.51    1.001
      clockrate                0.842038    0.028634    0.525743    1.173831    0.826257    149.10    568.54    1.001
      clockrate                1.074655    0.028449    0.748243    1.402709    1.064209   1165.91   1204.68    1.000
      clockrate                0.646226    0.010937    0.450597    0.852646    0.638759    824.57    826.74    1.000
      clockrate                0.676805    0.008552    0.502540    0.861303    0.670168    563.77    706.09    1.000
      clockrate                1.180337    0.131172    0.682925    1.719066    1.122783     30.31    130.62    1.004
      clockrate                0.764272    0.012566    0.547375    0.981850    0.755093   1535.86   1611.54    1.000
      clockrate                1.889706    1.311786    0.737990    4.462611    1.405295     18.23     20.73    1.005
      clockrate                1.311273    0.057346    0.891528    1.794189    1.285684    109.13    275.14    1.005
      clockrate                0.996723    0.019019    0.733671    1.268662    0.989184   1371.19   1451.69    1.000
      clockrate                0.860434    0.016893    0.621826    1.123879    0.849235    551.52    572.49    1.000
      clockrate                0.575512    0.033522    0.275268    0.947357    0.543945    207.18    479.23    1.000
      clockrate                0.952160    0.060645    0.566476    1.406274    0.911283     61.35   1333.64    1.039
      clockrate                1.599423    0.467120    0.567592    2.950084    1.472217     92.07    119.16    1.000
      clockrate                0.906042    0.015697    0.666479    1.152703    0.897149    991.54   1282.57    1.000
      clockrate                1.056607    0.015745    0.816109    1.302646    1.049780    677.23    807.32    1.001
      clockrate                0.830265    0.016880    0.594360    1.089874    0.817584   1128.80   1146.16    1.000
      clockrate                1.266255    0.432432    0.410522    2.583445    1.079079     26.37     36.54    1.020
      clockrate                1.368119    0.217775    0.625738    2.295625    1.277035    435.69    547.12    1.000
      clockrate                4.132861    1.683841    1.870716    6.926933    3.986272    179.91    535.04    1.009
      clockrate                1.078284    0.032101    0.735499    1.427188    1.070186   1075.43   1110.39    1.000
      clockrate                0.928150    0.083423    0.464231    1.498917    0.869404    280.55    312.00    1.000
      clockrate                2.674411    1.512457    0.606282    4.916627    2.580293     23.04     48.29    1.054
      clockrate                1.496972    0.518917    0.467081    2.869892    1.381597     21.12     32.48    1.033
      clockrate                1.205569    0.036925    0.846452    1.587710    1.194508   2068.66   2130.69    1.000
      clockrate                1.549389    0.373758    0.571744    2.704691    1.477405     24.15     52.69    1.041
      clockrate                1.975333    1.233059    0.692073    4.197994    1.511576    131.27    444.26    1.766
      clockrate                0.882459    0.020414    0.621262    1.173303    0.870687   1869.18   1885.60    1.001
      clockrate                1.429083    0.866682    0.599280    3.642014    1.085719     15.27    801.77    1.263
      clockrate                0.709523    0.050368    0.427697    1.085918    0.664685     19.51     27.64    1.005
      clockrate                0.935509    0.030925    0.605919    1.283527    0.920218   1020.52   1051.48    1.000
      clockrate                0.946120    0.025880    0.633504    1.262236    0.937080   1229.45   1440.14    1.000
      clockrate                0.702343    0.014581    0.482808    0.950941    0.693141    366.12    442.52    1.001
      clockrate                0.884383    0.073917    0.431718    1.420688    0.838872     52.94     83.79    1.013
      clockrate                0.876380    0.012141    0.668795    1.098748    0.870777   1305.20   1347.13    1.002
      clockrate                1.218432    0.116873    0.662070    1.892983    1.159094    976.82   1102.94    1.000
      clockrate                1.224992    0.063147    0.751290    1.716403    1.202600    504.77    810.97    1.001
      clockrate                1.449036    0.241474    0.591731    2.400246    1.392107    109.47    111.20    1.000
      clockrate                1.458331    0.342492    0.564980    2.601812    1.349848     36.05     55.45    1.031
      clockrate                0.913126    0.032708    0.592392    1.260796    0.895509    137.30    589.05    1.001
      clockrate                0.919638    0.016742    0.674717    1.175832    0.910221    498.34    571.71    1.000
      clockrate                1.170697    0.398841    0.527265    2.650863    0.939837     17.28    591.92    1.308
      clockrate                1.167606    0.021261    0.895349    1.460503    1.157540    819.32    850.57    1.000
      clockrate                1.068464    0.034074    0.723497    1.435096    1.051916    746.03    792.10    1.000
      clockrate                0.900470    0.025046    0.608025    1.215800    0.886533    503.41    682.47    1.000
      clockrate                0.938867    0.049149    0.526383    1.367806    0.916777    113.91    193.90    1.000
      clockrate                0.784447    0.017686    0.528480    1.042236    0.775524    381.33    672.66    1.001
      clockrate                1.125875    0.074873    0.672671    1.662407    1.084666     54.11    119.94    1.019
      clockrate                0.908413    0.053894    0.563919    1.246020    0.871495     23.10   1100.65    1.049
      clockrate                0.898485    0.027018    0.609829    1.217827    0.879315     38.61    594.21    1.021
      clockrate                1.260486    0.447850    0.525061    2.685196    0.999124     20.95     25.71    1.236
      clockrate                2.284114    0.460842    1.165677    3.659142    2.170241   1070.80   1122.39    1.000
      clockrate                0.681825    0.047099    0.331091    1.119035    0.645908     69.82     90.74    1.007
      clockrate                1.093195    0.031837    0.756990    1.447006    1.082253    632.01    689.50    1.001
      clockrate                1.205339    0.510781    0.405250    2.614313    0.874602    117.29    750.73    1.732
      clockrate                0.982704    0.156509    0.493786    1.840384    0.856139     25.28     35.97    1.159
      clockrate                0.659806    0.009509    0.476120    0.852069    0.652070    675.55    746.63    1.000
      clockrate                0.913403    0.052700    0.534737    1.371550    0.870849    197.16    214.84    1.000
      clockrate                1.811019    1.147985    0.502716    3.693611    1.692436     16.74    185.90    1.736
      clockrate                0.686556    0.063816    0.398905    0.981950    0.640015     44.29    293.00    1.029
      clockrate                1.068413    0.176209    0.380580    1.866254    1.011721    279.72    296.39    1.000
      clockrate                0.973159    0.021383    0.698319    1.264742    0.964752   1546.36   1614.54    1.000
      clockrate                0.943473    0.092233    0.537180    1.544155    0.873486     27.53     34.17    1.013
      clockrate                0.809547    0.010844    0.611682    1.014136    0.802453    687.84    765.50    1.000
      clockrate                1.327394    0.048205    0.923778    1.776168    1.311515    328.69    537.43    1.002
      clockrate                2.450057    0.559142    1.019187    3.894100    2.380086     49.59    114.96    1.009
      clockrate                0.874358    0.087180    0.450109    1.425178    0.813961     78.23     88.12    1.000
      clockrate                1.311754    0.416166    0.398120    2.580257    1.170178     47.10     58.21    1.015
      clockrate                0.869838    0.042585    0.553869    1.226526    0.836103     44.91     45.24    1.009
      clockrate                1.534608    0.258269    0.689549    2.529317    1.449188    110.35    178.11    1.004
      clockrate                0.679469    0.013377    0.466887    0.913448    0.671503   1192.42   1437.99    1.000
      clockrate                1.000823    0.238502    0.402301    2.040303    0.839896     49.60     67.05    1.138
      clockrate                1.118405    0.035201    0.769434    1.492577    1.105406    996.57   1027.12    1.001
      clockrate                0.655721    0.016986    0.420390    0.912751    0.642916    192.44    412.22    1.001
      clockrate                0.620953    0.010504    0.424145    0.821306    0.614322    530.93    946.71    1.000
      clockrate                1.381961    0.248987    0.427835    2.291673    1.353664     86.41    292.42    1.007
      clockrate                0.819436    0.013124    0.602980    1.044239    0.812379    718.11   1076.44    1.000
      clockrate                0.782233    0.077122    0.386726    1.328582    0.720230    104.15    165.65    1.001
      clockrate                1.074166    0.036609    0.718549    1.454391    1.057183    702.97    837.22    1.000
      clockrate                3.656075    1.200637    1.602585    6.026908    3.576315    182.17    580.85    1.001
      clockrate                1.427854    0.245506    0.806622    2.444683    1.307752     20.11    181.48    1.044
      clockrate                0.827423    0.016700    0.583139    1.083614    0.820363   1448.74   1449.01    1.002
      clockrate                0.751331    0.030108    0.467892    1.104596    0.720661     53.28     68.75    1.068
      clockrate                0.830962    0.016469    0.587627    1.083621    0.822637    792.29    895.31    1.000
      clockrate                1.936024    1.065411    0.642648    3.951788    1.668464     30.67     73.89    1.009
      clockrate                0.755051    0.032171    0.537044    0.979456    0.733324     45.73   1393.83    1.019
      clockrate                1.882080    0.646681    0.634637    3.326885    1.847791     18.13    205.29    1.204
      clockrate                1.769437    0.802131    0.399913    3.401497    1.679937     68.47     74.81    1.000
      clockrate                0.758315    0.017123    0.509412    1.017405    0.748629    325.42    692.60    1.001
      clockrate                0.963303    0.024111    0.669613    1.270771    0.951297    193.04    959.35    1.001
      clockrate                0.973472    0.018930    0.715066    1.248726    0.964417   1845.78   2227.15    1.001
      clockrate                1.000333    0.037902    0.644542    1.387383    0.980597   1258.69   1316.30    1.000
      clockrate                0.773782    0.012481    0.563128    0.994748    0.765190    951.47   1237.92    1.000
      clockrate                1.400680    0.771565    0.529689    3.390896    1.115111     28.93     33.28    1.009
      clockrate                1.248989    0.046136    0.838108    1.674298    1.235297    620.91    625.99    1.002
      clockrate                1.009985    0.028230    0.697357    1.342959    0.996791    809.04    849.05    1.005
      clockrate                0.566525    0.010874    0.370989    0.772239    0.556432    141.55    625.06    1.002
      clockrate                1.025880    0.125653    0.581769    1.576206    0.955490     29.30     90.29    1.008
      clockrate                0.966100    0.023578    0.685740    1.276638    0.953969    620.52    675.19    1.004
      clockrate                1.069208    0.042588    0.689744    1.485400    1.050835    217.92    570.85    1.000
