      TL          6.752957    0.055384    6.306655    7.226187    6.751275   8639.61   9209.44    1.000
      TL          6.274559    0.055855    5.821577    6.745399    6.269314   6586.89   6997.80    1.000
      TL          6.662865    0.052312    6.220011    7.109563    6.659501  12485.43  12699.14    1.000
      TL          6.470487    0.050771    6.044991    6.927113    6.467793   9920.90   9974.51    1.000
      TL          7.369764    0.060611    6.883809    7.842101    7.366159   8516.90   8561.87    1.000
      TL          4.291609    0.043048    3.898493    4.707585    4.287843  10995.98  11718.80    1.000
      TL          6.236209    0.051344    5.798976    6.683647    6.231644  10588.91  10787.79    1.000
      TL          4.267366    0.049038    3.836987    4.702260    4.260720   8384.15   8613.59    1.000
      TL          5.493731    0.051497    5.041012    5.927765    5.488489   8531.64   9198.98    1.000
      TL          7.714489    0.067317    7.209719    8.222595    7.711195   6788.61   6916.02    1.000
      TL          6.135395    0.054461    5.688727    6.601410    6.129705   9075.96   9425.74    1.000
      TL          3.407213    0.057705    2.955865    3.894853    3.395476   4989.65   5732.30    1.000
      TL          4.321447    0.044674    3.915536    4.743398    4.316919  10391.19  10923.09    1.000
      TL          2.821075    0.032419    2.471432    3.175254    2.815144  10798.81  11137.75    1.000
      TL          7.662001    0.068176    7.159781    8.179262    7.658859   3332.51   4283.34    1.000
      TL          7.815685    0.065643    7.335442    8.327989    7.812566  10969.15  11250.92    1.000
      TL          6.374024    0.051708    5.926729    6.818303    6.371390   9893.50  10747.08    1.000
      TL          4.023200    0.041010    3.641066    4.436132    4.018211  12143.70  12523.47    1.000
      TL          2.117227    0.043454    1.708913    2.517682    2.107329   9418.76   9980.49    1.000
      TL          3.328417    0.038658    2.946071    3.712279    3.322477  10983.79  11408.10    1.000
      TL          6.851613    0.054165    6.403510    7.313345    6.848905  10965.16  11444.27    1.000
      TL          4.186638    0.039107    3.803941    4.576790    4.181532  12264.35  12379.25    1.000
      TL          5.533497    0.052768    5.083393    5.983942    5.529985   8499.44   9363.93    1.000
      TL          4.713230    0.045757    4.291138    5.128757    4.708230  11251.78  11327.55    1.000
      TL          5.973288    0.049396    5.541679    6.409179    5.970581  10158.24  10165.70    1.000
      TL          5.472034    0.054386    5.011932    5.924673    5.467517   8140.99   8532.03    1.000
      TL          6.123157    0.050646    5.688394    6.565752    6.120075  12717.71  13001.49    1.000
      TL          5.273227    0.042801    4.872138    5.684624    5.269779  11300.24  12241.71    1.000
      TL          5.354577    0.051021    4.920960    5.805619    5.349391  11525.91  11878.05    1.000
      TL          6.002573    0.049561    5.570912    6.438778    5.998622   7624.82   9019.07    1.000
      TL          6.614866    0.064909    6.119854    7.113782    6.608435   4908.83   5155.81    1.000
      TL          6.566423    0.057943    6.090262    7.034988    6.560917   9361.79   9512.08    1.000
      TL          5.424790    0.044844    5.019335    5.848496    5.422757  10916.97  10969.24    1.000
      TL          3.080723    0.033113    2.734982    3.448985    3.076431  12705.15  13131.97    1.000
      TL          6.276315    0.046675    5.854688    6.701626    6.274297  11274.47  12326.23    1.000
      TL          3.296597    0.033274    2.945076    3.658124    3.292899  12006.61  12337.90    1.000
      TL          4.510666    0.042891    4.119913    4.928212    4.506999   9079.03   9495.03    1.000
      TL          3.036665    0.033593    2.685442    3.403267    3.031042   6096.30   6643.72    1.000
      TL          3.848473    0.040318    3.467976    4.251603    3.843690  10917.51  11769.38    1.000
      TL          4.941988    0.047229    4.524663    5.373081    4.938618   9823.58   9833.62    1.000
      TL          7.285766    0.061681    6.795179    7.773761    7.281855   7941.69   7949.36    1.000
      TL          4.665222    0.042179    4.264311    5.069857    4.661483  10363.56  10731.87    1.000
      TL          7.114508    0.064141    6.627681    7.614420    7.106969   5073.59   5228.60    1.000
      TL          8.049571    0.068715    7.536096    8.558289    8.045695   9111.05   9853.20    1.000
      TL          6.120620    0.051082    5.685726    6.574176    6.117083  11434.46  11485.48    1.000
      TL          5.020325    0.047411    4.600540    5.453949    5.017439   9638.37  10416.89    1.000
      TL          5.451792    0.043175    5.042341    5.855190    5.448363  10738.40  11089.84    1.000
      TL          4.285683    0.049397    3.857740    4.729311    4.278466   7677.79   7808.68    1.000
      TL          5.875099    0.050407    5.434567    6.312853    5.871015  10628.74  10958.29    1.000
      TL          6.053787    0.051257    5.613515    6.500323    6.049643   8176.13   8221.78    1.000
      TL          3.879289    0.038144    3.493225    4.255543    3.874247  11059.09  11082.82    1.000
      TL          4.164299    0.048845    3.748044    4.613182    4.157404  10534.96  10728.71    1.000
      TL          3.413242    0.034697    3.046356    3.774249    3.409230  12691.77  12986.53    1.000
      TL          5.706239    0.053928    5.258940    6.164669    5.700933   9504.37   9839.21    1.000
      TL          5.508179    0.047486    5.087344    5.939265    5.505840  10474.81  11065.72    1.000
      TL          5.154813    0.044513    4.738772    5.569194    5.150505  10916.16  10946.50    1.000
      TL          7.189120    0.060305    6.713521    7.675086    7.186178   9842.81  10368.31    1.000
      TL          4.348393    0.044490    3.927933    4.752716    4.343403  11102.82  11314.31    1.000
      TL          4.505084    0.050973    4.066427    4.950852    4.497998   9364.93  10494.63    1.000
      TL          5.830257    0.050547    5.387011    6.272111    5.827058   9728.84  10163.53    1.000
      TL          2.699782    0.037249    2.336809    3.091174    2.691774   7639.89   8228.57    1.000
      TL          6.450862    0.056391    5.988587    6.917445    6.447203   9606.86   9808.46    1.000
      TL          4.238769    0.039155    3.860466    4.633049    4.234819   8512.40   8823.40    1.000
      TL          7.489270    0.063455    7.006610    7.993064    7.485451   9492.50   9767.38    1.000
      TL          7.422090    0.065765    6.922707    7.925994    7.417701   7953.10   8357.37    1.000
      TL          7.409554    0.068352    6.911297    7.932547    7.404485   7666.34   8871.54    1.000
      TL          3.989690    0.056267    3.538711    4.463907    3.980872   7536.26   7587.10    1.000
      TL          4.602998    0.050602    4.169130    5.044402    4.596457  10752.14  11281.88    1.000
      TL          5.025986    0.047342    4.604099    5.451191    5.022511  12562.34  12804.36    1.000
      TL          5.108969    0.045656    4.695771    5.533009    5.105393  13517.11  13552.63    1.000
      TL          6.253679    0.052014    5.812940    6.707171    6.249430  10408.52  10949.83    1.000
      TL          5.451652    0.049858    5.014479    5.885236    5.446130  11888.51  11966.81    1.000
      TL          6.958905    0.058371    6.478845    7.428174    6.954434  10411.64  10450.09    1.000
      TL          4.503837    0.043626    4.100272    4.917296    4.500268   9829.68  10274.28    1.000
      TL          4.461705    0.043576    4.069228    4.887864    4.458200   6181.64   6800.90    1.000
      TL          2.131789    0.048278    1.710951    2.564176    2.118044  13654.81  13870.12    1.000
      TL          6.755060    0.056426    6.292861    7.223988    6.751888   9381.52   9857.92    1.000
      TL          3.384517    0.036560    3.011560    3.760596    3.379125  14185.42  14418.76    1.000
      TL          6.252418    0.050500    5.816675    6.695251    6.250229  10422.20  11159.23    1.000
      TL          4.280673    0.045367    3.862234    4.694448    4.275676  10756.13  10909.98    1.000
      TL          6.904427    0.064483    6.413067    7.402395    6.898915   8863.97   9184.18    1.000
      TL          7.188113    0.057711    6.719976    7.658270    7.183066  11822.55  12441.27    1.000
      TL          5.996380    0.051505    5.563448    6.452677    5.994763   9002.26   9572.57    1.000
      TL          6.020441    0.057088    5.539431    6.482299    6.015007   7102.33   7247.25    1.000
      TL          4.170865    0.044686    3.763696    4.591171    4.166307  10010.35  10248.57    1.000
      TL          5.909967    0.047620    5.487658    6.340204    5.904973  11971.17  12291.71    1.000
      TL          4.770584    0.043389    4.357000    5.174172    4.767038   5642.37   6371.87    1.000
      TL          4.388068    0.046566    3.972226    4.816195    4.381086  12569.01  12609.29    1.000
      TL          4.217381    0.037858    3.838889    4.599583    4.213876  10923.65  11538.34    1.000
      TL          4.962187    0.048351    4.545292    5.401197    4.956932  11891.28  12068.03    1.000
      TL          6.416498    0.051480    5.975244    6.863698    6.413797  11892.13  12170.30    1.000
      TL          6.709519    0.057044    6.248594    7.181037    6.706862  12004.67  12157.36    1.000
      TL          7.829957    0.071527    7.313460    8.359349    7.824333   6254.71   6348.33    1.000
      TL          3.590761    0.046664    3.172022    4.013221    3.583687   7843.90   7970.34    1.000
      TL          7.298124    0.063095    6.817054    7.800021    7.294612  10436.54  11013.11    1.000
      TL          7.689879    0.063401    7.200062    8.190000    7.686695   7667.40   7966.75    1.000
      TL          3.961998    0.032928    3.606136    4.315559    3.959217  12393.11  12641.74    1.000
      TL          4.733989    0.043281    4.326530    5.141032    4.729991  11445.43  11932.63    1.000
      TL          7.045853    0.068062    6.530706    7.550106    7.040286   4817.42   5364.59    1.000
      TL          5.353627    0.050798    4.919023    5.799229    5.348588   7929.77   8337.62    1.000
