      alpha_symdir{1}   2.155049    0.278435    1.289118    3.207080    2.063325   9604.99  10155.57    1.000
      alpha_symdir{1}   2.183276    0.545202    1.113640    3.672347    2.025436   7917.08   7990.14    1.000
      alpha_symdir{1}   1.638209    0.126412    1.041099    2.346552    1.584353   8862.91   9241.79    1.000
      alpha_symdir{1}   2.042561    0.272231    1.210457    3.097968    1.952775  11131.61  11275.97    1.000
      alpha_symdir{1}   2.994362    0.676533    1.640688    4.603183    2.842353  10646.64  10817.52    1.000
      alpha_symdir{1}   2.233903    1.125927    0.000438    4.154181    2.072065     39.52   5455.34    1.007
      alpha_symdir{1}   2.103222    0.281421    1.253006    3.147519    2.007628  10771.56  11297.66    1.000
      alpha_symdir{1}   2.078564    0.622910    0.930265    3.637627    1.900601  10346.76  10968.26    1.000
      alpha_symdir{1}   1.852754    0.328656    0.994546    2.999086    1.734039   9061.48   9502.03    1.000
      alpha_symdir{1}   2.424991    0.559311    1.221312    3.910145    2.292163   9361.88   9919.61    1.000
      alpha_symdir{1}   2.084251    0.202323    1.312793    2.976002    2.015485  10836.84  10964.13    1.000
      alpha_symdir{1}   2.672547    1.134075    1.052184    4.804345    2.445360  11742.56  11794.86    1.000
      alpha_symdir{1}   3.120779    1.243575    1.413647    5.326500    2.894276  12001.84  12278.68    1.000
      alpha_symdir{1}   2.064704    0.725120    0.915234    4.102817    1.905772    480.84    519.40    1.000
      alpha_symdir{1}   3.109692    0.688146    1.750451    4.749151    2.966659  11265.67  11491.67    1.000
      alpha_symdir{1}   2.993000    0.681724    1.684092    4.630766    2.838740  10245.93  10535.35    1.000
      alpha_symdir{1}   2.263976    0.457265    1.175859    3.582669    2.136527   8933.64   8952.62    1.000
      alpha_symdir{1}   2.082364    0.504274    1.017476    3.497635    1.930532  11492.63  11804.51    1.000
      alpha_symdir{1}   1.224232    2.713185    0.000001    4.422683    0.074829     16.86     20.00    1.001
      alpha_symdir{1}   2.267735    0.769400    0.979009    4.078093    2.084337   2816.81   7251.19    1.000
      alpha_symdir{1}   2.587550    0.555817    1.424548    4.089273    2.452594  10904.15  10958.62    1.000
      alpha_symdir{1}   2.973474    1.068084    1.340063    5.000641    2.765585  11937.47  12586.14    1.000
      alpha_symdir{1}   2.194556    0.440812    1.168640    3.514825    2.061163   9528.66   9616.22    1.000
      alpha_symdir{1}   3.887173    1.875668    1.633610    6.608960    3.636704  13703.29  14078.74    1.000
      alpha_symdir{1}   2.195942    0.387028    1.199846    3.447859    2.087404   9466.03   9470.36    1.000
      alpha_symdir{1}   2.371440    0.453913    1.316752    3.715554    2.245200  11205.80  11512.01    1.000
      alpha_symdir{1}   1.874230    0.229486    1.098702    2.841097    1.793592   9012.10   9061.81    1.000
      alpha_symdir{1}   2.330587    0.677517    1.101513    3.963212    2.152482   8762.49   9017.78    1.000
      alpha_symdir{1}   2.562031    0.589319    1.356590    4.076875    2.413156  11314.33  11664.02    1.000
      alpha_symdir{1}   2.275947    0.468230    1.209975    3.626203    2.149555   9686.00   9878.43    1.000
      alpha_symdir{1}   2.228716    0.483988    1.174602    3.637171    2.094160   9676.16  10035.93    1.000
      alpha_symdir{1}   1.943718    0.302305    1.070598    3.028989    1.847437   9008.08   9606.13    1.000
      alpha_symdir{1}   2.577148    0.767658    1.245234    4.319874    2.396064  10817.17  11004.94    1.000
      alpha_symdir{1}   2.295571    1.133397    0.000083    4.237319    2.134969     50.86   5857.87    1.008
      alpha_symdir{1}   2.189709    0.335546    1.225246    3.352176    2.095620  10126.85  10310.09    1.000
      alpha_symdir{1}   2.958088    1.369358    1.162933    5.263252    2.715166  12504.75  12966.35    1.000
      alpha_symdir{1}   2.767442    1.074026    1.215925    4.833733    2.543433  10419.74  11027.46    1.000
      alpha_symdir{1}   2.134790    0.831787    0.886048    4.128623    1.936079    650.48   5835.97    1.000
      alpha_symdir{1}   2.460394    0.747890    1.182103    4.189842    2.277623  12996.82  13125.11    1.000
      alpha_symdir{1}   2.294656    0.659454    1.079494    3.916435    2.115743  10897.88  10927.98    1.000
      alpha_symdir{1}   1.817854    0.250644    1.031255    2.817444    1.723366   8472.77   8854.80    1.000
      alpha_symdir{1}   1.309556    0.102944    0.817788    1.963942    1.260838   1801.50   5624.06    1.000
      alpha_symdir{1}   1.421583    0.074832    0.929833    1.960876    1.383781   9602.79  10268.39    1.000
      alpha_symdir{1}   1.746070    0.183307    1.030245    2.603972    1.674398   6512.04   7104.83    1.000
      alpha_symdir{1}   2.923019    0.712293    1.579008    4.613851    2.767995  10541.86  10860.98    1.000
      alpha_symdir{1}   2.294294    0.545516    1.095213    3.720223    2.153240  11899.41  12232.78    1.000
      alpha_symdir{1}   2.781061    0.888746    1.279405    4.629218    2.597676  12322.87  12637.63    1.000
      alpha_symdir{1}   2.497834    0.715462    1.201507    4.183456    2.326443  11904.30  11961.30    1.000
      alpha_symdir{1}   2.829040    0.857387    1.401393    4.668901    2.646501  11568.13  11712.07    1.001
      alpha_symdir{1}   2.968151    0.846060    1.566538    4.856209    2.796245   9819.46  10218.81    1.000
      alpha_symdir{1}   2.444237    0.922547    1.029111    4.340084    2.233993  11582.73  11780.80    1.000
      alpha_symdir{1}   2.750656    1.012096    1.237188    4.777874    2.535456  12323.38  12600.08    1.000
      alpha_symdir{1}   1.917087    0.972402    0.000281    3.643504    1.807115     72.25    248.78    1.006
      alpha_symdir{1}   4.009402    1.887526    1.773364    6.740975    3.768635  11473.14  11682.98    1.000
      alpha_symdir{1}   2.299457    0.524966    1.162447    3.723686    2.152838  10946.62  11165.38    1.000
      alpha_symdir{1}   2.963523    1.101066    1.304797    5.046322    2.752385  11641.35  11726.58    1.000
      alpha_symdir{1}   1.557455    0.123132    0.960178    2.268096    1.507605   9628.78   9749.13    1.000
      alpha_symdir{1}   2.440144    0.782489    1.130699    4.224666    2.245923  11709.70  11907.45    1.000
      alpha_symdir{1}   3.942731    1.858983    1.699382    6.631482    3.702414  13194.70  13218.15    1.000
      alpha_symdir{1}   2.808216    0.786077    1.430803    4.585072    2.639012  11368.35  12274.26    1.000
      alpha_symdir{1}   1.902716    0.779667    0.000036    3.526250    1.741134    252.91   1369.96    1.000
      alpha_symdir{1}   1.674774    0.165105    0.997249    2.466530    1.609505  10072.83  10192.00    1.000
      alpha_symdir{1}   1.699354    0.399671    0.841578    3.044107    1.568016    951.59   4923.04    1.000
      alpha_symdir{1}   2.129449    0.313919    1.227986    3.249808    2.033210  10065.13  10289.32    1.000
      alpha_symdir{1}   2.903952    0.768165    1.503947    4.666476    2.741986   9526.96  10049.57    1.000
      alpha_symdir{1}   2.301994    0.385198    1.302851    3.552563    2.186906  10258.65  10578.81    1.000
      alpha_symdir{1}   2.880989    1.299865    1.218432    5.182278    2.636759  12760.18  12776.54    1.000
      alpha_symdir{1}   2.298404    0.987045    0.864944    4.856923    2.134609    376.55    417.85    1.000
      alpha_symdir{1}   3.428436    1.463678    1.474904    5.840668    3.205760  12678.87  12937.33    1.000
      alpha_symdir{1}   2.359554    0.569803    1.165399    3.821051    2.211267  10705.36  10705.76    1.000
      alpha_symdir{1}   2.360294    0.451662    1.304477    3.689107    2.229434   9989.42  10214.63    1.000
      alpha_symdir{1}   2.629200    0.789672    1.235574    4.404371    2.453759  12547.31  12558.93    1.000
      alpha_symdir{1}   2.105191    0.238300    1.311889    3.107255    2.025900  11430.12  11763.63    1.000
      alpha_symdir{1}   2.400437    0.682433    1.124902    4.050286    2.233579  12114.19  12152.57    1.000
      alpha_symdir{1}   2.027699    0.428126    1.036911    3.366906    1.897111  12314.05  12451.25    1.000
      alpha_symdir{1}   0.723442    2.016942    0.000014    3.962583    0.057292     17.14     23.38    1.000
      alpha_symdir{1}   1.957520    0.257849    1.170673    2.958495    1.859763   9021.25   9051.89    1.000
      alpha_symdir{1}   3.926036    2.026507    1.629083    6.836899    3.671879  13276.35  13860.08    1.000
      alpha_symdir{1}   2.366694    0.589118    1.234089    3.904558    2.211269   8328.88   8331.16    1.000
      alpha_symdir{1}   1.800993    0.296211    0.952035    2.895047    1.701034  11936.83  12234.85    1.000
      alpha_symdir{1}   2.171819    0.340969    1.257172    3.328900    2.062782  10986.31  11206.32    1.000
      alpha_symdir{1}   1.949972    0.195148    1.200503    2.816273    1.882905  11119.70  11552.81    1.000
      alpha_symdir{1}   1.827975    0.343059    0.951860    2.988412    1.700747   8622.24   8630.06    1.000
      alpha_symdir{1}   1.785664    0.202204    1.056889    2.660499    1.701716  10371.35  10459.82    1.000
      alpha_symdir{1}   3.896169    1.724078    1.820877    6.540987    3.647842  13221.26  13274.29    1.000
      alpha_symdir{1}   1.940772    0.290769    1.107912    3.024796    1.842271  10560.14  11003.76    1.000
      alpha_symdir{1}   3.192731    1.234845    1.495002    5.410085    2.975123  10924.66  11255.77    1.000
      alpha_symdir{1}   3.102809    1.359838    1.324697    5.454656    2.856224  12075.47  12515.80    1.000
      alpha_symdir{1}   2.344305    0.736070    1.099201    4.077234    2.163391  10392.47  11014.48    1.000
      alpha_symdir{1}   2.701829    0.966948    1.224666    4.666789    2.492498  11681.71  11716.83    1.000
      alpha_symdir{1}   1.644583    0.099170    1.120576    2.286154    1.597573   8691.71   9523.58    1.000
      alpha_symdir{1}   2.224269    0.363344    1.252780    3.437654    2.118286  10389.68  10467.08    1.000
      alpha_symdir{1}   1.609847    0.133869    0.993009    2.325062    1.551428   9833.21  10100.34    1.000
      alpha_symdir{1}   2.590546    0.946586    1.097790    4.519350    2.382171  12200.98  12222.99    1.000
      alpha_symdir{1}   3.025173    0.795293    1.590943    4.804002    2.860470  11712.07  11836.43    1.000
      alpha_symdir{1}   1.823531    0.168818    1.151769    2.665065    1.761808   8850.85   9111.31    1.000
      alpha_symdir{1}   1.816463    0.225972    1.053204    2.764992    1.734850  11696.08  11855.09    1.000
      alpha_symdir{1}   2.681712    0.797786    1.326871    4.472518    2.496521  11213.27  11473.97    1.000
      alpha_symdir{1}   1.665245    0.164542    1.006718    2.458714    1.594508   9072.08   9153.60    1.000
      alpha_symdir{1}   2.382846    0.659283    1.110080    3.985619    2.226499  10031.08  10529.28    1.000
