0.3488372
0.4166667
0.1818182
0.3409091
0.3181818
0.5
0.1538462
0.3636364
0.4482759
0.3333333
0.2368421
0.1875
0.2173913
0.0625
0.4418605
0.2826087
0.255814
0.3157895
0.4285714
0.1875
0.326087
0.2083333
0.2903226
0.3846154
0.325
0.4814815
0.2352941
0.2571429
0.3333333
0.2564103
0.3902439
0.2432432
0.3513514
0.2352941
0.326087
0.4
0.2222222
0.5
0.1578947
0.4
0.4468085
0.3448276
0.4255319
0.4042553
0.2702703
0.2962963
0.425
0.2083333
0.2727273
0.2666667
0.3478261
0.1111111
0.3157895
0.2666667
0.25
0.2285714
0.2619048
0.2272727
0.3
0.2432432
0.2222222
0.375
0.12
0.3333333
0.2790698
0.3
0.1764706
0.5909091
0.2307692
0.2692308
0.4
0.4074074
0.275
0.5217391
0.1923077
0.6666667
0.3333333
0.3333333
0.2439024
0.2105263
0.3684211
0.25
0.3333333
0.3714286
0.4210526
0.3421053
0.4333333
0.4
0.5
0.2916667
0.1627907
0.2857143
0.3913043
0.125
0.35
0.2826087
0.3
0.4642857
0.2894737
0.4193548
