      TL{all}           7.390524    0.117963    6.708151    8.055808    7.383999   9633.40   9692.53    1.000
      TL{all}           6.884517    0.135324    6.174996    7.606601    6.875698   8823.75   9078.17    1.000
      TL{all}           7.775407    0.131119    7.075358    8.487450    7.769117  10705.32  11274.78    1.000
      TL{all}           7.021607    0.115753    6.356038    7.687832    7.012799   7416.43   7624.49    1.000
      TL{all}           7.875557    0.130411    7.198657    8.611466    7.870557   9102.17   9472.86    1.000
      TL{all}           4.895050    0.127575    4.194995    5.593009    4.881891   6832.67   8516.30    1.000
      TL{all}           6.653993    0.107459    6.014863    7.295781    6.647417  13625.76  13794.52    1.000
      TL{all}           4.573103    0.109252    3.954632    5.242116    4.560118  10731.98  11028.38    1.000
      TL{all}           6.243958    0.123357    5.560177    6.932727    6.235022  12451.63  13048.01    1.000
      TL{all}           7.350441    0.122688    6.668428    8.043658    7.341733   8553.47   9218.81    1.000
      TL{all}           7.372374    0.136160    6.663610    8.106825    7.363537   9606.90   9732.60    1.000
      TL{all}           3.197255    0.086650    2.632402    3.779995    3.184680  13253.08  13684.62    1.000
      TL{all}           4.906255    0.111201    4.260935    5.569798    4.895812  10010.49  10551.34    1.000
      TL{all}           3.769293    0.108507    3.129295    4.418479    3.755026   5828.75   8431.01    1.000
      TL{all}           8.405484    0.140840    7.670328    9.147033    8.399010   4464.36   5216.96    1.000
      TL{all}           7.496065    0.116900    6.815185    8.152673    7.488146   9523.21  10059.36    1.000
      TL{all}           7.067690    0.119409    6.412033    7.764089    7.060810   8434.74   8775.98    1.000
      TL{all}           4.990210    0.146270    4.267510    5.757506    4.974631  11739.53  12460.35    1.000
      TL{all}           3.248669    0.247756    2.359435    4.258262    3.203903   2550.07   3476.55    1.000
      TL{all}           4.016713    0.115116    3.380617    4.699306    4.002505  12788.22  13300.73    1.000
      TL{all}           7.575694    0.120198    6.895888    8.245072    7.568765  10183.16  10269.13    1.000
      TL{all}           4.728917    0.096861    4.121172    5.334904    4.719063  11859.54  12022.82    1.000
      TL{all}           6.177956    0.130854    5.457968    6.879212    6.171409  11508.78  11909.24    1.000
      TL{all}           5.074413    0.111800    4.435008    5.737422    5.063189  10092.55  10475.94    1.000
      TL{all}           6.717996    0.117312    6.054697    7.390772    6.710994  10497.10  10886.18    1.000
      TL{all}           7.279138    0.189057    6.437675    8.129097    7.264397   5914.59   6056.02    1.000
      TL{all}           7.469140    0.165144    6.670751    8.264523    7.459875   8234.89   9189.19    1.000
      TL{all}           6.441410    0.121492    5.777083    7.131899    6.433453   9776.81  10570.60    1.000
      TL{all}           6.317126    0.145011    5.587291    7.078091    6.304730   8882.22   9759.12    1.000
      TL{all}           6.593211    0.113973    5.937367    7.260455    6.586336  10272.40  10312.03    1.000
      TL{all}           6.152395    0.105370    5.516180    6.791168    6.145665   9566.93  10551.12    1.000
      TL{all}           7.102512    0.135580    6.385833    7.830416    7.093777   7382.04   8486.83    1.000
      TL{all}           5.946359    0.094792    5.357076    6.560792    5.939835  11987.41  12255.63    1.000
      TL{all}           3.851716    0.103568    3.239750    4.501305    3.838469  13855.49  13995.49    1.000
      TL{all}           7.021295    0.108213    6.386700    7.676537    7.014468   9457.48   9944.43    1.000
      TL{all}           3.411498    0.074049    2.898495    3.956484    3.402242  13242.15  13293.51    1.000
      TL{all}           4.533312    0.084715    3.981120    5.117865    4.524293  12154.79  13124.65    1.000
      TL{all}           3.383504    0.076857    2.857616    3.937934    3.375109   5555.23   7191.33    1.000
      TL{all}           4.534535    0.119158    3.867924    5.225883    4.520480  13365.04  13479.17    1.000
      TL{all}           4.799338    0.101909    4.179500    5.424010    4.790041   9365.05  10116.90    1.000
      TL{all}           7.166943    0.120858    6.496602    7.853710    7.157357   9944.10  10119.84    1.000
      TL{all}           5.214337    0.108500    4.572468    5.864094    5.205325   6025.27   8557.73    1.000
      TL{all}           7.571346    0.127833    6.882757    8.280956    7.563372  11020.19  11214.69    1.000
      TL{all}           7.704171    0.137481    6.990650    8.451802    7.695887   5914.96   7396.01    1.000
      TL{all}           7.372321    0.144746    6.637447    8.125124    7.359429   4798.40   5839.34    1.000
      TL{all}           5.761666    0.128463    5.042475    6.448815    5.751253   9784.44  10170.18    1.000
      TL{all}           5.631286    0.089855    5.039579    6.215219    5.627399   9220.11   9726.77    1.000
      TL{all}           5.542192    0.162317    4.793644    6.362629    5.523425   5331.98   5773.87    1.000
      TL{all}           6.934725    0.131427    6.255847    7.665480    6.925387  10904.35  10923.56    1.000
      TL{all}           6.583837    0.097668    5.994589    7.217856    6.578356  11844.88  11934.84    1.000
      TL{all}           4.251188    0.092745    3.656466    4.843089    4.239152  11251.11  11720.65    1.000
      TL{all}           4.571098    0.122915    3.890001    5.259540    4.557299  13173.47  13363.65    1.000
      TL{all}           4.347019    0.133941    3.646202    5.072225    4.328668   2904.51   6121.84    1.000
      TL{all}           5.482984    0.096055    4.888657    6.100142    5.476182  10477.16  10606.60    1.000
      TL{all}           6.346393    0.121524    5.669949    7.033616    6.336486  12282.70  12488.83    1.000
      TL{all}           5.438156    0.086249    4.877677    6.029591    5.431347  12125.54  12258.77    1.000
      TL{all}           8.124432    0.150135    7.369001    8.876039    8.114334   9455.69  10177.98    1.000
      TL{all}           4.696121    0.108590    4.052819    5.345545    4.685684  11655.38  11719.37    1.000
      TL{all}           5.248606    0.130186    4.548179    5.959489    5.235190  11393.42  11402.56    1.000
      TL{all}           6.027243    0.094864    5.412758    6.618021    6.020885  11065.80  11272.08    1.000
      TL{all}           2.888043    0.075803    2.364776    3.437476    2.877210  12803.04  12978.73    1.000
      TL{all}           6.879829    0.126093    6.194627    7.574185    6.871165   8508.65   8526.08    1.000
      TL{all}           4.795583    0.105926    4.181759    5.449846    4.786727   6028.14   9369.13    1.000
      TL{all}           8.083245    0.140948    7.371566    8.839825    8.074466  10655.32  10733.69    1.000
      TL{all}           7.389264    0.126548    6.709075    8.093191    7.381953   8380.92   8973.42    1.000
      TL{all}           7.446891    0.133313    6.747376    8.182175    7.439723  10651.00  10948.68    1.000
      TL{all}           4.190725    0.110229    3.552133    4.844103    4.175829   9329.97   9695.89    1.000
      TL{all}           4.909060    0.120934    4.217542    5.578778    4.897837  11867.35  12114.60    1.000
      TL{all}           5.866989    0.138533    5.141169    6.594095    5.855586   6816.25   7782.33    1.000
      TL{all}           6.216705    0.134547    5.513951    6.953190    6.204985  11890.63  12949.80    1.000
      TL{all}           6.580601    0.107124    5.941586    7.218011    6.573603  10942.27  11312.92    1.000
      TL{all}           6.449645    0.157767    5.692151    7.233931    6.433721   3935.38   5035.05    1.000
      TL{all}           7.587997    0.135288    6.878398    8.309189    7.580196   8236.47   9182.89    1.000
      TL{all}           5.038571    0.113582    4.392967    5.716998    5.028128  11514.50  12155.95    1.000
      TL{all}           4.971081    0.102415    4.354071    5.601222    4.963182  11808.21  12473.24    1.000
      TL{all}           3.244849    0.325836    2.212350    4.386311    3.177886   9759.68  10078.90    1.000
      TL{all}           7.167344    0.135407    6.456950    7.894429    7.156817   7745.93   8281.63    1.000
      TL{all}           3.902364    0.110572    3.258674    4.555670    3.889566  14084.66  14245.46    1.000
      TL{all}           7.098450    0.131771    6.397077    7.808398    7.089805   8216.08   8931.76    1.000
      TL{all}           4.759600    0.133080    4.063979    5.485505    4.744905  12871.88  13266.76    1.000
      TL{all}           7.087111    0.131131    6.379211    7.796970    7.074706   8042.63   8591.49    1.000
      TL{all}           8.213971    0.141340    7.479338    8.948522    8.207699  11856.75  12100.95    1.000
      TL{all}           6.512208    0.120051    5.846822    7.203470    6.500981   8647.34   9027.67    1.000
      TL{all}           6.390138    0.119427    5.728054    7.075238    6.380674  10113.89  10565.89    1.000
      TL{all}           5.524214    0.188136    4.712280    6.405506    5.503718   6075.13   6213.44    1.000
      TL{all}           6.400797    0.102384    5.782202    7.033982    6.394430  11652.81  11687.27    1.000
      TL{all}           5.628495    0.102629    5.025394    6.277080    5.619000  10546.63  11154.90    1.000
      TL{all}           4.287696    0.095335    3.687372    4.898187    4.277194  12631.16  13153.41    1.000
      TL{all}           5.236525    0.119574    4.573584    5.917692    5.225026  11203.63  11257.76    1.000
      TL{all}           5.542828    0.114021    4.899832    6.227066    5.532290  14793.62  15105.20    1.000
      TL{all}           8.411430    0.177468    7.611655    9.270013    8.401232   3073.83   4743.21    1.000
      TL{all}           7.642455    0.157038    6.880042    8.420370    7.629730   8964.80   9023.00    1.000
      TL{all}           8.626232    0.170899    7.841197    9.457479    8.616150   8364.38   8858.07    1.000
      TL{all}           4.927385    0.168944    4.157853    5.766179    4.908633  10069.33  10390.84    1.000
      TL{all}           7.543404    0.127488    6.872025    8.270781    7.536325  10458.17  10924.63    1.000
      TL{all}           8.060450    0.131750    7.373997    8.797775    8.054912  10975.91  11461.39    1.000
      TL{all}           4.498427    0.084043    3.929644    5.062524    4.489756  11013.43  11289.65    1.000
      TL{all}           5.167437    0.095804    4.562733    5.774765    5.156901  11397.35  12272.87    1.000
      TL{all}           6.974206    0.140032    6.231584    7.699653    6.964868   3226.13   3782.54    1.000
      TL{all}           6.426733    0.140912    5.728947    7.196606    6.416837   5038.63   5464.34    1.000
