0.2790698
0.4444444
0.2045455
0.3636364
0.2954545
0.45
0.2307692
0.2727273
0.5172414
0.1555556
0.2105263
0.3125
0.3478261
0.25
0.3488372
0.3695652
0.2093023
0.1052632
0.4285714
0.5
0.4782609
0.2916667
0.2580645
0.3846154
0.2
0.4444444
0.4117647
0.4
0.1481481
0.2307692
0.4634146
0.3783784
0.2432432
0.4705882
0.2826087
0.25
0.2222222
0.6363636
0.4736842
0.28
0.4680851
0.3793103
0.2978723
0.3191489
0.2162162
0.2962963
0.35
0.3333333
0.4545455
0.3555556
0.3043478
0.05555556
0.4736842
0.4333333
0.4375
0.2285714
0.3571429
0.2272727
0.35
0.2162162
0.2222222
0.175
0.2
0.2222222
0.4651163
0.375
0.2352941
0.2272727
0.3076923
0.2307692
0.275
0.3703704
0.325
0.2608696
0.3846154
0.5
0.2307692
0.4666667
0.2926829
0.2105263
0.3157895
0.1363636
0.2051282
0.3428571
0.1052632
0.2105263
0.4
0.45
0.4615385
0.25
0.2325581
0.3428571
0.3478261
0.3125
0.275
0.326087
0.2333333
0.2142857
0.3421053
0.2903226
