      clockrate                1.262302    0.015797    1.022463    1.510620    1.256209    408.47    667.99    1.000
      clockrate                1.111252    0.036418    0.798989    1.511381    1.076395     43.27     43.70    1.065
      clockrate                1.205083    0.012101    0.995889    1.425272    1.200298    648.40    875.22    1.002
      clockrate                0.929095    0.009067    0.746289    1.118523    0.924763    320.23    389.38    1.003
      clockrate                1.071216    0.010844    0.872049    1.279312    1.066935    520.09    596.76    1.000
      clockrate                1.086556    0.046193    0.739708    1.488581    1.052361     73.23     80.40    1.044
      clockrate                1.038893    0.010283    0.845181    1.241491    1.034622   1481.16   1592.77    1.000
      clockrate                1.752441    0.092779    1.210496    2.358896    1.714604     71.99     96.82    1.026
      clockrate                1.357980    0.043911    0.980010    1.762910    1.330567     47.23     57.44    1.007
      clockrate                1.370293    0.017774    1.117592    1.639294    1.364826   1178.38   1265.27    1.001
      clockrate                1.064180    0.011768    0.863273    1.284281    1.059800    155.62    318.00    1.000
      clockrate                1.169460    0.129205    0.615768    1.912532    1.096076    202.90    211.40    1.001
      clockrate                1.269031    0.055046    0.864682    1.728744    1.234009     58.97     80.17    1.017
      clockrate                2.973147    0.883333    1.186729    4.782083    2.910469    190.90    266.70    1.001
      clockrate                1.123879    0.015187    0.887701    1.368430    1.118513    328.89    339.41    1.002
      clockrate                1.199010    0.015776    0.962541    1.452648    1.194520    722.23    802.91    1.002
      clockrate                1.233602    0.071974    0.840010    1.789537    1.165108     77.71    119.77    1.340
      clockrate                1.333103    0.205722    0.620276    2.240673    1.251845     81.70     95.90    1.009
      clockrate                1.248427    0.133388    0.595560    1.949655    1.207781     61.69    216.49    1.020
      clockrate                1.524478    0.534586    0.627512    2.886543    1.230526     24.00     27.57    1.092
      clockrate                1.104124    0.012448    0.886478    1.321658    1.099497   1346.37   1352.31    1.000
      clockrate                1.090678    0.048234    0.733159    1.541352    1.050980     67.66     80.43    1.012
      clockrate                1.711068    0.265529    0.956729    2.739050    1.608211     27.01     50.86    1.047
      clockrate                1.048431    0.034985    0.726008    1.421147    1.020814     50.68     91.94    1.021
      clockrate                1.347444    0.022344    1.061594    1.642400    1.340929   1091.95   1469.15    1.000
      clockrate                1.380511    0.118526    0.836284    2.091538    1.312106     38.08    110.22    1.045
      clockrate                1.668676    0.053181    1.246401    2.113260    1.643753     56.68    179.29    1.023
      clockrate                1.283176    0.020290    1.007419    1.562924    1.277203   1399.38   1505.08    1.001
      clockrate                1.841740    0.371708    1.129532    3.270166    1.672235     22.34     60.45    1.079
      clockrate                1.254215    0.017454    1.001532    1.516560    1.247794    331.53    551.65    1.002
      clockrate                1.560127    0.034654    1.207628    1.933815    1.551020    604.42    695.10    1.003
      clockrate                1.244479    0.019895    0.973320    1.519483    1.234716    360.70   1275.90    1.005
      clockrate                0.938425    0.012920    0.729279    1.152241    0.927448     50.49    547.76    1.043
      clockrate                1.391487    0.090110    0.864879    1.982269    1.343842     88.90     99.05    1.004
      clockrate                1.173007    0.010668    0.976733    1.382258    1.169155   1386.67   1675.84    1.000
      clockrate                0.982962    0.029878    0.678928    1.323825    0.961267     86.83     89.02    1.005
      clockrate                1.191089    0.089041    0.731270    1.798424    1.129300     48.35     63.71    1.004
      clockrate                0.994578    0.071789    0.595389    1.558708    0.935768     72.56     76.51    1.029
      clockrate                1.197406    0.156421    0.641821    2.016932    1.095249     38.39     66.80    1.089
      clockrate                1.376308    0.163590    0.870997    2.293202    1.258203     26.00    298.13    1.159
      clockrate                1.205675    0.015677    0.967306    1.455460    1.200768   1028.93   1039.48    1.000
      clockrate                1.212768    0.042525    0.869054    1.582689    1.188269     72.95    120.42    1.004
      clockrate                1.257614    0.014600    1.028195    1.501901    1.252683   1129.96   1252.49    1.001
      clockrate                1.274112    0.022806    0.989642    1.579060    1.265407    231.84    429.22    1.001
      clockrate                1.175080    0.018531    0.928303    1.455685    1.166443    545.28    988.06    1.002
      clockrate                1.038630    0.057481    0.673456    1.549346    0.989830     41.62     44.91    1.038
      clockrate                1.206504    0.019024    0.944923    1.480885    1.197912    174.04    730.08    1.003
      clockrate                1.049534    0.107454    0.587493    1.677498    0.972512     39.90     89.66    1.101
      clockrate                1.159291    0.035115    0.827820    1.527064    1.133338     44.67     51.39    1.015
      clockrate                1.042971    0.012309    0.829705    1.261110    1.038281    772.24    923.93    1.001
      clockrate                1.048392    0.073059    0.694601    1.427636    1.003207     28.38    167.96    1.019
      clockrate                1.234267    0.158253    0.721220    2.101464    1.124500     44.32     44.97    1.003
      clockrate                1.615349    0.265791    0.783058    2.638115    1.529577     71.59    239.23    1.010
      clockrate                1.258212    0.052861    0.880112    1.707317    1.222248     36.25     43.62    1.000
      clockrate                1.041422    0.015313    0.808445    1.291868    1.034973   2290.32   2568.32    1.000
      clockrate                1.299296    0.065222    0.881951    1.818796    1.251504     46.79     59.73    1.002
      clockrate                1.060576    0.011098    0.858449    1.270431    1.056443    772.69    792.58    1.000
      clockrate                1.064028    0.061125    0.634442    1.541453    1.030769    120.59    127.45    1.004
      clockrate                1.803657    0.311272    1.074770    2.934235    1.660676     52.15     79.85    1.007
      clockrate                1.099300    0.019112    0.838350    1.378466    1.093881   1107.81   1184.35    1.000
      clockrate                1.297065    0.141548    0.696516    2.056037    1.222557    199.83    284.01    1.002
      clockrate                0.983188    0.010792    0.778116    1.184241    0.979247   1145.60   1165.04    1.000
      clockrate                1.017189    0.015700    0.780857    1.267184    1.010690    538.01    755.72    1.000
      clockrate                1.130334    0.011115    0.928654    1.337449    1.126844    474.01    549.64    1.000
      clockrate                1.215558    0.016635    0.974126    1.473687    1.208420    981.12   1116.41    1.001
      clockrate                1.253426    0.022121    0.972057    1.549658    1.245457    490.83    530.37    1.001
      clockrate                1.362714    0.219772    0.740037    2.367921    1.228985     46.19     50.83    1.033
      clockrate                2.161711    0.461566    0.998183    3.502062    2.066225    103.93    211.86    1.000
      clockrate                1.384642    0.149654    0.832953    2.224435    1.279589     46.03     56.65    1.299
      clockrate                1.153156    0.056327    0.757217    1.619302    1.111521     56.23     66.26    1.001
      clockrate                1.087308    0.012839    0.874026    1.315105    1.081452    776.63    952.76    1.001
      clockrate                1.385519    0.053938    0.969371    1.849041    1.357008     60.93     79.93    1.003
      clockrate                1.142725    0.016596    0.893374    1.396044    1.138029    922.99   1032.94    1.000
      clockrate                1.247013    0.084988    0.780100    1.830996    1.188426     35.73     39.02    1.042
      clockrate                0.965275    0.014794    0.742770    1.212657    0.956068    192.51    243.87    1.001
      clockrate                2.198197    0.554611    1.002088    3.696958    2.063771    629.71   1110.68    1.001
      clockrate                1.239602    0.019102    0.980523    1.521412    1.231630    129.14    217.77    1.000
      clockrate                3.022215    0.801390    1.391925    4.789405    2.925724    602.61    644.72    1.000
      clockrate                1.208347    0.017627    0.950312    1.467023    1.202092   1007.05   1118.12    1.000
      clockrate                1.306946    0.261958    0.649998    2.270434    1.169937     57.85     61.86    1.003
      clockrate                1.145390    0.025305    0.874818    1.417762    1.129687     46.36    193.29    1.026
      clockrate                1.121660    0.011935    0.917130    1.341543    1.116583    276.09    393.62    1.008
      clockrate                1.076256    0.042145    0.742061    1.506845    1.038046     29.42    484.79    1.209
      clockrate                1.334253    0.057376    0.950211    1.837835    1.286348     30.23     55.51    1.104
      clockrate                1.647518    0.469941    0.734362    3.015718    1.465445     38.32     45.84    1.009
      clockrate                1.108107    0.014660    0.881144    1.352211    1.101666   1416.00   1874.87    1.000
      clockrate                1.639786    0.265794    0.918616    2.703451    1.487014     20.63     24.07    1.022
      clockrate                1.766527    0.380260    0.724458    2.917274    1.694775     26.13     56.56    1.035
      clockrate                0.939523    0.021886    0.671456    1.231571    0.922573     95.72    121.91    1.001
      clockrate                1.403896    0.173590    0.860327    2.102554    1.319802     27.62     33.72    1.000
      clockrate                1.258420    0.021198    0.986229    1.550538    1.250909    693.72    718.20    1.001
      clockrate                1.046790    0.017650    0.797728    1.312200    1.038729    491.64    955.13    1.006
      clockrate                1.145261    0.015267    0.907188    1.387896    1.139502    262.24    275.48    1.001
      clockrate                1.746076    0.333253    0.916216    2.918001    1.605229     39.54     64.94    1.018
      clockrate                1.665986    0.351514    0.954318    2.938552    1.426229     17.56     17.73    1.002
      clockrate                0.934338    0.007974    0.764225    1.112793    0.929381    616.33    653.89    1.000
      clockrate                0.796086    0.010470    0.598359    0.995146    0.789844    250.39    449.96    1.004
      clockrate                1.795935    0.257883    1.039021    2.829833    1.681542     40.59     42.87    1.000
      clockrate                1.177734    0.016700    0.925474    1.428888    1.170655    566.29    625.63    1.001
      clockrate                1.201168    0.021533    0.912939    1.484162    1.194422    555.35    682.10    1.000
