      age[0]                   0.890134    0.001715    0.822851    0.968786    0.882035    1.000    2
      age[0]                   1.044016    0.002593    0.954718    1.138038    1.036717    1.005    2
      age[0]                   1.000833    0.001878    0.927406    1.092247    0.993891    1.022    2
      age[0]                   1.079473    0.004998    0.957720    1.207431    1.072117    1.002    2
      age[0]                   0.997506    0.002531    0.914915    1.099462    0.988400    1.000    2
      age[0]                  1.027320    0.003978    0.914724    1.154294    1.019442    1.016    2
      age[0]                   0.984948    0.000867    0.937756    1.042242    0.979340    1.002    2
      age[0]                  0.772820    0.001682    0.723509    0.853794    0.761859    1.009    2
      age[0]                  0.951072    0.000870    0.899396    1.008992    0.947289    1.000    2
      age[0]                   0.941574    0.001428    0.878761    1.017827    0.936170    1.003    2
      age[0]                   0.934232    0.002065    0.861004    1.019990    0.927100    1.000    2
      age[0]                  0.867908    0.001777    0.831187    0.945753    0.855049    1.000    2
      age[0]                  0.934738    0.004415    0.857040    1.062540    0.917810    1.002    2
      age[0]                  0.842689    0.003748    0.792762    0.952244    0.824479    1.001    2
      age[0]                   0.988259    0.003121    0.894918    1.101873    0.978542    1.028    2
      age[0]                   0.982322    0.002076    0.906944    1.081493    0.975871    1.004    2
      age[0]                   1.025516    0.001926    0.961072    1.112077    1.017112    1.022    2
      age[0]                  1.006079    0.009087    0.846061    1.190061    0.992701    1.004    2
      age[0]                  0.865400    0.017974    0.641545    1.131185    0.844431    1.010    2
      age[0]                  1.008225    0.002545    0.951795    1.107442    0.994597    1.007    2
      age[0]                   1.047944    0.003254    0.948200    1.162466    1.040469    1.000    2
      age[0]                  1.021757    0.001671    0.979083    1.096201    1.011065    1.000    2
      age[0]                  0.892176    0.006554    0.743359    1.049591    0.883898    1.027    2
      age[0]                  0.999825    0.005382    0.861809    1.141212    0.990723    1.012    2
      age[0]                   0.977916    0.002727    0.899117    1.073453    0.968413    1.009    2
      age[0]                  0.932284    0.007169    0.778339    1.102839    0.923927    1.027    2
      age[0]                   0.894813    0.001855    0.818041    0.981351    0.889382    1.014    2
      age[0]                   0.905481    0.002068    0.834563    0.989162    0.897704    1.001    2
      age[0]                  0.832530    0.003201    0.729722    0.951565    0.825901    1.027    2
      age[0]                   0.874833    0.002212    0.793259    0.968428    0.868174    1.003    2
      age[0]                   1.018940    0.003995    0.908346    1.150337    1.009466    1.002    2
      age[0]                   0.930138    0.000323    0.914769    0.964147    0.924474    1.000    2
      age[0]                   1.030661    0.001976    0.951378    1.118886    1.026369    1.010    2
      age[0]                  1.034894    0.004478    0.970761    1.164644    1.015118    1.000    2
      age[0]                   1.014037    0.002391    0.930144    1.111480    1.007237    1.001    2
      age[0]                  1.031353    0.002437    0.944180    1.130023    1.024715    1.001    2
      age[0]                  0.888291    0.003611    0.780303    1.012894    0.882609    1.002    2
      age[0]                  0.906218    0.000947    0.872941    0.963794    0.898103    1.000    2
      age[0]                  1.006848    0.001373    0.965596    1.081477    0.996288    1.011    2
      age[0]                  0.975220    0.002213    0.898427    1.056185    0.967916    1.008    2
      age[0]                   0.907778    0.003023    0.823103    1.005756    0.897435    1.000    2
      age[0]                  0.925562    0.002642    0.838495    1.031385    0.918063    1.000    2
      age[0]                   0.802832    0.002817    0.711968    0.908436    0.796846    1.009    2
      age[0]                   0.942341    0.001900    0.868693    1.031701    0.935904    1.000    2
      age[0]                   0.997656    0.001580    0.933788    1.068273    0.990219    1.000    2
      age[0]                  1.050256    0.005983    0.925435    1.196581    1.038158    1.006    2
      age[0]                   1.068249    0.004207    0.958447    1.200927    1.058228    1.000    2
      age[0]                  0.993689    0.003006    0.915295    1.095530    0.983921    1.011    2
      age[0]                   0.990188    0.001020    0.948144    1.050727    0.983567    1.003    2
      age[0]                   1.002455    0.001474    0.943408    1.071320    0.995459    1.000    2
      age[0]                  1.007002    0.002546    0.919949    1.109609    0.998869    1.000    2
      age[0]                  0.920879    0.004691    0.804740    1.053631    0.910914    1.000    2
      age[0]                  0.887461    0.002791    0.827726    0.991854    0.873510    1.001    2
      age[0]                   0.918487    0.006135    0.774368    1.069081    0.909586    1.005    2
      age[0]                   1.004730    0.002429    0.920026    1.101911    0.997336    1.001    2
      age[0]                  0.997144    0.000969    0.966027    1.058701    0.987970    1.012    2
      age[0]                   1.039113    0.002417    0.957367    1.142802    1.030910    1.003    2
      age[0]                  0.964577    0.006091    0.855266    1.103385    0.951495    1.003    2
      age[0]                  0.900482    0.000706    0.866003    0.950746    0.894598    1.001    2
      age[0]                   0.973827    0.001311    0.927809    1.047127    0.964406    1.000    2
      age[0]                  1.003842    0.002205    0.956538    1.091688    0.990929    1.000    2
      age[0]                   0.953921    0.001875    0.879172    1.040286    0.948243    1.001    2
      age[0]                  1.011533    0.002087    0.932483    1.097658    1.006025    1.000    2
      age[0]                   0.954754    0.002698    0.892636    1.059413    0.941028    1.003    2
      age[0]                   0.961800    0.001726    0.898415    1.042688    0.954535    1.002    2
      age[0]                   0.934036    0.002207    0.851072    1.024764    0.928086    1.012    2
      age[0]                  0.909377    0.011423    0.698081    1.106488    0.900267    1.014    2
      age[0]                  0.934176    0.001878    0.870050    1.015039    0.925265    1.000    2
      age[0]                  0.913260    0.004287    0.802468    1.044394    0.903833    1.067    2
      age[0]                  0.992934    0.003231    0.899466    1.099102    0.983598    1.000    2
      age[0]                   0.919534    0.001229    0.857997    0.988749    0.914651    1.018    2
      age[0]                  0.941460    0.001404    0.878181    1.013892    0.935577    1.002    2
      age[0]                   1.017515    0.003078    0.918618    1.129548    1.010305    1.005    2
      age[0]                  0.994321    0.008960    0.836718    1.170665    0.978739    1.011    2
      age[0]                  0.992770    0.002360    0.915101    1.086812    0.983108    1.002    2
      age[0]                  0.904668    0.016440    0.792186    1.152833    0.863394    1.000    2
      age[0]                   1.000139    0.002850    0.893592    1.103628    0.995707    1.001    2
      age[0]                  0.919308    0.001677    0.874815    0.999036    0.907916    1.000    2
      age[0]                   0.943543    0.000840    0.893739    1.002487    0.939271    1.000    2
      age[0]                  0.984834    0.005457    0.856590    1.128967    0.975837    1.003    2
      age[0]                   0.870679    0.004250    0.755071    1.000610    0.863986    1.018    2
      age[0]                   1.036707    0.008462    0.883322    1.212646    1.019564    1.002    2
      age[0]                   1.031203    0.004717    0.925967    1.159316    1.019872    1.009    2
      age[0]                   0.843151    0.007004    0.700800    0.998586    0.831013    1.026    2
      age[0]                  0.883068    0.003324    0.779246    0.992602    0.876406    1.004    2
      age[0]                   0.956153    0.001702    0.885973    1.038630    0.950460    1.003    2
      age[0]                   0.687034    0.007846    0.528427    0.848764    0.682492    1.021    2
      age[0]                  0.956188    0.003094    0.905132    1.069504    0.937581    1.003    2
      age[0]                  1.056579    0.006974    0.908730    1.226131    1.044697    1.000    2
      age[0]                  0.931392    0.004246    0.813324    1.067653    0.923920    1.000    2
      age[0]                   1.031333    0.003088    0.934898    1.136967    1.021936    1.003    2
      age[0]                   1.023855    0.003466    0.922849    1.142361    1.015012    1.005    2
      age[0]                   0.986589    0.002384    0.902496    1.072698    0.982198    1.003    2
      age[0]                  0.888738    0.001503    0.828792    0.963980    0.880533    1.007    2
      age[0]                   0.917678    0.002698    0.815266    1.014309    0.914149    1.002    2
      age[0]                   1.064813    0.002580    0.973686    1.167728    1.058279    1.000    2
      age[0]                  1.117798    0.003962    1.006798    1.248218    1.110653    1.008    2
      age[0]                  0.988506    0.000490    0.962749    1.031369    0.983061    1.000    2
      age[0]                   0.894421    0.003952    0.783065    1.015445    0.887195    1.000    2
      age[0]                  0.893234    0.004902    0.778878    1.016585    0.884769    1.000    2
