      TL          7.654989    0.287275    6.624426    8.717352    7.635614  11247.69  13017.19    1.000
      TL          7.480732    0.309030    6.392634    8.569870    7.459701  11561.83  12511.79    1.000
      TL          8.124417    0.308609    7.056728    9.234876    8.106911  11643.56  12895.85    1.000
      TL          8.158013    0.323115    7.034548    9.259738    8.141717  11960.92  12261.59    1.000
      TL          8.477565    0.336717    7.372515    9.637889    8.454714   7827.69   9599.49    1.000
      TL          5.479711    0.284110    4.483510    6.554617    5.449926  17031.94  17372.40    1.000
      TL          8.053087    0.354645    6.920435    9.240392    8.032105   7327.90   7458.12    1.000
      TL          5.988232    0.386500    4.827263    7.239500    5.947792  13120.53  13420.76    1.000
      TL          6.420813    0.269726    5.431905    7.456729    6.399978  16322.43  16547.78    1.000
      TL         10.156004    0.501180    8.815498   11.578790   10.127420   4537.91   5164.95    1.000
      TL          7.497713    0.305722    6.440972    8.595448    7.476860   8999.67   9571.70    1.000
      TL          3.234011    0.181752    2.441380    4.099936    3.206934  16493.94  16975.57    1.000
      TL          5.847417    0.340650    4.721123    6.996361    5.813016  10796.98  10970.43    1.000
      TL          3.188952    0.164239    2.413537    3.995917    3.165894  21258.89  22103.39    1.000
      TL          8.192683    0.322515    7.106534    9.320629    8.170698  13260.18  13730.03    1.000
      TL          8.816732    0.360361    7.667339   10.009230    8.797683  10736.08  11308.01    1.000
      TL          7.512751    0.283914    6.499819    8.577083    7.492881  15123.75  15137.74    1.000
      TL          4.626090    0.244116    3.688919    5.611515    4.599561  17760.03  18091.87    1.000
      TL          2.567832    0.270008    1.639741    3.610325    2.505711  25647.20  25674.25    1.000
      TL          3.554127    0.176171    2.774853    4.403432    3.529632  19064.45  19534.87    1.000
      TL          7.758254    0.284913    6.727529    8.815294    7.742814  12942.33  13044.37    1.000
      TL          5.437059    0.271352    4.457605    6.483240    5.411282  16145.48  16708.12    1.000
      TL          6.801233    0.342245    5.673456    7.958904    6.769994   8962.67   9753.60    1.000
      TL          4.794408    0.205207    3.915683    5.684318    4.773228  15208.32  15273.56    1.000
      TL          7.079989    0.271973    6.068202    8.107155    7.061222  13356.61  14232.92    1.000
      TL          6.808238    0.354838    5.665370    7.980672    6.778273  14377.33  15164.24    1.000
      TL          8.216877    0.408578    6.980488    9.479548    8.190213   6957.65   7084.16    1.000
      TL          6.941805    0.283852    5.898642    7.984800    6.921369  15813.43  16317.20    1.000
      TL          5.941271    0.264817    4.970420    6.984580    5.919466  18040.55  18519.85    1.000
      TL          5.985940    0.212352    5.107349    6.907779    5.972200  12734.59  13596.90    1.000
      TL          7.059180    0.280156    6.025757    8.096443    7.040592  11757.77  12467.48    1.000
      TL          8.006572    0.322994    6.931853    9.147681    7.984442  12250.89  12821.39    1.000
      TL          6.691397    0.259529    5.699775    7.694022    6.670935  16982.86  17239.33    1.000
      TL          4.463107    0.254956    3.480943    5.443810    4.433598  16260.35  16739.25    1.000
      TL          7.156874    0.237730    6.217816    8.122682    7.143600  18121.92  18152.66    1.000
      TL          3.654564    0.161914    2.888762    4.456701    3.633419  21083.35  21450.85    1.000
      TL          4.800277    0.200439    3.963260    5.707182    4.779879  13482.29  13878.71    1.000
      TL          2.626537    0.096644    2.034923    3.246733    2.613556  23426.57  23502.69    1.000
      TL          4.973617    0.283071    3.966862    6.036348    4.942527  14596.23  15099.42    1.000
      TL          4.625030    0.190794    3.778093    5.474731    4.605616  14854.20  16056.53    1.000
      TL          8.557718    0.347089    7.411865    9.704812    8.540268  10324.71  10996.27    1.000
      TL          5.262921    0.215479    4.370768    6.186875    5.243641  16866.85  17967.66    1.000
      TL          8.172449    0.316385    7.073315    9.277179    8.152312   9580.50  10291.92    1.000
      TL          9.845464    0.434243    8.590861   11.160620    9.823482   7697.55   8086.15    1.000
      TL          7.832633    0.349344    6.693237    8.996269    7.808638  10837.58  11446.36    1.000
      TL          5.415527    0.222807    4.506565    6.347808    5.396160  20470.18  20660.60    1.000
      TL          6.737058    0.233643    5.817736    7.699120    6.723565  20091.61  20273.01    1.000
      TL          4.992972    0.243028    4.054715    5.968713    4.966174  16965.41  17049.53    1.000
      TL          6.470002    0.260708    5.508155    7.501773    6.448438  13183.88  13532.10    1.000
      TL          7.354639    0.275118    6.366068    8.408374    7.338093  11996.86  12922.44    1.000
      TL          4.648370    0.205423    3.793027    5.562100    4.625586  16199.55  16962.44    1.000
      TL          4.984736    0.274969    4.015414    6.051177    4.954024  20110.42  20141.21    1.000
      TL          3.773492    0.169954    2.973961    4.579927    3.752832  20920.01  21297.78    1.000
      TL          5.852174    0.237486    4.920782    6.820585    5.830996  16191.78  16215.19    1.000
      TL          7.101821    0.324233    6.018984    8.244710    7.080864   9125.09   9941.61    1.000
      TL          5.289331    0.192197    4.456754    6.166147    5.273587  16605.77  17674.09    1.000
      TL          8.608507    0.345986    7.440238    9.740778    8.587434  10822.70  11005.62    1.000
      TL          4.776417    0.224020    3.861324    5.715760    4.754250  17852.01  19285.85    1.000
      TL          4.910140    0.226442    4.006135    5.863277    4.886030  19706.79  20863.57    1.000
      TL          6.497562    0.271144    5.499570    7.529541    6.475518  11793.30  12680.85    1.000
      TL          2.783720    0.135301    2.076209    3.500810    2.763923  20784.47  21451.49    1.000
      TL          7.189269    0.278610    6.163879    8.229906    7.169052  13145.96  13439.28    1.000
      TL          4.344998    0.166518    3.557745    5.152842    4.326028  21127.53  21419.48    1.000
      TL          9.206866    0.392053    7.987531   10.429250    9.184667   9563.65  10068.77    1.000
      TL          8.416798    0.337891    7.312327    9.583566    8.395422  11029.98  12047.10    1.000
      TL          8.162806    0.374821    6.970370    9.357678    8.137858  10255.29  10305.62    1.000
      TL          3.248036    0.149613    2.506165    4.004770    3.226457  21326.08  21655.13    1.000
      TL          4.865464    0.234289    3.947518    5.828157    4.840086  14146.69  14367.16    1.000
      TL          6.288914    0.292236    5.268496    7.381613    6.263956  17840.63  18303.81    1.000
      TL          6.527621    0.337445    5.413294    7.675327    6.496177  13165.94  13834.83    1.000
      TL          7.019569    0.261800    6.036137    8.035258    7.005089  13886.67  14239.62    1.000
      TL          6.584096    0.313031    5.498300    7.680102    6.561777  15526.81  15738.74    1.000
      TL          8.585792    0.363934    7.424467    9.782336    8.566536  10937.71  11016.24    1.000
      TL          5.716563    0.296590    4.677968    6.790334    5.686609  12214.90  12931.31    1.000
      TL          4.745055    0.179155    3.931681    5.588793    4.728625  23184.75  23480.37    1.000
      TL          2.473833    0.292649    1.536614    3.573896    2.404188  20280.61  21540.51    1.000
      TL          6.986641    0.261701    5.983722    7.981862    6.968608   9787.60  11633.99    1.000
      TL          3.056948    0.130468    2.354385    3.763412    3.040502  30150.80  30158.17    1.000
      TL          8.535695    0.382856    7.362459    9.783608    8.510279   5431.68   6054.92    1.000
      TL          5.133162    0.286807    4.120648    6.203860    5.101833  16105.52  16175.95    1.000
      TL          7.265447    0.300822    6.208316    8.351135    7.245214  12908.92  13186.66    1.000
      TL         10.221883    0.468632    8.915093   11.590510   10.194740  10321.98  10324.19    1.000
      TL          7.711130    0.322752    6.633226    8.848737    7.686760  10958.33  11393.68    1.000
      TL          6.981815    0.294269    5.941940    8.062398    6.960643  12741.80  13871.91    1.000
      TL          5.158087    0.301503    4.111500    6.250032    5.122428  15667.17  15764.06    1.000
      TL          7.307284    0.302638    6.267187    8.416415    7.285815  11856.17  12311.36    1.000
      TL          5.702194    0.229165    4.799391    6.667129    5.684321  13839.90  14692.78    1.000
      TL          5.691914    0.365433    4.567322    6.919221    5.653537  13784.07  14454.60    1.000
      TL          4.567024    0.182479    3.745034    5.415525    4.548144  17329.23  18029.30    1.000
      TL          6.143481    0.340634    5.047861    7.320292    6.110851  11393.10  11853.63    1.000
      TL          8.408641    0.356605    7.251068    9.580203    8.385788  10358.86  10491.83    1.000
      TL          9.024253    0.470574    7.732382   10.407680    8.991761  11225.52  11859.64    1.000
      TL         10.279560    0.508826    8.937469   11.718710   10.248730   6073.23   6344.85    1.000
      TL          4.610194    0.315157    3.560350    5.740102    4.568971  15751.37  16457.33    1.000
      TL          7.866851    0.315413    6.813947    9.005895    7.843764  13517.50  13729.65    1.000
      TL          9.691917    0.419234    8.450252   10.975020    9.670591   4061.36   5360.14    1.000
      TL          4.116113    0.152572    3.380797    4.899537    4.099617  16281.36  16322.19    1.000
      TL          5.317047    0.210034    4.431823    6.222282    5.298254  20247.59  21072.80    1.000
      TL          8.219669    0.395559    7.048012    9.496056    8.189372  10575.26  10625.91    1.000
      TL          6.579367    0.296658    5.529483    7.656215    6.554508  11317.82  12957.08    1.000
