      alpha_symdir{1}               0.930188    0.023764    0.658500    1.246810    0.912648   5082.28   5312.98    1.000
      alpha_symdir{1}               0.761534    0.090115    0.333284    1.345352    0.693852   2852.49   2896.02    1.000
      alpha_symdir{1}               1.415844    0.054798    1.080708    1.888202    1.412076    107.29   2797.37    1.004
      alpha_symdir{1}               1.237118    0.031291    0.924598    1.584418    1.212127   6331.20   6331.24    1.001
      alpha_symdir{1}               0.601935    0.068767    0.266058    1.031105    0.516808   1503.37   1547.95    1.004
      alpha_symdir{1}               0.742942    0.070334    0.272887    1.215287    0.735248   3289.29   3546.69    1.000
      alpha_symdir{1}               1.060854    0.035278    0.766175    1.453889    1.029987   6090.06   6349.33    1.000
      alpha_symdir{1}               0.792286    0.065107    0.250353    1.197856    0.815724   2326.59   2387.47    1.000
      alpha_symdir{1}               1.371212    0.100707    0.824400    2.033031    1.331841   4982.53   5076.14    1.000
      alpha_symdir{1}               1.120599    0.044614    0.757327    1.549193    1.089399   5624.40   6146.15    1.000
      alpha_symdir{1}               0.810852    0.019213    0.617997    1.056667    0.785559   3745.83   4291.49    1.001
      alpha_symdir{1}               0.462728    0.036941    0.108984    0.795113    0.458887   1663.72   1779.57    1.000
      alpha_symdir{1}               0.600504    0.059932    0.262966    1.071956    0.555036   3286.74   3314.39    1.000
      alpha_symdir{1}               0.315196    0.063275    0.079783    0.708326    0.343348     22.23     25.20    1.156
      alpha_symdir{1}               1.302102    0.052754    0.894249    1.757175    1.276679   5267.89   5546.18    1.000
      alpha_symdir{1}               0.920817    0.082494    0.305321    1.346249    0.960661   1959.96   2068.86    1.000
      alpha_symdir{1}               0.450261    0.018531    0.291840    0.713449    0.416399   1965.47   2395.33    1.000
      alpha_symdir{1}               0.726987    0.701718    0.049208    2.364352    0.348835      9.77     14.80    1.183
      alpha_symdir{1}               1.831600    0.882724    0.285522    3.764400    1.644622   1025.30   1691.44    1.000
      alpha_symdir{1}               1.338798    0.249728    0.610512    2.560903    1.245811    486.70   1052.97    1.001
      alpha_symdir{1}               0.770953    0.012275    0.577267    0.991550    0.757787   4273.82   4718.81    1.000
      alpha_symdir{1}               1.321042    0.108483    0.787653    2.012299    1.273011   2852.86   3342.11    1.000
      alpha_symdir{1}               1.115103    0.054934    0.724611    1.607118    1.083900   4799.27   4892.00    1.000
      alpha_symdir{1}               0.647919    0.128589    0.303392    1.413356    0.511924   1765.76   1811.37    1.000
      alpha_symdir{1}               1.597955    0.138656    0.995318    2.346996    1.536348   5055.24   5510.18    1.000
      alpha_symdir{1}               0.858923    0.131279    0.263628    1.334211    0.977043    299.85    333.69    1.009
      alpha_symdir{1}               0.865018    0.032516    0.295274    1.157492    0.869501   1573.29   1598.24    1.000
      alpha_symdir{1}               0.978974    0.052206    0.611296    1.447043    0.943145   4094.64   4104.14    1.000
      alpha_symdir{1}               1.046280    0.044171    0.701698    1.484361    1.019159   3266.90   3933.79    1.000
      alpha_symdir{1}               0.588458    0.036882    0.285524    0.956508    0.566226   4215.87   4347.90    1.001
      alpha_symdir{1}               0.655725    0.065683    0.252220    1.047228    0.707065   1248.76   1366.30    1.000
      alpha_symdir{1}               1.268227    0.118502    0.743040    1.972751    1.194662   4276.44   4365.45    1.000
      alpha_symdir{1}               0.517388    0.057061    0.262623    1.002427    0.397264   1563.06   1820.07    1.000
      alpha_symdir{1}               1.824276    0.771046    0.356718    3.613313    1.642621    968.58   1584.07    1.002
      alpha_symdir{1}               0.968422    0.041673    0.634836    1.381465    0.930347   5244.11   5440.55    1.003
      alpha_symdir{1}               0.875649    0.100372    0.272370    1.387245    0.896422   1839.85   2059.43    1.000
      alpha_symdir{1}               1.109675    0.129513    0.488911    1.839409    1.057508    113.71   1351.82    1.020
      alpha_symdir{1}               0.780832    0.082692    0.218540    1.271170    0.781110   2480.57   2543.12    1.000
      alpha_symdir{1}               1.296061    0.229187    0.338136    2.206504    1.227416   2942.00   3020.44    1.000
      alpha_symdir{1}               1.146171    0.066026    0.725134    1.660886    1.109552   2436.04   3727.28    1.000
      alpha_symdir{1}               0.820281    0.070337    0.379429    1.268225    0.837779   2561.38   2953.26    1.001
      alpha_symdir{1}               0.995708    0.041699    0.660722    1.419406    0.979117   1309.87   1631.00    1.000
      alpha_symdir{1}               0.916992    0.030723    0.613954    1.259383    0.896594   5027.06   5129.98    1.000
      alpha_symdir{1}               0.972815    0.021302    0.714785    1.266476    0.954905   5293.49   5444.47    1.000
      alpha_symdir{1}               1.021333    0.080140    0.322091    1.490414    1.027167   2130.73   2396.81    1.001
      alpha_symdir{1}               0.958662    0.065936    0.312488    1.434491    0.932175   2622.00   2960.25    1.000
      alpha_symdir{1}               0.585097    0.023509    0.333106    0.861022    0.577455   4041.80   4172.49    1.000
      alpha_symdir{1}               0.790493    0.080737    0.348210    1.347002    0.732592   3849.23   3878.06    1.000
      alpha_symdir{1}               0.778110    0.041095    0.441285    1.233050    0.736511   3534.57   3850.45    1.002
      alpha_symdir{1}               0.435857    0.017700    0.279154    0.726957    0.395309   3019.19   3227.24    1.000
      alpha_symdir{1}               0.626961    0.044334    0.255238    1.057674    0.613227   2261.20   2677.34    1.001
      alpha_symdir{1}               0.726616    0.138631    0.256897    1.343631    0.694014   1089.02   1110.90    1.000
      alpha_symdir{1}               0.937267    0.080987    0.458623    1.624443    0.893275   3021.31   3509.01    1.000
      alpha_symdir{1}               0.747491    0.035064    0.314740    1.076942    0.750059   4156.96   4328.05    1.000
      alpha_symdir{1}               1.037100    0.080579    0.290558    1.490072    1.044360   1661.25   1669.88    1.001
      alpha_symdir{1}               0.792786    0.043318    0.280191    1.169918    0.773218   3226.61   3506.66    1.000
      alpha_symdir{1}               0.876798    0.031439    0.587228    1.296499    0.858945   3793.34   4007.37    1.000
      alpha_symdir{1}               0.822436    0.035351    0.472672    1.219069    0.802057   4355.92   5008.25    1.000
      alpha_symdir{1}               0.964033    0.093402    0.323075    1.548684    0.930975   3142.09   3166.85    1.000
      alpha_symdir{1}               0.655258    0.010780    0.405936    0.865329    0.659742   4000.62   4242.29    1.000
      alpha_symdir{1}               1.260746    0.520503    0.291752    2.728498    1.139187    734.19   1205.07    1.000
      alpha_symdir{1}               0.802512    0.019406    0.621515    1.093210    0.808076    185.40    276.04    1.000
      alpha_symdir{1}               0.910957    0.077490    0.245736    1.307180    0.943007    172.66    219.41    1.004
      alpha_symdir{1}               1.441681    0.095062    0.891640    2.069762    1.405567   5809.75   5902.26    1.000
      alpha_symdir{1}               0.604007    0.079812    0.266083    1.079316    0.595823    781.92    916.19    1.000
      alpha_symdir{1}               0.964336    0.023573    0.677133    1.264627    0.957527   4487.02   4673.90    1.000
      alpha_symdir{1}               0.790026    0.085818    0.240134    1.289925    0.789777   2851.64   2862.15    1.000
      alpha_symdir{1}               0.906499    0.120959    0.261999    1.421253    0.964017   1159.04   1293.75    1.003
      alpha_symdir{1}               0.790839    0.045728    0.245082    1.115701    0.812241   1539.93   1583.20    1.001
      alpha_symdir{1}               0.906708    0.130003    0.287122    1.442862    0.974535    966.40   1039.53    1.000
      alpha_symdir{1}               0.777797    0.053476    0.408465    1.243302    0.734906   3781.46   3839.34    1.000
      alpha_symdir{1}               0.704510    0.126175    0.252076    1.218585    0.814928    211.38    229.37    1.002
      alpha_symdir{1}               1.680935    0.160368    1.025880    2.486050    1.614424   4410.75   4507.19    1.000
      alpha_symdir{1}               0.658869    0.053952    0.298301    1.117625    0.625448   4218.28   4243.24    1.000
      alpha_symdir{1}               0.635702    0.026876    0.375018    1.007544    0.597984   4127.79   4309.25    1.000
      alpha_symdir{1}               0.850626    0.406863    0.004284    2.017412    0.710062    865.48    935.68    1.000
      alpha_symdir{1}               1.217159    0.125674    0.663689    1.942797    1.151285    361.07   1242.42    1.003
      alpha_symdir{1}               0.796688    0.089341    0.272882    1.349866    0.762204   3570.43   3628.87    1.000
      alpha_symdir{1}               1.523273    0.146858    0.906054    2.299485    1.456987   2763.44   3715.86    1.000
      alpha_symdir{1}               0.774469    0.093983    0.300750    1.449297    0.732885   1577.71   1617.47    1.000
      alpha_symdir{1}               0.824318    0.028977    0.298964    1.087629    0.831299   1105.57   1666.12    1.003
      alpha_symdir{1}               0.892050    0.007732    0.728575    1.064483    0.885488   3983.17   4730.11    1.000
      alpha_symdir{1}               1.013158    0.038619    0.695158    1.428089    0.985190   3606.13   3624.21    1.000
      alpha_symdir{1}               1.593612    0.134723    0.978725    2.331111    1.535353   4740.13   4896.62    1.000
      alpha_symdir{1}               1.535950    0.170118    0.877207    2.378320    1.469433   3995.20   4094.08    1.000
      alpha_symdir{1}               1.196602    0.042246    0.835885    1.613588    1.172945   3849.89   4299.77    1.000
      alpha_symdir{1}               1.004401    0.066733    0.262987    1.368358    1.029721    411.89    464.55    1.000
      alpha_symdir{1}               0.785907    0.102223    0.238335    1.271217    0.839897   1316.93   1416.51    1.000
      alpha_symdir{1}               0.929914    0.110529    0.285598    1.465020    0.949023   1618.19   1695.21    1.000
      alpha_symdir{1}               0.818077    0.138569    0.289048    1.418712    0.857036   1310.88   1461.57    1.000
      alpha_symdir{1}               1.188735    0.034146    0.852664    1.559943    1.170431   5315.82   5672.05    1.000
      alpha_symdir{1}               0.864835    0.039087    0.441431    1.287251    0.871956   3184.47   3506.24    1.000
      alpha_symdir{1}               1.123767    0.053577    0.740114    1.602911    1.090307   4651.68   4783.20    1.002
      alpha_symdir{1}               0.879756    0.091357    0.225193    1.363729    0.886799   1997.02   2034.69    1.001
      alpha_symdir{1}               1.473320    0.085907    0.950523    2.055264    1.434108   5744.71   6009.52    1.000
      alpha_symdir{1}               1.066705    0.025363    0.777590    1.381179    1.044001   5878.95   6078.78    1.000
      alpha_symdir{1}               0.920319    0.102505    0.315511    1.496223    0.894620    115.53    461.14    1.007
      alpha_symdir{1}               1.113300    0.131490    0.366240    1.781089    1.085926   3410.52   3436.15    1.000
      alpha_symdir{1}               1.440062    0.134724    0.801227    2.153509    1.392333   4515.78   4567.60    1.001
      alpha_symdir{1}               0.904317    0.027228    0.651432    1.278678    0.905450   1444.76   1578.34    1.000
