      clockrate{all}                0.785045    0.004241    0.661668    0.916320    0.781972    173.02    295.36    1.000
      clockrate{all}                0.885185    0.007785    0.717278    1.060592    0.879308     44.40    107.10    1.003
      clockrate{all}                0.815457    0.002288    0.720917    0.907569    0.814309    295.80    614.97    1.003
      clockrate{all}                0.880546    0.003692    0.766008    1.000962    0.876240    131.42    373.16    1.080
      clockrate{all}                0.819116    0.006305    0.680595    0.983483    0.809051     98.45    206.77    1.272
      clockrate{all}                0.817247    0.010517    0.619363    1.012482    0.809172     57.26    150.58    1.001
      clockrate{all}                0.844955    0.002549    0.748440    0.944619    0.843901   1178.54   1749.16    1.000
      clockrate{all}                1.227400    0.068041    0.802274    1.715809    1.191471     43.35     54.26    1.015
      clockrate{all}                1.052520    0.017266    0.821607    1.320138    1.037666     67.75    105.24    1.008
      clockrate{all}                0.883068    0.002734    0.781629    0.987861    0.881888    431.60    658.23    1.000
      clockrate{all}                0.813657    0.003405    0.703385    0.931981    0.810831     62.89    180.86    1.003
      clockrate{all}                1.117735    0.047613    0.719062    1.548170    1.091637    338.54    348.09    1.000
      clockrate{all}                0.808415    0.011013    0.614638    1.016561    0.797959    247.08    306.17    1.001
      clockrate{all}                0.808490    0.025458    0.540583    1.119005    0.782041    102.74    148.02    1.007
      clockrate{all}                0.784608    0.003447    0.673707    0.902437    0.781405    122.48    219.10    1.030
      clockrate{all}                0.777240    0.002539    0.680067    0.876674    0.775449     78.03    541.47    1.004
      clockrate{all}                0.758824    0.003251    0.652246    0.874864    0.756377    235.13    720.81    1.009
      clockrate{all}                0.737238    0.029122    0.452188    1.066188    0.706282     62.78    114.09    1.001
      clockrate{all}                1.226019    0.140878    0.608533    2.020956    1.164103    552.38    635.30    1.004
      clockrate{all}                0.931061    0.037725    0.662876    1.323405    0.885984    100.63    120.94    1.003
      clockrate{all}                1.141629    0.022616    0.874869    1.445143    1.122876    121.36    132.18    1.011
      clockrate{all}                0.883698    0.014413    0.677159    1.129177    0.868410    269.09    313.18    1.000
      clockrate{all}                0.937992    0.010529    0.745143    1.138575    0.930991    311.21    343.74    1.001
      clockrate{all}                0.867907    0.007655    0.704469    1.045119    0.861149    106.99    131.14    1.002
      clockrate{all}                0.889046    0.004105    0.768462    1.020522    0.885840    294.45    471.34    1.047
      clockrate{all}                0.920131    0.019852    0.680187    1.205192    0.896346     52.73    109.03    1.051
      clockrate{all}                0.916415    0.008542    0.738366    1.100381    0.912240    437.16    562.59    1.000
      clockrate{all}                0.850512    0.008510    0.676725    1.033754    0.842773     91.28    174.53    1.014
      clockrate{all}                0.961545    0.015256    0.741100    1.213436    0.947671     59.93    117.85    1.004
      clockrate{all}                0.841186    0.003618    0.720950    0.955816    0.839870    189.95    282.58    1.003
      clockrate{all}                0.935647    0.009840    0.745400    1.128066    0.930099     32.07     36.19    1.003
      clockrate{all}                0.879235    0.008191    0.716423    1.065752    0.871386    186.41    187.66    1.002
      clockrate{all}                0.893532    0.003438    0.777915    1.007588    0.892539    359.08    580.63    1.001
      clockrate{all}                0.804961    0.026859    0.547257    1.138908    0.775338    154.83    198.00    1.019
      clockrate{all}                0.806154    0.002818    0.702300    0.909827    0.804209    690.93    954.06    1.042
      clockrate{all}                0.823437    0.008908    0.639660    1.008957    0.817256     47.45     92.33    1.004
      clockrate{all}                1.176241    0.044125    0.836962    1.573823    1.140085     15.89     65.16    1.145
      clockrate{all}                0.937789    0.017944    0.691179    1.206513    0.922526    217.81    295.06    1.005
      clockrate{all}                0.720601    0.011749    0.526513    0.934426    0.708553    129.94    182.66    1.002
      clockrate{all}                0.792077    0.005092    0.652788    0.930021    0.788505    381.66    549.43    1.000
      clockrate{all}                0.889621    0.007425    0.731678    1.066715    0.879609     76.39    402.10    1.271
      clockrate{all}                1.101776    0.061587    0.700937    1.595033    1.056800     59.22     66.77    1.002
      clockrate{all}                0.907007    0.004352    0.779345    1.037964    0.903745    174.59    188.41    1.000
      clockrate{all}                0.818902    0.003102    0.714968    0.932676    0.817349    371.40    636.94    1.001
      clockrate{all}                0.879157    0.007159    0.718089    1.046654    0.870998     63.34     65.00    1.050
      clockrate{all}                0.821681    0.008998    0.651921    1.019555    0.813881     59.52    100.93    1.004
      clockrate{all}                0.893636    0.005495    0.746095    1.035028    0.890513    244.19    259.87    1.000
      clockrate{all}                1.012847    0.025695    0.728049    1.329674    0.994736     76.94    123.32    1.007
      clockrate{all}                0.779951    0.005089    0.645587    0.923173    0.776524    109.53    173.62    1.022
      clockrate{all}                0.820968    0.004537    0.693974    0.954476    0.815580     62.55     63.66    1.003
      clockrate{all}                0.847190    0.013466    0.649734    1.085862    0.828686     29.94     54.63    1.019
      clockrate{all}                0.863749    0.030517    0.587176    1.224564    0.827112     40.73     56.34    1.002
      clockrate{all}                1.134175    0.034863    0.800792    1.512690    1.116532    239.96    307.37    1.002
      clockrate{all}                0.872717    0.006978    0.716124    1.037213    0.864966    126.71    130.82    1.012
      clockrate{all}                0.789497    0.007363    0.632788    0.962785    0.779857     48.06     85.58    1.051
      clockrate{all}                0.851121    0.006018    0.702653    1.003521    0.848133    570.05    593.99    1.001
      clockrate{all}                0.755465    0.002397    0.660484    0.853212    0.753374    345.55    586.81    1.000
      clockrate{all}                0.896932    0.018181    0.673248    1.176668    0.874480     41.11     81.86    1.031
      clockrate{all}                0.958999    0.023634    0.697012    1.271267    0.934368    132.77    139.83    1.002
      clockrate{all}                0.861389    0.007000    0.705305    1.032666    0.853396    110.34    119.74    1.001
      clockrate{all}                1.071381    0.052078    0.680260    1.527898    1.036260    150.47    202.75    1.003
      clockrate{all}                0.855562    0.003571    0.742650    0.975081    0.854140    554.05    722.04    1.000
      clockrate{all}                0.873561    0.005719    0.728491    1.021638    0.869954    266.14    391.88    1.004
      clockrate{all}                0.770712    0.002810    0.667042    0.873237    0.768679     99.92    207.57    1.000
      clockrate{all}                0.845547    0.005362    0.703254    0.988498    0.840461     88.69    103.63    1.004
      clockrate{all}                0.979676    0.009410    0.799846    1.176713    0.969163     65.89     90.83    1.001
      clockrate{all}                1.054376    0.050920    0.677791    1.503321    1.015854     62.81    138.05    1.015
      clockrate{all}                0.986231    0.013212    0.767168    1.210832    0.976585     51.47    198.20    1.004
      clockrate{all}                1.053385    0.022070    0.798751    1.359879    1.030672     70.80     76.16    1.000
      clockrate{all}                0.762022    0.007672    0.600769    0.936983    0.753541     73.80     89.58    1.000
      clockrate{all}                0.760277    0.005105    0.629785    0.905139    0.753428     72.00    163.88    1.007
      clockrate{all}                0.806433    0.008408    0.636515    0.988556    0.795537    250.67    268.47    1.002
      clockrate{all}                0.826958    0.008658    0.653226    1.009049    0.818947     45.93     76.93    1.000
      clockrate{all}                0.864355    0.009238    0.686486    1.058402    0.855795     57.97     73.28    1.008
      clockrate{all}                0.848788    0.008470    0.681134    1.031643    0.838515    250.62    250.82    1.000
      clockrate{all}                1.506737    0.200213    0.812680    2.394236    1.426044     60.60    116.49    1.008
      clockrate{all}                0.869373    0.007355    0.711352    1.042000    0.861402     20.47     79.91    1.022
      clockrate{all}                0.976810    0.011529    0.772987    1.187535    0.969333    141.47    236.41    1.003
      clockrate{all}                0.839433    0.003967    0.721992    0.966281    0.834972    121.68    694.88    1.029
      clockrate{all}                0.932883    0.019394    0.678965    1.209735    0.917948    497.04    500.11    1.000
      clockrate{all}                0.860425    0.007965    0.695706    1.041246    0.851171     68.78    108.81    1.002
      clockrate{all}                0.909091    0.005854    0.767863    1.057823    0.901970     56.45    102.91    1.011
      clockrate{all}                0.886405    0.009780    0.703339    1.084491    0.877472     46.09     57.16    1.000
      clockrate{all}                0.836915    0.013493    0.626220    1.070219    0.821824     93.96     96.18    1.000
      clockrate{all}                0.758354    0.012021    0.561737    0.975420    0.745513    101.26    170.22    1.000
      clockrate{all}                1.014305    0.006285    0.864551    1.174698    1.008811     38.61     40.30    1.002
      clockrate{all}                1.232851    0.024508    0.952300    1.557160    1.217846     70.58     92.12    1.028
      clockrate{all}                0.771345    0.013569    0.572466    1.001388    0.756127    117.41    181.09    1.002
      clockrate{all}                0.827249    0.006830    0.666401    0.988832    0.822542    239.45    264.85    1.000
      clockrate{all}                0.948676    0.010137    0.760279    1.147637    0.939347     89.57    132.04    1.005
      clockrate{all}                0.817662    0.003789    0.697555    0.938956    0.815499    250.42    260.97    1.000
      clockrate{all}                0.821156    0.007090    0.672340    0.995602    0.812384     60.47     81.98    1.068
      clockrate{all}                0.856136    0.006499    0.707902    1.023194    0.847738     25.80     38.10    1.110
      clockrate{all}                1.022618    0.035273    0.706337    1.412847    0.994222     88.68     96.58    1.007
      clockrate{all}                0.839656    0.007338    0.684874    1.004521    0.830183     35.82     39.75    1.001
      clockrate{all}                0.753743    0.002748    0.657749    0.860136    0.751815     46.31    137.02    1.003
      clockrate{all}                0.906684    0.010971    0.717584    1.116607    0.893324     24.65     86.77    1.021
      clockrate{all}                1.104107    0.028737    0.805278    1.446640    1.083436    171.88    231.69    1.005
      clockrate{all}                0.814383    0.004510    0.680924    0.943456    0.813110     87.83    115.66    1.013
      clockrate{all}                0.960911    0.007148    0.806905    1.135242    0.954896     96.10    106.84    1.003
