RFdist
0.1794872
0.3230769
0.08641975
0.1851852
0.1358025
0.2972973
0.09090909
0.2
0.2075472
0.1627907
0.1111111
0.1333333
0.1363636
0.06666667
0.15
0.03370787
0.1707317
0.2121212
0.07692308
0.1034483
0.0952381
0.1904762
0.1147541
0.1020408
0.1052632
0.28
0.21875
0.1515152
0.1538462
0.1466667
0.2571429
0.1428571
0.1388889
0.2727273
0.1235955
0.05263158
0.09433962
0.0952381
0.08571429
0.08695652
0.3023256
0.01754386
0.2093023
0.2857143
0.1428571
0.1372549
0.1578947
0.2380952
0.1147541
0.1395349
0.1111111
0.1515152
0.1351351
0.1428571
0.1333333
0.1176471
0.1392405
0.1904762
0.07692308
0.1304348
0.02857143
0.1891892
0.1304348
0.1666667
0.1794872
0.1578947
0.1612903
0.2380952
0.09803922
0.2
0.1351351
0.03846154
0.1506849
0.04347826
0.08333333
0.1666667
0.1830986
0.1333333
0.1168831
0.1428571
0.09589041
0.07142857
0.1733333
0.1212121
0.02702703
0.02631579
0.1636364
0.2222222
0.125
0.1555556
0.2151899
0.07462687
0.1529412
0.2142857
0.1351351
0.1494253
0.06896552
0.1372549
0.1830986
0.137931
