      ilnvar                   0.018482    0.000651    0.000040    0.073466    0.007636     22.93     30.55    1.017
      ilnvar                   0.048876    0.002197    0.000002    0.137234    0.040330     13.13     29.91    1.089
      ilnvar                   0.014671    0.000300    0.000052    0.049290    0.008890     30.71     33.41    1.000
      ilnvar                   0.026165    0.000841    0.000004    0.080992    0.017678     16.12     17.58    1.002
      ilnvar                   0.053287    0.001448    0.001182    0.126608    0.046153     64.33     70.55    1.015
      ilnvar                   0.205614    0.021197    0.007256    0.474815    0.171226    193.25    252.89    1.007
      ilnvar                   0.007001    0.000189    0.000001    0.028719    0.002269     14.49     29.83    1.043
      ilnvar                   0.057406    0.007384    0.000037    0.227432    0.024232     26.87     44.69    1.002
      ilnvar                   0.047985    0.002250    0.000353    0.135556    0.034892     51.64     67.78    1.000
      ilnvar                   0.058472    0.001835    0.004270    0.138663    0.048503     63.63     70.42    1.001
      ilnvar                   0.048988    0.002316    0.000273    0.142876    0.034343     42.50     49.14    1.002
      ilnvar                   0.050827    0.006109    0.000030    0.193416    0.023614    124.64    133.00    1.010
      ilnvar                   0.032145    0.001715    0.000138    0.108612    0.019312     71.53     90.07    1.000
      ilnvar                   0.036486    0.003734    0.000003    0.150595    0.013514     81.32    103.48    1.003
      ilnvar                   0.034410    0.001473    0.000026    0.111167    0.022233     13.33     16.13    1.019
      ilnvar                   0.026366    0.001003    0.000078    0.090376    0.015414     23.92     34.51    1.011
      ilnvar                   0.075979    0.003382    0.001072    0.183528    0.064957     32.59     35.39    1.000
      ilnvar                   0.032652    0.001450    0.000089    0.105045    0.020763    106.83    126.99    1.018
      ilnvar                   0.202207    0.074765    0.000152    0.673956    0.117471    728.43    776.07    1.000
      ilnvar                   0.025290    0.001943    0.000035    0.102259    0.008752     94.33    127.74    1.000
      ilnvar                   0.042238    0.001672    0.000301    0.122335    0.031333     19.65     25.86    1.012
      ilnvar                   0.035715    0.002017    0.000100    0.122413    0.019525     59.98     61.45    1.002
      ilnvar                   0.060027    0.004990    0.000299    0.196291    0.036287     30.26     42.33    1.020
      ilnvar                   0.212414    0.018900    0.013971    0.475181    0.183417    137.00    140.79    1.000
      ilnvar                   0.045996    0.001523    0.001347    0.122784    0.035080     39.36     52.86    1.003
      ilnvar                   0.036581    0.001542    0.000300    0.113463    0.023723     36.47     58.46    1.014
      ilnvar                   0.203112    0.018830    0.003975    0.465674    0.177473     61.76     73.85    1.002
      ilnvar                   0.022814    0.000787    0.000039    0.080909    0.011559     32.53     34.49    1.076
      ilnvar                   0.036393    0.001747    0.000076    0.110799    0.024464     68.59     83.64    1.001
      ilnvar                   0.032083    0.001524    0.000042    0.106846    0.019008     18.49     29.13    1.099
      ilnvar                   0.022766    0.001111    0.000036    0.082553    0.012035     26.40     35.85    1.002
      ilnvar                   0.019331    0.000648    0.000081    0.066500    0.009906     31.22     55.97    1.006
      ilnvar                   0.008041    0.000238    0.000001    0.040849    0.001380     19.56     22.71    1.111
      ilnvar                   0.125589    0.014284    0.000134    0.343830    0.093987    201.32    212.39    1.000
      ilnvar                   0.032952    0.001109    0.000027    0.097961    0.023964     25.39     27.82    1.024
      ilnvar                   0.062155    0.006248    0.000090    0.211281    0.034597     97.26    103.32    1.002
      ilnvar                   0.055964    0.003746    0.000015    0.174899    0.039637     39.37     39.87    1.018
      ilnvar                   0.050862    0.004199    0.000064    0.173171    0.029354     82.63    100.49    1.011
      ilnvar                   0.024005    0.001144    0.000008    0.090500    0.010746     71.91     74.95    1.020
      ilnvar                   0.027798    0.001086    0.000221    0.092932    0.017179     52.12     75.02    1.007
      ilnvar                   0.007936    0.000204    0.000001    0.037339    0.000547     24.93     25.93    1.420
      ilnvar                   0.022683    0.001190    0.000097    0.086456    0.010200     79.99     83.25    1.006
      ilnvar                   0.022851    0.000937    0.000038    0.080581    0.012027     14.86     16.98    1.050
      ilnvar                   0.010590    0.000251    0.000029    0.042475    0.004027     14.31     24.82    1.002
      ilnvar                   0.020116    0.000690    0.000075    0.073889    0.009875     22.42     25.56    1.002
      ilnvar                   0.035514    0.001738    0.000150    0.118502    0.021597     71.89     75.72    1.004
      ilnvar                   0.071466    0.004231    0.000285    0.201195    0.054990     28.77     55.26    1.006
      ilnvar                   0.045384    0.002379    0.000185    0.140763    0.030044     93.94    100.18    1.003
      ilnvar                   0.006493    0.000142    0.000006    0.029795    0.001482     25.01     25.13    1.059
      ilnvar                   0.035082    0.001827    0.000079    0.122648    0.019447     21.77     27.57    1.001
      ilnvar                   0.035786    0.002208    0.000012    0.126811    0.019250     63.32     65.40    1.002
      ilnvar                   0.027031    0.001529    0.000004    0.106273    0.011653     48.99     99.49    1.001
      ilnvar                   0.102354    0.010260    0.000357    0.297650    0.073313    116.54    163.76    1.000
      ilnvar                   0.036068    0.002230    0.000048    0.127152    0.020046     41.37     42.98    1.004
      ilnvar                   0.027775    0.001258    0.000005    0.095735    0.015051     41.03     42.44    1.007
      ilnvar                   0.030173    0.001151    0.000071    0.098169    0.019338     25.60     29.36    1.055
      ilnvar                   0.089816    0.003299    0.003199    0.196921    0.079186     65.15     77.30    1.005
      ilnvar                   0.040844    0.002788    0.000109    0.144397    0.021687     91.97    103.65    1.005
      ilnvar                   0.095326    0.017312    0.000030    0.318804    0.053109     46.35     71.49    1.000
      ilnvar                   0.033377    0.001264    0.000023    0.103836    0.022844     33.06     38.90    1.015
      ilnvar                   0.134107    0.023274    0.000087    0.399978    0.092748     92.56    156.79    1.002
      ilnvar                   0.003986    0.000162    0.000001    0.017826    0.000334     38.86     44.71    1.021
      ilnvar                   0.024631    0.001059    0.000058    0.089928    0.012510     30.42     40.16    1.006
      ilnvar                   0.010727    0.000235    0.000007    0.039060    0.004671     19.30     23.54    1.048
      ilnvar                   0.053819    0.001996    0.001625    0.138630    0.043583     45.85     52.22    1.000
      ilnvar                   0.031438    0.001266    0.000200    0.100141    0.019151     18.33     28.77    1.012
      ilnvar                   0.347961    0.075250    0.024251    0.859993    0.274148    123.35    165.68    1.001
      ilnvar                   0.053072    0.006037    0.000070    0.185805    0.028114     58.08     79.65    1.001
      ilnvar                   0.130082    0.011228    0.004685    0.315087    0.105943    152.54    153.31    1.006
      ilnvar                   0.035102    0.001290    0.000415    0.101377    0.024085    110.26    123.89    1.002
      ilnvar                   0.023840    0.000671    0.000146    0.076353    0.015174     34.99     37.85    1.001
      ilnvar                   0.045519    0.001977    0.000502    0.131496    0.033114    104.90    107.67    1.010
      ilnvar                   0.020405    0.000687    0.000012    0.076329    0.010527     17.54     28.28    1.062
      ilnvar                   0.034966    0.002711    0.000043    0.133431    0.014993     56.28     59.19    1.010
      ilnvar                   0.015216    0.000573    0.000037    0.058812    0.006935     35.30     57.58    1.058
      ilnvar                   0.147916    0.047752    0.000003    0.519345    0.078351    296.81    402.54    1.000
      ilnvar                   0.012105    0.000285    0.000015    0.045863    0.005721     23.53     24.18    1.017
      ilnvar                   0.051449    0.004890    0.000044    0.183023    0.028651    112.81    136.63    1.001
      ilnvar                   0.015787    0.000469    0.000038    0.060469    0.007526     31.62     39.00    1.019
      ilnvar                   0.036103    0.001903    0.000040    0.118085    0.022270    100.08    131.26    1.003
      ilnvar                   0.124001    0.006168    0.003057    0.276674    0.109722     61.30     79.69    1.005
      ilnvar                   0.027321    0.001291    0.000040    0.099963    0.013298     18.98     24.51    1.006
      ilnvar                   0.090841    0.003625    0.004220    0.206635    0.079279     50.07     88.26    1.000
      ilnvar                   0.037883    0.002382    0.000097    0.123138    0.022582     22.28     43.10    1.010
      ilnvar                   0.036205    0.003883    0.000026    0.139767    0.014473     85.25     89.62    1.007
      ilnvar                   0.046397    0.003517    0.000022    0.168816    0.021004     18.11     27.80    1.011
      ilnvar                   0.037848    0.002561    0.000047    0.139479    0.018784     25.26     32.34    1.071
      ilnvar                   0.047380    0.003776    0.000058    0.167759    0.024026    108.91    121.98    1.002
      ilnvar                   0.046791    0.002665    0.000099    0.148477    0.030658     53.35     65.55    1.012
      ilnvar                   0.041421    0.001949    0.000185    0.126610    0.028146     63.39     68.95    1.000
      ilnvar                   0.089906    0.003433    0.001344    0.200318    0.078444     65.46     81.20    1.017
      ilnvar                   0.037631    0.002006    0.000311    0.127811    0.020825     32.64     42.35    1.000
      ilnvar                   0.018997    0.000447    0.000233    0.060341    0.012496     28.93     41.23    1.037
      ilnvar                   0.071626    0.006825    0.000160    0.227454    0.046603    102.85    159.27    1.007
      ilnvar                   0.011066    0.000314    0.000010    0.048847    0.003549     24.68     31.24    1.022
      ilnvar                   0.021445    0.000798    0.000014    0.078816    0.010989     12.96     16.52    1.028
      ilnvar                   0.013979    0.000638    0.000009    0.063671    0.003108     26.25     44.83    1.000
      ilnvar                   0.023754    0.000872    0.000117    0.081321    0.012274     38.47     46.21    1.001
      ilnvar                   0.015054    0.000796    0.000012    0.070537    0.003913     32.78     34.89    1.061
      ilnvar                   0.021849    0.000701    0.000016    0.074311    0.011984     37.70     38.04    1.000
