      clockrate                0.270849    0.034730    0.128525    0.764319    0.206477     15.66     17.23    1.000
      clockrate                0.474785    0.142785    0.169640    1.353314    0.309003     13.87     32.15    1.325
      clockrate                0.614867    0.152945    0.149760    1.238912    0.670527     19.11    265.78    2.729
      clockrate                0.410938    0.065277    0.110122    0.828293    0.382321     24.55     29.02    1.029
      clockrate                0.743360    0.098091    0.158499    1.214262    0.792683     49.73     51.94    1.000
      clockrate                0.593054    0.054892    0.143673    1.005909    0.586724    621.57    807.34    1.000
      clockrate                0.543015    0.064326    0.137726    0.895963    0.616972     28.19     31.59    1.004
      clockrate                0.440043    0.097998    0.107801    1.097879    0.295973     89.10     97.79    1.001
      clockrate                0.553216    0.098569    0.110471    1.062440    0.591324     42.34     47.25    1.032
      clockrate                0.774842    0.042225    0.168202    1.060134    0.795568     17.71   1021.03    1.055
      clockrate                0.305565    0.021955    0.074700    0.545548    0.321260    187.34    222.81    1.000
      clockrate                0.855319    0.240199    0.120075    1.793461    0.756653    125.25    318.53    1.002
      clockrate                1.229187    0.447282    0.174847    2.505037    1.096597    108.33    161.19    1.001
      clockrate                1.108361    0.537118    0.141345    2.561413    0.949432     64.67     72.08    1.002
      clockrate                0.751838    0.198358    0.188215    1.451496    0.843168     17.12     18.23    1.002
      clockrate                0.686437    0.140764    0.143042    1.244845    0.736454     14.72     16.66    1.001
      clockrate                0.604403    0.079847    0.150389    1.055082    0.645532    109.78    114.66    1.004
      clockrate                0.865690    0.321909    0.126836    2.032098    0.727092     55.97     69.51    1.010
      clockrate                0.979586    0.340901    0.124279    2.109980    0.854905    318.69    349.28    1.000
      clockrate                0.742373    0.229165    0.138223    1.657161    0.617001     62.74     77.45    1.000
      clockrate                0.381443    0.064852    0.127320    0.844636    0.220269     24.84     25.30    1.011
      clockrate                0.709441    0.190642    0.152234    1.442272    0.737504     19.79     21.64    1.105
      clockrate                1.205212    0.895851    0.124374    2.944367    0.969465     29.97     31.64    1.000
      clockrate                0.509376    0.056935    0.124232    0.926091    0.508511    530.25    635.98    1.000
      clockrate                0.793108    0.056260    0.200929    1.187110    0.799626    497.82    761.43    1.000
      clockrate                1.394692    0.878763    0.132323    3.158935    0.990329     67.68    272.48    2.278
      clockrate                1.274926    0.213436    0.220424    2.006670    1.292016     19.00    363.16    1.027
      clockrate                0.384060    0.079227    0.152973    1.053296    0.265273     19.51     47.12    1.199
      clockrate                1.088666    1.067149    0.148718    3.356266    0.860436     19.87     25.37    1.005
      clockrate                0.374647    0.065929    0.123122    0.868200    0.224480     33.94     42.52    1.029
      clockrate                0.674922    0.200282    0.158953    1.442741    0.392742     15.85     21.03    1.027
      clockrate                0.559446    0.051550    0.123441    0.927334    0.577087    289.54    311.29    1.012
      clockrate                0.493692    0.066078    0.121087    0.859892    0.572692     13.21     16.77    1.089
      clockrate                0.800318    0.188713    0.142532    1.613492    0.728635    131.00    147.86    1.000
      clockrate                0.474207    0.084770    0.138006    0.924700    0.468558     14.25     15.35    1.109
      clockrate                0.465283    0.049029    0.097809    0.836725    0.472740    315.10    340.46    1.000
      clockrate                0.698659    0.166861    0.130441    1.323021    0.693207    157.84    228.82    1.002
      clockrate                0.499493    0.057688    0.101569    0.920530    0.486026    571.16    587.53    1.000
      clockrate                0.729302    0.130523    0.122381    1.405645    0.681106     76.80     80.63    1.018
      clockrate                0.591334    0.040174    0.164003    0.971271    0.578888    966.89   1029.92    1.000
      clockrate                0.328545    0.055192    0.141073    0.836699    0.212756     13.61   1132.68    1.261
      clockrate                0.563543    0.068099    0.130655    1.020783    0.558372    562.64    626.59    1.003
      clockrate                0.618673    0.119949    0.162188    1.138718    0.710977     15.80     18.03    1.198
      clockrate                0.633426    0.083014    0.140090    1.072006    0.685459     41.41     72.01    1.004
      clockrate                0.350091    0.061839    0.112180    0.850829    0.211931     39.34     45.69    1.007
      clockrate                1.058243    0.643172    0.113266    2.778469    0.768844     27.47    628.68    1.226
      clockrate                0.640615    0.048697    0.164001    0.978359    0.667234    271.89    310.06    1.000
      clockrate                1.957002    1.033179    0.311806    3.814033    1.883281    321.91    323.02    1.004
      clockrate                0.663465    0.103467    0.103563    1.175420    0.675859     26.97     35.39    1.043
      clockrate                0.484338    0.074707    0.111437    0.904595    0.546372     14.42    819.26    1.652
      clockrate                0.919837    0.155310    0.180884    1.589983    0.922567    127.70    152.99    1.004
      clockrate                1.963901    0.960601    0.309331    3.718211    1.905907    301.18    337.67    1.000
      clockrate                1.357736    0.706402    0.163079    2.930144    1.224628     56.52     94.41    1.003
      clockrate                0.528122    0.063664    0.146365    0.951905    0.552769    261.94    264.00    1.000
      clockrate                1.323630    1.409758    0.136394    3.872271    0.890885     16.70     23.84    1.323
      clockrate                0.559482    0.079364    0.132349    1.019613    0.588535    126.47    148.92    1.001
      clockrate                0.245064    0.030703    0.115980    0.709861    0.184716     13.55    707.10    1.107
      clockrate                1.043651    0.356166    0.183134    2.246648    0.891706     51.01     74.54    1.019
      clockrate                1.113907    0.893082    0.129340    3.285843    0.820974     25.40    371.75    1.187
      clockrate                0.993397    0.334762    0.165699    2.314002    0.889076     16.03     17.56    1.188
      clockrate                0.692619    0.177943    0.086940    1.495106    0.607431    147.09    226.17    1.005
      clockrate                0.244016    0.028719    0.118039    0.700087    0.185324     21.42     25.69    1.003
      clockrate                0.692885    0.222564    0.119244    1.610336    0.650453     26.84     97.57    1.036
      clockrate                0.659721    0.042938    0.132789    0.971229    0.675480     18.44    663.94    1.058
      clockrate                0.526973    0.157210    0.163817    1.291676    0.295971     14.57    474.94    1.453
      clockrate                0.716124    0.168706    0.177823    1.341035    0.817734     14.12    485.91    2.016
      clockrate                1.595949    0.904474    0.165262    3.416956    1.407630     48.70     61.85    1.004
      clockrate                1.460464    0.818698    0.187777    3.157657    1.259718     65.73    145.93    1.000
      clockrate                0.828588    0.429637    0.127185    2.071922    0.697527     26.41     31.49    1.135
      clockrate                0.649973    0.182331    0.115816    1.487279    0.554282     71.88     80.21    1.011
      clockrate                0.523330    0.091073    0.156904    1.030307    0.467956     42.26     62.26    1.000
      clockrate                0.636636    0.116674    0.135665    1.218174    0.653992    184.25    192.51    1.005
      clockrate                0.706962    0.112417    0.158134    1.185804    0.792175     17.36     29.81    1.197
      clockrate                0.746311    0.148138    0.128664    1.429730    0.710432     76.64     91.42    1.012
      clockrate                0.545879    0.048846    0.126081    0.935069    0.539434    812.60    833.18    1.000
      clockrate                1.957562    0.940337    0.315442    3.793151    1.824375    298.64   2147.54    1.001
      clockrate                0.989040    0.101932    0.204508    1.485172    1.007675     91.54    212.03    1.018
      clockrate                1.757700    1.088275    0.177413    3.713660    1.600014     46.86    284.15    1.021
      clockrate                0.989796    0.588491    0.128904    2.747749    0.808592     16.75    101.66    1.094
      clockrate                0.939290    0.349607    0.175729    1.937838    0.910089    116.47    130.91    1.000
      clockrate                0.966147    0.439851    0.146677    2.429590    0.884645     13.53    430.00    1.007
      clockrate                1.042677    0.104200    0.510140    1.763751    1.005333    105.11    112.39    1.000
      clockrate                0.705640    0.241022    0.112013    1.637997    0.673104     17.34     26.02    1.180
      clockrate                0.733595    0.152242    0.168677    1.322198    0.822133     40.92     46.54    1.013
      clockrate                2.743700    1.047628    0.626884    4.601390    2.686735    297.35    657.95    1.002
      clockrate                0.662075    0.087805    0.155790    1.110875    0.716510     44.70     54.96    1.002
      clockrate                1.032970    0.155767    0.346782    1.800719    0.989490   1921.26   2442.97    1.000
      clockrate                1.268320    0.633705    0.160802    2.978765    1.029357     29.74     46.52    1.099
      clockrate                0.562725    0.158579    0.104428    1.314619    0.495435     61.57     71.91    1.021
      clockrate                3.009422    3.028260    0.571797    6.596014    2.572532     29.60     76.46    1.056
      clockrate                0.757949    0.449768    0.119814    2.224996    0.563353     36.04     51.36    1.205
      clockrate                0.718272    0.068812    0.146785    1.103746    0.752504     20.65   1223.47    1.076
      clockrate                0.604193    0.109440    0.144153    1.115142    0.673582     21.30     26.11    1.001
      clockrate                1.046714    0.497337    0.136362    2.507138    0.851529     47.64     67.04    1.023
      clockrate                0.746307    0.125586    0.165051    1.295854    0.803370     48.35     53.20    1.005
      clockrate                0.806557    0.100982    0.179782    1.241167    0.872225     17.81     22.76    1.014
      clockrate                0.487570    0.072303    0.096865    0.946962    0.496260    163.48    178.03    1.000
      clockrate                1.446061    1.164795    0.164305    3.695056    1.234671     40.81     79.34    1.082
      clockrate                0.534315    0.045092    0.120861    0.883657    0.546963    262.28    332.08    1.009
      clockrate                0.733603    0.057710    0.187944    1.158886    0.727714    889.37    930.27    1.001
