      clockrate                0.773606    0.006503    0.619758    0.934372    0.767490    138.06    153.84    1.001
      clockrate                0.830797    0.011159    0.640482    1.032308    0.818907    101.58    114.39    1.027
      clockrate                0.780346    0.005298    0.644607    0.926397    0.774731    119.65    122.84    1.000
      clockrate                0.790130    0.010685    0.616556    1.003428    0.772226     21.85     28.87    1.102
      clockrate                0.791823    0.004522    0.658797    0.920847    0.788198     52.71     58.60    1.004
      clockrate                0.651398    0.009922    0.472418    0.855471    0.641674    111.33    156.24    1.001
      clockrate                0.716431    0.003975    0.602740    0.847608    0.711800    462.12   1010.37    1.001
      clockrate                1.426865    0.324025    0.694492    2.677523    1.256539     28.95     39.01    1.049
      clockrate                0.819042    0.012556    0.613602    1.045623    0.809227    186.51    187.75    1.002
      clockrate                0.856255    0.019426    0.623180    1.155030    0.830032     87.13    393.65    1.561
      clockrate                0.728955    0.007306    0.568511    0.897373    0.721964     77.24    143.50    1.028
      clockrate                0.964624    0.054561    0.559037    1.422981    0.932429    380.19    399.62    1.002
      clockrate                0.806300    0.018148    0.567953    1.059040    0.791375     35.95     44.63    1.001
      clockrate                1.528643    0.136518    0.867083    2.283673    1.483329    242.18    334.53    1.000
      clockrate                0.726254    0.006912    0.579986    0.904062    0.717618     29.44    360.62    1.201
      clockrate                0.770556    0.005065    0.634315    0.912918    0.769278    311.78    423.88    1.001
      clockrate                0.670205    0.004777    0.541512    0.807750    0.661998     41.93    304.93    1.067
      clockrate                0.979055    0.040578    0.639782    1.387636    0.947704    122.18    180.03    1.004
      clockrate                1.056208    0.079905    0.561199    1.608544    1.023583     49.84    123.04    1.004
      clockrate                1.086066    0.122784    0.603428    1.870926    0.988044     15.63     46.03    1.037
      clockrate                0.852901    0.006047    0.703477    1.009382    0.848524     92.67     99.99    1.005
      clockrate                0.679199    0.008352    0.510646    0.859505    0.669362    204.69    265.61    1.003
      clockrate                0.869518    0.030676    0.557847    1.216789    0.850459     86.85     94.84    1.049
      clockrate                0.938843    0.020223    0.682076    1.222634    0.924755    119.13    155.93    1.000
      clockrate                0.672469    0.003585    0.559608    0.793809    0.669483    296.75   1139.78    1.005
      clockrate                1.067084    0.066004    0.667319    1.557572    1.022356     69.67    102.14    1.003
      clockrate                0.955202    0.038653    0.628093    1.343832    0.922764     17.05     18.69    1.071
      clockrate                0.863730    0.009265    0.687869    1.057564    0.853026     53.91     75.01    1.018
      clockrate                0.990140    0.062920    0.591920    1.462370    0.943301     59.24     76.85    1.000
      clockrate                0.861667    0.012642    0.664310    1.098749    0.846717     28.74     45.36    1.004
      clockrate                0.867666    0.016911    0.649428    1.137447    0.850186     23.57     28.70    1.029
      clockrate                0.990359    0.016065    0.760785    1.243046    0.975520    165.36    196.07    1.001
      clockrate                0.633266    0.003511    0.519085    0.751237    0.631135    211.72    342.17    1.001
      clockrate                0.859481    0.023231    0.581197    1.157245    0.844615    219.95    248.71    1.004
      clockrate                0.765482    0.003333    0.653851    0.877828    0.762962     93.58   1098.30    1.017
      clockrate                1.018139    0.030813    0.701230    1.367754    0.998527     68.20     84.72    1.009
      clockrate                0.913417    0.011753    0.708606    1.131539    0.904863    116.37    207.25    1.007
      clockrate                0.719195    0.015283    0.496555    0.961753    0.701541     45.05    108.40    1.034
      clockrate                0.541862    0.009196    0.373526    0.732390    0.528303    176.36    201.80    1.003
      clockrate                0.715366    0.007819    0.542800    0.886674    0.711809    172.71    177.43    1.002
      clockrate                0.619177    0.004082    0.491329    0.737674    0.620911    767.69    793.94    1.000
      clockrate                0.855388    0.015480    0.610438    1.093885    0.847994     65.70    113.44    1.065
      clockrate                0.896304    0.009941    0.718183    1.099313    0.885942     31.08     81.43    1.000
      clockrate                0.899603    0.009769    0.716412    1.099824    0.889577     37.58     73.83    1.012
      clockrate                0.816276    0.009037    0.646556    1.016192    0.808065     39.73     61.55    1.011
      clockrate                0.774726    0.024936    0.519690    1.094029    0.742945    106.17    108.29    1.006
      clockrate                0.887866    0.015095    0.656022    1.132500    0.878638     73.96     76.17    1.005
      clockrate                1.076728    0.027926    0.774655    1.403736    1.055740     44.90     51.84    1.029
      clockrate                0.865368    0.015791    0.639527    1.114645    0.854383     28.38    123.81    1.062
      clockrate                0.740799    0.006206    0.593257    0.897432    0.733445     41.80     93.07    1.064
      clockrate                0.813498    0.022901    0.568141    1.118186    0.783814     49.76     63.26    1.017
      clockrate                0.860185    0.031336    0.580212    1.219279    0.824996     21.94     28.66    1.000
      clockrate                1.103248    0.046050    0.688628    1.518161    1.087665     80.94    167.07    1.008
      clockrate                0.861557    0.009734    0.675675    1.059865    0.854109    149.17    479.91    1.039
      clockrate                0.790085    0.008808    0.613392    0.974313    0.782468    119.13    161.16    1.000
      clockrate                0.799039    0.007789    0.629151    0.975305    0.794501     58.50     81.94    1.000
      clockrate                0.707174    0.004007    0.589520    0.835849    0.702359     73.81     83.04    1.034
      clockrate                0.572639    0.007855    0.412650    0.747849    0.563502    173.02    187.39    1.010
      clockrate                1.367702    0.069896    0.879545    1.901659    1.342752    414.27    418.00    1.000
      clockrate                0.811853    0.005884    0.668823    0.967343    0.808120    445.27    628.57    1.002
      clockrate                0.585983    0.010818    0.399415    0.792121    0.575296    322.45    505.93    1.012
      clockrate                0.744457    0.008882    0.578363    0.934071    0.732623     21.16     78.28    1.030
      clockrate                0.766570    0.009423    0.583146    0.958064    0.757347     87.03    146.19    1.001
      clockrate                0.749275    0.005688    0.614174    0.900362    0.740072     34.68    358.38    1.115
      clockrate                0.863386    0.008288    0.690193    1.042241    0.858010    247.32    313.55    1.001
      clockrate                0.782471    0.009509    0.603325    0.980864    0.769658     20.26     36.61    1.018
      clockrate                1.282079    0.302648    0.555656    2.457217    1.111097     31.76     63.05    1.002
      clockrate                0.792688    0.018008    0.542952    1.053724    0.781113    258.97    277.39    1.005
      clockrate                0.913788    0.021407    0.662218    1.220690    0.893488     52.28     56.98    1.007
      clockrate                1.286194    0.062661    0.861625    1.797912    1.252216     81.18    133.28    1.019
      clockrate                0.846591    0.008670    0.677567    1.039649    0.836992     92.54    537.89    1.149
      clockrate                0.954722    0.043647    0.599880    1.379253    0.928523     76.86     78.82    1.001
      clockrate                0.917354    0.006335    0.766800    1.076246    0.914635    114.93    116.11    1.001
      clockrate                0.831847    0.014867    0.618697    1.090909    0.814352     36.48     38.05    1.014
      clockrate                0.919360    0.018350    0.676806    1.195991    0.904679     78.47     99.95    1.008
      clockrate                0.857425    0.080928    0.401866    1.414869    0.803648    507.75    539.10    1.000
      clockrate                0.554973    0.005037    0.432246    0.705281    0.545109    166.97    218.58    1.007
      clockrate                0.920552    0.044741    0.592314    1.349253    0.874634     27.94     56.33    1.010
      clockrate                0.891393    0.012505    0.685545    1.098741    0.887704     52.06     55.70    1.011
      clockrate                0.737410    0.017586    0.508366    1.005148    0.721730    188.30    249.75    1.000
      clockrate                0.812792    0.012150    0.612117    1.029856    0.801069     37.56     43.73    1.003
      clockrate                0.911879    0.018432    0.699380    1.179992    0.883652    101.59    519.96    1.676
      clockrate                0.763566    0.005360    0.625480    0.910611    0.759449     68.70    115.18    1.048
      clockrate                0.862130    0.023699    0.644347    1.143670    0.833143     24.46     26.73    1.010
      clockrate                1.160307    0.157830    0.573294    1.963570    1.076413     23.66     40.36    1.035
      clockrate                0.773156    0.005365    0.628853    0.914215    0.769330     98.31    154.10    1.000
      clockrate                1.328067    0.084123    0.823576    1.912208    1.286362     66.02     81.89    1.001
      clockrate                1.242407    0.123283    0.703879    1.974187    1.157646     38.16     57.86    1.002
      clockrate                0.813494    0.012800    0.612882    1.044573    0.802646    160.09    178.16    1.007
      clockrate                0.902541    0.010727    0.713689    1.115029    0.894637    147.88    181.61    1.013
      clockrate                0.814796    0.007642    0.653124    0.991483    0.804993     37.24     42.44    1.054
      clockrate                0.780728    0.008536    0.606859    0.954242    0.772981    152.60    228.85    1.052
      clockrate                0.804573    0.006444    0.649526    0.961200    0.799111     28.90     30.50    1.000
      clockrate                1.362743    0.124677    0.786350    2.083110    1.302863    264.68    295.83    1.002
      clockrate                0.843845    0.008861    0.665892    1.023837    0.834916     44.66     59.50    1.036
      clockrate                0.810044    0.003662    0.694585    0.930574    0.807715    318.53    364.72    1.018
      clockrate                0.749182    0.007324    0.587757    0.920504    0.744027     52.40     93.05    1.060
      clockrate                0.880978    0.014836    0.656406    1.122236    0.871204    337.71    349.80    1.002
      clockrate                0.736179    0.008457    0.578370    0.936750    0.723844     28.69     41.87    1.092
      clockrate                0.777800    0.014052    0.562379    1.008716    0.764837    121.78    122.98    1.003
