      clockrate                0.745054    0.005720    0.603562    0.894064    0.739035     51.66    538.42    1.056
      clockrate                0.821839    0.010276    0.635390    1.015839    0.811848     42.29     66.76    1.029
      clockrate                0.799006    0.007593    0.642532    0.980036    0.788568     48.08     52.30    1.007
      clockrate                0.795878    0.009905    0.623411    0.997435    0.781847     24.65     46.36    1.221
      clockrate                0.797409    0.006414    0.649455    0.961522    0.790888     29.61     64.47    1.051
      clockrate                0.657869    0.009960    0.474843    0.856480    0.648080     76.50    154.12    1.000
      clockrate                0.711268    0.003850    0.596472    0.838492    0.707577   1443.33   1565.37    1.002
      clockrate                1.269368    0.198347    0.645258    2.214735    1.167181     33.56     36.14    1.030
      clockrate                0.822371    0.012636    0.613262    1.044378    0.812362    149.01    263.70    1.004
      clockrate                0.839677    0.017537    0.620460    1.114504    0.816817     16.61     23.30    1.061
      clockrate                0.721842    0.006955    0.568023    0.889496    0.714952     61.12    138.63    1.027
      clockrate                0.968181    0.054870    0.554117    1.427252    0.936107    202.14    309.16    1.001
      clockrate                0.792947    0.014267    0.575847    1.032024    0.781464     52.30     61.69    1.001
      clockrate                1.458856    0.176304    0.642976    2.234891    1.422938     49.28    121.95    1.002
      clockrate                0.717697    0.006259    0.568126    0.872986    0.710584     17.77     60.31    1.025
      clockrate                0.780509    0.006092    0.628046    0.933710    0.778001     63.08    423.44    1.039
      clockrate                0.683340    0.005842    0.545153    0.839751    0.672460     46.79     65.94    1.011
      clockrate                0.984427    0.039770    0.655676    1.387669    0.955564    263.92    275.43    1.013
      clockrate                1.086130    0.069214    0.629479    1.597196    1.048475    159.75    441.16    1.000
      clockrate                1.091723    0.119567    0.631689    1.849305    0.992523     27.93     30.86    1.026
      clockrate                0.852620    0.005888    0.702847    1.003364    0.848885     99.78    204.16    1.022
      clockrate                0.688553    0.009174    0.517023    0.883021    0.676875    206.39    262.50    1.005
      clockrate                0.859305    0.032938    0.543855    1.216886    0.833452     30.57     59.19    1.017
      clockrate                0.893894    0.021507    0.638444    1.191245    0.877642     39.54     43.05    1.001
      clockrate                0.682679    0.004324    0.559126    0.814183    0.677760     67.03    965.68    1.005
      clockrate                1.073111    0.053485    0.677273    1.541368    1.037781    142.73    165.02    1.002
      clockrate                0.997925    0.031862    0.681564    1.359944    0.975139    106.70    150.57    1.002
      clockrate                0.836933    0.006013    0.690833    0.990953    0.832810    116.96    777.81    1.014
      clockrate                0.997713    0.054497    0.606278    1.453517    0.958747     64.43     93.35    1.001
      clockrate                0.867985    0.012742    0.669297    1.099493    0.853610     48.85     52.06    1.017
      clockrate                0.863204    0.014123    0.643627    1.099121    0.851953     42.77     50.86    1.000
      clockrate                0.974008    0.014660    0.762248    1.228607    0.960138    126.46    135.84    1.000
      clockrate                0.627582    0.003319    0.518638    0.743913    0.625986    199.02    278.66    1.001
      clockrate                0.853044    0.024691    0.563891    1.152600    0.836562     42.75    199.60    1.030
      clockrate                0.767977    0.003325    0.656915    0.881188    0.765699    190.12    244.05    1.000
      clockrate                0.976114    0.033310    0.648987    1.330678    0.956915     18.80     25.42    1.020
      clockrate                0.911382    0.011300    0.710429    1.120430    0.904268    110.78    262.92    1.000
      clockrate                0.717893    0.014723    0.508000    0.970649    0.701788     79.75    115.82    1.005
      clockrate                0.543354    0.009365    0.381796    0.739899    0.528891    210.03    235.67    1.006
      clockrate                0.708741    0.007854    0.538567    0.884831    0.704326     98.41    131.35    1.007
      clockrate                0.633716    0.004200    0.502850    0.756848    0.634961    117.15    161.43    1.003
      clockrate                0.880396    0.016704    0.636505    1.136230    0.868942    107.18    156.10    1.001
      clockrate                0.858466    0.009089    0.688360    1.048037    0.847024     35.87     44.36    1.008
      clockrate                0.886721    0.009816    0.701163    1.077436    0.876455     28.66     30.95    1.000
      clockrate                0.837844    0.009300    0.657614    1.028148    0.829906     46.91    194.91    1.010
      clockrate                0.782331    0.028135    0.528252    1.131504    0.744978     94.61     95.84    1.118
      clockrate                0.853936    0.012263    0.644440    1.066954    0.846682     88.90    104.43    1.013
      clockrate                1.116752    0.029894    0.803248    1.463904    1.095609     40.63     63.97    1.003
      clockrate                0.880135    0.013673    0.654341    1.105828    0.871101     31.50    182.68    1.002
      clockrate                0.760965    0.008478    0.598981    0.953667    0.748724     17.79     19.70    1.021
      clockrate                0.842167    0.030751    0.579129    1.204460    0.804663     67.34     73.91    1.010
      clockrate                0.904089    0.037934    0.599778    1.319651    0.862895     32.84     63.11    1.019
      clockrate                1.062146    0.044754    0.648756    1.454795    1.053399     33.38     53.57    1.010
      clockrate                0.880146    0.011716    0.676788    1.096812    0.870686     56.23     84.35    1.079
      clockrate                0.773835    0.007848    0.601060    0.945500    0.767250     76.57    153.98    1.001
      clockrate                0.800671    0.007200    0.640856    0.972423    0.796759     47.30    288.95    1.008
      clockrate                0.720727    0.004967    0.592432    0.860444    0.714097     69.68    107.03    1.014
      clockrate                0.572643    0.007792    0.408665    0.741813    0.563415    223.51    276.11    1.001
      clockrate                1.387211    0.074494    0.877965    1.922911    1.357938    279.12    353.64    1.001
      clockrate                0.829498    0.007093    0.669873    0.994922    0.824092    157.10    235.98    1.012
      clockrate                0.574414    0.011134    0.387912    0.779512    0.561759    166.71    199.08    1.007
      clockrate                0.728085    0.008557    0.571445    0.915198    0.713416     16.23     41.95    1.131
      clockrate                0.758466    0.008856    0.586052    0.948856    0.751127     90.32    140.63    1.001
      clockrate                0.805080    0.011975    0.625857    1.026559    0.786899     12.12     55.70    1.204
      clockrate                0.903752    0.009723    0.715994    1.100968    0.898725    190.16    286.24    1.002
      clockrate                0.803293    0.008981    0.629274    0.992294    0.793940     48.14     58.08    1.000
      clockrate                1.052716    0.185876    0.506070    1.987092    0.928686     56.04     57.05    1.037
      clockrate                0.806531    0.021129    0.544791    1.087542    0.789425     54.29    173.01    1.000
      clockrate                0.910129    0.021102    0.653247    1.204448    0.890756     37.54     70.51    1.017
      clockrate                1.253653    0.063638    0.817656    1.765926    1.216156     75.25    112.67    1.007
      clockrate                0.839660    0.007244    0.682594    1.012409    0.832775     41.77    333.22    1.022
      clockrate                1.016346    0.042339    0.648678    1.428211    0.993286    176.76    210.89    1.000
      clockrate                0.921451    0.006346    0.769830    1.081832    0.916881     55.71    137.72    1.004
      clockrate                0.776496    0.006826    0.615988    0.938351    0.772718    423.11    479.20    1.000
      clockrate                0.892349    0.016745    0.657224    1.149019    0.876735     61.39     73.37    1.008
      clockrate                0.856925    0.079977    0.408434    1.419244    0.803159    589.20    667.37    1.001
      clockrate                0.557762    0.005238    0.425385    0.703749    0.548125     87.50    126.25    1.008
      clockrate                0.968523    0.044708    0.609464    1.386073    0.928848     36.61     74.75    1.009
      clockrate                0.852156    0.010291    0.674866    1.049457    0.844257    123.34    190.00    1.026
      clockrate                0.760698    0.024702    0.498366    1.064295    0.737645    155.42    201.15    1.012
      clockrate                0.808949    0.009953    0.626225    1.013829    0.800049     81.96     88.55    1.043
      clockrate                0.968486    0.014999    0.742969    1.210733    0.959236     16.82     98.27    1.068
      clockrate                0.755845    0.005295    0.617760    0.901209    0.752572     40.46     48.73    1.008
      clockrate                0.817735    0.015667    0.621851    1.071980    0.794247     12.17    738.81    1.151
      clockrate                1.081447    0.124402    0.573652    1.779974    1.006250     47.69     51.89    1.016
      clockrate                0.777562    0.005667    0.633236    0.927607    0.772554     61.52     72.57    1.011
      clockrate                1.295479    0.079343    0.823930    1.870832    1.250808     49.17     57.56    1.000
      clockrate                1.251745    0.112597    0.733033    1.946226    1.179417     24.91     42.33    1.026
      clockrate                0.824416    0.015228    0.605019    1.072620    0.808908     59.24     77.99    1.001
      clockrate                0.901374    0.010718    0.712562    1.112466    0.893486     78.21     99.55    1.001
      clockrate                0.802311    0.007550    0.645958    0.982496    0.792419     22.29    540.17    1.083
      clockrate                0.770472    0.007159    0.612240    0.933075    0.766000    121.57    496.39    1.003
      clockrate                0.830767    0.006544    0.676974    0.993319    0.827582     28.34     66.56    1.008
      clockrate                1.369813    0.133053    0.789169    2.081392    1.303994    229.89    266.92    1.000
      clockrate                0.828928    0.007277    0.672623    1.002370    0.821430     36.42     91.10    1.020
      clockrate                0.810591    0.004291    0.691144    0.935704    0.806964     50.89    406.10    1.019
      clockrate                0.720789    0.005424    0.585531    0.872379    0.717237     56.68    102.81    1.004
      clockrate                0.867484    0.013911    0.643659    1.099608    0.857016    150.37    233.39    1.001
      clockrate                0.795193    0.012851    0.596653    1.013492    0.781589     40.97     55.79    1.001
      clockrate                0.752659    0.012277    0.555045    0.980429    0.740827     51.86    104.24    1.020
