      ilnvar                   0.028349    0.001087    0.000556    0.097128    0.016282     36.85     38.45    1.007
      ilnvar                   0.038781    0.004022    0.000021    0.135451    0.016114     25.94     49.96    1.114
      ilnvar                   0.028758    0.001033    0.000376    0.097801    0.017242     37.64     38.84    1.000
      ilnvar                   0.042183    0.003708    0.000001    0.159998    0.015395     18.24     27.48    1.096
      ilnvar                   0.009753    0.000368    0.000003    0.050375    0.001371     15.95     16.61    1.009
      ilnvar                   0.022544    0.001452    0.000001    0.096471    0.007070     33.41     62.22    1.000
      ilnvar                   0.001248    0.000015    0.000001    0.006968    0.000133     21.23     28.18    1.012
      ilnvar                   0.356511    0.203292    0.001179    1.256901    0.197753     35.57     47.55    1.037
      ilnvar                   0.018494    0.001091    0.000010    0.079597    0.004856     35.09     38.06    1.028
      ilnvar                   0.052738    0.006387    0.000001    0.215171    0.003429     30.47     30.81    1.797
      ilnvar                   0.068695    0.004093    0.000065    0.190501    0.054257     28.68     34.10    1.065
      ilnvar                   0.330254    0.119545    0.002304    0.935263    0.234219    158.94    253.70    1.000
      ilnvar                   0.050238    0.012126    0.000005    0.192107    0.014850     34.47     53.67    1.005
      ilnvar                   0.332715    0.076932    0.007427    0.841243    0.262081    385.44    397.76    1.002
      ilnvar                   0.017433    0.001376    0.000001    0.099761    0.000121     14.91     18.94    1.359
      ilnvar                   0.001200    0.000013    0.000001    0.005904    0.000138     19.45     23.61    1.028
      ilnvar                   0.016369    0.001017    0.000001    0.083043    0.003285     18.94     19.28    1.147
      ilnvar                   0.051238    0.006819    0.000061    0.198344    0.019802     72.72     92.16    1.006
      ilnvar                   0.153851    0.071219    0.000001    0.607620    0.064016    157.25    269.36    1.001
      ilnvar                   0.297449    0.155844    0.000381    1.140876    0.154437     16.22     39.57    1.043
      ilnvar                   0.013661    0.000588    0.000020    0.060211    0.003074     14.05     19.95    1.023
      ilnvar                   0.067330    0.008047    0.000052    0.242617    0.036129     44.36     47.70    1.011
      ilnvar                   0.040777    0.003358    0.000145    0.156271    0.017165     40.90     43.45    1.061
      ilnvar                   0.103059    0.010351    0.003155    0.293422    0.072449    103.88    122.14    1.001
      ilnvar                   0.000470    0.000002    0.000001    0.002938    0.000015     15.80     18.60    1.106
      ilnvar                   0.334633    0.064025    0.019633    0.806839    0.273855     99.02    131.72    1.000
      ilnvar                   0.136259    0.023509    0.000016    0.447928    0.095091     13.39     14.47    1.080
      ilnvar                   0.023822    0.001827    0.000001    0.113544    0.003884     22.30     22.97    1.034
      ilnvar                   0.182047    0.030659    0.001583    0.476611    0.138857     62.20     78.13    1.000
      ilnvar                   0.050886    0.005179    0.000021    0.194666    0.022581     20.11     23.82    1.006
      ilnvar                   0.038413    0.003153    0.000132    0.156169    0.013322     14.59     17.76    1.037
      ilnvar                   0.126954    0.011070    0.004943    0.331052    0.096559     89.51    103.96    1.002
      ilnvar                   0.000830    0.000005    0.000001    0.004721    0.000070     22.97     26.17    1.052
      ilnvar                   0.079991    0.012373    0.000027    0.283068    0.042862    167.65    170.40    1.003
      ilnvar                   0.002520    0.000092    0.000001    0.014755    0.000031     12.91     20.89    1.103
      ilnvar                   0.108888    0.017102    0.000117    0.347846    0.067629     96.96    105.79    1.010
      ilnvar                   0.008973    0.000427    0.000001    0.042700    0.001647     38.35     50.72    1.000
      ilnvar                   0.048679    0.005915    0.000006    0.192410    0.018834     23.15     60.61    1.048
      ilnvar                   0.075914    0.007634    0.000232    0.232795    0.049956     86.49    106.12    1.009
      ilnvar                   0.010087    0.000363    0.000014    0.043319    0.002857     61.19     69.13    1.014
      ilnvar                   0.000036    0.000000    0.000001    0.000162    0.000008     26.31     27.67    1.021
      ilnvar                   0.056696    0.004879    0.000036    0.191479    0.031634     35.50     69.43    1.137
      ilnvar                   0.055362    0.002938    0.000303    0.162978    0.039362     19.75     46.13    1.002
      ilnvar                   0.025128    0.001419    0.000099    0.104632    0.007495     14.32     19.25    1.040
      ilnvar                   0.027058    0.001744    0.000002    0.112204    0.009595     21.47     23.66    1.008
      ilnvar                   0.124217    0.019382    0.000504    0.389025    0.082267     92.55     96.56    1.005
      ilnvar                   0.026256    0.001000    0.000181    0.086836    0.015147     25.58     26.77    1.001
      ilnvar                   0.036042    0.005662    0.000001    0.179162    0.001532     25.34     32.42    1.042
      ilnvar                   0.110121    0.012026    0.000071    0.312324    0.084342     26.75     78.53    1.071
      ilnvar                   0.021504    0.001925    0.000001    0.104588    0.001730     25.99     34.13    1.104
      ilnvar                   0.050695    0.007341    0.000019    0.210497    0.019771     39.14     43.98    1.015
      ilnvar                   0.035049    0.005947    0.000001    0.168490    0.004966     29.80     35.44    1.000
      ilnvar                   0.132368    0.017803    0.000206    0.377625    0.099345     87.41    167.07    1.004
      ilnvar                   0.005665    0.000232    0.000001    0.027652    0.000927     62.99     64.06    1.126
      ilnvar                   0.033541    0.002055    0.000010    0.126431    0.014783     37.78     46.82    1.000
      ilnvar                   0.006935    0.000424    0.000001    0.038969    0.000352     21.05     26.42    1.003
      ilnvar                   0.017419    0.001001    0.000001    0.078936    0.001990     22.00     30.35    1.141
      ilnvar                   0.027522    0.002232    0.000013    0.111604    0.009765     72.70     83.38    1.019
      ilnvar                   0.388741    0.077057    0.022758    0.916036    0.321808    400.12    430.87    1.000
      ilnvar                   0.003802    0.000093    0.000001    0.016771    0.000703     25.51     36.64    1.055
      ilnvar                   0.042409    0.004461    0.000011    0.169245    0.017036     87.91    122.01    1.022
      ilnvar                   0.075546    0.006789    0.000013    0.234348    0.051065     13.89     36.12    1.039
      ilnvar                   0.020062    0.001217    0.000006    0.088027    0.005949     25.44     50.71    1.000
      ilnvar                   0.014260    0.001590    0.000001    0.099932    0.000335     20.87     30.54    1.196
      ilnvar                   0.005024    0.000099    0.000013    0.019363    0.001713     39.78     49.23    1.001
      ilnvar                   0.037356    0.003116    0.000023    0.152343    0.014820     14.95     24.97    1.020
      ilnvar                   0.439798    0.260192    0.000310    1.477491    0.251922     46.43     82.84    1.000
      ilnvar                   0.028607    0.001850    0.000058    0.112748    0.012377     85.42     98.46    1.014
      ilnvar                   0.029108    0.002882    0.000015    0.136546    0.006807     44.13     48.29    1.005
      ilnvar                   0.166300    0.024912    0.000370    0.465266    0.123160     71.83    111.79    1.027
      ilnvar                   0.024778    0.002161    0.000001    0.117738    0.002294     20.55     28.48    1.463
      ilnvar                   0.263411    0.046642    0.001398    0.660386    0.221149     60.80     72.02    1.000
      ilnvar                   0.003012    0.000098    0.000001    0.014844    0.000157     21.26     24.15    1.000
      ilnvar                   0.017260    0.001476    0.000001    0.093299    0.001639     35.85     41.50    1.012
      ilnvar                   0.076587    0.007253    0.000157    0.237517    0.050649     53.67     81.86    1.009
      ilnvar                   0.369590    0.174039    0.000044    1.148747    0.241168    650.50    702.24    1.000
      ilnvar                   0.014905    0.000365    0.000007    0.052841    0.008188     16.95     40.05    1.022
      ilnvar                   0.078210    0.022971    0.000001    0.350515    0.012534     35.30     73.11    1.008
      ilnvar                   0.013139    0.000490    0.000058    0.051510    0.004145     14.59     21.24    1.017
      ilnvar                   0.050606    0.005149    0.000076    0.187659    0.024711     85.18    110.86    1.000
      ilnvar                   0.027709    0.001557    0.000013    0.106895    0.010603     22.87     26.65    1.009
      ilnvar                   0.061395    0.008002    0.000001    0.228275    0.004658     17.67     46.71    1.525
      ilnvar                   0.008460    0.000252    0.000003    0.040650    0.001664     17.71     23.76    1.117
      ilnvar                   0.048575    0.016975    0.000003    0.207374    0.008646     20.50     28.38    1.013
      ilnvar                   0.310768    0.133414    0.000345    1.034591    0.196099     27.14     49.84    1.031
      ilnvar                   0.009659    0.000320    0.000006    0.042457    0.003365     26.90     37.70    1.001
      ilnvar                   0.193123    0.026891    0.000850    0.493477    0.156650     65.31     88.52    1.004
      ilnvar                   0.648289    0.357887    0.008148    1.832699    0.452834     36.00     41.77    1.003
      ilnvar                   0.030348    0.002228    0.000041    0.119687    0.012215     60.13     63.46    1.009
      ilnvar                   0.019080    0.000972    0.000013    0.078507    0.006957     49.45     57.56    1.007
      ilnvar                   0.016966    0.001060    0.000002    0.083644    0.002595     13.89     18.45    1.067
      ilnvar                   0.004947    0.000276    0.000001    0.022569    0.000420     18.03     24.35    1.052
      ilnvar                   0.009423    0.000492    0.000001    0.047778    0.000315     13.35     15.68    1.000
      ilnvar                   0.732936    0.247557    0.012091    1.681655    0.618046    291.57    318.49    1.000
      ilnvar                   0.016681    0.001742    0.000001    0.079341    0.001822     15.97     21.24    1.089
      ilnvar                   0.001042    0.000008    0.000001    0.006355    0.000059     14.02     15.69    1.086
      ilnvar                   0.011824    0.000444    0.000003    0.053234    0.003342     26.67     35.76    1.002
      ilnvar                   0.035239    0.002413    0.000190    0.130550    0.018742     54.30     67.45    1.007
      ilnvar                   0.028519    0.001849    0.000001    0.118312    0.007975     18.55     30.60    1.103
      ilnvar                   0.068111    0.007292    0.000161    0.225566    0.038129     51.61     55.06    1.005
