      clockrate                0.690907    0.004183    0.572657    0.819951    0.684424    179.73    212.46    1.005
      clockrate                0.501302    0.002104    0.414406    0.592609    0.498392    430.44    451.94    1.014
      clockrate                0.617748    0.002279    0.529479    0.712881    0.614380    326.96    333.94    1.000
      clockrate                0.490459    0.001272    0.421481    0.561223    0.488484    211.18    250.02    1.000
      clockrate                0.571896    0.002305    0.481005    0.667561    0.568520     99.02    120.60    1.000
      clockrate                0.506761    0.002770    0.405714    0.611279    0.503799    845.38    872.51    1.000
      clockrate                0.586783    0.002811    0.491570    0.694688    0.580376     50.66     73.51    1.000
      clockrate                0.789820    0.013095    0.582653    1.020560    0.778287    102.67    295.23    1.003
      clockrate                0.521385    0.002097    0.435607    0.612749    0.518178    353.07    546.81    1.001
      clockrate                0.578414    0.002216    0.492801    0.673498    0.574392    122.98    148.27    1.002
      clockrate                0.582845    0.002962    0.482793    0.691459    0.578281    209.07    222.31    1.006
      clockrate                0.638380    0.013202    0.437337    0.868388    0.624266    196.59    300.81    1.002
      clockrate                0.475674    0.002610    0.381176    0.579425    0.472219    379.89    685.68    1.000
      clockrate                0.756697    0.028892    0.466981    1.101038    0.731379    585.08    608.23    1.000
      clockrate                0.523737    0.002909    0.427455    0.634494    0.518272     71.88    120.73    1.021
      clockrate                0.604379    0.001297    0.534258    0.675645    0.602961    268.87    450.41    1.004
      clockrate                0.507384    0.002198    0.420952    0.600700    0.503625    159.19    221.40    1.000
      clockrate                0.682662    0.021944    0.427457    0.982943    0.658810    398.60    470.62    1.003
      clockrate                0.542547    0.027636    0.294091    0.871011    0.507609    402.52    408.97    1.000
      clockrate                0.635697    0.006628    0.490122    0.800926    0.626532    296.79    561.52    1.001
      clockrate                0.536853    0.001377    0.464083    0.609119    0.535268    306.10    363.11    1.010
      clockrate                0.594425    0.003465    0.483236    0.710747    0.589896    974.75   1001.84    1.000
      clockrate                0.589510    0.011050    0.402510    0.799678    0.576874    254.23    264.26    1.000
      clockrate                0.620573    0.005939    0.484560    0.777769    0.610650    137.51    168.30    1.000
      clockrate                0.608073    0.004065    0.487395    0.734399    0.604180     63.97     96.79    1.006
      clockrate                0.545566    0.004402    0.423501    0.677705    0.538326    231.26    281.97    1.001
      clockrate                0.449804    0.003233    0.348807    0.567724    0.443874    191.12    211.73    1.001
      clockrate                0.567228    0.002698    0.469374    0.671692    0.562765    136.97    140.66    1.003
      clockrate                0.587703    0.006675    0.438691    0.750448    0.578502    193.41    193.83    1.001
      clockrate                0.636946    0.003168    0.532138    0.751225    0.632655    118.72    142.70    1.012
      clockrate                0.617216    0.006619    0.463508    0.776787    0.609584    253.69    262.21    1.000
      clockrate                0.594886    0.002507    0.499508    0.695412    0.591763    182.88    206.36    1.000
      clockrate                0.574575    0.002694    0.479974    0.680737    0.569474     84.04    114.38    1.002
      clockrate                0.541925    0.004393    0.414467    0.674558    0.539660   1965.59   2174.87    1.000
      clockrate                0.613972    0.002240    0.527141    0.710361    0.609718     76.96     77.88    1.003
      clockrate                0.581716    0.003187    0.477678    0.695633    0.577528    311.73    452.88    1.001
      clockrate                0.609196    0.004992    0.482801    0.752895    0.601659    395.19    452.66    1.003
      clockrate                0.670015    0.005140    0.538051    0.816864    0.664204    901.46    941.58    1.000
      clockrate                0.550167    0.005040    0.420484    0.692230    0.541964    702.00    805.20    1.000
      clockrate                0.545406    0.002991    0.444492    0.656603    0.540438    132.47    231.40    1.004
      clockrate                0.558238    0.003887    0.442316    0.680597    0.553774     95.41    109.97    1.010
      clockrate                0.624564    0.004981    0.497787    0.765485    0.617352    286.59    301.26    1.001
      clockrate                0.514681    0.001435    0.440711    0.589333    0.512781    143.74    145.57    1.000
      clockrate                0.587594    0.003633    0.477611    0.712086    0.582381    238.22    255.98    1.000
      clockrate                0.543063    0.001875    0.461847    0.630753    0.540277    400.85    478.87    1.004
      clockrate                0.525599    0.004384    0.405955    0.658778    0.517837    223.45    227.14    1.005
      clockrate                0.556634    0.002805    0.457744    0.661977    0.553299    287.46    330.71    1.000
      clockrate                0.527943    0.005141    0.393752    0.671238    0.521663    387.70    447.44    1.003
      clockrate                0.524816    0.002645    0.430068    0.629494    0.520127     64.36    193.84    1.004
      clockrate                0.575025    0.002038    0.488604    0.664279    0.572112     89.56    129.18    1.023
      clockrate                0.656145    0.011197    0.471946    0.866453    0.640231    311.46    316.25    1.007
      clockrate                0.583361    0.012314    0.387268    0.800369    0.568415    492.91    497.20    1.001
      clockrate                0.623972    0.007868    0.465481    0.801205    0.613222    455.48    565.67    1.002
      clockrate                0.504362    0.002150    0.417208    0.597036    0.501004    172.44    208.46    1.000
      clockrate                0.586392    0.003584    0.477683    0.707082    0.580504    308.84    309.81    1.001
      clockrate                0.596890    0.002228    0.506121    0.690156    0.594801    721.67    775.61    1.007
      clockrate                0.472156    0.000944    0.412239    0.532936    0.471059    615.79   1008.31    1.001
      clockrate                0.519752    0.005250    0.390176    0.661168    0.510719    207.10    333.00    1.000
      clockrate                0.586821    0.006054    0.451785    0.746484    0.575438    258.87    295.32    1.031
      clockrate                0.596858    0.002508    0.501604    0.698573    0.594729    261.63    428.60    1.002
      clockrate                0.685258    0.021264    0.435302    0.966676    0.668026    374.96    386.36    1.001
      clockrate                0.585064    0.002341    0.493131    0.681929    0.580739     70.88    117.94    1.013
      clockrate                0.561775    0.003641    0.447870    0.681324    0.557121    400.23    504.41    1.000
      clockrate                0.592486    0.004488    0.476185    0.727201    0.584394     38.63    125.71    1.017
      clockrate                0.629215    0.002799    0.528756    0.734565    0.626016    310.74    334.27    1.023
      clockrate                0.642706    0.005208    0.514196    0.789291    0.634048    225.39    260.77    1.003
      clockrate                0.647286    0.017562    0.421164    0.911987    0.626350    114.15    158.10    1.000
      clockrate                0.542963    0.006786    0.396216    0.705167    0.532516    254.92    351.55    1.001
      clockrate                0.536752    0.005090    0.407992    0.681741    0.528599    392.69    410.60    1.002
      clockrate                0.659661    0.023374    0.411531    0.982923    0.630572    134.90    171.16    1.002
      clockrate                0.624092    0.003004    0.522695    0.734316    0.619616    215.89    267.42    1.001
      clockrate                0.493051    0.003481    0.385074    0.612467    0.486272    148.80    213.71    1.004
      clockrate                0.586531    0.003679    0.476372    0.710204    0.581407    226.84    272.74    1.003
      clockrate                0.553039    0.002976    0.447932    0.661117    0.549488    525.86    895.49    1.010
      clockrate                0.656293    0.004733    0.532226    0.795833    0.648226    344.56    409.79    1.003
      clockrate                0.580568    0.021470    0.333390    0.872697    0.558132    462.58    723.98    1.000
      clockrate                0.430523    0.001196    0.362804    0.498253    0.428780    285.78    304.96    1.001
      clockrate                0.702077    0.007537    0.551064    0.880313    0.690546    482.06    531.25    1.000
      clockrate                0.666753    0.006729    0.527003    0.833244    0.656388     39.47     85.65    1.024
      clockrate                0.717709    0.014909    0.501363    0.961305    0.700873    433.08    502.18    1.001
      clockrate                0.600253    0.002687    0.504213    0.705401    0.596924    294.43    318.79    1.006
      clockrate                0.513081    0.002001    0.430127    0.603365    0.509198    128.67    151.85    1.004
      clockrate                0.616811    0.003449    0.506333    0.734826    0.612439    336.94    362.68    1.003
      clockrate                0.615770    0.003948    0.498204    0.741086    0.610899    145.35    199.46    1.000
      clockrate                0.503499    0.003246    0.401440    0.620236    0.498208    285.13    466.65    1.000
      clockrate                0.564259    0.001658    0.484930    0.644318    0.562486    432.49    588.59    1.000
      clockrate                0.685192    0.013997    0.479983    0.919368    0.667369     54.61     75.61    1.000
      clockrate                0.544828    0.003330    0.435356    0.659035    0.540134    848.81    891.74    1.001
      clockrate                0.527823    0.003595    0.420577    0.650911    0.521408    143.64    200.53    1.000
      clockrate                0.609911    0.003353    0.500802    0.725719    0.605497    485.08    701.31    1.010
      clockrate                0.530114    0.003133    0.427793    0.643028    0.524543    123.91    133.57    1.002
      clockrate                0.621194    0.005531    0.490462    0.770593    0.611273    202.29    221.25    1.000
      clockrate                0.530540    0.003919    0.414323    0.656078    0.524282    137.30    160.70    1.000
      clockrate                0.675259    0.010807    0.489526    0.875981    0.662837    338.40    349.06    1.001
      clockrate                0.572643    0.003514    0.464118    0.692095    0.566729     80.12    146.01    1.001
      clockrate                0.586280    0.001685    0.507157    0.667726    0.584145    274.47    397.03    1.002
      clockrate                0.620907    0.004327    0.500191    0.755274    0.614485     75.39     91.97    1.004
      clockrate                0.597409    0.003384    0.489185    0.713016    0.592526    549.01    593.12    1.000
      clockrate                0.487930    0.003080    0.388386    0.598952    0.481534     86.11    110.09    1.000
      clockrate                0.553155    0.004366    0.433333    0.684493    0.545763    270.56    294.04    1.000
