RFdist
0.2093023
0.4444444
0.25
0.2954545
0.2727273
0.35
0.1794872
0.1818182
0.2068966
0.2
0.07894737
0.1875
0.173913
0.1875
0.2790698
0.08695652
0.255814
0.1052632
0.4285714
0.25
0.2826087
0.5
0.09677419
0.1923077
0.225
0.2962963
0.1764706
0.2285714
0.1851852
0.1282051
0.2926829
0.2972973
0.2162162
0.1764706
0.08695652
0.2
0.1111111
0.2727273
0.4210526
0.12
0.3617021
0.2758621
0.2553191
0.3829787
0.1891892
0.2592593
0.2
0.3333333
0.2424242
0.1777778
0.3043478
0
0.1052632
0.3666667
0.1875
0.2285714
0.1428571
0.2727273
0.25
0.2432432
0.1666667
0.225
0.08
0.1777778
0.3023256
0.1
0.1176471
0.2727273
0.03846154
0.2307692
0.175
0.1851852
0.125
0.3043478
0.03846154
0.6666667
0.3589744
0.1333333
0.07317073
0.1578947
0.2894737
0.09090909
0.2564103
0.2571429
0.3684211
0.1052632
0.2666667
0.3
0.1153846
0.25
0.2093023
0.2285714
0.2608696
0.0625
0.275
0.2608696
0.1666667
0.1428571
0.1842105
0.2258065
