      TL          7.779352    0.073026    7.247332    8.301837    7.773884   5345.22   6051.42    1.000
      TL          6.946230    0.067912    6.441554    7.462460    6.940022   5583.22   5963.02    1.000
      TL          7.362790    0.061001    6.887701    7.854499    7.359026  10085.77  10099.09    1.000
      TL          7.597851    0.073573    7.071408    8.127873    7.593050   5191.45   5232.27    1.000
      TL          7.645570    0.066464    7.149644    8.161040    7.640355   7604.82   8029.66    1.000
      TL          4.490744    0.045874    4.081916    4.922740    4.487222  10385.56  10561.13    1.000
      TL          7.138045    0.064506    6.628260    7.627098    7.135907   8673.22   9103.39    1.000
      TL          4.649566    0.052927    4.201706    5.101601    4.643780   9045.71   9362.51    1.000
      TL          6.348650    0.064898    5.844516    6.840898    6.343511   8538.17   8646.72    1.000
      TL          8.552056    0.081706    8.002141    9.122751    8.546870   5918.64   6234.49    1.000
      TL          6.707962    0.061524    6.220306    7.195048    6.703762   7287.64   7570.17    1.000
      TL          2.938411    0.044043    2.534114    3.351032    2.929286   7807.37   8071.57    1.000
      TL          5.224286    0.063047    4.734520    5.714820    5.219864   8529.81   8638.20    1.000
      TL          3.036232    0.034596    2.682509    3.410242    3.030808  11094.89  11222.66    1.000
      TL          9.188809    0.100012    8.587372    9.829712    9.179906   4434.34   4553.84    1.000
      TL          8.294127    0.076806    7.749271    8.831052    8.290209   6129.33   6476.42    1.000
      TL          7.896053    0.076714    7.362401    8.444748    7.890456   6658.69   6684.02    1.000
      TL          4.966696    0.073443    4.442119    5.499228    4.955116   5171.62   5831.80    1.000
      TL          2.594128    0.085630    2.049726    3.162708    2.565887   7256.83   7439.34    1.000
      TL          3.464220    0.043267    3.071693    3.885587    3.458267   8372.61   8620.73    1.000
      TL          8.075700    0.070259    7.564767    8.598712    8.071823   9413.36   9622.33    1.000
      TL          5.150383    0.059851    4.664047    5.623247    5.142946   5712.49   6092.81    1.000
      TL          6.673903    0.072812    6.141686    7.203017    6.665742   7944.85   7968.92    1.000
      TL          5.010905    0.051410    4.580566    5.463140    5.004380   9862.03  10050.14    1.000
      TL          6.814185    0.060211    6.323718    7.280356    6.810338   7917.50   8301.89    1.000
      TL          6.246235    0.071244    5.728249    6.773499    6.240360   7673.77   7720.42    1.000
      TL          7.325547    0.074804    6.790236    7.860685    7.319626   7993.08   8284.45    1.000
      TL          6.238440    0.057593    5.767389    6.712133    6.235608   8313.23   8462.90    1.000
      TL          5.948192    0.065798    5.445960    6.448025    5.940225   6792.29   6962.09    1.000
      TL          6.304265    0.055539    5.847075    6.775605    6.301048   8167.00   8175.55    1.000
      TL          6.951356    0.069781    6.437760    7.472868    6.944496   4989.33   5409.33    1.000
      TL          7.585953    0.072241    7.065450    8.115552    7.579035   7905.75   8040.31    1.000
      TL          6.226929    0.057617    5.772247    6.719720    6.221962   6413.08   6559.96    1.000
      TL          3.605524    0.041539    3.218800    4.019148    3.602263  10720.69  10835.85    1.000
      TL          7.298416    0.060750    6.834883    7.795975    7.294578   8573.16   9065.65    1.000
      TL          3.372393    0.036526    2.998003    3.743214    3.368380   6566.79   7414.63    1.000
      TL          4.330858    0.043824    3.924144    4.741568    4.326481   5493.13   5816.42    1.000
      TL          3.322081    0.035541    2.949912    3.688797    3.315904   4196.56   4657.31    1.000
      TL          4.352426    0.050382    3.916555    4.792675    4.345203  10055.26  10376.04    1.000
      TL          4.924530    0.047217    4.503424    5.348536    4.919096   9152.48   9484.79    1.000
      TL          8.346057    0.083285    7.797222    8.923566    8.339183   4921.45   4985.76    1.000
      TL          5.498052    0.058257    5.019990    5.963429    5.493751   8005.53   8180.33    1.000
      TL          8.268661    0.091456    7.673522    8.852729    8.261486   3582.93   4218.03    1.000
      TL          8.593179    0.076896    8.059001    9.144227    8.586886   8953.34   9195.98    1.000
      TL          7.437733    0.075112    6.911994    7.988209    7.428997   3639.83   4088.32    1.000
      TL          5.182541    0.047681    4.757762    5.610635    5.180036  10939.37  10943.13    1.000
      TL          5.715808    0.044521    5.311671    6.130502    5.712100   9419.08   9831.93    1.000
      TL          4.307411    0.043456    3.901296    4.718198    4.302156   9265.81   9719.37    1.000
      TL          6.989348    0.076141    6.452336    7.529623    6.982623   5291.56   5696.16    1.000
      TL          7.030068    0.066367    6.534694    7.541155    7.027159   5513.14   6019.69    1.000
      TL          4.743219    0.056627    4.276951    5.210566    4.736159   6771.26   6835.83    1.000
      TL          4.664682    0.062727    4.176395    5.157240    4.657805   8688.54   8853.17    1.000
      TL          4.119149    0.051827    3.678409    4.574039    4.110828   8730.59   9210.12    1.000
      TL          6.054340    0.064611    5.562667    6.554085    6.046974   6649.24   6789.90    1.000
      TL          5.989167    0.054544    5.542768    6.454189    5.984650   9518.45  10192.63    1.000
      TL          5.989607    0.058271    5.529679    6.470067    5.985032   6981.95   7374.84    1.000
      TL          9.290451    0.089009    8.704151    9.873037    9.285556   6879.55   7805.45    1.000
      TL          4.389798    0.047534    3.958638    4.814543    4.383573   5809.23   6134.05    1.000
      TL          5.073769    0.061873    4.586006    5.557784    5.065952   8924.83   9533.01    1.000
      TL          6.085864    0.056999    5.612457    6.553383    6.079562   6178.81   7150.62    1.000
      TL          3.197868    0.059073    2.740941    3.677694    3.184639   5812.88   5969.09    1.000
      TL          6.713006    0.063772    6.230793    7.211227    6.709098   6075.31   6492.76    1.000
      TL          5.001502    0.047958    4.573410    5.432806    4.994951   8347.34   9219.24    1.000
      TL          8.927330    0.090818    8.332871    9.514369    8.920787   4823.49   5413.47    1.000
      TL          8.290844    0.081131    7.732080    8.848277    8.285473   6590.17   6761.21    1.000
      TL          8.876356    0.107363    8.249369    9.524606    8.868889   4514.06   4731.34    1.000
      TL          4.464019    0.068160    3.967844    4.983116    4.452502   6120.75   6536.03    1.000
      TL          4.650636    0.059056    4.188942    5.139176    4.641962   7562.44   7589.91    1.000
      TL          5.718211    0.058463    5.253722    6.197354    5.712582   9966.10  10044.01    1.000
      TL          5.792360    0.055776    5.330439    6.252355    5.787604   9711.48   9981.34    1.000
      TL          6.534225    0.057722    6.065502    7.001861    6.530138   6308.61   7105.15    1.000
      TL          6.289417    0.065264    5.809568    6.804765    6.283543   8288.27   8472.87    1.000
      TL          8.354050    0.077398    7.825927    8.913451    8.349565   8647.56   8909.73    1.000
      TL          4.679672    0.046886    4.258191    5.104255    4.675498   9863.03  10643.85    1.000
      TL          4.935354    0.051079    4.505742    5.393743    4.931868    227.43   3818.95    1.003
      TL          2.644141    0.126844    2.010852    3.366147    2.604581   4484.22   4941.57    1.000
      TL          7.508172    0.076413    6.962610    8.044729    7.505439   5874.59   6203.61    1.000
      TL          3.576996    0.041053    3.197362    3.986748    3.571831  11416.16  11667.30    1.000
      TL          7.624064    0.075766    7.096090    8.177502    7.618770   5380.94   6143.97    1.000
      TL          4.359767    0.048331    3.957095    4.814322    4.352628   7937.17   9226.19    1.000
      TL          7.682358    0.078841    7.138040    8.234549    7.677745   5534.29   6276.54    1.000
      TL          8.915968    0.086743    8.330026    9.486600    8.909557   4512.59   4889.96    1.001
      TL          6.862850    0.066880    6.361232    7.369518    6.857729   4644.73   5167.66    1.000
      TL          6.190819    0.058960    5.716763    6.670808    6.187170   7043.58   7760.67    1.000
      TL          5.125764    0.071392    4.627812    5.669525    5.115534   3940.51   5021.02    1.000
      TL          7.045257    0.066014    6.535095    7.541097    7.041842   8355.16   8564.25    1.000
      TL          5.212264    0.051202    4.755592    5.644335    5.206166   6886.39   7023.21    1.000
      TL          4.618668    0.055093    4.159905    5.083153    4.611752   8448.61   8571.64    1.000
      TL          4.593475    0.042527    4.187301    4.995454    4.589880   9451.37   9992.89    1.000
      TL          5.809416    0.065075    5.306435    6.306320    5.803043   7792.43   7965.03    1.000
      TL          8.358816    0.087321    7.789938    8.949835    8.353445   4453.95   4773.08    1.000
      TL          7.449157    0.071568    6.924623    7.969819    7.446486   9078.96   9088.84    1.000
      TL          9.089651    0.092270    8.505420    9.695611    9.083417   5645.50   5854.09    1.000
      TL          4.027763    0.060154    3.555024    4.516015    4.017015   4929.08   5736.09    1.000
      TL          7.825313    0.072791    7.306630    8.352826    7.822321   7810.31   8312.75    1.000
      TL          9.392933    0.092452    8.792560    9.983983    9.387886   5196.16   5460.66    1.000
      TL          4.246793    0.038345    3.865998    4.635894    4.243489   9237.56   9827.51    1.000
      TL          5.292381    0.049216    4.867691    5.730611    5.287499   8900.20   9596.82    1.000
      TL          7.777126    0.081761    7.208400    8.331294    7.772495   5376.72   6295.53    1.000
      TL          5.974347    0.061589    5.505303    6.473957    5.969772   4646.40   5513.95    1.000
