      age[0]                   0.915316    0.001671    0.848035    0.997481    0.907904    1.000    2
      age[0]                  1.010138    0.000964    0.954719    1.067220    1.007078    1.002    2
      age[0]                   0.990634    0.000746    0.939225    1.045646    0.990064    1.011    2
      age[0]                   1.002960    0.001009    0.942928    1.069046    1.000796    1.000    2
      age[0]                   1.023510    0.000812    0.969252    1.079953    1.021378    1.002    2
      age[0]                  1.029685    0.001629    0.954419    1.110732    1.026165    1.007    2
      age[0]                  1.025479    0.000648    0.978027    1.076297    1.023736    1.006    2
      age[0]                  0.784386    0.001361    0.729727    0.860556    0.776090    1.001    2
      age[0]                  0.978780    0.000715    0.931639    1.032776    0.975941    1.000    2
      age[0]                   0.978010    0.001015    0.919958    1.042879    0.974699    1.000    2
      age[0]                   0.956716    0.000912    0.901263    1.017520    0.954083    1.000    2
      age[0]                  0.900880    0.003569    0.831193    1.014700    0.886139    1.007    2
      age[0]                  0.986046    0.006383    0.857083    1.132753    0.977418    1.000    2
      age[0]                  0.937793    0.004914    0.821611    1.068415    0.929360    1.008    2
      age[0]                   0.998830    0.001329    0.930519    1.073231    0.996251    1.003    2
      age[0]                   1.011446    0.000856    0.961490    1.072325    1.008500    1.000    2
      age[0]                   1.030335    0.000733    0.981460    1.085078    1.027658    1.000    2
      age[0]                  1.062532    0.003848    0.946222    1.186547    1.057531    1.003    2
      age[0]                  1.018391    0.057923    0.633875    1.496306    0.976578    1.007    2
      age[0]                  0.994134    0.001578    0.951798    1.071297    0.982883    1.000    2
      age[0]                   1.002653    0.001100    0.938927    1.068528    1.000767    1.004    2
      age[0]                  1.009610    0.000491    0.979084    1.051385    1.005547    1.000    2
      age[0]                  0.899173    0.001534    0.824846    0.977421    0.897427    1.000    2
      age[0]                  1.004506    0.001929    0.922522    1.094389    1.002519    1.000    2
      age[0]                   0.954677    0.000897    0.899559    1.009826    0.951254    1.000    2
      age[0]                  0.926678    0.002565    0.834280    1.028855    0.923244    1.024    2
      age[0]                  1.005700    0.002609    0.906433    1.105051    1.003247    1.001    2
      age[0]                  1.035746    0.004222    0.910117    1.166615    1.033083    1.007    2
      age[0]                  0.936674    0.003099    0.828917    1.046333    0.934223    1.008    2
      age[0]                  0.954097    0.001825    0.869526    1.039396    0.951029    1.002    2
      age[0]                   0.993379    0.001368    0.922279    1.068276    0.991555    1.000    2
      age[0]                   0.941767    0.000485    0.914781    0.984925    0.936368    1.000    2
      age[0]                  1.018687    0.000677    0.965244    1.071814    1.018157    1.000    2
      age[0]                  1.052407    0.003559    0.970768    1.167034    1.040785    1.001    2
      age[0]                   1.008457    0.001106    0.944223    1.072149    1.007251    1.019    2
      age[0]                  1.023340    0.001439    0.953578    1.100152    1.020069    1.001    2
      age[0]                  0.906279    0.001454    0.837674    0.987022    0.904368    1.004    2
      age[0]                  0.928174    0.000665    0.883842    0.980345    0.924549    1.000    2
      age[0]                  1.011376    0.000797    0.966764    1.065271    1.005696    1.000    2
      age[0]                  1.051777    0.001040    0.990889    1.116235    1.049443    1.000    2
      age[0]                   0.961899    0.001114    0.897948    1.025039    0.960276    1.000    2
      age[0]                  0.996704    0.001743    0.915778    1.077106    0.993839    1.001    2
      age[0]                   0.950237    0.002405    0.860717    1.053600    0.948712    1.001    2
      age[0]                   0.984569    0.001222    0.919143    1.052373    0.983121    1.009    2
      age[0]                  1.023391    0.000838    0.971642    1.081158    1.019562    1.003    2
      age[0]                  1.021614    0.001448    0.954531    1.099666    1.017652    1.001    2
      age[0]                   0.969472    0.000778    0.915865    1.024073    0.968120    1.002    2
      age[0]                  1.004539    0.002045    0.920254    1.088823    1.000359    1.006    2
      age[0]                  1.023086    0.000872    0.971126    1.083131    1.020057    1.001    2
      age[0]                   1.029921    0.001046    0.968384    1.094067    1.028315    1.000    2
      age[0]                  1.034745    0.001378    0.964351    1.106355    1.031947    1.001    2
      age[0]                  0.915478    0.002242    0.831915    1.009082    0.910511    1.021    2
      age[0]                  0.934296    0.002546    0.834260    1.027961    0.930908    1.011    2
      age[0]                  0.914243    0.002967    0.807230    1.018037    0.913103    1.157    2
      age[0]                  0.967396    0.000629    0.922708    1.018422    0.965086    1.000    2
      age[0]                  0.992666    0.000356    0.966028    1.027985    0.989152    1.008    2
      age[0]                   1.044100    0.001362    0.978561    1.121530    1.040033    1.004    2
      age[0]                  0.972163    0.002191    0.882459    1.066056    0.969852    1.000    2
      age[0]                  0.974472    0.002001    0.891753    1.060672    0.970201    1.004    2
      age[0]                  0.958703    0.000291    0.929573    0.992760    0.955847    1.002    2
      age[0]                  1.012087    0.001485    0.956540    1.081365    1.005897    1.000    2
      age[0]                   0.967596    0.000791    0.916469    1.021630    0.965517    1.002    2
      age[0]                  1.006132    0.000724    0.956965    1.059807    1.004259    1.000    2
      age[0]                   1.033897    0.003890    0.914815    1.145640    1.030997    1.001    2
      age[0]                   0.986430    0.001660    0.909700    1.064160    0.981855    1.008    2
      age[0]                   0.955086    0.000913    0.896619    1.012560    0.952946    1.001    2
      age[0]                  0.943869    0.006527    0.782736    1.097117    0.940923    1.000    2
      age[0]                  0.999863    0.001490    0.932045    1.076861    0.995519    1.002    2
      age[0]                  1.031735    0.002941    0.923904    1.138200    1.030581    1.000    2
      age[0]                  1.039042    0.001313    0.971324    1.109702    1.035974    1.006    2
      age[0]                   0.990260    0.000863    0.932771    1.046145    0.988861    1.001    2
      age[0]                  1.032360    0.001516    0.959142    1.110104    1.029292    1.003    2
      age[0]                   1.016102    0.002373    0.923621    1.112257    1.013511    1.013    2
      age[0]                  1.058285    0.003833    0.941227    1.176802    1.053957    1.002    2
      age[0]                  1.009340    0.001443    0.938165    1.083123    1.007391    1.002    2
      age[0]                  0.860960    0.004502    0.792186    0.992886    0.842268    1.000    2
      age[0]                   1.084135    0.001617    1.009978    1.166676    1.082200    1.006    2
      age[0]                  1.009716    0.001518    0.939290    1.088532    1.005784    1.001    2
      age[0]                   0.968121    0.000819    0.914299    1.024792    0.965412    1.000    2
      age[0]                  0.997808    0.001373    0.929983    1.073314    0.995414    1.000    2
      age[0]                   1.085943    0.004121    0.965144    1.210994    1.083274    1.002    2
      age[0]                   0.960957    0.001296    0.890731    1.030643    0.960098    1.001    2
      age[0]                   0.966307    0.000895    0.925968    1.023328    0.960114    1.001    2
      age[0]                  0.915456    0.003419    0.807383    1.034791    0.912737    1.003    2
      age[0]                  0.960197    0.001829    0.882035    1.049378    0.958188    1.015    2
      age[0]                  1.037345    0.001649    0.961336    1.117431    1.032811    1.001    2
      age[0]                  0.830311    0.005379    0.693124    0.978697    0.830635    1.004    2
      age[0]                  0.967594    0.002254    0.905135    1.058360    0.958426    1.000    2
      age[0]                  1.005800    0.001750    0.924610    1.089565    1.004015    1.001    2
      age[0]                  0.948324    0.001585    0.872567    1.028840    0.945695    1.009    2
      age[0]                   0.986664    0.000775    0.934980    1.036488    0.983754    1.004    2
      age[0]                  0.980369    0.000885    0.926295    1.040153    0.977990    1.001    2
      age[0]                   0.976147    0.001145    0.914061    1.040208    0.972527    1.002    2
      age[0]                  1.070569    0.005623    0.930444    1.219180    1.065734    1.000    2
      age[0]                   0.986562    0.001751    0.917385    1.078136    0.981931    1.031    2
      age[0]                   1.020196    0.000667    0.972298    1.071402    1.018342    1.001    2
      age[0]                  1.045601    0.001149    0.976797    1.111177    1.044033    1.003    2
      age[0]                  1.026343    0.000596    0.983500    1.076179    1.023239    1.002    2
      age[0]                   0.961567    0.002099    0.876234    1.050779    0.959318    1.004    2
      age[0]                  0.914324    0.004314    0.784775    1.031734    0.910299    1.011    2
