      alpha_symdir   4.266038    0.788374    2.697997    6.021419    4.145259   7419.84   8095.79    1.000
      alpha_symdir   2.622270    0.318063    1.671958    3.758668    2.534200   3209.75   3285.42    1.001
      alpha_symdir   4.022419    0.653821    2.607984    5.628762    3.910678   8897.07   8955.26    1.000
      alpha_symdir   3.666204    0.521276    2.393722    5.061812    3.569171   6838.05   7326.32    1.000
      alpha_symdir   4.653587    0.903173    2.986171    6.530473    4.528013   7898.48   7948.36    1.000
      alpha_symdir   3.010125    0.609709    1.717222    4.547214    2.875596   8761.15   8888.22    1.000
      alpha_symdir   3.797204    0.739701    2.397722    5.588520    3.670491   6938.78   7002.98    1.000
      alpha_symdir   3.403356    0.766560    1.966494    5.154867    3.248395   6493.15   7123.47    1.000
      alpha_symdir   3.670785    0.823096    2.157900    5.482762    3.525956   7006.16   7091.02    1.000
      alpha_symdir   3.846765    0.611608    2.537685    5.447412    3.736418   3822.41   4144.81    1.000
      alpha_symdir   2.986000    0.331581    1.979827    4.137951    2.904195   6254.48   6665.07    1.000
      alpha_symdir   3.192907    1.026667    1.591873    5.228766    2.996591  10088.61  10226.06    1.000
      alpha_symdir   3.728666    0.880070    2.154790    5.554845    3.571922   7815.57   8558.37    1.000
      alpha_symdir   4.031440    1.416080    2.128868    6.411887    3.816316  10352.36  10458.30    1.000
      alpha_symdir   4.439177    0.732066    2.889884    6.099903    4.322065   8097.88   8124.96    1.000
      alpha_symdir   4.220204    0.696449    2.749934    5.888753    4.100656   9086.36   9175.16    1.000
      alpha_symdir   3.957425    0.724554    2.501154    5.668922    3.837639   7161.44   7766.11    1.000
      alpha_symdir   2.871577    0.528959    1.707702    4.313417    2.740922   4471.52   4494.01    1.000
      alpha_symdir   4.023180    1.710097    1.949904    6.684902    3.789496  11494.52  11861.42    1.000
      alpha_symdir   2.560478    0.448245    1.520163    3.922066    2.434343   8003.99   8350.17    1.000
      alpha_symdir   3.866080    0.750388    2.376853    5.613189    3.731661   6922.27   7088.25    1.000
      alpha_symdir   3.566834    0.691236    2.168174    5.229434    3.439018   8516.74   8730.73    1.000
      alpha_symdir   3.083232    0.397462    1.997060    4.337792    2.991377   6388.17   6667.26    1.000
      alpha_symdir   3.893279    1.174197    2.114150    6.044925    3.715044   5181.22   5201.91    1.000
      alpha_symdir   3.815923    0.784323    2.357291    5.637276    3.681833   5495.35   5592.09    1.000
      alpha_symdir   3.763891    0.806889    2.266238    5.585567    3.629699   6662.11   7019.08    1.000
      alpha_symdir   3.173754    0.422167    2.073433    4.473423    3.079160   5378.57   6159.67    1.000
      alpha_symdir   3.031949    0.455374    1.887266    4.397279    2.929374   4924.31   4934.11    1.000
      alpha_symdir   2.574456    0.296652    1.666939    3.631158    2.483452   1097.83   1282.85    1.000
      alpha_symdir   5.165575    1.724829    2.939442    7.794050    4.963667   9719.80   9853.78    1.000
      alpha_symdir   3.799814    0.684962    2.416801    5.476417    3.678507   5623.93   6189.36    1.000
      alpha_symdir   2.755300    0.271760    1.874852    3.828634    2.681688   5122.51   5377.43    1.000
      alpha_symdir   3.026203    0.408734    1.958816    4.332586    2.933108   7364.81   7616.35    1.000
      alpha_symdir   3.795928    1.403625    1.886056    6.141940    3.574985   8602.10   9237.01    1.000
      alpha_symdir   2.825018    0.251153    1.944754    3.837570    2.761026   8393.77   8444.49    1.000
      alpha_symdir   3.526918    1.002990    1.912964    5.489452    3.351189  10651.99  10997.38    1.000
      alpha_symdir   3.056047    0.622635    1.768947    4.626318    2.921382   7671.08   9113.95    1.000
      alpha_symdir   3.290090    1.048221    1.698164    5.355906    3.098357   9162.11   9226.18    1.000
      alpha_symdir   2.970843    0.614212    1.696824    4.527841    2.829202   5825.21   6434.30    1.000
      alpha_symdir   3.533640    0.750626    2.110595    5.273683    3.391655   8546.52   8865.42    1.000
      alpha_symdir   4.256558    0.675270    2.817163    5.889756    4.144238   7257.86   7469.36    1.000
      alpha_symdir   2.660874    0.298773    1.748843    3.763057    2.577391   6951.47   8038.36    1.000
      alpha_symdir   3.862283    0.558902    2.601695    5.390398    3.759560   6272.96   6808.91    1.000
      alpha_symdir   4.071494    0.683844    2.629930    5.727475    3.959691   6704.79   6883.56    1.000
      alpha_symdir   4.223550    0.839806    2.626050    6.043883    4.093168   3068.89   4633.72    1.000
      alpha_symdir   3.539609    0.904755    1.945200    5.443987    3.381150   6908.96   7026.76    1.000
      alpha_symdir   3.390904    0.575683    2.118441    4.911416    3.289707   7111.41   7291.85    1.000
      alpha_symdir   3.442111    0.970259    1.864286    5.413914    3.263648   3907.45   4092.03    1.000
      alpha_symdir   3.702294    0.728739    2.265501    5.432692    3.569493   5979.07   6617.37    1.000
      alpha_symdir   3.769858    0.718541    2.267235    5.438357    3.638019   7181.03   7911.35    1.000
      alpha_symdir   3.227633    0.714332    1.841599    4.906334    3.084701   8672.01   8915.87    1.000
      alpha_symdir   2.714324    0.604519    1.527603    4.254096    2.554651   5395.04   5445.20    1.000
      alpha_symdir   3.446137    1.000565    1.900848    5.497320    3.264353   7434.38   7451.24    1.000
      alpha_symdir   4.516803    1.025329    2.786176    6.545852    4.359845   9255.84   9558.66    1.000
      alpha_symdir   2.924017    0.365740    1.865535    4.113746    2.839200   2687.29   3657.83    1.000
      alpha_symdir   2.937666    0.389392    1.870809    4.164859    2.840160   2652.03   4023.15    1.000
      alpha_symdir   3.954825    0.549405    2.654376    5.417936    3.853148   5729.12   6436.37    1.000
      alpha_symdir   2.417585    0.276050    1.559770    3.476686    2.338676   7861.68   8295.06    1.000
      alpha_symdir   2.906299    0.471858    1.770815    4.265235    2.792195   5149.18   5453.13    1.000
      alpha_symdir   4.191903    1.151817    2.424036    6.323782    4.013608   6812.81   7352.59    1.000
      alpha_symdir   4.532065    1.950456    2.310840    7.447183    4.293258  10954.00  10988.53    1.000
      alpha_symdir   3.068006    0.294222    2.123446    4.157297    2.997499  10391.22  10483.56    1.000
      alpha_symdir   4.409143    1.380063    2.433688    6.719923    4.225617  11464.74  11751.20    1.000
      alpha_symdir   2.911756    0.213699    2.088708    3.840794    2.858197   7481.98   7901.58    1.000
      alpha_symdir   3.902877    0.770491    2.390529    5.641583    3.765119   5227.95   5362.29    1.000
      alpha_symdir   3.221278    0.356506    2.170326    4.423907    3.144011   6918.83   6960.52    1.000
      alpha_symdir   3.313315    0.957203    1.738838    5.225459    3.126448   6543.04   7331.49    1.000
      alpha_symdir   3.447779    0.732880    2.028227    5.162643    3.309178   8151.76   8361.68    1.000
      alpha_symdir   3.024230    0.460778    1.887674    4.383109    2.920254   5578.57   6291.55    1.000
      alpha_symdir   3.673160    0.956271    2.063399    5.599742    3.503230   5770.78   5843.35    1.000
      alpha_symdir   3.706908    0.665867    2.309339    5.336192    3.589778   3263.82   4340.27    1.000
      alpha_symdir   2.224001    0.149223    1.549138    2.999437    2.171767   5441.08   5648.05    1.000
      alpha_symdir   3.128038    0.355095    2.061647    4.303052    3.051812   3701.09   3813.18    1.000
      alpha_symdir   3.781730    1.056035    2.133899    5.870611    3.592076   6643.53   7245.67    1.000
      alpha_symdir   4.685539    1.474201    2.639161    7.098418    4.492601  11224.40  11313.02    1.000
      alpha_symdir   3.447394    1.423348    1.525131    5.784785    3.225175  11294.54  11434.01    1.000
      alpha_symdir   3.124439    0.419625    1.979723    4.388848    3.028384   7684.79   7963.36    1.000
      alpha_symdir   3.239353    0.925984    1.702276    5.143014    3.053544   9846.42  10066.18    1.000
      alpha_symdir   4.981370    1.617361    2.850623    7.588570    4.794460   5970.20   6215.66    1.000
      alpha_symdir   2.444243    0.330188    1.458090    3.582856    2.360300   6088.01   6164.49    1.000
      alpha_symdir   3.174801    0.279868    2.240217    4.237790    3.117671   7775.61   7905.93    1.000
      alpha_symdir   5.246638    1.196904    3.363089    7.450955    5.095817   7668.83   8107.61    1.000
      alpha_symdir   4.216362    0.969703    2.532907    6.172055    4.069281   7847.22   8157.77    1.000
      alpha_symdir   3.791040    0.590687    2.496405    5.352423    3.678377   8606.97   9288.87    1.000
      alpha_symdir   3.231028    0.647258    1.921644    4.868718    3.094269   8572.63   8599.33    1.000
      alpha_symdir   2.958890    0.420837    1.862827    4.273768    2.859422   4739.82   5013.88    1.000
      alpha_symdir   4.364354    1.074699    2.624194    6.454359    4.206947   5823.04   6321.66    1.000
      alpha_symdir   4.830548    1.679338    2.685512    7.435540    4.617635  10508.62  10617.26    1.000
      alpha_symdir   3.345947    0.649503    2.009159    4.963417    3.213129   8773.50   8788.70    1.000
      alpha_symdir   4.145515    1.017076    2.441285    6.169719    3.985679   8654.35   8910.73    1.000
      alpha_symdir   4.976153    1.167616    3.098622    7.125985    4.821565   4674.57   4833.25    1.000
      alpha_symdir   3.366501    0.441733    2.230766    4.695317    3.284119   6473.69   6929.92    1.000
      alpha_symdir   3.895414    0.601364    2.542865    5.451728    3.793752   4059.22   4143.38    1.000
      alpha_symdir   3.528287    0.885914    1.999031    5.399097    3.354658   5987.45   6335.84    1.000
      alpha_symdir   2.938283    0.294365    1.951163    4.002341    2.872281   3729.93   3922.61    1.000
      alpha_symdir   3.882256    0.604605    2.545581    5.477519    3.769772   6894.64   7198.05    1.000
      alpha_symdir   3.739515    1.152898    2.032934    5.895627    3.548403   9234.84   9359.55    1.000
      alpha_symdir   3.779722    1.426510    1.833509    6.178430    3.564013   5142.17   5193.88    1.000
      alpha_symdir   3.441337    0.528503    2.183166    4.885028    3.334439   6932.86   6971.73    1.000
      alpha_symdir   2.937988    0.426179    1.852426    4.259421    2.834931   3933.15   4023.75    1.000
