      TL          5.768477    0.039251    5.378508    6.151582    5.766453  12248.59  12675.67    1.000
      TL          4.997218    0.034364    4.634603    5.359395    4.995574  11977.63  12772.10    1.000
      TL          5.255854    0.035070    4.893674    5.625301    5.253013  12271.33  12580.60    1.000
      TL          5.481477    0.037529    5.089862    5.849576    5.481145  10558.70  11702.47    1.000
      TL          5.509731    0.036457    5.143116    5.887734    5.507188  12976.03  13102.99    1.000
      TL          3.542158    0.029087    3.205332    3.871840    3.540330  11300.65  11995.56    1.000
      TL          5.107585    0.034986    4.741298    5.476206    5.103934  11373.79  12072.74    1.000
      TL          3.265735    0.025533    2.959221    3.583214    3.263496  13320.86  13412.63    1.000
      TL          4.307253    0.031192    3.964102    4.654567    4.304504  12459.75  12997.60    1.000
      TL          5.918070    0.040782    5.526019    6.315888    5.914996  10824.82  11368.67    1.000
      TL          4.651252    0.030849    4.315316    5.000351    4.646663  12603.87  13369.06    1.000
      TL          2.036712    0.019113    1.769029    2.309766    2.034466  11374.14  11655.00    1.000
      TL          3.361620    0.026604    3.035270    3.678265    3.358734  12877.26  13039.46    1.000
      TL          2.080535    0.018497    1.816190    2.348016    2.077486  12975.67  13616.44    1.000
      TL          6.235057    0.043467    5.832957    6.649382    6.232337   8784.66   9563.10    1.000
      TL          5.956376    0.040402    5.568743    6.353628    5.954673   9091.93  11096.36    1.000
      TL          5.431370    0.037980    5.057655    5.821313    5.428571  11232.69  11240.55    1.000
      TL          2.954585    0.023763    2.657118    3.261949    2.951999  13250.40  13442.78    1.000
      TL          1.565522    0.018701    1.309608    1.842317    1.560871  12489.37  13584.66    1.000
      TL          2.693780    0.022857    2.397092    2.986946    2.691147  13158.41  13419.47    1.000
      TL          5.903978    0.039617    5.507408    6.288333    5.900995  10755.56  11182.70    1.000
      TL          3.342798    0.025884    3.014859    3.650489    3.339915  12027.33  12306.88    1.000
      TL          4.174511    0.029519    3.844174    4.513636    4.170895  13350.06  13741.23    1.000
      TL          3.562971    0.027575    3.242486    3.888443    3.559617  11607.05  12063.35    1.000
      TL          4.830970    0.033062    4.485460    5.196032    4.828913  12407.79  12729.61    1.000
      TL          4.479641    0.033968    4.129699    4.850589    4.476511  11761.48  11906.78    1.000
      TL          5.278319    0.037012    4.911102    5.662095    5.276976  12363.28  12709.74    1.000
      TL          4.421498    0.031456    4.068220    4.759575    4.419135  11904.67  11967.70    1.000
      TL          4.557229    0.033735    4.194349    4.910769    4.554761  13590.60  13886.73    1.000
      TL          4.404790    0.030276    4.059251    4.740428    4.403571  12298.81  12955.04    1.000
      TL          4.538799    0.030169    4.201915    4.882228    4.535930  12206.05  12537.91    1.000
      TL          5.163474    0.035409    4.794199    5.532376    5.161592  11982.36  12285.22    1.000
      TL          3.977391    0.027391    3.652019    4.299367    3.974463  11510.63  12141.23    1.000
      TL          2.537109    0.020517    2.264462    2.821244    2.534719  13042.96  13686.66    1.000
      TL          5.457519    0.036697    5.086324    5.836016    5.455698   5716.91   6426.18    1.000
      TL          2.658997    0.023461    2.352393    2.949587    2.657168  10188.18  10620.01    1.000
      TL          3.151688    0.023488    2.854757    3.452577    3.148144  12386.25  12961.68    1.000
      TL          2.550377    0.021058    2.262490    2.831277    2.547612  11849.99  12009.51    1.000
      TL          3.439923    0.027799    3.113215    3.766110    3.437130  13262.67  13689.11    1.000
      TL          3.595072    0.027638    3.273726    3.924428    3.591854  12099.60  12641.63    1.000
      TL          5.255800    0.034725    4.893845    5.622303    5.252571  10169.72  11311.83    1.000
      TL          3.996804    0.028612    3.665174    4.326171    3.995403  13337.91  13419.85    1.000
      TL          5.220419    0.033912    4.854522    5.574490    5.217994  12949.38  13095.06    1.000
      TL          5.886159    0.038751    5.500559    6.271561    5.883866  12513.88  12753.51    1.000
      TL          5.104759    0.034852    4.744259    5.477109    5.103864  12539.10  12637.23    1.000
      TL          3.840845    0.028764    3.511149    4.174536    3.837793  12547.75  12750.56    1.000
      TL          4.135360    0.027470    3.805867    4.458836    4.133487  11610.77  11635.01    1.000
      TL          3.464452    0.028929    3.139173    3.802511    3.462755   7214.54   7592.22    1.000
      TL          4.470611    0.032422    4.123217    4.825136    4.467508   8060.39   8212.61    1.000
      TL          5.035283    0.033969    4.680611    5.401729    5.032535  11572.00  11776.46    1.000
      TL          3.210734    0.025018    2.899928    3.515533    3.208058  11665.16  12362.79    1.000
      TL          2.926121    0.023821    2.629251    3.233278    2.923037  13428.83  13860.64    1.000
      TL          2.817495    0.022386    2.529495    3.111962    2.814983  13606.95  13969.52    1.000
      TL          4.357194    0.031687    4.005945    4.697896    4.355578  10964.44  11844.86    1.000
      TL          4.296215    0.029679    3.962546    4.637292    4.293929  13495.47  13699.17    1.000
      TL          4.138583    0.029174    3.809446    4.474936    4.137102  12894.60  13035.24    1.000
      TL          6.042527    0.041311    5.649387    6.445124    6.038781  13129.16  13249.78    1.000
      TL          3.252510    0.025609    2.949931    3.576562    3.248923  12913.13  13647.93    1.000
      TL          2.921179    0.022954    2.629025    3.226462    2.919231  12610.42  12747.77    1.000
      TL          4.065387    0.027630    3.748447    4.398808    4.063179  12739.32  13031.69    1.000
      TL          2.100956    0.020067    1.829684    2.379356    2.097188  10425.85  11065.44    1.000
      TL          5.102185    0.034506    4.755260    5.481033    5.099497   9997.95  10871.91    1.000
      TL          3.334196    0.024996    3.027009    3.642118    3.330179  13239.01  13355.24    1.000
      TL          5.713788    0.038468    5.329688    6.096638    5.711977  10651.01  11357.14    1.000
      TL          5.722761    0.039291    5.333752    6.111906    5.720426  12403.51  12696.20    1.000
      TL          5.736567    0.040254    5.338508    6.119778    5.734541  12075.58  12185.17    1.000
      TL          2.665441    0.022434    2.375184    2.963871    2.662701  12244.83  12689.52    1.000
      TL          3.058651    0.023306    2.758792    3.354204    3.056275  13016.98  13459.07    1.000
      TL          4.104696    0.030820    3.757589    4.444884    4.101392  11976.52  12149.84    1.000
      TL          4.038486    0.029065    3.701784    4.368621    4.035474  13260.58  13757.85    1.000
      TL          4.722032    0.031755    4.381067    5.075006    4.718724  12638.29  13331.65    1.000
      TL          3.961804    0.028017    3.644713    4.298560    3.958401  12939.13  13305.53    1.000
      TL          5.443368    0.037003    5.065080    5.812869    5.440815  11682.62  12267.68    1.000
      TL          3.878006    0.030112    3.542233    4.214115    3.874729  11605.14  12150.98    1.000
      TL          3.237411    0.023813    2.943547    3.550186    3.234444  13168.42  13547.02    1.000
      TL          1.464301    0.018502    1.209632    1.740354    1.459762  14186.57  14283.97    1.000
      TL          4.816641    0.032266    4.475985    5.173522    4.814136  12343.49  12559.04    1.000
      TL          2.483055    0.020935    2.208889    2.775557    2.479622  14242.57  14293.94    1.000
      TL          5.096872    0.034836    4.727823    5.458340    5.095202  12527.65  12644.39    1.000
      TL          3.375547    0.027202    3.059462    3.708350    3.372467  13482.37  13517.23    1.000
      TL          4.842237    0.032854    4.483992    5.193388    4.840214  12907.12  13241.26    1.000
      TL          6.649689    0.045955    6.239957    7.082639    6.647354  12058.99  12584.29    1.000
      TL          4.587667    0.030578    4.245550    4.929737    4.585110  12125.43  12525.79    1.000
      TL          4.417565    0.030517    4.080760    4.766276    4.415167  13135.70  13189.10    1.000
      TL          3.155017    0.024943    2.848899    3.468631    3.152619  14276.74  14352.47    1.000
      TL          4.988118    0.034540    4.630226    5.354711    4.983928  12151.06  12788.68    1.000
      TL          3.922948    0.027808    3.609087    4.258670    3.919669  12713.54  12963.23    1.000
      TL          3.137956    0.025478    2.820482    3.443273    3.136056  11122.00  11587.25    1.000
      TL          3.267714    0.024408    2.959247    3.570245    3.265272  11677.44  12695.29    1.000
      TL          3.553643    0.026212    3.238752    3.869250    3.551723  13024.10  13524.29    1.000
      TL          5.313843    0.035846    4.940263    5.682181    5.311125  11717.05  12293.90    1.000
      TL          5.204680    0.035536    4.853881    5.586457    5.201890  11433.62  12140.12    1.000
      TL          6.331057    0.043572    5.918510    6.737840    6.327969  11367.88  11952.63    1.000
      TL          2.643272    0.023036    2.346879    2.941605    2.639087  13148.54  13243.37    1.000
      TL          5.600085    0.038427    5.217317    5.986993    5.596898  12145.34  12709.60    1.000
      TL          6.533031    0.043193    6.124393    6.935096    6.532016  13098.68  13208.94    1.000
      TL          3.545008    0.025654    3.230384    3.858665    3.543120  12321.50  12377.35    1.000
      TL          3.605579    0.025548    3.299328    3.918804    3.602744  12178.71  13233.40    1.000
      TL          4.632752    0.032290    4.277855    4.979509    4.630030  11530.37  12393.69    1.000
      TL          4.190103    0.029882    3.863085    4.538490    4.186376  12558.44  12568.20    1.000
