0.1860465
0.2777778
0.2045455
0.2272727
0.1363636
0.2
0.1025641
0.2272727
0.06896552
0.1777778
0.1315789
0.125
0.04347826
0.0625
0.1627907
0
0.1860465
0.1578947
0.1428571
0.25
0.1956522
0.125
0.03225806
0.1923077
0.1
0.2962963
0.1764706
0.1142857
0.07407407
0.2051282
0.1463415
0.1351351
0.1351351
0.1764706
0.1304348
0.1
0.1481481
0.1818182
0.2105263
0.12
0.2340426
0.03448276
0.1914894
0.1914894
0.1081081
0.1851852
0.075
0.1666667
0.1818182
0.04444444
0.1304348
0
0
0.1
0.15625
0.1142857
0.1904762
0.1818182
0.15
0.2162162
0.1111111
0.15
0.04
0.1555556
0.1395349
0.125
0.05882353
0.2727273
0.1153846
0.07692308
0.075
0.1851852
0.1
0.3043478
0.1153846
0
0.2820513
0.2
0.07317073
0.1052632
0.1315789
0.1363636
0.07692308
0.1428571
0.05263158
0.02631579
0.1666667
0.25
0.1923077
0.04166667
0.04651163
0.05714286
0.1521739
0.0625
0.15
0.1304348
0.1
0.07142857
0.2105263
0.09677419
