      alpha_symdir{1}   5.086408    2.277854    2.559439    8.147601    4.853204  12562.30  12786.42    1.000
      alpha_symdir{1}   5.500599    2.765067    2.704037    8.787678    5.250849  11685.15  12188.03    1.000
      alpha_symdir{1}   5.485330    2.487305    2.771020    8.607794    5.243919  12323.69  12884.83    1.000
      alpha_symdir{1}   4.313157    1.634417    2.211500    6.855732    4.087152  11304.13  11527.11    1.000
      alpha_symdir{1}   5.816495    2.840981    2.961134    9.209992    5.578214  11173.70  12048.80    1.000
      alpha_symdir{1}   3.899209    1.883221    1.757984    6.688326    3.647949  13191.46  13332.24    1.000
      alpha_symdir{1}   5.042000    2.183413    2.501633    7.935455    4.807579  12013.95  12452.55    1.000
      alpha_symdir{1}   3.227653    1.285016    1.518233    5.539844    2.999014  12918.54  13145.15    1.000
      alpha_symdir{1}   3.708965    1.661171    1.683670    6.335681    3.467196  11438.17  11642.46    1.000
      alpha_symdir{1}   5.340472    2.450698    2.770612    8.492298    5.087735  11544.43  12274.09    1.000
      alpha_symdir{1}   5.375870    2.561302    2.687879    8.567420    5.139920  12176.29  12759.90    1.000
      alpha_symdir{1}   4.043363    2.132190    1.656265    6.944239    3.791355  13414.67  13417.09    1.000
      alpha_symdir{1}   4.560065    2.159734    2.111698    7.483855    4.325333  12171.91  12331.39    1.000
      alpha_symdir{1}   3.508264    1.629217    1.491608    6.067134    3.263897  12478.51  12921.21    1.000
      alpha_symdir{1}   5.499776    2.507535    2.813491    8.646229    5.248808  12396.59  12827.06    1.000
      alpha_symdir{1}   4.612787    1.958592    2.248435    7.389570    4.389058  12891.67  13424.76    1.000
      alpha_symdir{1}   5.121343    2.166015    2.637101    7.997783    4.875078  12593.70  12598.66    1.000
      alpha_symdir{1}   3.951326    1.851689    1.757769    6.697214    3.700731  12448.95  13250.95    1.000
      alpha_symdir{1}   1.725241    3.455902    0.000010    5.051698    1.563063      9.27     10.30    1.000
      alpha_symdir{1}   4.198667    2.240098    1.803215    7.226116    3.941872  12923.55  13585.00    1.000
      alpha_symdir{1}   6.260468    3.033728    3.324132    9.798907    6.004333  12568.27  12821.53    1.000
      alpha_symdir{1}   4.275259    2.115181    1.965619    7.251511    4.025867  13174.30  13183.44    1.000
      alpha_symdir{1}   5.671309    2.792598    2.859473    9.054220    5.417654  13300.61  13619.43    1.000
      alpha_symdir{1}   5.368844    2.884953    2.491109    8.754976    5.107299  13838.86  14044.35    1.000
      alpha_symdir{1}   5.288519    2.462699    2.632127    8.399749    5.053265  12583.94  12871.52    1.000
      alpha_symdir{1}   4.237523    1.863127    2.071279    7.027226    3.992723  11319.51  11913.45    1.000
      alpha_symdir{1}   6.224261    3.047272    3.221720    9.708218    5.976498  13387.34  13737.76    1.000
      alpha_symdir{1}   5.294758    2.426626    2.629547    8.338581    5.045879  12655.36  13369.59    1.000
      alpha_symdir{1}   4.395879    1.878660    2.140031    7.133153    4.169408  13769.12  13782.10    1.000
      alpha_symdir{1}   4.120874    1.765800    1.963442    6.800217    3.891388  12885.32  12905.87    1.000
      alpha_symdir{1}   5.719488    2.908722    2.760339    9.045762    5.476597  12274.22  12473.12    1.000
      alpha_symdir{1}   4.823257    2.102297    2.422323    7.711067    4.581805  11175.83  11216.87    1.000
      alpha_symdir{1}   5.292408    2.778742    2.448131    8.604209    5.031713  13175.84  13222.58    1.000
      alpha_symdir{1}   4.128186    2.070674    1.842204    7.056748    3.867458  13242.47  13294.29    1.000
      alpha_symdir{1}   5.192785    2.355342    2.581774    8.276409    4.956956  13385.87  13895.15    1.000
      alpha_symdir{1}   4.189258    2.107183    1.862070    7.117657    3.929701  12899.06  13408.80    1.000
      alpha_symdir{1}   4.222607    2.098827    1.887934    7.139140    3.971801  13467.95  13612.12    1.000
      alpha_symdir{1}   3.470198    1.823036    1.345671    6.170647    3.214261  12948.28  13246.30    1.000
      alpha_symdir{1}   5.115328    2.610011    2.349626    8.311732    4.867231  13199.66  13834.93    1.000
      alpha_symdir{1}   4.694759    2.426090    2.141013    7.829571    4.448850  14341.20  14387.07    1.000
      alpha_symdir{1}   5.611226    2.721707    2.804219    8.894691    5.367715  11586.47  11782.50    1.000
      alpha_symdir{1}   5.286414    2.647971    2.600187    8.525697    5.027828  13485.66  13807.58    1.000
      alpha_symdir{1}   5.173350    2.248817    2.677895    8.215495    4.933260  11996.66  12490.47    1.000
      alpha_symdir{1}   4.941902    2.009968    2.609282    7.811899    4.722420  11948.44  12633.20    1.000
      alpha_symdir{1}   5.267047    2.418312    2.708843    8.410269    5.021487  12909.01  13361.23    1.000
      alpha_symdir{1}   3.998450    1.825828    1.784566    6.718790    3.750857  12593.46  12832.37    1.000
      alpha_symdir{1}   4.009641    1.783253    1.823658    6.672687    3.781986  12695.64  12792.99    1.000
      alpha_symdir{1}   4.139712    2.092075    1.853812    7.087643    3.878456  12335.18  12983.93    1.000
      alpha_symdir{1}   4.038591    1.809199    1.899102    6.736044    3.794916  11208.62  11325.66    1.000
      alpha_symdir{1}   5.445547    2.445347    2.808097    8.620234    5.200368  13989.22  14068.46    1.000
      alpha_symdir{1}   3.925719    1.910937    1.698214    6.673589    3.664791  12774.20  12983.68    1.000
      alpha_symdir{1}   3.868327    1.753606    1.722074    6.518115    3.628204  13238.77  13548.63    1.000
      alpha_symdir{1}   5.488429    2.957018    2.623207    8.966754    5.225222  13461.74  13910.41    1.000
      alpha_symdir{1}   3.734556    1.464901    1.745422    6.150300    3.515362  12851.02  13266.22    1.000
      alpha_symdir{1}   3.744192    1.472913    1.802630    6.166613    3.509215  11336.10  11352.21    1.000
      alpha_symdir{1}   5.180796    2.634268    2.463373    8.462057    4.916382  12227.83  12788.84    1.000
      alpha_symdir{1}   6.004326    2.820872    3.095929    9.395407    5.745495  12741.38  12857.29    1.000
      alpha_symdir{1}   3.757978    1.840393    1.577547    6.418428    3.500814  12418.43  12781.33    1.000
      alpha_symdir{1}   4.868305    2.449622    2.330060    8.073291    4.615357  13914.22  14010.68    1.000
      alpha_symdir{1}   4.078428    1.687091    1.924772    6.664707    3.853728  11820.57  11892.25    1.000
      alpha_symdir{1}   4.234038    2.171294    1.819145    7.160562    3.987843  13925.54  14336.39    1.000
      alpha_symdir{1}   5.044071    2.327677    2.474826    8.037811    4.797192  13352.84  13408.76    1.000
      alpha_symdir{1}   4.052713    1.900682    1.790553    6.795596    3.816091  13226.98  13821.97    1.000
      alpha_symdir{1}   5.334784    2.280141    2.771122    8.320380    5.101132  12538.23  12973.04    1.000
      alpha_symdir{1}   4.381369    2.052533    2.006842    7.201696    4.117900  11813.24  12020.48    1.000
      alpha_symdir{1}   4.927401    1.976126    2.602027    7.785990    4.697583  12736.61  13159.91    1.000
      alpha_symdir{1}   4.742258    2.475453    2.142751    7.862322    4.492364  13847.81  14014.08    1.000
      alpha_symdir{1}   3.244518    1.372458    1.378421    5.572656    3.019518  12175.17  12251.39    1.000
      alpha_symdir{1}   4.632155    2.003993    2.303501    7.466603    4.399249  11485.90  12603.51    1.000
      alpha_symdir{1}   4.091706    1.711743    2.015469    6.751096    3.853273  11959.68  12483.14    1.000
      alpha_symdir{1}   4.667955    2.039276    2.231115    7.460078    4.433960  12810.50  13009.25    1.000
      alpha_symdir{1}   3.442043    1.338093    1.599624    5.775820    3.222178  11195.19  11364.87    1.000
      alpha_symdir{1}   5.529413    2.539254    2.769500    8.634610    5.292348  13776.41  13780.47    1.000
      alpha_symdir{1}   4.817080    2.261478    2.316491    7.860032    4.583616  13420.97  13519.51    1.000
      alpha_symdir{1}   3.940322    1.884442    1.767943    6.730729    3.699747  12836.73  12904.72    1.000
      alpha_symdir{1}   2.473579    4.512772    0.000027    5.998022    2.648149      7.28     10.89    1.042
      alpha_symdir{1}   5.806153    2.971009    2.819645    9.197811    5.544041  11843.78  12340.26    1.000
      alpha_symdir{1}   4.528903    2.383280    2.002157    7.621296    4.277649  14038.40  14148.45    1.000
      alpha_symdir{1}   3.856737    1.487665    1.918629    6.321390    3.645180  10683.20  11226.15    1.000
      alpha_symdir{1}   3.710543    1.816430    1.591826    6.387370    3.455530  11820.85  12444.97    1.000
      alpha_symdir{1}   4.731359    2.061711    2.315448    7.568791    4.497875  11858.41  12012.88    1.000
      alpha_symdir{1}   5.729668    2.687113    2.938603    8.958089    5.481557  12905.77  13068.19    1.000
      alpha_symdir{1}   5.634485    2.723112    2.834882    8.894930    5.369164  13101.22  13165.08    1.000
      alpha_symdir{1}   5.461262    2.679688    2.708592    8.754432    5.205870  12855.11  13256.02    1.000
      alpha_symdir{1}   4.807911    2.339572    2.259924    7.894388    4.542911  13135.41  13810.10    1.000
      alpha_symdir{1}   5.213869    2.421310    2.682923    8.412680    4.966646  11346.70  11558.73    1.000
      alpha_symdir{1}   5.215695    2.617456    2.521646    8.468589    4.968822  12893.59  13298.29    1.000
      alpha_symdir{1}   4.253871    1.925453    2.031489    7.068066    4.002024  13435.89  13693.52    1.000
      alpha_symdir{1}   5.292704    2.782401    2.533499    8.618525    5.040007  12430.63  12824.33    1.000
      alpha_symdir{1}   4.385367    2.052989    2.035533    7.236869    4.134963  13014.90  13373.41    1.000
      alpha_symdir{1}   5.485384    2.673614    2.675659    8.711548    5.235534  10381.81  11251.21    1.000
      alpha_symdir{1}   5.478792    2.631389    2.760475    8.731650    5.239793  13384.13  13454.07    1.000
      alpha_symdir{1}   5.353698    2.249657    2.789665    8.338964    5.135105  12487.10  12660.27    1.000
      alpha_symdir{1}   4.758915    2.354699    2.164256    7.800071    4.506642  13454.79  14010.40    1.000
      alpha_symdir{1}   5.694927    2.642452    2.983544    8.974064    5.439678  12534.26  12773.71    1.000
      alpha_symdir{1}   4.539541    1.722972    2.396123    7.206549    4.323826  11642.56  12068.03    1.000
      alpha_symdir{1}   4.473949    2.230850    1.980939    7.428542    4.225674  13830.67  13865.15    1.000
      alpha_symdir{1}   4.103090    1.962633    1.863656    6.921080    3.851016  12451.67  12643.32    1.000
      alpha_symdir{1}   5.817806    2.735010    2.938652    9.074375    5.576816  12923.68  13164.20    1.000
      alpha_symdir{1}   4.148793    1.890884    1.945183    6.894636    3.899745  12010.77  12729.72    1.000
