      alpha_symdir{1}               3.642367    1.345398    1.740577    5.923399    3.423863   4465.75   4472.62    1.000
      alpha_symdir{1}               4.113071    1.803147    1.990937    6.896923    3.876948   4197.17   4291.23    1.000
      alpha_symdir{1}               4.970101    2.348130    2.459113    8.049357    4.710159   4606.05   4637.03    1.000
      alpha_symdir{1}               4.415613    1.882313    2.123518    7.160062    4.191189   4508.04   4847.72    1.000
      alpha_symdir{1}               5.196544    2.391902    2.623079    8.317257    4.942552   5254.09   5444.32    1.000
      alpha_symdir{1}               4.609464    2.337230    2.142659    7.705006    4.357269   4667.03   4905.07    1.000
      alpha_symdir{1}               4.479383    1.993823    2.220326    7.316524    4.236087   4871.94   4938.26    1.000
      alpha_symdir{1}               2.816275    1.222203    1.169403    5.058890    2.570048   3083.91   3444.38    1.000
      alpha_symdir{1}               2.879852    1.264758    1.173434    5.155094    2.644978   3477.13   3624.20    1.000
      alpha_symdir{1}               4.767881    2.046966    2.338573    7.620307    4.538761   4997.49   5008.72    1.000
      alpha_symdir{1}               4.455703    2.075792    2.122962    7.318560    4.209969   4672.75   4681.17    1.000
      alpha_symdir{1}               3.209881    1.767430    1.106597    5.832446    2.953522   3435.57   3482.69    1.000
      alpha_symdir{1}               3.191803    1.322085    1.442503    5.518592    2.958137    760.43   2050.63    1.000
      alpha_symdir{1}               4.068426    2.065221    1.756915    6.911097    3.821748   4297.61   4368.96    1.000
      alpha_symdir{1}               4.460839    1.958855    2.166692    7.256499    4.235563   4599.93   4695.19    1.000
      alpha_symdir{1}               5.668156    2.819575    2.837626    9.013622    5.409332   3921.36   4597.20    1.000
      alpha_symdir{1}               4.235301    1.600055    2.168750    6.769844    4.014017   4822.04   5076.02    1.000
      alpha_symdir{1}               3.939872    1.973765    1.660764    6.764735    3.688167   4152.15   4280.73    1.001
      alpha_symdir{1}               3.322105    1.987055    1.100909    6.094045    3.048382   3389.82   3489.26    1.000
      alpha_symdir{1}               3.995283    2.129736    1.666387    6.980442    3.738472   3576.86   3816.65    1.000
      alpha_symdir{1}               5.260931    2.424460    2.626409    8.353864    5.017361   4962.15   5227.76    1.000
      alpha_symdir{1}               3.954974    1.907426    1.669407    6.706366    3.718161   3892.35   4151.68    1.000
      alpha_symdir{1}               4.153036    1.683822    2.054651    6.742700    3.918053   4709.96   4757.33    1.000
      alpha_symdir{1}               4.990154    2.697051    2.230864    8.246211    4.734907   4392.86   4444.02    1.000
      alpha_symdir{1}               3.555613    1.495256    1.617512    6.000131    3.333865   4267.76   4436.64    1.000
      alpha_symdir{1}               3.369975    1.303721    1.595164    5.679075    3.153492   3052.41   3421.67    1.001
      alpha_symdir{1}               4.153430    1.740177    1.935023    6.752075    3.924576   4472.76   4699.05    1.000
      alpha_symdir{1}               5.947745    3.067732    2.894909    9.410627    5.706615   5578.80   5663.57    1.000
      alpha_symdir{1}               3.672451    1.483431    1.758884    6.145717    3.453658   4231.82   4385.17    1.000
      alpha_symdir{1}               3.955988    1.711623    1.847236    6.585377    3.722415   4745.67   4888.61    1.000
      alpha_symdir{1}               3.991050    1.930788    1.745377    6.761889    3.738289   4098.94   4141.25    1.000
      alpha_symdir{1}               4.554397    2.016825    2.275750    7.452171    4.326671   4800.42   4915.65    1.000
      alpha_symdir{1}               4.849018    2.609318    2.131995    8.074421    4.602234   4501.18   4536.31    1.000
      alpha_symdir{1}               3.319321    1.651794    1.332515    5.877878    3.064476   3544.74   3629.58    1.000
      alpha_symdir{1}               4.079384    1.616359    2.018915    6.611733    3.855983   4044.01   4593.26    1.000
      alpha_symdir{1}               3.811875    1.957913    1.584991    6.605613    3.562526   3850.99   4011.12    1.000
      alpha_symdir{1}               3.280919    1.439611    1.415992    5.670402    3.041576   4192.42   4286.30    1.000
      alpha_symdir{1}               2.055899    1.042831    0.469550    4.084476    1.840391     24.44   1710.18    1.083
      alpha_symdir{1}               4.431343    2.203671    2.017376    7.394628    4.184293   4366.07   4637.44    1.000
      alpha_symdir{1}               4.460632    2.353865    1.952486    7.572641    4.197350   4023.92   4421.04    1.000
      alpha_symdir{1}               5.496349    2.735798    2.779293    8.916750    5.237832   4458.49   4696.25    1.000
      alpha_symdir{1}               4.882170    2.582407    2.292637    8.151420    4.628547   4579.75   4728.73    1.001
      alpha_symdir{1}               3.850873    1.398157    2.005154    6.285015    3.642268   5029.14   5101.65    1.000
      alpha_symdir{1}               3.407608    1.097217    1.741686    5.496274    3.218306   4682.26   4835.42    1.000
      alpha_symdir{1}               5.052438    2.364577    2.428513    8.109144    4.815370   5030.19   5371.19    1.000
      alpha_symdir{1}               3.233428    1.431106    1.405571    5.655608    2.988862   3751.22   3890.76    1.000
      alpha_symdir{1}               3.250589    1.187947    1.521639    5.419178    3.039174   4120.39   4343.91    1.001
      alpha_symdir{1}               4.136121    2.356393    1.639318    7.199988    3.885514   3323.46   3358.53    1.000
      alpha_symdir{1}               3.897697    1.851062    1.746427    6.594278    3.657983   4373.89   4408.05    1.001
      alpha_symdir{1}               5.900120    2.997280    2.968453    9.365699    5.648545   5003.42   5132.81    1.000
      alpha_symdir{1}               4.608347    2.430922    2.025695    7.654088    4.351423   4190.89   4451.51    1.000
      alpha_symdir{1}               3.453490    1.656839    1.385819    6.003415    3.203252   3755.14   3854.08    1.002
      alpha_symdir{1}               4.327154    2.220651    1.877725    7.275589    4.076250   4023.00   4301.02    1.000
      alpha_symdir{1}               4.248173    2.012517    1.964065    7.109398    4.009919   4412.76   4588.37    1.000
      alpha_symdir{1}               4.313701    2.034913    1.968184    7.173170    4.066757   4494.31   4639.80    1.000
      alpha_symdir{1}               4.766083    2.289287    2.271540    7.766617    4.517405   4617.94   4712.83    1.000
      alpha_symdir{1}               4.857092    2.135844    2.400252    7.749887    4.610817   4981.72   5121.27    1.000
      alpha_symdir{1}               3.936934    1.858332    1.692567    6.622265    3.700807   4080.35   4401.64    1.001
      alpha_symdir{1}               3.870964    1.952211    1.648558    6.657249    3.617950   3969.42   4231.08    1.000
      alpha_symdir{1}               3.957024    1.736827    1.884919    6.631447    3.705246   4104.41   4459.66    1.000
      alpha_symdir{1}               2.644785    1.232990    0.923196    4.857683    2.410082   3161.37   3211.00    1.000
      alpha_symdir{1}               4.190921    1.919511    1.908299    6.921663    3.948297   4589.25   4810.74    1.000
      alpha_symdir{1}               3.540394    1.668334    1.494760    6.122328    3.290687   4271.28   4434.42    1.000
      alpha_symdir{1}               5.042967    2.215258    2.443358    7.912846    4.807337   5283.88   5321.33    1.000
      alpha_symdir{1}               4.469164    1.911205    2.112875    7.189140    4.243207   4583.83   4697.10    1.000
      alpha_symdir{1}               4.073820    1.585401    2.018028    6.612662    3.847504   4868.83   5002.64    1.000
      alpha_symdir{1}               3.619903    1.825199    1.430319    6.223989    3.377499   2472.77   3012.28    1.000
      alpha_symdir{1}               3.078669    1.289685    1.342894    5.402126    2.857070   3772.05   3956.39    1.000
      alpha_symdir{1}               4.847336    2.383316    2.320627    7.897206    4.595924   4640.57   4814.80    1.000
      alpha_symdir{1}               4.999911    2.602066    2.321356    8.204338    4.758149   4730.08   4824.73    1.000
      alpha_symdir{1}               3.480525    1.198051    1.743465    5.723272    3.281331   4303.38   4605.79    1.000
      alpha_symdir{1}               2.523235    0.746420    1.215046    4.214329    2.348538   3923.95   4132.30    1.000
      alpha_symdir{1}               3.982526    1.695834    1.895795    6.605580    3.744514    477.92   2652.31    1.007
      alpha_symdir{1}               4.598302    2.313340    2.070697    7.585154    4.349943   4389.04   4481.57    1.000
      alpha_symdir{1}               5.165080    2.841208    2.385041    8.485696    4.908694   4044.55   4421.72    1.000
      alpha_symdir{1}               4.359805    2.564236    1.669019    7.559631    4.094150   3864.48   4158.85    1.000
      alpha_symdir{1}               4.423375    2.093314    2.024054    7.299499    4.197756   4275.61   4624.97    1.000
      alpha_symdir{1}               4.077103    2.121780    1.691320    7.029532    3.824503   4425.63   4518.84    1.000
      alpha_symdir{1}               3.711535    1.447046    1.727877    6.082838    3.494007   4168.72   4415.14    1.000
      alpha_symdir{1}               3.086224    1.465878    1.173378    5.475364    2.855253   3333.77   3744.38    1.000
      alpha_symdir{1}               4.949542    2.571258    2.264767    8.130026    4.693307   4086.49   4151.87    1.001
      alpha_symdir{1}               5.285733    2.557734    2.629582    8.511039    5.027453   4256.42   4786.05    1.000
      alpha_symdir{1}               4.178760    1.735799    2.053101    6.832770    3.948565   4795.55   4892.12    1.000
      alpha_symdir{1}               5.552490    2.734861    2.809799    8.919194    5.313803   4322.64   4842.87    1.000
      alpha_symdir{1}               4.471216    2.277654    1.969973    7.510990    4.224978   4651.52   4749.08    1.000
      alpha_symdir{1}               4.887489    2.297809    2.405600    7.935479    4.641724   4403.98   4876.75    1.002
      alpha_symdir{1}               3.882198    1.919989    1.628536    6.637728    3.643331   3921.49   4109.52    1.000
      alpha_symdir{1}               4.052352    2.016206    1.752063    6.910327    3.813501   4238.34   4492.05    1.000
      alpha_symdir{1}               3.065582    1.267640    1.335524    5.388470    2.845676   4076.82   4153.17    1.000
      alpha_symdir{1}               3.977176    2.066108    1.674364    6.884757    3.715400   3622.97   4043.95    1.000
      alpha_symdir{1}               4.846128    2.268740    2.300608    7.840553    4.601213   4901.57   4949.08    1.000
      alpha_symdir{1}               4.864628    2.369827    2.389515    7.989623    4.619982   4257.03   4572.04    1.000
      alpha_symdir{1}               5.349527    2.384668    2.771495    8.512106    5.118088   5388.18   5405.40    1.000
      alpha_symdir{1}               4.273081    2.200120    1.894596    7.231342    4.009299   4073.93   4276.96    1.000
      alpha_symdir{1}               5.532746    2.619894    2.724350    8.744168    5.293609   5107.92   5138.56    1.000
      alpha_symdir{1}               5.090025    2.365711    2.527966    8.118419    4.841506   4902.84   4943.75    1.000
      alpha_symdir{1}               3.167197    1.329407    1.342506    5.438639    2.931035   4026.55   4234.74    1.001
      alpha_symdir{1}               3.879293    1.898332    1.706583    6.746478    3.634367   3926.27   4160.55    1.000
      alpha_symdir{1}               5.219089    2.400515    2.618975    8.313041    4.973209   5528.40   5533.65    1.000
      alpha_symdir{1}               4.271908    2.186595    1.859549    7.200652    4.023145   3841.29   4018.26    1.001
