0.3255814
0.08333333
0.06818182
0.3636364
0.2954545
0.2
0.2051282
0.3181818
0.2413793
0.2666667
0.1578947
0.1875
0.1304348
0.1875
0.372093
0.1521739
0.2325581
0.1578947
0.1428571
0.1875
0.3695652
0.3333333
0.1612903
0.1153846
0.15
0.3333333
0.2941176
0.2
0.1111111
0.2307692
0.2195122
0.2702703
0.1621622
0.2941176
0.1521739
0.05
0.1851852
0.3181818
0.1052632
0.28
0.2340426
0.2068966
0.2553191
0.3829787
0.2432432
0.2592593
0.2
0.2916667
0.1818182
0.2444444
0.173913
0.2222222
0.2105263
0.2666667
0.1875
0.2
0.07142857
0.3181818
0.3
0.2432432
0.1111111
0.275
0
0.1111111
0.255814
0.3
0.1764706
0.2727273
0.1153846
0.07692308
0.275
0.2592593
0.2
0.2173913
0.1153846
0.1666667
0.2564103
0.2
0.1463415
0.2631579
0.2105263
0.1136364
0.2051282
0.2
0.05263158
0.1842105
0.2666667
0.2
0.2692308
0.25
0.2093023
0.1142857
0.1521739
0.125
0.2
0.1956522
0.2666667
0.1785714
0.1842105
0.1612903
