0.1627907
0.1111111
0.1590909
0.1590909
0.09090909
0.05
0.05128205
0.04545455
0.137931
0.1111111
0.07894737
0.125
0.08695652
0.0625
0.1162791
0.04347826
0.1162791
0
0.2857143
0
0.08695652
0.08333333
0.1290323
0.2307692
0.05
0.1481481
0.05882353
0.1714286
0.07407407
0.1538462
0.1219512
0.1351351
0.08108108
0.05882353
0.1521739
0.05
0.07407407
0.1363636
0.1052632
0.12
0.2553191
0.03448276
0.106383
0.1702128
0.1081081
0.07407407
0.15
0.04166667
0.1818182
0.1333333
0.04347826
0.05555556
0.2105263
0.06666667
0.03125
0.02857143
0.0952381
0.1818182
0.05
0.1621622
0.1111111
0.15
0
0.1333333
0.1395349
0.15
0.05882353
0.1363636
0
0.07692308
0.05
0.1111111
0.1
0.04347826
0.03846154
0
0.07692308
0
0.07317073
0.1578947
0.1052632
0.06818182
0.07692308
0.1714286
0.05263158
0.1052632
0.1
0.15
0.07692308
0.08333333
0.1162791
0.08571429
0.04347826
0.0625
0.05
0.1304348
0.03333333
0.07142857
0.1052632
0.03225806
