      clockrate                0.720586    0.002529    0.625689    0.822280    0.719216   1242.87   1329.60    1.000
      clockrate                0.651379    0.004590    0.526528    0.787172    0.644901    128.66    198.27    1.000
      clockrate                0.711768    0.002378    0.616016    0.806662    0.710780    576.12    588.31    1.000
      clockrate                0.743717    0.007229    0.594502    0.915716    0.732029     66.58    102.08    1.020
      clockrate                0.570930    0.001919    0.485615    0.657359    0.569646    288.30    476.58    1.003
      clockrate                0.570641    0.008804    0.401510    0.758993    0.558684     61.70     76.39    1.011
      clockrate                0.743149    0.002631    0.644093    0.845182    0.741098    135.93    981.02    1.003
      clockrate                0.844886    0.026518    0.564970    1.159618    0.819395     58.07     82.15    1.001
      clockrate                0.691423    0.009809    0.511792    0.890717    0.679225     95.12     99.97    1.000
      clockrate                0.735691    0.002991    0.629559    0.843778    0.734788    845.66    859.25    1.001
      clockrate                0.673646    0.002800    0.572557    0.776297    0.670941    167.65    462.06    1.007
      clockrate                0.925646    0.044947    0.567332    1.351591    0.893178    293.49    338.53    1.001
      clockrate                0.698340    0.012837    0.487146    0.925439    0.686002     51.79     53.07    1.040
      clockrate                0.902155    0.058471    0.525175    1.394836    0.852611     44.17     88.16    1.001
      clockrate                0.660626    0.002668    0.562766    0.764457    0.659190    352.87    444.41    1.001
      clockrate                0.527736    0.001689    0.447676    0.608141    0.526595   1099.81   1100.89    1.000
      clockrate                0.551667    0.002164    0.463765    0.646167    0.549774    477.17    666.06    1.002
      clockrate                0.686194    0.021535    0.429735    0.981406    0.667684    184.78    187.28    1.000
      clockrate                1.552742    0.141644    0.915686    2.321576    1.495636    906.21    961.50    1.000
      clockrate                0.690833    0.010107    0.509123    0.886714    0.680861     85.16     88.65    1.006
      clockrate                0.624791    0.001692    0.544734    0.705544    0.624027    964.20   1136.28    1.001
      clockrate                0.742780    0.009159    0.564483    0.934564    0.736304    116.09    189.30    1.001
      clockrate                0.850003    0.011313    0.656153    1.067331    0.838349     42.64     56.54    1.014
      clockrate                0.623278    0.017269    0.395089    0.889421    0.600937     61.25    100.01    1.003
      clockrate                0.686039    0.004316    0.567733    0.823005    0.679612     27.97     45.19    1.025
      clockrate                0.759593    0.006797    0.603424    0.923642    0.756206    425.76    687.87    1.003
      clockrate                0.823863    0.014085    0.615495    1.065963    0.806318     60.69     71.73    1.026
      clockrate                0.768299    0.009354    0.601010    0.964698    0.754934     80.22    368.40    1.243
      clockrate                0.757392    0.017747    0.548359    1.027221    0.731628     24.11     24.87    1.006
      clockrate                0.653822    0.003325    0.539850    0.765273    0.653192    614.90    770.36    1.000
      clockrate                0.660550    0.009566    0.489150    0.864340    0.649533    143.58    159.20    1.006
      clockrate                0.678090    0.005797    0.541686    0.836114    0.669085     59.20     71.77    1.021
      clockrate                0.602451    0.002314    0.509933    0.698326    0.601253    392.29    395.98    1.001
      clockrate                0.702948    0.013492    0.486558    0.930858    0.691296    517.54    564.37    1.001
      clockrate                0.631328    0.001921    0.548273    0.718309    0.629858   1238.36   1257.38    1.000
      clockrate                0.810204    0.010978    0.616369    1.018579    0.802518    147.71    168.89    1.017
      clockrate                0.784952    0.010047    0.603077    0.985306    0.774974     48.48     70.74    1.004
      clockrate                0.694247    0.010404    0.518052    0.891294    0.681094     83.82     84.45    1.014
      clockrate                0.753746    0.016458    0.526636    1.011427    0.734892     71.11     93.18    1.004
      clockrate                0.717374    0.006220    0.566453    0.872468    0.712478     99.25    111.75    1.000
      clockrate                0.599936    0.002467    0.501801    0.696449    0.598236   1023.22   1087.41    1.001
      clockrate                0.686561    0.012053    0.498536    0.915929    0.669431     41.92     61.05    1.000
      clockrate                0.720584    0.014574    0.531860    0.982501    0.692833     33.67    163.93    1.354
      clockrate                0.767444    0.004154    0.641294    0.893396    0.764115    118.07    121.81    1.002
      clockrate                0.774037    0.008115    0.613332    0.961666    0.765912     90.66    182.14    1.000
      clockrate                0.856458    0.017852    0.609264    1.114520    0.840786     70.84     78.38    1.001
      clockrate                0.828417    0.009110    0.649330    1.017850    0.821000    160.67    162.22    1.000
      clockrate                0.969745    0.020150    0.707065    1.257631    0.958133    240.50    247.02    1.004
      clockrate                0.630245    0.003860    0.510228    0.750995    0.626789     46.72    547.28    1.019
      clockrate                0.613542    0.002270    0.521138    0.707473    0.612441    867.27   1044.25    1.003
      clockrate                0.692975    0.012599    0.505869    0.922741    0.674367     23.98     32.72    1.004
      clockrate                0.864136    0.016875    0.634847    1.102415    0.848172     71.93     84.63    1.022
      clockrate                0.697138    0.026995    0.434033    1.024755    0.664525    120.83    123.98    1.011
      clockrate                0.719747    0.010698    0.544621    0.936650    0.702884     27.57     32.27    1.003
      clockrate                0.598761    0.006787    0.454890    0.766574    0.585084     34.21     47.84    1.014
      clockrate                0.676183    0.008022    0.518742    0.860831    0.663953    121.16    128.66    1.002
      clockrate                0.562226    0.002005    0.477032    0.651669    0.561140   1061.76   1088.13    1.000
      clockrate                0.644080    0.005687    0.505504    0.798319    0.638785     51.54    266.09    1.012
      clockrate                0.996136    0.060073    0.564503    1.472526    0.958022    204.56    234.34    1.001
      clockrate                0.649843    0.003954    0.531836    0.776263    0.647237    566.77    649.70    1.003
      clockrate                0.877200    0.033649    0.580359    1.250501    0.843817    139.12    171.45    1.023
      clockrate                0.682047    0.002733    0.577050    0.781959    0.680877    860.70    862.97    1.000
      clockrate                0.737211    0.006829    0.589266    0.901933    0.729182    165.36    989.93    1.058
      clockrate                0.671610    0.002501    0.577304    0.773712    0.670426    469.58    496.93    1.000
      clockrate                0.562637    0.002311    0.471211    0.657934    0.559736     62.53    166.31    1.002
      clockrate                0.626807    0.002599    0.531153    0.729955    0.625102    145.04    339.01    1.003
      clockrate                0.828111    0.022377    0.572172    1.129222    0.806686    192.20    204.48    1.005
      clockrate                0.628051    0.015280    0.420406    0.881960    0.609830    126.20    162.35    1.000
      clockrate                0.639316    0.005079    0.510085    0.786006    0.634890    237.62    379.44    1.011
      clockrate                0.743832    0.024545    0.482647    1.066498    0.716497     74.82     95.02    1.001
      clockrate                0.625822    0.003163    0.515220    0.734144    0.624820    480.45    540.73    1.001
      clockrate                0.798801    0.019430    0.561846    1.079792    0.776915     37.25    114.64    1.169
      clockrate                0.768522    0.003590    0.655408    0.891480    0.767796   1117.14   1405.68    1.001
      clockrate                0.664279    0.013212    0.466073    0.887849    0.648910     59.08     62.22    1.019
      clockrate                0.748705    0.006159    0.604222    0.904042    0.743554    140.20    211.42    1.003
      clockrate                1.588691    0.212014    0.853943    2.525951    1.510581    290.89    409.48    1.002
      clockrate                0.601777    0.004089    0.479347    0.728751    0.597440     33.14     43.25    1.006
      clockrate                0.823839    0.026257    0.566591    1.145358    0.794169     38.40     49.07    1.008
      clockrate                0.758761    0.003856    0.643424    0.874136    0.752986     28.26     55.21    1.006
      clockrate                0.670819    0.017143    0.438158    0.917258    0.653266     69.83     84.59    1.000
      clockrate                0.707724    0.007196    0.554409    0.881183    0.699260    124.14    137.60    1.048
      clockrate                0.682203    0.002746    0.580576    0.785633    0.679915    255.78    258.44    1.000
      clockrate                0.668155    0.007176    0.510677    0.836080    0.659687     89.11    137.46    1.005
      clockrate                0.715368    0.004258    0.587363    0.842679    0.713172    418.36    507.02    1.004
      clockrate                0.888802    0.061197    0.502565    1.374031    0.843942     12.86     28.65    1.039
      clockrate                0.602324    0.002662    0.502625    0.704070    0.600136    205.35    474.25    1.001
      clockrate                1.068285    0.044978    0.711485    1.498050    1.029812     22.26     34.54    1.003
      clockrate                0.764475    0.025809    0.515103    1.100588    0.731734     40.19     46.71    1.008
      clockrate                0.722348    0.010005    0.543324    0.920176    0.710608    104.12    116.53    1.002
      clockrate                0.697721    0.017023    0.471675    0.952838    0.677776    101.34    135.74    1.003
      clockrate                0.637886    0.002869    0.532558    0.740628    0.635818     93.63    810.11    1.008
      clockrate                0.588703    0.004095    0.469131    0.716808    0.583654     97.83    103.81    1.036
      clockrate                0.541131    0.002264    0.448442    0.635089    0.539911    234.97    285.08    1.002
      clockrate                0.990960    0.087803    0.557650    1.596860    0.925160     24.92     60.79    1.083
      clockrate                0.655639    0.010209    0.486913    0.856474    0.642671     53.77     60.01    1.003
      clockrate                0.719139    0.008491    0.558025    0.916491    0.706769     73.14    171.44    1.390
      clockrate                0.679464    0.004295    0.553561    0.807869    0.676580    810.10    922.34    1.002
      clockrate                0.771363    0.007308    0.610763    0.940598    0.763953    285.83    414.95    1.027
      clockrate                0.694465    0.003239    0.582986    0.804553    0.692835    299.03    301.71    1.003
      clockrate                1.004298    0.031510    0.698291    1.349247    0.983865     96.46    143.74    1.004
