      age[0]                   0.884685    0.000746    0.837092    0.939441    0.881641    1.000    2
      age[0]                   1.023830    0.002037    0.954729    1.108862    1.015929    1.000    2
      age[0]                   1.003643    0.001137    0.941206    1.072472    1.000571    1.001    2
      age[0]                   1.040572    0.003576    0.924195    1.155562    1.037368    1.011    2
      age[0]                   1.060235    0.001668    0.984951    1.141892    1.056948    1.000    2
      age[0]                  1.090900    0.004023    0.971945    1.216706    1.085739    1.001    2
      age[0]                   0.986632    0.000521    0.944928    1.031675    0.984519    1.000    2
      age[0]                  0.820940    0.002762    0.723642    0.915880    0.815534    1.001    2
      age[0]                  1.061102    0.002636    0.962878    1.160534    1.056491    1.000    2
      age[0]                   0.947927    0.001157    0.885689    1.013089    0.945018    1.004    2
      age[0]                   0.982245    0.000935    0.923384    1.043851    0.981194    1.003    2
      age[0]                  0.904604    0.003460    0.831189    1.018014    0.891657    1.000    2
      age[0]                  0.984881    0.005395    0.857055    1.118584    0.975569    1.027    2
      age[0]                  0.964122    0.005379    0.836117    1.110789    0.953879    1.000    2
      age[0]                   1.009814    0.001856    0.934679    1.095484    1.006733    1.002    2
      age[0]                   1.019782    0.001559    0.946038    1.099093    1.016316    1.000    2
      age[0]                   1.095351    0.002108    1.013998    1.187008    1.090632    1.000    2
      age[0]                  1.035206    0.006893    0.889349    1.201259    1.024290    1.000    2
      age[0]                  0.798212    0.011844    0.624821    1.014110    0.780528    1.000    2
      age[0]                  1.045169    0.003175    0.951808    1.150055    1.038381    1.006    2
      age[0]                   0.976599    0.001341    0.911480    1.046688    0.972466    1.003    2
      age[0]                  1.049447    0.001782    0.979112    1.128152    1.043274    1.000    2
      age[0]                  0.894078    0.002192    0.805178    0.985002    0.890105    1.009    2
      age[0]                  1.082002    0.008302    0.903772    1.259175    1.075568    1.007    2
      age[0]                   0.941880    0.001161    0.898854    1.007507    0.934643    1.001    2
      age[0]                  0.939560    0.003080    0.836518    1.049084    0.934662    1.000    2
      age[0]                   0.990107    0.003327    0.878438    1.102784    0.987137    1.005    2
      age[0]                   0.918967    0.002028    0.834508    0.997663    0.915098    1.072    2
      age[0]                  0.901683    0.004161    0.783161    1.028582    0.896740    1.003    2
      age[0]                   0.924068    0.002515    0.834911    1.029600    0.918716    1.001    2
      age[0]                   0.970619    0.002448    0.881328    1.069528    0.965027    1.000    2
      age[0]                   0.949448    0.000792    0.914770    1.003350    0.942912    1.004    2
      age[0]                   1.066788    0.001338    1.001233    1.137734    1.063700    1.004    2
      age[0]                  1.021760    0.002253    0.970761    1.117769    1.007773    1.000    2
      age[0]                   0.977518    0.001003    0.920358    1.040709    0.973944    1.000    2
      age[0]                  1.010813    0.001468    0.941932    1.089285    1.006311    1.002    2
      age[0]                  0.992120    0.003136    0.888839    1.102760    0.988118    1.003    2
      age[0]                  0.961068    0.001706    0.894568    1.040698    0.954615    1.009    2
      age[0]                  1.043876    0.001815    0.971841    1.125066    1.037244    1.001    2
      age[0]                  1.029963    0.001683    0.957711    1.114573    1.025932    1.000    2
      age[0]                   0.941684    0.001676    0.865482    1.023497    0.937586    1.001    2
      age[0]                  1.045040    0.004913    0.911815    1.189714    1.038631    1.002    2
      age[0]                   0.881839    0.005818    0.722333    1.027542    0.884284    1.213    2
      age[0]                   0.970107    0.001101    0.908287    1.034894    0.966652    1.004    2
      age[0]                   1.001909    0.001379    0.940418    1.075403    0.995690    1.001    2
      age[0]                  1.002590    0.002020    0.925827    1.085313    0.996972    1.007    2
      age[0]                   0.944108    0.000837    0.900481    0.997485    0.939184    1.004    2
      age[0]                  0.972202    0.001969    0.915297    1.054771    0.963001    1.006    2
      age[0]                   1.063757    0.002036    0.980949    1.152952    1.058846    1.003    2
      age[0]                   0.977770    0.000773    0.943413    1.031979    0.970894    1.001    2
      age[0]                  1.039790    0.002020    0.954813    1.126769    1.035693    1.000    2
      age[0]                  0.952671    0.002458    0.862137    1.051723    0.948105    1.004    2
      age[0]                  0.933998    0.004414    0.827727    1.058159    0.924292    1.000    2
      age[0]                  0.925362    0.004798    0.790594    1.060695    0.922932    1.000    2
      age[0]                  0.997247    0.001848    0.920044    1.082883    0.992759    1.003    2
      age[0]                  1.048398    0.001693    0.972337    1.125975    1.044765    1.000    2
      age[0]                   1.060842    0.001644    0.984232    1.139064    1.057367    1.000    2
      age[0]                  1.016934    0.004733    0.894106    1.157121    1.009587    1.006    2
      age[0]                  0.946731    0.003028    0.866005    1.051209    0.935389    1.006    2
      age[0]                   0.980268    0.001149    0.927812    1.043919    0.975146    1.000    2
      age[0]                  1.026124    0.002668    0.956546    1.123491    1.015909    1.010    2
      age[0]                   0.931916    0.001276    0.867821    1.002788    0.927598    1.007    2
      age[0]                  0.984260    0.000881    0.931673    1.045634    0.981276    1.002    2
      age[0]                   1.013498    0.001896    0.935790    1.101558    1.008567    1.000    2
      age[0]                   1.013255    0.001901    0.932425    1.098149    1.008954    1.000    2
      age[0]                   1.048461    0.002209    0.964050    1.143631    1.043946    1.000    2
      age[0]                  0.842153    0.003467    0.733315    0.957644    0.836616    1.000    2
      age[0]                  1.064744    0.004243    0.950194    1.193789    1.056842    1.000    2
      age[0]                  1.040998    0.004154    0.921315    1.167485    1.035007    1.000    2
      age[0]                  1.091991    0.005466    0.957331    1.241808    1.084769    1.000    2
      age[0]                   1.052488    0.002001    0.971847    1.144838    1.049720    1.005    2
      age[0]                  1.006013    0.002448    0.914351    1.102904    1.001579    1.021    2
      age[0]                   0.945987    0.000899    0.891347    1.005848    0.942959    1.001    2
      age[0]                  1.041418    0.006506    0.902017    1.210352    1.032023    1.003    2
      age[0]                  1.037550    0.001721    0.964283    1.121543    1.033236    1.000    2
      age[0]                  0.862127    0.005451    0.792186    1.007571    0.840532    1.004    2
      age[0]                   1.074742    0.003612    0.964045    1.193676    1.068739    1.010    2
      age[0]                  1.011541    0.003211    0.909015    1.124770    1.004772    1.000    2
      age[0]                   0.999832    0.001178    0.936855    1.069717    0.997428    1.001    2
      age[0]                  1.132480    0.006504    0.976578    1.289428    1.126061    1.000    2
      age[0]                   0.892619    0.003580    0.781903    1.011919    0.887402    1.056    2
      age[0]                   0.951989    0.001952    0.864506    1.033075    0.950806    1.000    2
      age[0]                   0.985313    0.001892    0.925986    1.068643    0.977143    1.000    2
      age[0]                  0.896617    0.004509    0.775319    1.031080    0.889785    1.005    2
      age[0]                  0.975454    0.005537    0.839783    1.122238    0.967909    1.015    2
      age[0]                   1.049838    0.002676    0.955863    1.154632    1.044044    1.000    2
      age[0]                  0.687138    0.003670    0.575419    0.807472    0.683775    1.003    2
      age[0]                  1.052705    0.005573    0.905159    1.184280    1.049493    1.002    2
      age[0]                  1.033600    0.003446    0.923863    1.148940    1.030745    1.004    2
      age[0]                  0.967798    0.004210    0.846978    1.095435    0.962231    1.002    2
      age[0]                   1.045303    0.002010    0.962691    1.129509    1.041212    1.001    2
      age[0]                  1.024991    0.002392    0.936575    1.124200    1.019522    1.007    2
      age[0]                   1.044847    0.002879    0.950395    1.157986    1.039293    1.000    2
      age[0]                  0.995263    0.006509    0.858302    1.152934    0.984988    1.048    2
      age[0]                   1.050158    0.003967    0.935674    1.175543    1.046346    1.003    2
      age[0]                   1.039706    0.002072    0.955195    1.125285    1.035017    1.108    2
      age[0]                  1.005015    0.000902    0.949987    1.066241    1.001976    1.000    2
      age[0]                  1.021850    0.001308    0.962872    1.091310    1.016055    1.004    2
      age[0]                   0.937062    0.002881    0.839365    1.043226    0.932881    1.002    2
      age[0]                  0.841350    0.002323    0.778678    0.933662    0.833705    1.017    2
