      clockrate{all}                0.773660    0.003381    0.664412    0.890591    0.769939     58.10     60.08    1.013
      clockrate{all}                0.728379    0.004811    0.594692    0.863903    0.723245    257.74    294.62    1.008
      clockrate{all}                0.798625    0.002442    0.702302    0.896895    0.797002    298.61    365.56    1.003
      clockrate{all}                0.752216    0.002324    0.662496    0.851161    0.750348    140.68    152.20    1.000
      clockrate{all}                0.745278    0.002443    0.651779    0.844829    0.743469    287.79    368.88    1.011
      clockrate{all}                0.778874    0.009388    0.609681    0.980440    0.768853    145.28    167.00    1.003
      clockrate{all}                0.744302    0.002127    0.655967    0.836966    0.743066    458.90    910.97    1.006
      clockrate{all}                1.053797    0.051419    0.686426    1.510567    1.009295     93.98    124.80    1.006
      clockrate{all}                0.787795    0.007220    0.628452    0.954088    0.779965    121.75    188.94    1.013
      clockrate{all}                0.808645    0.003260    0.695331    0.917397    0.805990     71.56     79.22    1.012
      clockrate{all}                0.746345    0.003030    0.642429    0.854981    0.743105     50.15     65.37    1.000
      clockrate{all}                0.824698    0.025420    0.539028    1.141194    0.806225    103.18    117.73    1.002
      clockrate{all}                0.829877    0.016501    0.600820    1.085747    0.814134     98.52    127.43    1.001
      clockrate{all}                0.995111    0.038761    0.661154    1.393829    0.963835     77.01    156.55    1.007
      clockrate{all}                0.761343    0.002070    0.671961    0.849241    0.760051    263.07    371.95    1.001
      clockrate{all}                0.762613    0.002006    0.677136    0.851031    0.761249    354.68    669.74    1.007
      clockrate{all}                0.804309    0.002638    0.705526    0.907445    0.802729    598.09    851.65    1.000
      clockrate{all}                0.964298    0.048634    0.610469    1.418505    0.925547    178.16    193.18    1.009
      clockrate{all}                1.084685    0.075399    0.638873    1.641814    1.037576    443.18    649.38    1.001
      clockrate{all}                0.819626    0.007552    0.659214    0.994203    0.811527     76.63     76.75    1.001
      clockrate{all}                0.780882    0.002367    0.689340    0.878533    0.779022    126.27   1017.06    1.026
      clockrate{all}                0.756441    0.004849    0.623290    0.892227    0.753024    526.87    897.73    1.008
      clockrate{all}                0.783984    0.008183    0.615632    0.959741    0.776408    182.01    206.04    1.000
      clockrate{all}                0.807300    0.009682    0.628548    1.002830    0.798628    133.34    179.50    1.002
      clockrate{all}                0.777715    0.002568    0.681178    0.879330    0.775597     74.50    629.99    1.007
      clockrate{all}                0.829728    0.006297    0.679353    0.986393    0.824529    196.87    225.55    1.002
      clockrate{all}                0.871100    0.012296    0.675625    1.096815    0.857136    109.23    121.61    1.000
      clockrate{all}                0.790230    0.003525    0.677444    0.908402    0.787191    168.31    269.59    1.008
      clockrate{all}                0.700828    0.007165    0.546380    0.869761    0.690979    141.52    163.44    1.001
      clockrate{all}                0.878454    0.003786    0.760153    1.000097    0.876337    140.81    175.90    1.005
      clockrate{all}                0.877050    0.005757    0.725068    1.022495    0.873512    205.60    218.87    1.013
      clockrate{all}                0.954499    0.010826    0.763746    1.166142    0.948259     18.50     70.17    1.035
      clockrate{all}                0.712719    0.002013    0.625643    0.801629    0.711766    571.42    614.57    1.001
      clockrate{all}                0.782051    0.013261    0.568711    0.995920    0.768973    517.79    568.11    1.000
      clockrate{all}                0.798494    0.002304    0.703221    0.889785    0.797002    383.45    484.76    1.001
      clockrate{all}                0.782150    0.007805    0.620032    0.956264    0.773538     45.89     73.57    1.006
      clockrate{all}                0.822910    0.007887    0.663534    1.006697    0.813602    134.25    186.02    1.009
      clockrate{all}                0.792282    0.008000    0.619758    0.965071    0.785169    145.23    175.14    1.008
      clockrate{all}                0.691382    0.007326    0.529715    0.857862    0.684689    863.16   1035.92    1.000
      clockrate{all}                0.747895    0.007842    0.586601    0.918160    0.738699     83.98    176.35    1.017
      clockrate{all}                0.705291    0.002252    0.615870    0.800677    0.703831    452.09    768.72    1.003
      clockrate{all}                0.943705    0.021930    0.696775    1.245070    0.918301    126.51    127.14    1.002
      clockrate{all}                0.782249    0.004995    0.650809    0.925065    0.775861     19.23     40.91    1.041
      clockrate{all}                0.802634    0.003547    0.689962    0.921845    0.799838     78.61    119.54    1.002
      clockrate{all}                0.803855    0.003587    0.690234    0.920898    0.800088    234.46    290.76    1.000
      clockrate{all}                0.793687    0.005801    0.651949    0.947476    0.786049    128.95    169.95    1.001
      clockrate{all}                0.861680    0.004446    0.735867    0.996705    0.859011    269.16    328.50    1.000
      clockrate{all}                0.833637    0.018405    0.590111    1.099773    0.817388    126.91    148.50    1.007
      clockrate{all}                0.891282    0.011324    0.702278    1.110731    0.880374    181.82    209.23    1.004
      clockrate{all}                0.766097    0.002602    0.666107    0.865197    0.764472    189.51    490.73    1.014
      clockrate{all}                0.965277    0.027651    0.685044    1.303731    0.937656     59.05     77.15    1.011
      clockrate{all}                0.772694    0.011843    0.577409    0.989207    0.759242    101.60    182.82    1.001
      clockrate{all}                1.238888    0.100721    0.712165    1.892109    1.190135     88.75    129.65    1.009
      clockrate{all}                0.823959    0.007229    0.665849    0.994298    0.815634     38.93     66.44    1.000
      clockrate{all}                0.880005    0.011850    0.682364    1.094780    0.866235     47.69     77.78    1.002
      clockrate{all}                0.797905    0.005694    0.657717    0.947808    0.790506     71.72    147.42    1.005
      clockrate{all}                0.755301    0.003437    0.648498    0.874864    0.749979     62.68    143.91    1.016
      clockrate{all}                0.855366    0.010925    0.664049    1.061852    0.842344    151.31    162.50    1.001
      clockrate{all}                0.810599    0.011832    0.610330    1.022498    0.799306    179.42    206.52    1.003
      clockrate{all}                0.765283    0.004412    0.643386    0.899165    0.760440    171.43    178.55    1.005
      clockrate{all}                0.993935    0.027902    0.684046    1.317669    0.977862    115.98    224.77    1.000
      clockrate{all}                0.781706    0.005771    0.646576    0.936222    0.772037     25.14     30.96    1.032
      clockrate{all}                0.755508    0.004404    0.627830    0.887336    0.750636     86.92    122.37    1.000
      clockrate{all}                0.690603    0.003612    0.581872    0.810895    0.684979     61.48     91.15    1.000
      clockrate{all}                0.794179    0.005300    0.665074    0.947723    0.787018     33.63     74.95    1.000
      clockrate{all}                0.738549    0.004369    0.615303    0.874713    0.733137     94.46    119.72    1.003
      clockrate{all}                1.011048    0.042491    0.671409    1.414121    0.976060     70.22     99.71    1.005
      clockrate{all}                0.918207    0.021455    0.666398    1.217241    0.900453     97.33    183.36    1.004
      clockrate{all}                0.748535    0.006699    0.593125    0.906443    0.741345     90.61     92.33    1.000
      clockrate{all}                0.839849    0.013863    0.625253    1.073819    0.824991     77.79     82.33    1.000
      clockrate{all}                0.838931    0.003434    0.730108    0.954727    0.834718     64.04    314.12    1.018
      clockrate{all}                0.764283    0.008946    0.599230    0.956596    0.752967     22.37     69.49    1.002
      clockrate{all}                0.822403    0.003344    0.709024    0.933601    0.820841     69.45    490.68    1.010
      clockrate{all}                0.778367    0.011487    0.590998    0.993752    0.765195    100.62    143.94    1.003
      clockrate{all}                0.796367    0.005695    0.654346    0.945973    0.789836    208.79    214.83    1.001
      clockrate{all}                0.899625    0.034263    0.574878    1.261514    0.875974    611.75    853.13    1.001
      clockrate{all}                0.775562    0.006627    0.626468    0.934043    0.767546     20.12     84.69    1.011
      clockrate{all}                1.015991    0.037142    0.687715    1.402205    0.986307     93.54    170.08    1.000
      clockrate{all}                0.788113    0.002928    0.683628    0.894288    0.785643     64.46    431.45    1.004
      clockrate{all}                0.852339    0.026738    0.576314    1.160135    0.829189     95.52    148.74    1.000
      clockrate{all}                0.974255    0.016793    0.751429    1.235739    0.957034     20.79     26.70    1.022
      clockrate{all}                0.723265    0.002196    0.633994    0.816089    0.720140    130.50    424.11    1.026
      clockrate{all}                0.689765    0.005521    0.550630    0.838710    0.684039    339.60    385.44    1.005
      clockrate{all}                0.892385    0.006600    0.740836    1.050915    0.887239     53.23     74.66    1.004
      clockrate{all}                0.891124    0.011831    0.698993    1.114049    0.878760     53.03     80.61    1.000
      clockrate{all}                0.800070    0.003288    0.692020    0.916013    0.796729     55.18     94.95    1.002
      clockrate{all}                1.191456    0.050649    0.810190    1.636986    1.163174     27.32     55.85    1.047
      clockrate{all}                0.775649    0.011601    0.585223    0.996532    0.765007    157.34    204.01    1.001
      clockrate{all}                0.766393    0.010712    0.587711    0.975448    0.752501     39.98     83.61    1.000
      clockrate{all}                0.817949    0.010606    0.637030    1.026856    0.805312    155.22    204.33    1.002
      clockrate{all}                0.748156    0.004136    0.630390    0.877647    0.742539     57.95    129.92    1.003
      clockrate{all}                0.734978    0.005129    0.603595    0.878548    0.727242     52.52     90.08    1.017
      clockrate{all}                0.787307    0.007026    0.636077    0.955601    0.777848     50.13     53.01    1.001
      clockrate{all}                1.081467    0.045325    0.724357    1.503912    1.050988     87.75     90.04    1.004
      clockrate{all}                0.751725    0.003179    0.645406    0.865066    0.748278    236.21    304.64    1.004
      clockrate{all}                0.728623    0.002741    0.631036    0.834745    0.724788    173.30    579.29    1.107
      clockrate{all}                0.821359    0.005215    0.681259    0.963550    0.817722    146.39    196.14    1.006
      clockrate{all}                0.937895    0.013967    0.721095    1.165397    0.922830     99.04    103.94    1.000
      clockrate{all}                0.674874    0.002686    0.573288    0.775796    0.673442    258.09    362.38    1.001
      clockrate{all}                0.961464    0.017805    0.730457    1.232324    0.948341     39.68     57.09    1.007
