0.2093023
0.1666667
0.09090909
0.1818182
0.1818182
0.15
0.05128205
0.1818182
0.2758621
0.1333333
0.1052632
0.125
0.173913
0.125
0.255814
0.06521739
0.2325581
0.05263158
0
0.0625
0.173913
0.125
0.03225806
0.07692308
0.05
0.2222222
0.2941176
0.2
0.1851852
0.1794872
0.1707317
0.2432432
0.08108108
0.1176471
0.1521739
0.1
0.03703704
0.2272727
0.1052632
0.12
0.1702128
0.1034483
0.2340426
0.2340426
0.1891892
0.1111111
0.225
0.25
0.09090909
0.06666667
0.04347826
0.1111111
0.1578947
0.1666667
0.09375
0.1142857
0.1190476
0.1363636
0.05
0.05405405
0.05555556
0.2
0.08
0.1333333
0.255814
0.15
0.05882353
0.1818182
0.1153846
0.2307692
0.275
0.07407407
0.2
0.1304348
0.1923077
0.1666667
0.1794872
0.1333333
0.09756098
0.1578947
0.1842105
0.06818182
0.2051282
0.1714286
0.1052632
0.07894737
0.2333333
0.15
0.1923077
0.125
0.1395349
0.1428571
0.08695652
0.0625
0.15
0.173913
0.1333333
0.1071429
0.1052632
0.09677419
