      clockrate                0.685350    0.002397    0.591860    0.782427    0.682944    265.89    274.62    1.001
      clockrate                0.631414    0.003597    0.517112    0.749633    0.627016    183.94    255.54    1.000
      clockrate                0.673170    0.003006    0.572226    0.783243    0.668608    108.47    181.51    1.005
      clockrate                0.642590    0.002975    0.535657    0.748866    0.638846    101.33    152.44    1.000
      clockrate                0.607448    0.002588    0.511655    0.707909    0.602408     57.45    131.89    1.000
      clockrate                0.635465    0.008747    0.471222    0.824724    0.622961    197.14    203.90    1.000
      clockrate                0.690524    0.001633    0.614391    0.771090    0.689056    343.74   1306.54    1.027
      clockrate                0.785955    0.021695    0.537780    1.082075    0.760130     48.63     81.16    1.007
      clockrate                0.634699    0.008173    0.473095    0.807885    0.622189     90.28    138.01    1.000
      clockrate                0.863953    0.010479    0.670280    1.062803    0.859557     49.60     55.87    1.000
      clockrate                0.666131    0.003870    0.557376    0.794486    0.658311     41.36     77.36    1.030
      clockrate                0.773674    0.017743    0.522809    1.038755    0.760425    537.52    588.67    1.004
      clockrate                0.617180    0.007358    0.458940    0.789643    0.611038    124.13    173.35    1.001
      clockrate                0.740517    0.030344    0.470380    1.091807    0.705284     58.02     78.42    1.001
      clockrate                0.655306    0.004325    0.539160    0.790229    0.647509     48.39     54.36    1.000
      clockrate                0.555192    0.001393    0.485741    0.631565    0.553900    463.47    524.10    1.000
      clockrate                0.573365    0.001824    0.490658    0.656858    0.571175    105.33    151.67    1.003
      clockrate                0.508964    0.006487    0.365219    0.672247    0.500971    235.09    279.14    1.001
      clockrate                0.886459    0.101614    0.371652    1.500991    0.838828    118.50    257.68    1.002
      clockrate                0.659123    0.008758    0.491067    0.845930    0.646679     47.69     51.14    1.008
      clockrate                0.617526    0.001769    0.537655    0.702517    0.615495    111.68    226.61    1.001
      clockrate                0.612670    0.003899    0.495942    0.738943    0.608216    604.70    673.38    1.000
      clockrate                0.697068    0.011074    0.511488    0.911363    0.683516     63.46     91.35    1.001
      clockrate                0.525097    0.005845    0.386349    0.673931    0.515980    101.04    168.89    1.003
      clockrate                0.658842    0.002397    0.564130    0.756178    0.656466     71.52    103.15    1.017
      clockrate                0.601829    0.004586    0.481847    0.739776    0.595907    263.46    293.60    1.001
      clockrate                0.764275    0.012299    0.575488    0.988396    0.750981    113.57    133.40    1.003
      clockrate                0.724785    0.005716    0.590407    0.879444    0.716885     38.27     53.27    1.002
      clockrate                0.648660    0.007647    0.492474    0.821455    0.639230     94.24    169.63    1.000
      clockrate                0.623343    0.003032    0.519914    0.732420    0.619184     70.07    139.65    1.001
      clockrate                0.691938    0.009031    0.523891    0.886639    0.682946    165.62    176.78    1.004
      clockrate                0.637587    0.002574    0.543862    0.743894    0.634725    105.54    256.13    1.000
      clockrate                0.569247    0.002035    0.486227    0.661443    0.565465     38.97     64.79    1.000
      clockrate                0.712594    0.008277    0.547163    0.886000    0.704124    537.05    686.29    1.000
      clockrate                0.656980    0.002603    0.560804    0.757225    0.653821    182.54    211.44    1.004
      clockrate                0.686892    0.007868    0.525324    0.861223    0.678779     77.19    193.70    1.006
      clockrate                0.762225    0.011968    0.577532    0.991071    0.744644     56.77     81.76    1.000
      clockrate                0.690335    0.006458    0.542513    0.853102    0.682341    207.78    341.22    1.000
      clockrate                0.743668    0.009562    0.576232    0.934080    0.732706    243.53    250.01    1.002
      clockrate                0.684847    0.003711    0.561261    0.800846    0.681424    335.74    388.27    1.003
      clockrate                0.546908    0.001552    0.470369    0.624399    0.545304    230.84    781.16    1.019
      clockrate                0.695594    0.013062    0.492730    0.927463    0.680833    113.64    156.19    1.000
      clockrate                0.773304    0.006623    0.615784    0.927383    0.766620    111.09    124.81    1.000
      clockrate                0.724615    0.002976    0.622101    0.833897    0.721725     93.96    112.99    1.000
      clockrate                0.686194    0.004361    0.565870    0.823133    0.680141    196.83    261.27    1.001
      clockrate                0.771149    0.008267    0.609530    0.957140    0.760437     30.45     82.74    1.000
      clockrate                0.780237    0.008725    0.599004    0.957536    0.774109     65.24    109.74    1.000
      clockrate                0.807129    0.010802    0.622097    1.022569    0.796764     56.38    134.36    1.000
      clockrate                0.634409    0.003037    0.531928    0.744037    0.630456     70.51    110.32    1.028
      clockrate                0.550824    0.001982    0.464658    0.638248    0.548287     51.97     99.31    1.004
      clockrate                0.658051    0.007833    0.504755    0.833709    0.646817     44.19     97.17    1.019
      clockrate                0.646820    0.004707    0.520726    0.788772    0.642749    340.65    501.87    1.001
      clockrate                0.654738    0.014033    0.445973    0.891804    0.636930    169.28    304.04    1.000
      clockrate                0.683346    0.006380    0.540078    0.842547    0.672401     37.99     64.62    1.011
      clockrate                0.608355    0.005817    0.468761    0.760076    0.599328    131.48    150.28    1.002
      clockrate                0.679561    0.007018    0.527480    0.847578    0.671666    105.59    173.45    1.019
      clockrate                0.549643    0.001575    0.475734    0.630466    0.547316    116.66    233.75    1.001
      clockrate                0.608816    0.005060    0.478783    0.753169    0.603226     91.99    136.33    1.000
      clockrate                0.666941    0.017197    0.439933    0.924962    0.647794    145.23    181.73    1.002
      clockrate                0.643246    0.003486    0.533625    0.761127    0.639081     47.31    114.28    1.007
      clockrate                0.696642    0.015232    0.481216    0.949428    0.678299    234.22    242.54    1.005
      clockrate                0.653471    0.001749    0.573755    0.737216    0.652082    118.33    457.48    1.006
      clockrate                0.656014    0.003104    0.549403    0.765258    0.653280    336.17    616.89    1.003
      clockrate                0.678259    0.002649    0.580014    0.780054    0.674967     37.84     59.14    1.013
      clockrate                0.558221    0.002096    0.471719    0.648492    0.554818     63.06    113.89    1.011
      clockrate                0.580089    0.001964    0.496955    0.670144    0.577517    157.97    261.28    1.002
      clockrate                0.686597    0.008545    0.511800    0.871781    0.678570    464.65    466.17    1.006
      clockrate                0.552287    0.004618    0.421335    0.678890    0.546511    275.96    366.04    1.006
      clockrate                0.593635    0.005207    0.463755    0.739390    0.584875     70.82    103.33    1.003
      clockrate                0.627849    0.009828    0.451031    0.824584    0.614954     74.73     93.24    1.002
      clockrate                0.656551    0.002193    0.562984    0.745731    0.654979    532.71    541.65    1.003
      clockrate                0.633301    0.005411    0.500995    0.778882    0.624359    131.11    172.56    1.005
      clockrate                0.691378    0.005105    0.558951    0.834126    0.683277     50.77     54.92    1.005
      clockrate                0.640710    0.005174    0.509531    0.787892    0.634293    337.36    386.05    1.011
      clockrate                0.664624    0.004020    0.540945    0.789272    0.660472    165.31    234.28    1.003
      clockrate                0.955894    0.054608    0.540910    1.407427    0.932745    306.87    493.32    1.000
      clockrate                0.510508    0.002652    0.414490    0.612603    0.506333     51.85     56.91    1.000
      clockrate                0.633182    0.006885    0.483188    0.794389    0.624098    363.37    421.97    1.002
      clockrate                0.731599    0.004564    0.613073    0.869437    0.722720     38.92     66.49    1.001
      clockrate                0.555463    0.007451    0.404669    0.716485    0.545321    243.32    277.01    1.003
      clockrate                0.635315    0.005384    0.504669    0.786299    0.627511     97.68    112.94    1.015
      clockrate                0.654931    0.001655    0.576762    0.735209    0.653268    362.92    389.04    1.002
      clockrate                0.612064    0.004728    0.491552    0.750714    0.604290     86.16    111.03    1.026
      clockrate                0.735029    0.003896    0.615064    0.858573    0.732299    220.26    264.38    1.010
      clockrate                0.715224    0.014607    0.507205    0.961368    0.699971    344.26    358.63    1.000
      clockrate                0.615536    0.002295    0.525247    0.711951    0.613280    281.60    414.44    1.001
      clockrate                0.778523    0.009167    0.595457    0.964069    0.769450     51.43     89.68    1.012
      clockrate                0.665534    0.012041    0.480790    0.884694    0.646692     43.63     68.71    1.007
      clockrate                0.614619    0.003618    0.498075    0.733645    0.611081    373.84    762.17    1.000
      clockrate                0.604929    0.006328    0.463862    0.770621    0.595720    116.17    165.66    1.003
      clockrate                0.601653    0.003225    0.495908    0.718351    0.596228     74.24     83.89    1.000
      clockrate                0.518536    0.002049    0.430936    0.607207    0.515498     71.78    282.10    1.001
      clockrate                0.570883    0.003344    0.467028    0.691213    0.565136    104.55    110.24    1.014
      clockrate                0.933918    0.068881    0.496168    1.447375    0.894480     90.61    140.22    1.000
      clockrate                0.572963    0.004873    0.445471    0.708819    0.566149     27.88     33.27    1.031
      clockrate                0.690649    0.002967    0.588936    0.800864    0.687098    106.27    118.01    1.001
      clockrate                0.632207    0.003258    0.522661    0.744890    0.629400    388.86    413.19    1.000
      clockrate                0.733326    0.005363    0.594572    0.877151    0.728664    287.37    361.32    1.000
      clockrate                0.619117    0.002664    0.516383    0.718032    0.616256     57.31    110.18    1.011
      clockrate                0.763592    0.008369    0.596178    0.946993    0.754591     52.16    119.60    1.009
