0.1860465
0.3611111
0.1818182
0.1590909
0.25
0.1
0.1025641
0.2272727
0.2758621
0.2666667
0.1052632
0.125
0.173913
0.125
0.255814
0.1086957
0.1395349
0.05263158
0
0.125
0.2391304
0.2916667
0.2903226
0.2307692
0.125
0.2592593
0.1764706
0.2285714
0.1481481
0.1538462
0.2345679
0.2972973
0.1891892
0.2352941
0.1521739
0.25
0.1111111
0.2272727
0.2631579
0.36
0.2340426
0.1724138
0.2978723
0.2325581
0.2432432
0.2222222
0.2
0.1666667
0.2424242
0.1333333
0.08695652
0.1111111
0.1052632
0.2333333
0.1875
0.08571429
0.1190476
0.4090909
0.1351351
0.1621622
0.1666667
0.15
0.16
0.1333333
0.2093023
0.1898734
0
0.3181818
0.1153846
0.3461538
0.2
0.1372549
0.15
0.2608696
0.07692308
0
0.2820513
0.2
0.195122
0.1578947
0.1842105
0.1818182
0.2051282
0.1428571
0.1428571
0.1315789
0.3666667
0.3
0.2692308
0.125
0.2325581
0.1428571
0.326087
0.125
0.275
0.2608696
0.2
0.1785714
0.2105263
0.1612903
