RFdist
0.08433735
0.1176471
0.1058824
0.1325301
0.1707317
0.1578947
0.12
0.1363636
0.2
0.1294118
0.08108108
0.1612903
0.1627907
0.125
0.2051282
0.1363636
0.1851852
0.08108108
0.3333333
0.06666667
0.1395349
0.0212766
0.1
0.2244898
0.05128205
0.1666667
0.09375
0.1076923
0.07692308
0.1578947
0.1842105
0.1515152
0.07246377
0.2413793
0.0989011
0
0.1153846
0.0952381
0.08571429
0.1428571
0.1764706
0.1272727
0.1566265
0.2
0.02702703
0.1666667
0.1578947
0.0212766
0.1724138
0.1363636
0.06976744
0.05882353
0.1428571
0.1034483
0.01587302
0.08823529
0.1604938
0.1904762
0.1052632
0.1142857
0.05882353
0.1506849
0.08
0.1494253
0.2345679
0.1168831
0.0625
0.2195122
0
0.1836735
0.1621622
0.09433962
0.09090909
0.09090909
0.05882353
0.09090909
0.2
0.1111111
0.1025641
0.1052632
0.1884058
0.06976744
0.1428571
0.1612903
0.02702703
0.08571429
0.1636364
0.1794872
0.125
0.08333333
0.04878049
0.2058824
0.06666667
0.1724138
0.12
0.2359551
0.05084746
0.1538462
0.1428571
0.2280702
