      TL          6.105697    0.047865    5.678857    6.534752    6.101435   6169.73   6860.98    1.000
      TL          5.862903    0.046885    5.442422    6.291939    5.861422  10037.15  10662.22    1.000
      TL          6.318957    0.049489    5.893857    6.764977    6.316027   9580.51   9620.55    1.000
      TL          5.894703    0.045661    5.477026    6.311267    5.890833  10403.51  10643.43    1.000
      TL          6.466279    0.050407    6.025668    6.902593    6.462652  10179.32  10782.94    1.000
      TL          3.872089    0.036616    3.506814    4.253656    3.866662  11060.75  11118.36    1.000
      TL          5.984762    0.046969    5.562882    6.410762    5.981336  10744.66  11114.82    1.000
      TL          3.709713    0.037817    3.336043    4.093910    3.704799   8285.17   8779.50    1.000
      TL          4.974415    0.041688    4.577072    5.374242    4.970497   9468.87  10521.01    1.000
      TL          6.961009    0.055785    6.508206    7.431536    6.957146   9345.25   9894.95    1.000
      TL          5.733722    0.046682    5.302417    6.149233    5.730571   9486.59   9904.07    1.000
      TL          2.324244    0.025914    2.007040    2.636600    2.320896  10374.35  10433.80    1.000
      TL          4.006710    0.038745    3.632356    4.399236    4.001875   9856.71  10035.29    1.000
      TL          2.690322    0.031329    2.357005    3.052352    2.685107  10483.68  10667.90    1.000
      TL          7.530979    0.064046    7.052491    8.045901    7.527240   8820.49   8929.29    1.000
      TL          6.656339    0.051380    6.227361    7.114231    6.653542   9970.16  10331.11    1.000
      TL          6.324398    0.050810    5.895652    6.778111    6.321231  10113.12  10150.64    1.000
      TL          3.648268    0.036698    3.289557    4.034592    3.642912  10801.70  10956.32    1.000
      TL          1.928765    0.051065    1.504316    2.369187    1.909719   8666.78   8815.47    1.000
      TL          2.844353    0.028198    2.529410    3.187452    2.840123  13226.42  13445.54    1.000
      TL          6.696536    0.051500    6.251705    7.142835    6.692126   9383.74  10025.35    1.000
      TL          3.949744    0.037809    3.563101    4.321428    3.945223  10736.25  10760.74    1.000
      TL          5.322423    0.048731    4.889258    5.752632    5.317093   9516.49  10076.22    1.000
      TL          3.916638    0.034872    3.557861    4.288685    3.912825  11373.54  11462.61    1.000
      TL          5.824173    0.048011    5.382561    6.244975    5.819666   7958.01   8279.41    1.000
      TL          5.249987    0.053947    4.799503    5.706627    5.243252   6923.62   7266.85    1.000
      TL          6.049991    0.050564    5.606764    6.484199    6.046481  11613.36  11656.75    1.000
      TL          5.211970    0.044308    4.798043    5.617416    5.208514   9613.77   9619.19    1.000
      TL          4.726859    0.041602    4.321225    5.117544    4.724484  10828.39  11098.61    1.000
      TL          4.754374    0.035416    4.385441    5.120896    4.750666  11602.50  11976.36    1.000
      TL          5.790964    0.050049    5.353634    6.226556    5.787307   7387.86   7690.68    1.000
      TL          5.805691    0.047003    5.382513    6.232431    5.801871  10828.51  11039.00    1.000
      TL          4.883705    0.038009    4.492563    5.260614    4.880966  10804.72  11670.66    1.000
      TL          2.933612    0.032162    2.587424    3.286621    2.929794  10316.05  10334.75    1.000
      TL          5.889379    0.043750    5.483356    6.294643    5.887986  11645.14  11891.84    1.000
      TL          2.967563    0.029737    2.628007    3.302472    2.964007   9528.20  10014.36    1.000
      TL          3.458882    0.028609    3.131359    3.794925    3.454706  10864.23  10898.18    1.000
      TL          2.441696    0.022450    2.155229    2.737211    2.437592   9571.55  10780.21    1.000
      TL          3.725532    0.038136    3.356258    4.117543    3.720434   9668.83   9843.42    1.000
      TL          3.804011    0.031193    3.457329    4.146129    3.800819  12916.30  13022.26    1.000
      TL          6.476327    0.050766    6.036503    6.922274    6.473090   8211.60   8514.15    1.000
      TL          4.490780    0.040441    4.104072    4.892282    4.487830   9665.42   9800.26    1.000
      TL          6.272589    0.049711    5.855055    6.728281    6.267960   7955.98   8158.96    1.000
      TL          6.419330    0.048205    5.994686    6.851204    6.413355  10187.54  10631.67    1.000
      TL          5.693396    0.045970    5.286210    6.125109    5.690189  10317.26  11023.59    1.000
      TL          3.909773    0.032280    3.572374    4.276773    3.906001  12171.38  12308.43    1.000
      TL          5.030479    0.037562    4.655642    5.413264    5.026612  11944.48  12062.34    1.000
      TL          3.466574    0.032942    3.110379    3.823816    3.462157   9138.48   9872.64    1.000
      TL          5.252873    0.043827    4.851311    5.668553    5.249784   9230.24   9380.67    1.000
      TL          5.301016    0.040879    4.902129    5.693185    5.296875   9096.04   9468.23    1.000
      TL          3.377243    0.033062    3.021900    3.735341    3.372589   9305.44   9822.15    1.000
      TL          3.713391    0.038534    3.329948    4.095741    3.708581   9299.06  10300.95    1.000
      TL          2.904811    0.028651    2.588925    3.253172    2.900930  10767.13  10867.75    1.000
      TL          4.710479    0.040119    4.311992    5.102215    4.706803  10146.91  10216.04    1.000
      TL          5.006709    0.041622    4.604960    5.403089    5.003013  10331.59  11499.82    1.000
      TL          4.758710    0.037780    4.381854    5.144625    4.755849  11619.12  11814.18    1.000
      TL          6.912617    0.057430    6.455698    7.390327    6.908429   7280.86   8291.68    1.000
      TL          3.844336    0.035434    3.476685    4.210771    3.842229  11233.90  11414.55    1.000
      TL          3.904497    0.037107    3.525466    4.278469    3.899845  11249.56  11713.99    1.000
      TL          4.824092    0.039633    4.443666    5.222829    4.820117  10600.73  10731.42    1.000
      TL          2.649565    0.033239    2.300140    3.009538    2.642158   6978.40   7237.45    1.000
      TL          5.424099    0.041715    5.035670    5.835200    5.421096  10952.43  11110.37    1.000
      TL          3.748316    0.032031    3.412635    4.112127    3.745099  10545.53  11000.32    1.000
      TL          6.886525    0.055048    6.430823    7.339425    6.883439   9919.21  10066.92    1.000
      TL          6.330999    0.049655    5.896398    6.770646    6.327872   9541.26  10262.95    1.000
      TL          6.313548    0.051358    5.862882    6.753979    6.311278  10253.42  10707.56    1.000
      TL          3.106889    0.035145    2.750630    3.481633    3.100440   8460.98   8548.42    1.000
      TL          3.936263    0.043081    3.547098    4.363327    3.931930   8456.17   8770.08    1.000
      TL          4.565015    0.040440    4.187100    4.979877    4.561143  11895.24  12023.48    1.000
      TL          5.000938    0.045821    4.585582    5.420946    4.994913  11379.01  11426.63    1.000
      TL          5.359904    0.040441    4.968665    5.753497    5.358640  11405.41  11549.17    1.000
      TL          5.235024    0.046059    4.818301    5.656343    5.230932  10550.25  10993.93    1.000
      TL          6.281270    0.049721    5.840931    6.713065    6.278666  10360.11  10758.53    1.000
      TL          4.169441    0.040853    3.782663    4.570884    4.165108   9983.23  10489.64    1.000
      TL          3.806099    0.034032    3.448258    4.172217    3.802132  11643.66  11710.26    1.000
      TL          2.111009    0.044970    1.706861    2.528001    2.097097  11982.50  12276.40    1.000
      TL          6.050923    0.048186    5.615451    6.477502    6.047308  10744.57  11093.37    1.000
      TL          2.763688    0.029150    2.425240    3.096639    2.759094  11604.69  11895.67    1.000
      TL          5.992722    0.047983    5.578532    6.432158    5.988570  10129.61  10266.66    1.000
      TL          3.691758    0.034460    3.332838    4.058561    3.687940  12211.21  12700.41    1.000
      TL          6.041495    0.057701    5.581057    6.523693    6.035376   5008.67   5432.74    1.000
      TL          6.914481    0.054471    6.457825    7.368859    6.911419   9038.19   9788.95    1.000
      TL          5.782674    0.046858    5.348732    6.199829    5.778532   9547.45   9630.65    1.000
      TL          5.401244    0.050703    4.971612    5.853480    5.395904   7694.29   7962.36    1.000
      TL          3.941945    0.040839    3.548788    4.340914    3.937056  10804.08  11600.43    1.000
      TL          5.799740    0.048352    5.384905    6.242918    5.795443   8839.82   9487.30    1.000
      TL          4.281185    0.037036    3.902888    4.657531    4.280644   8475.54   8846.80    1.000
      TL          3.672951    0.037342    3.305500    4.064381    3.668365   9159.27   9344.35    1.000
      TL          3.763019    0.032719    3.404996    4.114629    3.758337  11038.71  11351.93    1.000
      TL          4.446694    0.037994    4.082220    4.842544    4.442838  11943.67  11986.19    1.000
      TL          6.400596    0.052648    5.940477    6.845042    6.397081   8244.49   8690.96    1.000
      TL          6.033366    0.051686    5.600780    6.491306    6.027806  10560.86  10848.67    1.000
      TL          7.233653    0.060278    6.764607    7.721667    7.229317   9856.12   9910.86    1.000
      TL          3.332532    0.040700    2.932877    3.723142    3.325977   8465.30   8629.11    1.000
      TL          6.789942    0.057725    6.322788    7.262327    6.786836   9136.72   9606.84    1.000
      TL          7.349612    0.059258    6.879774    7.830659    7.346278   8185.80   8562.21    1.000
      TL          3.400725    0.028158    3.077315    3.732201    3.397081  11200.75  11207.96    1.000
      TL          4.251889    0.036906    3.877002    4.631249    4.249274   9208.71   9971.96    1.000
      TL          6.175691    0.054435    5.727310    6.640703    6.171768   7086.22   7111.31    1.000
      TL          5.065167    0.049127    4.635750    5.496485    5.059322   7005.94   7010.22    1.000
