      age[0]                   0.974041    0.004632    0.862489    1.118528    0.962269    1.000    2
      age[0]                   1.021314    0.001334    0.955906    1.089651    1.016750    1.001    2
      age[0]                   1.001142    0.001314    0.934338    1.075086    0.998741    1.002    2
      age[0]                   1.022163    0.002526    0.940173    1.112298    1.015961    1.000    2
      age[0]                   0.984390    0.000760    0.932752    1.038973    0.981869    1.000    2
      age[0]                  0.962269    0.002161    0.887477    1.049592    0.954695    1.001    2
      age[0]                   0.991078    0.000735    0.947972    1.037258    0.987390    1.010    2
      age[0]                  0.751124    0.000852    0.723508    0.804224    0.742602    1.001    2
      age[0]                  0.972668    0.000879    0.920002    1.032678    0.968916    1.002    2
      age[0]                   0.949209    0.001435    0.887227    1.023828    0.943869    1.001    2
      age[0]                   0.930222    0.001069    0.871739    0.995533    0.926331    1.002    2
      age[0]                  0.877659    0.002507    0.831186    0.977543    0.862828    1.001    2
      age[0]                  0.892094    0.001106    0.857037    0.958983    0.882469    1.000    2
      age[0]                  0.910504    0.004674    0.796928    1.040505    0.900524    1.002    2
      age[0]                   1.000538    0.001430    0.930767    1.075948    0.997782    1.007    2
      age[0]                   0.937805    0.000649    0.892786    0.986924    0.935004    1.002    2
      age[0]                   0.995872    0.001240    0.961074    1.054790    0.987203    1.017    2
      age[0]                  0.936892    0.001833    0.861831    1.024621    0.931737    1.000    2
      age[0]                  0.770990    0.012390    0.602136    0.984407    0.749490    1.004    2
      age[0]                  1.018150    0.002527    0.951802    1.110170    1.007721    1.002    2
      age[0]                   1.006580    0.002086    0.927063    1.100804    1.001204    1.008    2
      age[0]                  1.037811    0.001812    0.979085    1.119063    1.029257    1.001    2
      age[0]                  0.911851    0.005502    0.784910    1.062769    0.902134    1.001    2
      age[0]                  1.000899    0.003178    0.900770    1.122204    0.995439    1.019    2
      age[0]                   0.958493    0.001567    0.898851    1.032323    0.951936    1.005    2
      age[0]                  0.952089    0.005325    0.822383    1.093522    0.941841    1.001    2
      age[0]                   0.904625    0.001770    0.827101    0.988746    0.900399    1.000    2
      age[0]                  0.986269    0.004439    0.861486    1.131258    0.980728    1.007    2
      age[0]                  0.911591    0.004392    0.791683    1.053533    0.904416    1.002    2
      age[0]                   1.091031    0.008622    0.927066    1.278552    1.083882    1.007    2
      age[0]                   1.082635    0.005577    0.954010    1.238867    1.071820    1.006    2
      age[0]                   0.948286    0.000684    0.914776    0.996147    0.942766    1.000    2
      age[0]                   1.031396    0.001083    0.969286    1.093059    1.028202    1.006    2
      age[0]                  1.032021    0.003183    0.970761    1.140611    1.016892    1.001    2
      age[0]                   0.983296    0.001019    0.924140    1.048412    0.980180    1.000    2
      age[0]                  1.018384    0.002562    0.931385    1.122979    1.011573    1.008    2
      age[0]                  0.968977    0.004326    0.850366    1.114634    0.964225    1.011    2
      age[0]                  0.912294    0.000684    0.875636    0.954576    0.907335    1.002    2
      age[0]                  0.993115    0.000806    0.965594    1.041527    0.985885    1.001    2
      age[0]                  1.021389    0.001311    0.957539    1.094113    1.018078    1.003    2
      age[0]                   0.988020    0.003275    0.889633    1.103375    0.980983    1.008    2
      age[0]                  0.985986    0.002576    0.895770    1.090623    0.980437    1.024    2
      age[0]                   0.935802    0.004483    0.810227    1.056268    0.928565    1.000    2
      age[0]                   0.917063    0.001220    0.860724    0.978988    0.912192    1.001    2
      age[0]                   1.010815    0.002338    0.940541    1.106623    0.997362    1.008    2
      age[0]                  1.023084    0.002474    0.927516    1.113862    1.018417    1.003    2
      age[0]                   0.951815    0.001034    0.900808    1.010765    0.946666    1.000    2
      age[0]                  0.974749    0.002360    0.915297    1.066113    0.964299    1.000    2
      age[0]                   1.045662    0.001900    0.967577    1.133508    1.039691    1.001    2
      age[0]                   0.980606    0.000703    0.943407    1.032122    0.975106    1.009    2
      age[0]                  0.935723    0.000554    0.906742    0.980210    0.930090    1.000    2
      age[0]                  0.902273    0.003203    0.806755    1.013664    0.893656    1.001    2
      age[0]                  0.885827    0.001914    0.827725    0.970058    0.876854    1.004    2
      age[0]                  0.942590    0.003391    0.834279    1.062217    0.937216    1.003    2
      age[0]                  0.948287    0.001247    0.885328    1.014718    0.944534    1.007    2
      age[0]                   1.001211    0.001020    0.966026    1.061352    0.993089    1.003    2
      age[0]                   1.057785    0.004919    0.951288    1.197954    1.044557    1.011    2
      age[0]                  0.966259    0.004026    0.855767    1.082669    0.956916    1.001    2
      age[0]                  0.930134    0.001933    0.866000    1.011109    0.924281    1.032    2
      age[0]                   0.976750    0.001188    0.928280    1.043133    0.968522    1.001    2
      age[0]                  0.990387    0.001413    0.956538    1.060865    0.979153    1.000    2
      age[0]                   1.105498    0.008195    0.940984    1.282072    1.092981    1.001    2
      age[0]                  1.075418    0.002216    0.991791    1.170660    1.069591    1.006    2
      age[0]                   1.018244    0.002798    0.924972    1.122757    1.011564    1.001    2
      age[0]                   0.951146    0.001020    0.898429    1.008987    0.946216    1.003    2
      age[0]                   0.976440    0.002883    0.868994    1.088848    0.975218    1.074    2
      age[0]                  0.814360    0.010532    0.675819    1.014171    0.791704    1.004    2
      age[0]                  0.954477    0.001221    0.896482    1.022502    0.949514    1.000    2
      age[0]                  0.920532    0.004767    0.806903    1.062320    0.909794    1.086    2
      age[0]                  0.974327    0.002090    0.890775    1.061622    0.969415    1.032    2
      age[0]                   0.972307    0.001036    0.911599    1.038987    0.970211    1.003    2
      age[0]                  1.022199    0.002235    0.937236    1.119036    1.016613    1.004    2
      age[0]                   0.992422    0.001797    0.919337    1.077124    0.987312    1.000    2
      age[0]                  1.008679    0.006666    0.859853    1.162895    0.998860    1.000    2
      age[0]                  0.994334    0.001350    0.930216    1.071199    0.989981    1.003    2
      age[0]                  0.923733    0.024151    0.792186    1.210744    0.877901    1.001    2
      age[0]                   1.000809    0.002243    0.915881    1.091689    0.994577    1.004    2
      age[0]                  0.996285    0.002653    0.905023    1.095066    0.989554    1.020    2
      age[0]                   1.011925    0.001214    0.950308    1.082616    1.008401    1.007    2
      age[0]                  0.983272    0.003457    0.880042    1.103190    0.977553    1.029    2
      age[0]                   0.977083    0.007139    0.826343    1.145410    0.965683    1.000    2
      age[0]                   1.039120    0.004639    0.912142    1.177552    1.032323    1.006    2
      age[0]                   1.035384    0.003935    0.926857    1.149195    1.027249    1.008    2
      age[0]                  0.927189    0.007999    0.764481    1.122547    0.916504    1.053    2
      age[0]                  0.986188    0.004545    0.864432    1.133769    0.981418    1.003    2
      age[0]                   0.995235    0.002157    0.912855    1.087973    0.989223    1.004    2
      age[0]                  0.840412    0.010177    0.642501    1.040762    0.831562    1.022    2
      age[0]                  1.009060    0.003335    0.905349    1.115267    1.003320    1.000    2
      age[0]                  0.950134    0.001525    0.881374    1.029930    0.946272    1.001    2
      age[0]                  1.015046    0.010370    0.813736    1.213227    1.009531    1.021    2
      age[0]                   0.969524    0.000821    0.934834    1.024912    0.962821    1.003    2
      age[0]                   0.985425    0.003300    0.902823    1.089529    0.974382    1.010    2
      age[0]                   0.924160    0.000520    0.902414    0.965621    0.917382    1.001    2
      age[0]                  0.871411    0.001678    0.828457    0.950168    0.859863    1.000    2
      age[0]                   0.949855    0.001206    0.885473    1.018272    0.946735    1.005    2
      age[0]                   1.003457    0.001642    0.941530    1.080789    0.995864    1.002    2
      age[0]                  0.991169    0.001019    0.936069    1.057883    0.986027    1.002    2
      age[0]                  0.993743    0.000846    0.962751    1.051103    0.985530    1.000    2
      age[0]                   0.927597    0.002933    0.830114    1.033233    0.923285    1.000    2
      age[0]                  0.948393    0.008479    0.780199    1.116343    0.940214    1.014    2
