      alpha_symdir             7.326445    3.212732    4.240583   10.887420    7.072045     48.87     49.80    1.012
      alpha_symdir             7.932544    3.125959    4.832920   11.400050    7.715094     55.90     68.25    1.000
      alpha_symdir             7.183310    2.215694    4.520423   10.065430    7.025164     82.04     91.84    1.000
      alpha_symdir             7.149711    2.597703    4.444291   10.398320    6.916275     43.74     44.32    1.026
      alpha_symdir             7.999788    2.958909    4.973136   11.569270    7.749632     46.46     56.26    1.016
      alpha_symdir             4.981702    1.778560    2.756124    7.593957    4.766196     20.88     32.69    1.011
      alpha_symdir             5.935625    1.617120    3.734937    8.551883    5.748113     52.51     58.45    1.002
      alpha_symdir             4.148985    1.232905    2.378860    6.386112    3.920985     48.46     49.72    1.013
      alpha_symdir             4.464855    1.233572    2.591376    6.778108    4.293830     28.33     29.06    1.007
      alpha_symdir             7.609004    2.691231    4.791112   10.898760    7.384423     49.17     59.65    1.002
      alpha_symdir             8.063683    3.276147    4.888104   11.728590    7.852481     41.94     42.62    1.016
      alpha_symdir             3.752578    1.071556    1.973461    5.772467    3.604545     42.35     46.34    1.031
      alpha_symdir             5.982013    2.145443    3.458804    9.003280    5.746653     50.20     52.18    1.013
      alpha_symdir             3.268197    0.818143    1.832853    4.990525    3.116008     39.38     44.76    1.001
      alpha_symdir             7.266547    2.223011    4.621258   10.322620    7.078067     59.57     72.46    1.000
      alpha_symdir             7.071854    2.592452    4.197116   10.179320    6.896964     37.90     53.23    1.002
      alpha_symdir             6.663482    1.941677    4.152878    9.440691    6.499290     72.37     72.40    1.003
      alpha_symdir             4.702683    1.544305    2.509334    7.161049    4.511937     42.79     43.49    1.012
      alpha_symdir             0.170205    0.004211    0.108868    0.313753    0.139875     10.14     73.00    1.131
      alpha_symdir             2.747474    0.595764    1.564157    4.484008    2.583366     22.56     30.57    1.003
      alpha_symdir             6.330874    2.123336    3.912014    9.342609    6.106539     43.47     51.90    1.010
      alpha_symdir             5.020670    1.699526    2.800109    7.366549    4.826938     35.59     56.15    1.045
      alpha_symdir             6.577717    2.092111    4.042351    9.507856    6.396931     33.66     45.49    1.005
      alpha_symdir             5.805565    1.885857    3.550723    8.654612    5.635746     26.10     31.69    1.033
      alpha_symdir             5.784776    1.496181    3.717364    8.358632    5.614345     37.70     64.19    1.000
      alpha_symdir             5.312220    1.405067    3.349056    7.844183    5.142639     35.79     47.63    1.015
      alpha_symdir             6.686480    2.724819    4.027642   10.044670    6.420254     51.52     67.51    1.023
      alpha_symdir             7.024970    2.862603    4.223425   10.217930    6.744811     43.79     55.70    1.001
      alpha_symdir             5.893096    1.879061    3.613872    8.719880    5.676351     58.65     62.98    1.001
      alpha_symdir             5.793430    1.504602    3.494896    8.154046    5.678793     57.39     63.23    1.000
      alpha_symdir             7.580021    2.538049    4.822063   10.806370    7.429072     80.23     92.27    1.036
      alpha_symdir             6.335713    1.905068    3.892202    9.038020    6.187327     53.22     53.50    1.020
      alpha_symdir             6.935538    2.290009    4.142067    9.744564    6.777005     48.16     53.99    1.005
      alpha_symdir             3.759461    0.967400    2.096521    5.701086    3.623773     27.13     33.51    1.002
      alpha_symdir             7.443542    2.999620    4.569084   11.110080    7.146105     51.09     52.19    1.008
      alpha_symdir             3.920298    1.115497    2.202132    6.060965    3.723852     39.86     41.30    1.010
      alpha_symdir             4.964137    1.675878    2.781678    7.573809    4.771816     33.10     39.44    1.006
      alpha_symdir             3.571247    1.141229    1.904145    5.662886    3.384192     24.04     36.49    1.005
      alpha_symdir             3.700520    1.040241    1.980001    5.654402    3.544850     26.21     35.20    1.001
      alpha_symdir             4.319339    0.954298    2.495483    6.205366    4.201562     47.63     73.83    1.008
      alpha_symdir             7.949764    2.769721    5.060299   11.240270    7.737061     78.06     83.23    1.009
      alpha_symdir             6.367574    2.568248    3.649462    9.469321    6.156552     51.41     53.01    1.001
      alpha_symdir             6.894999    2.165329    4.296442    9.826596    6.683711     74.51     80.46    1.007
      alpha_symdir             7.884616    2.516970    5.050795   11.001640    7.721943     60.54     73.31    1.006
      alpha_symdir             7.970023    3.355019    4.814828   11.648560    7.763271     48.27     62.22    1.000
      alpha_symdir             3.756600    0.774188    2.264317    5.472915    3.622033     39.92     50.27    1.006
      alpha_symdir             5.397129    1.648768    3.118579    8.072468    5.218996     64.42     71.09    1.006
      alpha_symdir             4.723457    1.444312    2.688744    7.212637    4.560646     40.44     48.01    1.029
      alpha_symdir             5.477118    1.567695    3.206796    7.802670    5.330226     37.02     59.05    1.001
      alpha_symdir             6.410631    1.965650    4.024276    9.369739    6.214562     39.13     47.39    1.004
      alpha_symdir             5.354982    1.647012    3.136681    7.928216    5.195241     39.48     40.08    1.003
      alpha_symdir             4.915637    1.797813    2.744502    7.599329    4.679672     28.00     36.67    1.003
      alpha_symdir             4.652835    1.439505    2.489911    6.922752    4.499983     36.40     38.46    1.032
      alpha_symdir             4.968343    1.101112    3.221206    7.113779    4.827308     75.69     78.94    1.008
      alpha_symdir             5.402754    1.659328    3.188816    7.945661    5.220281     33.57     41.47    1.002
      alpha_symdir             4.272880    0.740174    2.751071    6.013115    4.160616     69.38     70.29    1.017
      alpha_symdir             8.914518    3.443930    5.635448   12.686650    8.710969     57.73     62.82    1.002
      alpha_symdir             4.444824    1.231519    2.531981    6.663026    4.339955     49.20     54.02    1.001
      alpha_symdir             4.526204    1.360064    2.606882    6.887736    4.335020     37.60     59.89    1.002
      alpha_symdir             5.029163    1.113103    3.122133    7.157795    4.896572     48.55     70.32    1.038
      alpha_symdir             2.712791    0.551448    1.334200    4.152559    2.637774     15.76     34.66    1.011
      alpha_symdir             5.865307    1.665710    3.578743    8.400195    5.717246     53.90     70.58    1.038
      alpha_symdir             5.566136    1.959433    3.199922    8.353520    5.337374     28.31     45.94    1.041
      alpha_symdir             8.634195    3.530448    5.258309   12.421130    8.409264     63.19     77.53    1.021
      alpha_symdir             6.536244    2.015712    4.083941    9.345340    6.384601     49.73     68.38    1.006
      alpha_symdir             6.493615    1.918088    4.120524    9.315863    6.287271     61.81     66.57    1.030
      alpha_symdir             4.792018    1.767245    2.464385    7.361851    4.575992     49.93     53.71    1.009
      alpha_symdir             3.986342    1.355860    2.121198    6.315921    3.749867     10.51     20.56    1.006
      alpha_symdir             5.856266    1.832252    3.405861    8.466166    5.698669     37.26     51.36    1.001
      alpha_symdir             5.640122    1.683272    3.324832    8.340300    5.468327     47.94     58.28    1.044
      alpha_symdir             7.260509    2.771617    4.397060   10.676660    7.046308     38.17     47.81    1.002
      alpha_symdir             5.963634    1.535014    3.813984    8.420632    5.815654     54.69     55.44    1.014
      alpha_symdir             5.836912    1.384353    3.753594    8.254706    5.694418     42.95     67.99    1.006
      alpha_symdir             5.215126    1.517929    3.065576    7.729754    5.095798     40.02     49.06    1.016
      alpha_symdir             4.731744    1.252331    2.758491    6.911307    4.590911     42.87     58.68    1.004
      alpha_symdir             0.127256    0.000082    0.110224    0.145108    0.126589    703.96   1276.42    1.000
      alpha_symdir             6.847935    2.072717    4.378527    9.785331    6.643271     44.04     58.24    1.007
      alpha_symdir             3.741869    0.797099    2.179017    5.463218    3.632777     33.95     44.91    1.004
      alpha_symdir             6.001619    1.896031    3.726252    8.865755    5.753859     46.82     48.47    1.000
      alpha_symdir             4.448384    1.346623    2.353947    6.703847    4.309853     49.00     55.45    1.071
      alpha_symdir             8.408207    3.182001    5.263392   12.137450    8.175443     89.09    101.28    1.013
      alpha_symdir             8.687890    3.206147    5.362291   12.166410    8.516738     57.03     71.14    1.002
      alpha_symdir             6.055738    1.603728    3.788767    8.485059    5.905935     53.15     62.66    1.002
      alpha_symdir             6.428767    2.044914    4.003904    9.400746    6.227713     43.76     61.56    1.004
      alpha_symdir             4.785621    1.344156    2.668968    7.015874    4.644493     29.45     53.06    1.001
      alpha_symdir             6.351578    2.082208    3.668229    9.139447    6.219072     25.45     41.81    1.006
      alpha_symdir             5.120811    1.794679    2.917189    7.796850    4.854288     24.38     36.28    1.008
      alpha_symdir             3.356085    0.617987    2.091688    4.972342    3.216747     52.92     55.35    1.013
      alpha_symdir             5.157908    1.661898    2.799180    7.798195    4.984956     45.80     46.61    1.001
      alpha_symdir             4.899704    1.301458    2.850636    7.075120    4.776064     58.04     60.75    1.007
      alpha_symdir             6.983596    2.427042    4.297262   10.027960    6.721340     46.18     68.57    1.010
      alpha_symdir             5.552439    1.707246    3.346534    8.357881    5.364425     39.83     46.47    1.010
      alpha_symdir             7.455718    2.338790    4.803260   10.746870    7.262168     42.92     65.63    1.025
      alpha_symdir             3.564396    0.765548    2.102016    5.307713    3.443185     28.93     33.71    1.004
      alpha_symdir             6.369548    1.645179    4.035962    8.963583    6.211437     66.20     73.59    1.019
      alpha_symdir             6.664959    1.869742    4.307381    9.422837    6.461642     80.50     93.35    1.000
      alpha_symdir             6.232348    1.925238    3.799693    9.149146    6.073481     31.46     49.11    1.003
      alpha_symdir             4.352023    1.088877    2.478113    6.416081    4.238001     36.48     50.52    1.001
      alpha_symdir             7.423022    2.277722    4.755256   10.484930    7.277223     41.74     72.21    1.003
      alpha_symdir             6.076647    1.987822    3.586818    8.894349    5.928753     30.20     40.19    1.011
