0.09302326
0.1666667
0.1136364
0.1818182
0.1363636
0.1
0.07692308
0.09090909
0.1724138
0.1111111
0.07894737
0.0625
0.173913
0.0625
0.1860465
0.04347826
0.1162791
0
0.1428571
0.0625
0.1304348
0.125
0.09677419
0.1923077
0.05
0.1481481
0.1176471
0.2
0.07407407
0.1025641
0.195122
0.1351351
0.05405405
0.1176471
0.06521739
0.15
0.03703704
0.04545455
0.1578947
0.24
0.1489362
0.03448276
0.106383
0.1914894
0.1081081
0.1481481
0.05
0
0.1212121
0.04444444
0.08695652
0.05555556
0.1052632
0.06666667
0.03125
0.08571429
0.1190476
0.1363636
0.05
0.1891892
0.05555556
0.1
0.04
0.04444444
0.09302326
0.075
0.05882353
0.3181818
0.07692308
0.07692308
0.05
0.03703704
0.05
0.08695652
0.03846154
0.1666667
0.1282051
0
0.07317073
0
0.1315789
0.09090909
0.07692308
0.1142857
0
0.1052632
0.1666667
0.2
0.1923077
0.04166667
0.04651163
0.08571429
0.04347826
0.125
0.1
0.08695652
0
0.1071429
0.1052632
0.06451613
