reso  sja  d_qt  d_ci  d_rf
0.3953488 0.9197041 0.2726445 0.5021933 0.58049
0.25 0.9901396 0.3821534 0.7078574 0.7488819
0.4090909 0.8946997 0.2555126 0.6426051 0.7691054
0.25 0.8456651 0.3032714 0.7326076 0.8512163
0.2272727 0.9893211 0.3949289 0.7345069 0.7822623
0.2 1 0.3075663 0.7296634 0.7615107
0.5384615 0.9363904 0.3210265 0.4041248 0.4845467
0.4545455 1 0.1017391 0.392617 0.4020339
0.5517241 0.9562321 0.2028782 0.460132 0.5726774
0.3777778 0.9686744 0.2571025 0.5547754 0.6585298
0.4210526 0.9758555 0.2952651 0.5292791 0.6119721
0.75 0.9024733 0.130547 0.2151649 0.3181706
0.6521739 0.872378 0.2458863 0.4409047 0.5674986
0.625 0.9630577 0.07959236 0.3127434 0.3172671
0.2790698 0.9460741 0.4290836 0.7309447 0.8139646
0.4130435 0.9912458 0.2902382 0.5789968 0.6613552
0.4651163 0.9877403 0.1486871 0.5210895 0.5740601
0.5789474 0.9592101 0.1121668 0.3154686 0.3736182
0.4285714 1 0.2047619 0.4052481 0.4096011
0.5625 0.9679026 0.2818627 0.4138939 0.5506874
0.4347826 0.8674924 0.2966664 0.5568379 0.7103945
0.2916667 0.973025 0.430057 0.7141897 0.8214887
0.4193548 0.9466095 0.2575794 0.5765433 0.6691155
0.5769231 0.8606828 0.2193171 0.4431704 0.603207
0.475 0.988008 0.3549105 0.5227894 0.6134474
0.3703704 0.9122623 0.2278964 0.523142 0.638229
0.2058824 0.9257886 0.242683 0.6837095 0.854092
0.2571429 0.9049908 0.3447741 0.6833276 0.793038
0.4074074 0.9971624 0.3273855 0.554222 0.6193622
0.4615385 0.897464 0.2469803 0.5426324 0.6271214
0.3414634 0.9920957 0.2651914 0.6386475 0.6898234
0.2162162 0.8416541 0.3312179 0.7389848 0.8257593
0.5675676 0.9745103 0.1392548 0.4294436 0.5422708
0.5294118 0.9150725 0.2044376 0.466944 0.561927
0.5217391 0.9723979 0.1488654 0.3945293 0.4164745
0.75 0.9746988 0.05505364 0.1346849 0.1887037
0.4814815 0.934125 0.1905127 0.5765108 0.7308323
0.4545455 0.9527164 0.1291304 0.4382532 0.5385808
0.4210526 0.9968333 0.0924812 0.447935 0.4459268
0.52 0.9737157 0.1910379 0.3581879 0.444356
0.3617021 0.9749616 0.2262093 0.5910764 0.6698129
0.6206897 0.9262167 0.1286012 0.3993708 0.5604733
0.2765957 0.9988654 0.2422579 0.6494155 0.682895
0.2978723 0.982059 0.2446092 0.6334213 0.7252176
0.2162162 1 0.4457873 0.7683167 0.8199337
0.4074074 0.8591205 0.3125707 0.5992781 0.7903925
0.575 0.9770759 0.08583583 0.3653382 0.4112509
0.5 0.9849057 0.2949858 0.4337799 0.5482462
0.4242424 0.9613463 0.09394788 0.4019708 0.523531
0.5333333 0.968114 0.1902816 0.4773067 0.5643481
0.3913043 0.9906047 0.1472241 0.5056101 0.5219018
0.4444444 1 0.3216374 0.467066 0.5203135
0.6315789 0.8992531 0.2004101 0.3921476 0.6029748
0.3333333 0.8695394 0.2874878 0.6084893 0.6814558
0.375 0.9264514 0.3748663 0.6185497 0.8022014
0.4571429 0.9621452 0.1682246 0.5228072 0.5927385
0.4047619 0.9980065 0.2317326 0.4644127 0.4795397
0.5 0.979392 0.1285375 0.3854657 0.4408506
0.55 1 0.1392434 0.2864566 0.2845232
0.4594595 0.9427393 0.2405187 0.5599634 0.6410787
0.7777778 0.9931676 0.06583124 0.2232333 0.2582836
0.5 0.985947 0.1323758 0.450532 0.5681955
0.4 0.975048 0.3549451 0.58417 0.6476702
0.3777778 0.9229691 0.3681314 0.649876 0.8228197
0.4186047 0.9691563 0.2114165 0.5312633 0.7177366
0.35 0.840067 0.3946925 0.6602157 0.7308984
0.5294118 1 0.1219814 0.3393631 0.3571951
0.6363636 0.8917288 0.1716601 0.299898 0.3767191
0.2307692 1 0.3880258 0.7122371 0.7491573
0.6923077 0.8920478 0.1853185 0.3680458 0.5241738
0.5 0.850408 0.2602342 0.5333374 0.6895975
0.2222222 1 0.4359606 0.721337 0.7646714
0.45 0.9921696 0.3064622 0.5376916 0.6384612
0.173913 0.9173411 0.337893 0.7494512 0.869775
0.3076923 0.9549791 0.3715001 0.6582842 0.7197854
0.3333333 1 0.297619 0.5213134 0.5438935
0.1282051 0.9899743 0.4829715 0.8694908 0.9228966
0.4666667 0.8978873 0.3522876 0.5894546 0.71263
0.3414634 0.9273885 0.4268109 0.6927646 0.7991849
0.3157895 0.9603848 0.2775803 0.6088995 0.6606035
0.3947368 0.8842331 0.3461588 0.6043661 0.7278823
0.1818182 0.8728501 0.4359488 0.8224063 0.9118642
0.2820513 0.9228402 0.1833289 0.6055103 0.6754363
0.3142857 0.9899201 0.2399106 0.6288496 0.6903374
0.5263158 0.8706199 0.3120301 0.4822286 0.5651882
0.3684211 0.8417627 0.4211958 0.6738187 0.7993886
0.4333333 0.8820806 0.199499 0.5028849 0.634902
0.6 0.8412633 0.2205534 0.4053802 0.7625575
0.5769231 0.9789381 0.134268 0.3771469 0.4728674
0.5416667 0.7042187 0.3527066 0.572277 0.782662
0.2093023 1 0.4135429 0.7259399 0.7499796
0.4 0.962726 0.3304748 0.605094 0.7400688
0.326087 0.9976851 0.4066459 0.6441604 0.7181187
0.625 0.9380085 0.2083333 0.3899994 0.4511655
0.3 0.9873346 0.3749737 0.6922607 0.7462161
0.4782609 0.9297196 0.3494756 0.5514071 0.6492699
0.4666667 0.9228316 0.1435484 0.4523547 0.5759979
0.3214286 0.992323 0.2880343 0.6102674 0.6627636
0.3684211 0.8794983 0.339844 0.616937 0.7846377
0.4516129 0.8463738 0.3694152 0.6077119 0.7257589
