      TL             2.304227    2.497047    1.123609    6.199430    1.652218     69.51     71.55    1.004
      TL             3.971937    7.131183    1.174497    8.613925    2.133071     34.35     36.11    1.003
      TL             3.061402    5.575134    1.120730    7.695767    1.687671     11.53    884.77    1.404
      TL             3.658496    2.264950    0.946424    5.851152    3.960759    318.93    347.14    1.000
      TL             4.500872    4.960837    1.029430    7.731796    5.058525     54.89     70.88    1.017
      TL             3.997169    2.900413    0.979101    6.939885    3.964507   2546.31   2882.93    1.000
      TL             3.675448    4.296517    1.089032    6.775800    4.273452     33.35     48.56    1.000
      TL             2.179207    1.318568    0.503374    4.197832    2.183141   1076.65   1080.32    1.000
      TL             3.184307    2.143428    0.718305    5.441154    3.407433    210.67    265.86    1.003
      TL             4.353100    6.595329    1.253912    7.895778    5.417558     13.32   4305.31    2.576
      TL             2.382712    1.370780    0.612293    4.223410    2.568375    498.78    573.67    1.001
      TL             1.472983    0.350762    0.392929    2.525875    1.454668   4610.24   4919.50    1.000
      TL             3.439591    1.693397    0.894119    5.707676    3.434171   2665.05   2744.91    1.000
      TL             1.731046    0.626039    0.361446    3.117749    1.710715   2681.36   2743.60    1.001
      TL             6.106373    8.376008    1.458457   10.176920    6.887041     45.76     59.70    1.009
      TL             3.779573    5.701049    1.235317    7.761787    2.067083     21.99     25.43    1.001
      TL             3.985418    2.094317    1.041618    6.035369    4.271259    256.12    345.53    1.003
      TL             2.071702    0.801628    0.478800    3.614174    2.072747   2464.79   2734.32    1.000
      TL             1.308174    0.371469    0.296897    2.438647    1.224898  12905.99  13174.07    1.000
      TL             2.879362    1.566539    0.964769    5.382549    2.641890   6304.71   6493.03    1.000
      TL             2.855726    3.354205    1.047203    6.203260    1.698288    101.14    101.89    1.001
      TL             2.900546    2.726078    0.734279    5.479164    3.245443     92.02     97.59    1.000
      TL             3.443510    2.920975    0.888845    6.003087    3.838919    178.35    186.70    1.005
      TL             2.214636    0.796413    0.623118    3.781044    2.217208   2935.19   3160.16    1.000
      TL             4.896505    1.947829    1.239194    7.289032    4.912730   1095.39   1483.06    1.001
      TL             4.402926    1.899948    1.100372    6.739256    4.412628   1235.12   1446.93    1.000
      TL             7.192474    3.524957    3.879385   11.906880    7.172699     96.94    476.69    1.007
      TL             2.329766    2.950136    0.990196    6.166029    1.508972     28.84     30.59    1.000
      TL             3.267884    3.603435    1.028082    6.624536    2.662325    172.45    323.95    1.003
      TL             3.351781    2.414723    0.899399    5.705548    3.665553    405.46    428.59    1.000
      TL             2.925521    4.000384    0.981856    6.388227    1.530217     17.61     22.31    1.001
      TL             3.512282    2.134769    0.841631    5.664839    3.778248    353.31    380.73    1.003
      TL             2.313897    2.749911    0.855874    5.394559    1.290456     16.35     23.54    1.072
      TL             2.358910    1.000080    0.577052    4.176735    2.299305   5228.58   5646.60    1.000
      TL             3.582150    3.726945    1.037166    6.227249    4.348046     12.31     18.97    1.111
      TL             1.692412    0.494370    0.406876    2.896453    1.708070   2839.50   2858.21    1.000
      TL             2.804743    1.784117    0.662225    4.931723    2.985007    564.53    571.34    1.002
      TL             1.314030    0.336681    0.327504    2.284350    1.350890   1989.22   2001.44    1.000
      TL             2.529145    1.195118    0.549386    4.428643    2.526645   2625.34   2634.15    1.000
      TL             2.672986    0.804194    0.733207    4.232540    2.671173   3300.66   3608.67    1.000
      TL             1.691018    1.390263    0.893118    4.851415    1.268778     15.21     19.02    1.008
      TL             1.957087    0.550146    0.548401    3.191750    1.996251   2223.42   2432.89    1.000
      TL             4.743490    4.368472    1.224575    7.430016    5.435114     24.32     25.01    1.000
      TL             4.633807    5.525912    1.132915    7.969363    5.329783     36.86     58.76    1.161
      TL             3.664879    5.600102    1.089481    7.627800    2.015882     81.76     84.41    1.000
      TL             3.379926    1.480634    0.819298    5.456616    3.397800   2226.44   2675.11    1.001
      TL             4.011293    1.172485    1.137908    5.668545    4.126671   1048.70   1275.46    1.000
      TL             2.894746    1.406299    0.622735    4.827825    2.974118   1459.63   1486.86    1.001
      TL             3.925521    2.052687    0.817781    6.095784    4.073867    261.25    302.23    1.000
      TL             2.343604    2.404733    0.811245    5.089617    1.298159     39.69     46.44    1.000
      TL             3.420293    1.796221    0.724896    5.550829    3.512197    746.99    829.94    1.000
      TL             2.202380    1.154346    0.460634    4.006877    2.258844   1055.36   1270.18    1.000
      TL             2.051758    0.726784    0.518289    3.572427    2.023107   3436.18   3647.91    1.000
      TL             3.135548    2.864103    0.895455    5.873400    3.361562    259.30    289.23    1.002
      TL             3.031420    4.164331    0.873174    6.568075    1.619153     42.78     58.60    1.002
      TL             2.586147    1.385766    0.794808    4.633803    2.597702   1083.99   1094.41    1.001
      TL             1.867381    0.718843    1.269620    2.245873    1.723776     38.38     40.82    1.000
      TL             3.024280    1.166992    0.825950    5.047248    2.932034   7957.12   8623.02    1.000
      TL             3.475128    1.461038    0.746732    5.673075    3.357697   3930.40   4762.94    1.000
      TL             4.187608    3.452516    1.086158    6.644949    4.775261     49.59     58.12    1.030
      TL             1.098636    0.234324    0.254555    1.961868    1.085876   3858.48   3969.01    1.000
      TL             2.410946    2.808558    0.861423    5.476188    1.343655     22.92     35.33    1.013
      TL             3.146533    1.570842    0.862082    5.140553    3.288743   1171.89   1206.91    1.002
      TL             4.420479    3.416185    1.095946    6.875243    4.935346     29.68     30.01    1.004
      TL             6.157220    4.800817    1.305217    9.074596    6.563182     24.53     24.99    1.005
      TL             3.577350    6.211134    1.257815    7.887538    1.887254     12.32   2345.11    2.165
      TL             2.402985    0.949763    0.537157    4.063957    2.400691   3791.55   4100.41    1.000
      TL             2.421284    1.210573    0.582006    4.231633    2.504400   1231.90   1324.35    1.000
      TL             3.678246    4.981120    0.904567    7.337127    3.857753    131.41    156.20    1.015
      TL             2.565185    1.215405    0.618402    4.334962    2.673969   1098.95   1113.72    1.001
      TL             4.115176    3.256519    1.140844    6.991063    4.353709    625.84    640.11    1.001
      TL             4.625315    3.930314    0.965345    7.897425    4.704079   1004.58   1154.12    1.001
      TL             5.946634    6.602886    1.315841    9.399021    6.602445     18.39     22.13    1.012
      TL             3.950644    2.613022    0.750851    6.575990    4.000204    457.98    494.17    1.000
      TL             2.713632    1.047310    0.714365    4.561710    2.664641   4618.53   4626.31    1.000
      TL             3.706255   11.256720    0.355791    9.486104    2.801460  17578.01  17590.40    1.000
      TL             7.155532    5.584218    1.374951   10.866090    7.227767    216.14    322.56    1.001
      TL             2.693233    1.404160    0.596427    4.892873    2.539849   5148.97   5175.35    1.000
      TL             4.828180    2.598915    1.211241    7.468791    4.922292    955.55   1071.88    1.002
      TL             3.272131    3.106901    0.630199    6.133598    3.436196    329.99    353.88    1.003
      TL             2.424518    3.507514    1.049940    6.651314    1.546829     12.30     12.37    1.032
      TL             8.038250    7.332116    1.262774   12.397620    8.047853     22.67   2260.82    1.052
      TL             4.438079    3.162573    0.948502    6.985908    4.745758    105.27    119.71    1.000
      TL             4.651334    2.427698    1.054395    7.069491    4.775189    433.39    478.21    1.000
      TL             3.045747    1.845195    0.705940    5.197382    3.219130    740.99    766.09    1.000
      TL             5.965346    3.566515    1.458913    9.001257    6.064724    617.49    661.32    1.000
      TL             3.356740    1.705301    1.067350    5.841533    3.195689   4444.41   4694.66    1.000
      TL             3.083795    1.285450    0.651909    5.042128    3.056437   3491.99   3968.64    1.000
      TL             2.221214    1.070157    0.581207    3.953378    2.281630   1265.41   1372.16    1.000
      TL             4.747003    4.272368    1.565124    8.609542    4.374473   9982.47  10146.52    1.000
      TL             4.358894    3.649833    1.179782    7.382427    4.641364    519.77    593.31    1.001
      TL             4.325890    3.432994    0.985657    6.893055    4.770316     78.10    108.91    1.002
      TL             4.254775    6.662361    1.233431    8.311902    4.564780     27.24     37.88    1.010
      TL             1.805940    0.573144    0.418650    3.197402    1.744582   6215.10   6218.39    1.000
      TL             4.625426    5.557726    1.107918    7.993716    5.282885     33.03     37.69    1.101
      TL             5.891441   10.985966    1.613563   10.665850    6.986203     11.61   1873.39    1.904
      TL             1.916977    0.990888    0.508452    3.581288    1.987271    709.30    798.08    1.007
      TL             3.543207    2.400007    0.769323    6.007406    3.706400    358.89    452.94    1.000
      TL             3.511306    2.971703    0.872616    6.123346    3.882220    160.46    182.06    1.000
      TL             3.709077    1.692658    0.874667    5.813707    3.793492   1196.49   1390.72    1.000
