      alpha_symdir   4.274981    0.785501    2.763573    6.065727    4.152584   7112.87   7251.13    1.000
      alpha_symdir   2.610556    0.316212    1.679108    3.745254    2.527424   2797.50   2879.85    1.000
      alpha_symdir   4.026143    0.636797    2.667297    5.655854    3.915136   8216.27   8685.49    1.000
      alpha_symdir   3.657104    0.506398    2.426907    5.076716    3.559571   7020.73   7546.11    1.000
      alpha_symdir   4.634552    0.885375    3.038927    6.537074    4.502753   6120.68   7475.45    1.000
      alpha_symdir   3.017310    0.609391    1.734573    4.600307    2.885455   7642.90   7881.54    1.000
      alpha_symdir   3.805801    0.752121    2.312604    5.516599    3.678762   6062.15   6471.96    1.000
      alpha_symdir   3.400981    0.762328    1.995815    5.168061    3.252562   6854.50   7187.67    1.000
      alpha_symdir   3.669521    0.822737    2.161449    5.488179    3.522629   7003.87   7315.34    1.000
      alpha_symdir   3.832409    0.603213    2.531605    5.408752    3.719288   3017.93   3322.52    1.000
      alpha_symdir   2.993885    0.329691    2.026151    4.165994    2.916809   6400.01   6434.16    1.000
      alpha_symdir   3.188522    1.035194    1.619128    5.276068    2.984232   9091.27   9344.24    1.000
      alpha_symdir   3.722153    0.866976    2.172271    5.580670    3.561812   7151.76   7595.43    1.000
      alpha_symdir   4.038833    1.399635    2.136781    6.419856    3.828014   9631.68   9963.82    1.000
      alpha_symdir   4.454651    0.750789    2.946710    6.215248    4.345100   7776.21   7823.36    1.000
      alpha_symdir   4.209172    0.694777    2.787140    5.885214    4.095959   6883.11   7866.02    1.000
      alpha_symdir   3.959421    0.708903    2.467176    5.621681    3.842145   6306.74   6702.75    1.000
      alpha_symdir   2.860953    0.522825    1.693077    4.283422    2.723849   4379.06   4576.86    1.000
      alpha_symdir   4.008073    1.651943    1.886163    6.554178    3.787755  11267.85  11345.25    1.000
      alpha_symdir   2.558473    0.436007    1.510688    3.876234    2.439036   8126.37   8204.22    1.000
      alpha_symdir   3.858706    0.759311    2.357272    5.598419    3.734218   6041.32   6367.33    1.000
      alpha_symdir   3.551645    0.683242    2.167002    5.175474    3.421098   8793.63   8904.80    1.000
      alpha_symdir   3.075478    0.400665    2.016296    4.342779    2.976602   6586.61   6667.03    1.000
      alpha_symdir   3.910935    1.209737    2.089889    6.107378    3.724094   4893.46   4899.94    1.000
      alpha_symdir   3.824142    0.779568    2.347528    5.588267    3.691368   6009.64   6099.43    1.000
      alpha_symdir   3.774759    0.822470    2.245792    5.581414    3.630856   6043.12   6552.30    1.000
      alpha_symdir   3.186852    0.431185    2.068243    4.511006    3.092147   5832.76   6174.87    1.000
      alpha_symdir   3.032468    0.456426    1.896501    4.408900    2.934593   4378.59   4655.62    1.000
      alpha_symdir   2.564774    0.302604    1.665525    3.641284    2.466570   1028.86   1233.89    1.000
      alpha_symdir   5.158399    1.700970    3.004982    7.782059    4.953856   8776.78   9170.67    1.000
      alpha_symdir   3.808021    0.679402    2.405592    5.436696    3.686227   5816.35   5997.78    1.000
      alpha_symdir   2.773640    0.275924    1.854375    3.819998    2.703517   5328.51   5431.23    1.000
      alpha_symdir   3.028246    0.403128    1.909203    4.271228    2.929300   5933.16   6792.20    1.000
      alpha_symdir   3.794843    1.377563    1.964234    6.192039    3.569218   8754.08   9149.32    1.000
      alpha_symdir   2.831938    0.256298    1.961974    3.863168    2.770141   7740.87   8316.37    1.000
      alpha_symdir   3.522723    0.992771    1.869953    5.475537    3.344409   9220.58   9453.45    1.000
      alpha_symdir   3.046885    0.631093    1.742292    4.597587    2.909009   8319.42   8544.17    1.000
      alpha_symdir   3.283023    1.015829    1.635134    5.276774    3.098100   8247.94   8477.16    1.000
      alpha_symdir   2.973058    0.612531    1.723410    4.569733    2.835328   6051.13   6533.89    1.000
      alpha_symdir   3.531014    0.729962    2.099354    5.221242    3.397123   9913.15   9966.55    1.000
      alpha_symdir   4.260971    0.683873    2.779640    5.862142    4.149962   7274.98   7383.64    1.000
      alpha_symdir   2.663276    0.298765    1.764762    3.790468    2.575731   7816.73   7891.02    1.000
      alpha_symdir   3.886290    0.561941    2.537495    5.347539    3.785564   7581.09   8283.75    1.000
      alpha_symdir   4.061164    0.659235    2.636471    5.720433    3.953704   6478.44   6643.40    1.000
      alpha_symdir   4.251862    0.864187    2.609686    6.087167    4.114501   7587.88   7819.77    1.000
      alpha_symdir   3.549847    0.931302    1.922492    5.441325    3.378963   5822.06   5975.93    1.000
      alpha_symdir   3.390944    0.566298    2.124843    4.925476    3.280157   7106.11   7190.73    1.000
      alpha_symdir   3.436283    0.966054    1.883548    5.407021    3.258324   3661.28   4009.86    1.000
      alpha_symdir   3.706966    0.753051    2.294470    5.467825    3.569254   4594.16   4828.72    1.000
      alpha_symdir   3.768049    0.705753    2.307257    5.438533    3.643283   6450.10   6970.57    1.000
      alpha_symdir   3.223547    0.707376    1.853965    4.922050    3.086188   7442.01   7963.83    1.000
      alpha_symdir   2.697929    0.564649    1.538236    4.179462    2.546646   5615.31   5628.37    1.000
      alpha_symdir   3.476851    1.034853    1.852773    5.504673    3.286912   7360.55   7445.36    1.000
      alpha_symdir   4.527506    1.051628    2.779567    6.606522    4.367299   8066.20   8633.56    1.000
      alpha_symdir   2.938003    0.377217    1.892834    4.176851    2.849905   3661.43   4101.52    1.000
      alpha_symdir   2.936112    0.382547    1.868845    4.133832    2.840100   3591.81   4555.19    1.000
      alpha_symdir   3.958827    0.551799    2.675187    5.479209    3.865720   6203.72   6391.08    1.000
      alpha_symdir   2.403005    0.270288    1.547286    3.451072    2.329113   7486.06   7561.84    1.000
      alpha_symdir   2.903039    0.474545    1.799844    4.303323    2.783833   5434.19   5701.31    1.000
      alpha_symdir   4.163153    1.118880    2.449952    6.311272    3.989163   6223.18   6475.97    1.000
      alpha_symdir   4.530722    1.919611    2.293852    7.364238    4.293888  10114.10  10202.10    1.000
      alpha_symdir   3.078171    0.293848    2.142943    4.164938    3.006539   8531.34   8741.44    1.000
      alpha_symdir   4.414544    1.403094    2.420147    6.763736    4.215958  10530.73  10931.78    1.000
      alpha_symdir   2.913253    0.215773    2.096160    3.849716    2.858309   6762.29   7485.01    1.000
      alpha_symdir   3.886629    0.751689    2.434513    5.664881    3.749532   4702.40   4795.97    1.000
      alpha_symdir   3.226628    0.356783    2.207368    4.455095    3.146721   5715.74   6647.34    1.000
      alpha_symdir   3.325165    0.988405    1.770217    5.321200    3.127143   6830.92   7244.54    1.000
      alpha_symdir   3.416530    0.705543    2.015480    5.092587    3.280596   7496.49   7812.27    1.000
      alpha_symdir   3.012936    0.449358    1.896822    4.356024    2.906740   6460.79   6825.26    1.000
      alpha_symdir   3.692390    1.004588    2.042900    5.674404    3.512038   4913.33   5453.40    1.000
      alpha_symdir   3.696585    0.663277    2.302369    5.310961    3.568343   1907.66   3100.02    1.001
      alpha_symdir   2.225642    0.148305    1.576046    3.025229    2.175243   4715.00   5113.21    1.000
      alpha_symdir   3.125840    0.349524    2.082265    4.294682    3.044870   4566.78   4696.24    1.000
      alpha_symdir   3.763420    1.036474    2.123764    5.840708    3.590282   6787.72   6977.18    1.000
      alpha_symdir   4.676862    1.450199    2.652588    7.061441    4.495301  10728.18  10915.61    1.000
      alpha_symdir   3.426079    1.363709    1.566681    5.751992    3.193718  10620.83  10767.34    1.000
      alpha_symdir   3.122492    0.414172    2.034849    4.412321    3.036925   6341.25   6472.16    1.000
      alpha_symdir   3.243327    0.932840    1.764681    5.191530    3.051879   9454.09   9603.23    1.000
      alpha_symdir   4.995817    1.671419    2.831066    7.602867    4.793355   6182.93   6576.97    1.000
      alpha_symdir   2.437798    0.329343    1.450580    3.569329    2.349245   6137.44   6235.83    1.000
      alpha_symdir   3.170216    0.280430    2.215855    4.224519    3.100868   6107.44   6664.65    1.000
      alpha_symdir   5.219658    1.152304    3.437997    7.444473    5.063364   6814.69   7611.39    1.000
      alpha_symdir   4.215985    0.959057    2.571631    6.209585    4.067618   7568.90   7940.57    1.000
      alpha_symdir   3.799085    0.597081    2.433994    5.312478    3.693705   8334.46   8352.76    1.000
      alpha_symdir   3.251063    0.664928    1.920501    4.877211    3.114001   7660.92   7853.28    1.000
      alpha_symdir   2.961835    0.424283    1.880920    4.269012    2.864228   4656.39   4691.43    1.000
      alpha_symdir   4.331452    1.074542    2.586517    6.388782    4.167811   4243.31   5364.67    1.000
      alpha_symdir   4.847399    1.709150    2.698154    7.517052    4.629161   8152.38   8876.81    1.000
      alpha_symdir   3.351547    0.644011    2.054130    4.998411    3.220157   7629.78   7923.65    1.000
      alpha_symdir   4.130032    0.993490    2.498291    6.191778    3.981826   7911.15   8265.10    1.000
      alpha_symdir   4.975726    1.180476    3.088213    7.124049    4.813672   5550.35   5690.52    1.000
      alpha_symdir   3.362588    0.432981    2.258021    4.714052    3.267486   7630.37   7707.04    1.000
      alpha_symdir   3.914823    0.603726    2.535663    5.434430    3.818341   4110.05   4328.13    1.000
      alpha_symdir   3.534141    0.907353    1.983854    5.449903    3.370164   5668.02   6095.10    1.000
      alpha_symdir   2.946892    0.299553    1.951269    4.024634    2.882134   4268.17   4360.35    1.000
      alpha_symdir   3.888290    0.606373    2.500065    5.424328    3.791221   6786.05   7258.95    1.000
      alpha_symdir   3.749689    1.099765    2.017872    5.833717    3.567326   8371.83   8566.73    1.000
      alpha_symdir   3.777449    1.427248    1.824034    6.166479    3.557127   5087.80   5307.96    1.000
      alpha_symdir   3.445483    0.518206    2.202785    4.894185    3.347493   6197.78   6464.92    1.000
      alpha_symdir   2.935776    0.429107    1.816817    4.216523    2.834956   3555.08   3734.65    1.000
