0.255814
0.1388889
0.06818182
0.1590909
0.1363636
0.15
0.05128205
0.04545455
0.1034483
0.1555556
0.1315789
0.0625
0.04347826
0
0.2093023
0.1086957
0.1860465
0.1052632
0.2857143
0.0625
0.1086957
0.04166667
0.1290323
0.1923077
0.05
0.2222222
0.1764706
0.08571429
0.1851852
0.2307692
0.2195122
0.1621622
0.1891892
0.2352941
0.08695652
0.15
0.07407407
0.1818182
0
0.2
0.2978723
0.137931
0.1914894
0.2765957
0.1351351
0.2222222
0.2
0.04166667
0.09090909
0.1111111
0.2173913
0.1111111
0.1052632
0.1333333
0.1875
0.05714286
0.1666667
0.04545455
0.1
0.1621622
0.1666667
0.125
0.2
0.1333333
0.2093023
0.125
0
0.3636364
0.07692308
0.07692308
0.225
0.1111111
0.1
0.2173913
0.07692308
0.1666667
0.1538462
0.06666667
0.1219512
0.05263158
0.1052632
0.09090909
0.1282051
0.1428571
0
0.07894737
0.2666667
0.25
0.2692308
0.04166667
0.04651163
0.05714286
0.1304348
0.125
0.075
0.1304348
0.03333333
0.1785714
0.1842105
0.1612903
