      TL          4.395487    0.029849    4.068315    4.743221    4.392308  14648.50  15691.09    1.000
      TL          4.278009    0.030962    3.943206    4.631954    4.275290  14304.17  14681.90    1.000
      TL          5.009847    0.034466    4.654249    5.375614    5.006736  15450.00  15552.41    1.000
      TL          4.731278    0.033622    4.375460    5.095379    4.728745  12269.55  12692.92    1.000
      TL          5.126331    0.036131    4.755289    5.501957    5.123715  13904.05  14055.57    1.000
      TL          2.752114    0.022652    2.457602    3.049279    2.749760  15824.50  16245.69    1.000
      TL          4.274062    0.030074    3.937288    4.620031    4.270884  13181.18  14060.54    1.000
      TL          2.648699    0.022048    2.366716    2.949016    2.645081  14761.80  15508.30    1.000
      TL          3.568823    0.026996    3.256221    3.899000    3.565643  15217.33  15831.04    1.000
      TL          4.907596    0.034494    4.541693    5.269821    4.905702   8905.18  10549.05    1.000
      TL          4.157618    0.030166    3.821667    4.502881    4.155745  13728.45  14311.68    1.000
      TL          1.841834    0.018653    1.567309    2.101095    1.838240  14800.20  14937.91    1.000
      TL          3.058813    0.025465    2.744349    3.369797    3.055801  14331.52  14974.89    1.000
      TL          2.210771    0.021430    1.931903    2.502484    2.207515  14041.68  15491.40    1.000
      TL          5.183133    0.036366    4.804980    5.553601    5.180910  14648.29  14704.72    1.000
      TL          5.035459    0.034361    4.662996    5.390363    5.033041  14671.77  15309.66    1.000
      TL          4.832782    0.034270    4.477036    5.200160    4.829287  13302.08  14164.96    1.000
      TL          2.791532    0.024760    2.478885    3.094385    2.787770  15694.04  15920.73    1.000
      TL          1.615216    0.025844    1.300188    1.928963    1.608148  14222.36  14494.55    1.000
      TL          2.551907    0.024596    2.252154    2.864670    2.549327  15684.12  15696.61    1.000
      TL          4.742815    0.031864    4.403139    5.100030    4.739867  15471.85  15878.26    1.000
      TL          3.240565    0.028042    2.919071    3.571948    3.237377  12280.07  12975.16    1.000
      TL          4.195689    0.032678    3.831464    4.540245    4.193231  14486.30  14859.57    1.000
      TL          3.180454    0.026074    2.868602    3.497655    3.177741  14282.19  14718.26    1.000
      TL          4.218899    0.030118    3.886401    4.569231    4.215325  14074.09  14821.57    1.000
      TL          3.541477    0.027907    3.215991    3.867703    3.539023  13164.14  13453.43    1.000
      TL          4.450728    0.033179    4.083389    4.798271    4.447915  14320.64  14446.81    1.000
      TL          4.306421    0.032241    3.958396    4.660655    4.304228  14148.88  14432.98    1.000
      TL          3.575471    0.028501    3.243090    3.907124    3.572762  15756.86  15819.56    1.000
      TL          3.782574    0.026657    3.455148    4.095672    3.780809  15568.59  16023.43    1.000
      TL          4.178078    0.030404    3.841564    4.521708    4.174189  12048.78  12524.15    1.000
      TL          4.204814    0.030124    3.863168    4.540879    4.203427  15049.84  15749.82    1.000
      TL          3.926347    0.028591    3.598463    4.258334    3.924105  14091.86  14588.14    1.000
      TL          2.351141    0.021422    2.062366    2.633682    2.348149  15727.36  16048.48    1.000
      TL          4.718137    0.031802    4.377181    5.076291    4.716404  14416.17  14442.51    1.000
      TL          2.575362    0.023708    2.283134    2.884710    2.571503  13108.17  14149.23    1.000
      TL          3.150469    0.025235    2.846709    3.465675    3.146855  13424.10  14508.45    1.000
      TL          2.237630    0.018719    1.974865    2.507380    2.234440  15219.58  15344.75    1.000
      TL          2.512152    0.022351    2.220906    2.807287    2.508104  15370.47  15782.59    1.000
      TL          2.992924    0.023962    2.681099    3.286977    2.990494  14686.84  15256.52    1.000
      TL          4.512420    0.031201    4.168222    4.860121    4.510098  14277.38  14602.02    1.000
      TL          3.245550    0.025075    2.937585    3.554021    3.242410  15348.74  15596.02    1.000
      TL          4.639435    0.032292    4.295094    5.001508    4.635033  14268.45  14908.35    1.000
      TL          5.179829    0.035696    4.816439    5.552746    5.179229  13298.22  13789.79    1.000
      TL          4.522040    0.032516    4.180742    4.882311    4.519540  14803.26  15315.81    1.000
      TL          3.491795    0.027803    3.162393    3.816214    3.488718  14633.02  14954.77    1.000
      TL          4.032809    0.028178    3.702810    4.362596    4.030533  15594.19  15745.77    1.000
      TL          3.095676    0.026877    2.782034    3.422948    3.092539  12282.47  12952.50    1.000
      TL          3.757359    0.027895    3.432855    4.088936    3.755461  12657.84  13862.43    1.000
      TL          3.878484    0.026512    3.563992    4.203665    3.876882  15960.19  16359.23    1.000
      TL          3.203393    0.026798    2.880976    3.524397    3.200032  10515.48  12240.38    1.000
      TL          2.646531    0.023695    2.347659    2.949760    2.642774  14256.83  14524.84    1.000
      TL          2.385276    0.021185    2.098972    2.664769    2.382090  15534.46  15958.07    1.000
      TL          3.736688    0.029014    3.410456    4.075775    3.733168  14007.12  14359.54    1.000
      TL          3.789586    0.027935    3.464121    4.116046    3.786901  15084.96  15143.19    1.000
      TL          3.896944    0.028799    3.555344    4.219341    3.895147  15008.19  15234.26    1.000
      TL          5.025748    0.034941    4.653343    5.387797    5.023664  13998.28  14361.58    1.000
      TL          2.305870    0.018890    2.039747    2.578663    2.302986  15866.66  16209.68    1.000
      TL          2.454239    0.020556    2.173626    2.736817    2.450971  16196.56  16588.25    1.000
      TL          3.697883    0.026437    3.383747    4.021552    3.694745  14723.38  14845.05    1.000
      TL          1.790916    0.018147    1.530071    2.055237    1.787989  14681.52  14718.87    1.000
      TL          4.134104    0.029184    3.800748    4.467341    4.131381  15618.06  15688.54    1.000
      TL          2.951292    0.023841    2.658220    3.263110    2.948576  15256.94  15299.73    1.000
      TL          5.117480    0.035789    4.747433    5.486542    5.114893  15119.78  15153.84    1.000
      TL          4.850319    0.033765    4.500904    5.218336    4.848394  13650.75  14721.59    1.000
      TL          4.724150    0.034139    4.357592    5.082523    4.721870  14415.55  14746.68    1.000
      TL          2.447994    0.022795    2.156077    2.744882    2.444128  15345.37  15456.84    1.000
      TL          2.549900    0.021079    2.263970    2.832029    2.546910  16555.56  16611.07    1.000
      TL          3.336316    0.026915    3.012029    3.656106    3.333641  14801.60  15026.97    1.000
      TL          3.898040    0.031857    3.549572    4.247313    3.894492  13290.60  13754.81    1.000
      TL          4.267359    0.030038    3.938135    4.612898    4.266190  14483.26  15318.95    1.000
      TL          3.351509    0.025398    3.043120    3.666716    3.348879  16301.45  16490.33    1.000
      TL          4.930575    0.034774    4.570450    5.298176    4.927346  14798.65  14995.68    1.000
      TL          3.107531    0.025618    2.797165    3.425238    3.105393  14597.30  15139.83    1.000
      TL          3.055597    0.023833    2.754730    3.359636    3.052909  15250.52  15750.45    1.000
      TL          1.235524    0.018227    0.976379    1.502279    1.229993  16670.70  16796.78    1.000
      TL          4.460672    0.031856    4.116046    4.813146    4.456901  14362.28  14810.75    1.000
      TL          2.367785    0.021918    2.077067    2.654254    2.365272  16349.89  16589.19    1.000
      TL          4.992958    0.037011    4.613803    5.361247    4.988865  12610.07  12635.15    1.000
      TL          2.391916    0.020210    2.110551    2.666535    2.388620  16601.73  17109.48    1.000
      TL          4.210477    0.030112    3.868471    4.548968    4.208265  14391.63  15039.69    1.000
      TL          5.539763    0.038672    5.166554    5.940558    5.537509  14402.45  14757.73    1.000
      TL          4.010978    0.028364    3.685422    4.342462    4.009395  14139.69  15086.26    1.000
      TL          3.844663    0.028959    3.512884    4.179436    3.843312  13763.47  14741.64    1.000
      TL          2.879386    0.025221    2.572073    3.195573    2.876498  16205.84  16267.99    1.000
      TL          4.378530    0.031620    4.036411    4.732398    4.376386  15051.82  15446.95    1.000
      TL          3.721614    0.028377    3.389814    4.048442    3.719936  15268.77  15533.73    1.000
      TL          2.662579    0.023337    2.365378    2.963227    2.658594  14350.04  14730.53    1.000
      TL          3.213134    0.025874    2.903778    3.532151    3.210774  14240.25  15076.53    1.000
      TL          3.447105    0.027736    3.123854    3.776791    3.444312  15949.98  16432.72    1.000
      TL          4.796566    0.033811    4.437213    5.157772    4.793465  15261.65  15336.22    1.000
      TL          4.520822    0.033008    4.164629    4.877143    4.518110  14173.59  14177.38    1.000
      TL          5.245724    0.036754    4.877829    5.627634    5.241362  12303.48  13325.56    1.000
      TL          2.479933    0.023744    2.175061    2.776862    2.476284  15215.10  15667.81    1.000
      TL          4.807829    0.034384    4.444162    5.166187    4.805234  14033.21  14694.22    1.000
      TL          5.359285    0.036979    4.969068    5.721705    5.356565  12906.75  13738.61    1.000
      TL          2.991399    0.023842    2.688172    3.290914    2.987916  14049.33  14079.24    1.000
      TL          3.389615    0.026517    3.071282    3.708248    3.387029  13906.06  14013.07    1.000
      TL          4.649284    0.034292    4.281127    5.008839    4.646511  14720.08  14892.36    1.000
      TL          3.049971    0.022710    2.756841    3.346487    3.047649  15221.29  15551.88    1.000
