      clockrate                0.876713    0.008014    0.713480    1.058919    0.866992     36.04    148.24    1.031
      clockrate                0.966305    0.012374    0.768297    1.192650    0.952239     42.92     87.83    1.024
      clockrate                0.923417    0.006218    0.776797    1.081016    0.917994    139.69    151.07    1.016
      clockrate                1.022203    0.003711    0.906071    1.144539    1.020060    108.42    132.45    1.001
      clockrate                0.979160    0.005010    0.845483    1.120747    0.974699    184.31    267.03    1.035
      clockrate                0.977691    0.014503    0.757796    1.219280    0.966217    313.28    331.55    1.000
      clockrate                0.932029    0.003606    0.817936    1.050743    0.930407   2068.24   2188.57    1.000
      clockrate                1.186283    0.071287    0.761404    1.724295    1.137974     48.49     73.25    1.000
      clockrate                1.095962    0.014765    0.872629    1.340024    1.086686    452.67    493.90    1.001
      clockrate                0.897168    0.003224    0.787629    1.009529    0.895648    556.55   1260.76    1.003
      clockrate                0.918172    0.006146    0.770109    1.073444    0.912993    162.75    189.21    1.001
      clockrate                0.928935    0.024774    0.636431    1.229616    0.909892    344.63    459.57    1.000
      clockrate                1.004035    0.010452    0.816354    1.210648    0.995731     32.26     47.01    1.002
      clockrate                1.068309    0.022393    0.803323    1.345632    1.052853    350.11    372.73    1.001
      clockrate                1.069976    0.007520    0.907229    1.243927    1.065888     90.63    216.02    1.000
      clockrate                0.850529    0.002599    0.753496    0.952473    0.849213    428.23    705.10    1.002
      clockrate                0.969686    0.004359    0.839401    1.098883    0.966787    227.99    352.75    1.003
      clockrate                1.439360    0.211199    0.749711    2.352944    1.349955     81.43     94.52    1.002
      clockrate                1.163354    0.095256    0.633838    1.760313    1.118676    192.74    225.70    1.000
      clockrate                1.069837    0.015780    0.850021    1.319409    1.053535     63.77    116.25    1.000
      clockrate                1.007214    0.007390    0.840415    1.177387    1.001708     70.16    141.86    1.018
      clockrate                0.822274    0.007420    0.663483    0.999612    0.817672    695.69    868.02    1.000
      clockrate                1.320291    0.055093    0.905910    1.797310    1.293280    125.76    142.63    1.001
      clockrate                0.964065    0.023193    0.712371    1.266543    0.942511     51.63     72.58    1.000
      clockrate                1.019606    0.006211    0.875435    1.182851    1.014442     67.81     96.30    1.005
      clockrate                1.210843    0.036271    0.879039    1.580826    1.185569    102.77    107.80    1.001
      clockrate                1.072040    0.009103    0.889047    1.262487    1.066752    445.20    717.57    1.002
      clockrate                0.916026    0.004540    0.785857    1.046637    0.913132     57.21    290.27    1.003
      clockrate                1.025892    0.012979    0.810172    1.252575    1.016729     61.44    159.58    1.012
      clockrate                0.923540    0.006230    0.776866    1.081410    0.917848    123.46    161.64    1.000
      clockrate                1.106625    0.024765    0.833543    1.425738    1.081533     50.30     77.17    1.000
      clockrate                0.987339    0.015201    0.755095    1.228520    0.975549    101.54    113.38    1.000
      clockrate                0.877340    0.003515    0.764789    0.997372    0.875433    468.92    712.18    1.000
      clockrate                0.999583    0.033054    0.679699    1.353251    0.975404    239.54    371.91    1.003
      clockrate                1.023821    0.004118    0.903069    1.153120    1.020457     61.19     99.51    1.000
      clockrate                0.925824    0.011466    0.731803    1.144957    0.916112    107.54    143.44    1.001
      clockrate                1.108436    0.018697    0.866659    1.377825    1.093288     68.28    104.50    1.000
      clockrate                0.939498    0.008367    0.763577    1.118472    0.933641    399.84    509.98    1.000
      clockrate                0.978746    0.012577    0.775099    1.203820    0.969466    449.55    537.67    1.000
      clockrate                0.933741    0.005460    0.795940    1.082961    0.930123    108.11    160.67    1.006
      clockrate                0.856901    0.004313    0.732415    0.988879    0.853827    130.09    172.92    1.001
      clockrate                1.024574    0.012885    0.811546    1.247704    1.015630    105.36    112.81    1.050
      clockrate                0.997697    0.007893    0.835782    1.170856    0.987028     57.66     60.97    1.003
      clockrate                1.119689    0.008210    0.946261    1.301035    1.115911    278.66    374.38    1.012
      clockrate                0.915964    0.005496    0.776292    1.065909    0.912459    522.46    527.87    1.001
      clockrate                1.060677    0.014288    0.842901    1.301352    1.048713     61.99     81.13    1.005
      clockrate                0.981163    0.008160    0.814391    1.163334    0.975631    152.65    341.47    1.000
      clockrate                0.939239    0.016887    0.698339    1.196013    0.926974    248.99    266.40    1.003
      clockrate                0.912450    0.006055    0.761693    1.064006    0.907789     47.29    231.06    1.002
      clockrate                1.012101    0.007851    0.853519    1.194324    1.001850     41.88    103.67    1.107
      clockrate                1.108560    0.018384    0.873405    1.380042    1.089613     33.48     37.97    1.036
      clockrate                1.169087    0.026139    0.875671    1.495589    1.153021    211.38    251.36    1.001
      clockrate                1.088033    0.027534    0.794512    1.419720    1.066942     96.09    205.97    1.000
      clockrate                1.034623    0.006957    0.874586    1.197458    1.029519    131.76    208.98    1.032
      clockrate                1.074654    0.013488    0.860146    1.312318    1.062912     34.37     75.92    1.008
      clockrate                1.083124    0.009664    0.898393    1.283717    1.077195    212.33    320.84    1.001
      clockrate                0.950215    0.004692    0.823310    1.090195    0.945766    151.44    259.86    1.086
      clockrate                0.991423    0.020214    0.756540    1.279735    0.969152    101.44    117.21    1.006
      clockrate                1.215623    0.040903    0.871489    1.612869    1.178049    136.76    147.91    1.003
      clockrate                0.924824    0.007011    0.766350    1.091376    0.917350     34.57     90.33    1.001
      clockrate                0.976964    0.030346    0.671284    1.322474    0.952283     29.29     50.43    1.005
      clockrate                0.919498    0.003411    0.806934    1.032899    0.918253   1548.69   1742.95    1.000
      clockrate                0.961235    0.009373    0.782154    1.152805    0.951047    103.48    147.06    1.010
      clockrate                0.976640    0.009681    0.804239    1.181262    0.961745     35.15     38.62    1.162
      clockrate                0.966688    0.006500    0.811322    1.123277    0.963403    339.06    341.14    1.008
      clockrate                1.070709    0.008419    0.900751    1.255021    1.063104    126.13    148.15    1.020
      clockrate                1.230731    0.045324    0.864647    1.648852    1.194370    153.87    165.62    1.017
      clockrate                1.052826    0.018531    0.813099    1.322793    1.035314    175.03    204.90    1.001
      clockrate                0.935828    0.014083    0.729475    1.169503    0.920901    151.64    155.20    1.001
      clockrate                1.021639    0.015402    0.794586    1.275955    1.012561    261.46    282.98    1.002
      clockrate                1.081847    0.012489    0.880964    1.306462    1.069433     34.56     80.25    1.014
      clockrate                1.031380    0.010975    0.835320    1.239993    1.023381    232.29    245.79    1.001
      clockrate                1.067160    0.014417    0.856174    1.317702    1.053791     49.09     57.23    1.001
      clockrate                1.023512    0.014919    0.806061    1.273751    1.008456     32.28     66.54    1.005
      clockrate                0.931280    0.005991    0.788046    1.084960    0.926805    440.32    494.93    1.000
      clockrate                1.283960    0.101970    0.759304    1.898479    1.227845    258.54    378.56    1.001
      clockrate                0.935761    0.005716    0.788890    1.082733    0.931009     61.55     71.63    1.005
      clockrate                0.757227    0.010669    0.576280    0.964291    0.744301     50.57     89.72    1.010
      clockrate                0.942398    0.004126    0.818567    1.071236    0.939557    449.10    759.53    1.001
      clockrate                0.929849    0.019967    0.681016    1.216648    0.911045    182.47    184.97    1.006
      clockrate                0.987979    0.007210    0.836684    1.164260    0.980198     42.31     76.65    1.003
      clockrate                0.960334    0.003664    0.841260    1.077488    0.956057     74.14    105.94    1.042
      clockrate                0.944300    0.006239    0.793512    1.100689    0.939165    213.33    237.37    1.023
      clockrate                1.176152    0.017122    0.943612    1.447877    1.160331     85.11     88.94    1.004
      clockrate                0.971127    0.015424    0.756716    1.223098    0.949805     49.26     59.04    1.101
      clockrate                0.959194    0.005682    0.810606    1.104739    0.955991    230.21    355.46    1.002
      clockrate                1.087189    0.048645    0.764822    1.550068    1.032768     15.63     23.48    1.013
      clockrate                1.279670    0.059771    0.903621    1.726851    1.237092     90.86    138.32    1.003
      clockrate                1.050565    0.014812    0.827947    1.290109    1.037386    100.38    153.53    1.007
      clockrate                1.000790    0.012463    0.801574    1.223806    0.988661     88.63    139.78    1.006
      clockrate                0.890628    0.008688    0.722515    1.079131    0.879698     25.93     50.71    1.123
      clockrate                0.882253    0.009201    0.704240    1.073163    0.872162     40.51     41.59    1.000
      clockrate                0.988479    0.016459    0.769827    1.240376    0.972050     31.27     38.42    1.000
      clockrate                1.413477    0.189837    0.777322    2.307262    1.304112     72.77     96.74    1.005
      clockrate                1.000960    0.010416    0.818585    1.211204    0.988209     25.35     26.84    1.040
      clockrate                0.904183    0.003740    0.785314    1.024959    0.901579    764.34    952.95    1.000
      clockrate                0.889202    0.007505    0.725286    1.062879    0.881570    137.38    164.86    1.000
      clockrate                1.234870    0.019748    0.989345    1.521352    1.218433     67.32     75.21    1.001
      clockrate                0.948837    0.005650    0.807408    1.102224    0.944362     42.49     95.68    1.001
      clockrate                1.218074    0.039149    0.901214    1.634028    1.180970     37.24     42.92    1.006
