      age[0]                   0.918072    0.002115    0.841399    1.009724    0.910005    1.021    2
      age[0]                   1.027398    0.000942    0.972386    1.091157    1.024074    1.002    2
      age[0]                   0.994942    0.000906    0.940528    1.051879    0.991957    1.008    2
      age[0]                   0.999410    0.000827    0.942815    1.057266    0.998105    1.003    2
      age[0]                   0.964128    0.000645    0.917110    1.013943    0.961900    1.017    2
      age[0]                  1.020233    0.001476    0.945450    1.094498    1.017768    1.005    2
      age[0]                   0.994436    0.000248    0.964859    1.025739    0.993091    1.001    2
      age[0]                  0.812451    0.006508    0.723519    0.990319    0.783654    1.004    2
      age[0]                  1.001076    0.000925    0.944572    1.061740    0.998346    1.001    2
      age[0]                   0.985469    0.000968    0.928283    1.048124    0.983230    1.002    2
      age[0]                   0.921397    0.001718    0.863970    1.011904    0.911757    1.012    2
      age[0]                  0.897762    0.005733    0.831189    1.050754    0.867439    1.001    2
      age[0]                  0.934847    0.001899    0.857065    1.015052    0.929974    1.000    2
      age[0]                  0.873827    0.000853    0.823364    0.930750    0.869560    1.001    2
      age[0]                   0.968237    0.001192    0.904192    1.037542    0.963256    1.001    2
      age[0]                   1.001312    0.000734    0.951301    1.054638    1.000424    1.004    2
      age[0]                   1.001263    0.000348    0.966965    1.038756    0.999294    1.001    2
      age[0]                  0.999530    0.004575    0.869307    1.131147    0.995229    1.002    2
      age[0]                  0.851102    0.008307    0.679272    1.031798    0.843614    1.000    2
      age[0]                  1.002695    0.001169    0.951795    1.065914    0.996840    1.011    2
      age[0]                   0.947596    0.000535    0.908336    0.992683    0.944779    1.001    2
      age[0]                  0.997326    0.000293    0.979082    1.030545    0.992543    1.000    2
      age[0]                  0.873408    0.004602    0.754451    1.007150    0.864698    1.001    2
      age[0]                  1.015847    0.003329    0.911281    1.136148    1.009595    1.008    2
      age[0]                  0.936467    0.000751    0.898850    0.990323    0.930782    1.000    2
      age[0]                  0.941233    0.003532    0.830444    1.060395    0.936445    1.002    2
      age[0]                  0.964778    0.001522    0.888875    1.041988    0.962088    1.000    2
      age[0]                  0.958793    0.001607    0.884855    1.042150    0.956457    1.019    2
      age[0]                  0.895380    0.002100    0.810700    0.988392    0.891697    1.031    2
      age[0]                   1.031486    0.005768    0.891200    1.181773    1.026372    1.058    2
      age[0]                   1.001402    0.004563    0.892875    1.144359    0.989436    1.033    2
      age[0]                   0.983867    0.002853    0.914773    1.083658    0.974169    1.009    2
      age[0]                  1.036294    0.000860    0.983186    1.097391    1.033972    1.001    2
      age[0]                  0.996258    0.000770    0.970761    1.052739    0.987054    1.000    2
      age[0]                   1.026707    0.001152    0.965383    1.098877    1.024060    1.012    2
      age[0]                  0.997623    0.001021    0.937799    1.062311    0.994850    1.012    2
      age[0]                  0.937703    0.001668    0.863297    1.021032    0.934926    1.000    2
      age[0]                  0.923699    0.000404    0.890011    0.963167    0.920525    1.001    2
      age[0]                  0.997022    0.000268    0.967756    1.028389    0.994656    1.000    2
      age[0]                  1.016167    0.000801    0.963494    1.072008    1.013717    1.001    2
      age[0]                   0.976484    0.001782    0.895557    1.063348    0.975477    1.006    2
      age[0]                  0.952230    0.001641    0.878895    1.039718    0.948333    1.001    2
      age[0]                   0.893009    0.002818    0.795762    1.004161    0.886445    1.004    2
      age[0]                   0.941494    0.000853    0.886164    0.998566    0.939650    1.011    2
      age[0]                  1.010552    0.000790    0.965274    1.067277    1.005467    1.000    2
      age[0]                  0.993870    0.000621    0.948866    1.043683    0.991213    1.003    2
      age[0]                   1.028113    0.001348    0.960798    1.102856    1.025240    1.000    2
      age[0]                  0.993038    0.001543    0.917447    1.064259    0.989486    1.000    2
      age[0]                  1.042855    0.000731    0.992924    1.097121    1.040738    1.000    2
      age[0]                   0.995439    0.001102    0.943493    1.055070    0.989835    1.017    2
      age[0]                  0.984879    0.000792    0.931133    1.041061    0.983081    1.001    2
      age[0]                  0.912965    0.001333    0.846733    0.987760    0.908375    1.010    2
      age[0]                  0.987962    0.005651    0.840410    1.130924    0.982304    1.003    2
      age[0]                  0.891571    0.001799    0.811382    0.978094    0.888356    1.005    2
      age[0]                  0.998485    0.000777    0.949015    1.057042    0.996032    1.004    2
      age[0]                  0.994412    0.000508    0.966030    1.038245    0.989207    1.000    2
      age[0]                   1.014298    0.003125    0.930941    1.118975    1.002155    1.025    2
      age[0]                  0.989031    0.002825    0.882230    1.093932    0.986641    1.002    2
      age[0]                  1.044873    0.005909    0.880421    1.181813    1.045393    1.006    2
      age[0]                   1.024999    0.001510    0.947697    1.097512    1.023901    1.002    2
      age[0]                  1.017578    0.004933    0.956538    1.143875    0.997727    1.001    2
      age[0]                   0.958921    0.000960    0.904800    1.026027    0.954647    1.006    2
      age[0]                  0.999644    0.000596    0.953053    1.048992    0.997817    1.006    2
      age[0]                   0.937689    0.000726    0.892669    0.988411    0.933535    1.014    2
      age[0]                   0.952782    0.000643    0.906783    1.005894    0.950187    1.011    2
      age[0]                   1.012062    0.002008    0.923381    1.095847    1.011823    1.025    2
      age[0]                  0.865430    0.006805    0.715096    1.041438    0.855315    1.000    2
      age[0]                  1.022029    0.001275    0.956491    1.094081    1.018490    1.000    2
      age[0]                  1.046853    0.003161    0.939849    1.158796    1.043635    1.000    2
      age[0]                  0.984309    0.000794    0.932051    1.040699    0.981971    1.000    2
      age[0]                   1.006388    0.001227    0.943931    1.077756    1.002458    1.034    2
      age[0]                  1.031188    0.001440    0.961134    1.105611    1.027727    1.003    2
      age[0]                   1.022843    0.001852    0.942732    1.108132    1.019484    1.002    2
      age[0]                  0.940278    0.001655    0.866768    1.022400    0.936012    1.001    2
      age[0]                  0.998135    0.000812    0.943875    1.053742    0.996476    1.002    2
      age[0]                  0.892080    0.008169    0.792186    1.061991    0.872197    1.000    2
      age[0]                   1.021544    0.001792    0.947058    1.113890    1.017977    1.001    2
      age[0]                  1.017774    0.002298    0.930284    1.116708    1.013637    1.002    2
      age[0]                   0.986948    0.000579    0.942532    1.035144    0.984828    1.005    2
      age[0]                  0.991994    0.002188    0.908424    1.090742    0.986612    1.002    2
      age[0]                   0.941439    0.004698    0.804461    1.069062    0.939653    1.007    2
      age[0]                   0.974930    0.001627    0.899183    1.052956    0.971810    1.001    2
      age[0]                   0.975578    0.001224    0.925965    1.042766    0.968770    1.003    2
      age[0]                  0.859308    0.003573    0.752060    0.984023    0.852369    1.002    2
      age[0]                  0.934109    0.003156    0.825318    1.048197    0.934105    1.001    2
      age[0]                  0.990538    0.001105    0.927511    1.055799    0.988203    1.000    2
      age[0]                  0.814284    0.011965    0.606126    1.043840    0.809551    1.058    2
      age[0]                  0.965447    0.002606    0.905151    1.073482    0.951823    1.013    2
      age[0]                  0.968839    0.002034    0.882933    1.054255    0.966442    1.005    2
      age[0]                  0.889185    0.001758    0.818555    0.964916    0.885367    1.000    2
      age[0]                   1.000823    0.000860    0.946224    1.058071    0.998260    1.003    2
      age[0]                  1.003766    0.001707    0.929127    1.086309    0.999019    1.004    2
      age[0]                   1.016447    0.003399    0.923373    1.128187    1.005452    1.095    2
      age[0]                  0.911469    0.003199    0.837591    1.024746    0.894317    1.008    2
      age[0]                   0.928754    0.001933    0.851921    1.013644    0.923687    1.002    2
      age[0]                   0.996639    0.000483    0.956619    1.040491    0.994746    1.005    2
      age[0]                  1.065543    0.001028    1.004665    1.128832    1.063349    1.000    2
      age[0]                  1.002792    0.000259    0.972299    1.034054    1.001375    1.001    2
      age[0]                   0.934733    0.002684    0.845152    1.043800    0.928887    1.023    2
      age[0]                  0.878144    0.004942    0.778726    1.015313    0.861077    1.012    2
