      TL          5.169912    0.058444    4.698327    5.643103    5.165830  15825.45  16419.97    1.000
      TL          4.771651    0.058550    4.302256    5.247935    4.766112  16069.21  16261.08    1.000
      TL          5.190841    0.060707    4.707842    5.675318    5.185603  21288.42  21437.29    1.000
      TL          4.340594    0.047867    3.917636    4.775412    4.335911  15629.47  15897.72    1.000
      TL          4.993247    0.065613    4.494403    5.497524    4.987639  16232.91  16543.13    1.000
      TL          3.369488    0.067915    2.869153    3.887312    3.359379  14494.74  15374.57    1.000
      TL          4.623497    0.058146    4.145346    5.090285    4.618695  20230.46  20943.29    1.000
      TL          3.373269    0.065515    2.879263    3.875758    3.364122  20882.65  21204.48    1.000
      TL          3.593658    0.046858    3.172202    4.019583    3.589337  23538.77  23957.03    1.000
      TL          5.454242    0.072472    4.939930    5.990857    5.449336  11088.96  12485.18    1.000
      TL          4.591312    0.060580    4.115034    5.078077    4.586310  18550.65  19039.76    1.000
      TL          2.154633    0.039069    1.782722    2.553892    2.147368  15409.34  16793.84    1.000
      TL          2.919933    0.049157    2.484324    3.351472    2.913654  22570.54  23767.79    1.000
      TL          2.182716    0.041773    1.782358    2.581295    2.175507  27903.80  27966.91    1.000
      TL          4.612592    0.052056    4.161790    5.054337    4.607851  16691.60  17509.34    1.000
      TL          5.197416    0.062160    4.717131    5.694006    5.192949  17721.76  17728.16    1.000
      TL          4.714747    0.052747    4.268569    5.171894    4.709982  18010.40  18113.23    1.000
      TL          3.221323    0.058401    2.757660    3.699197    3.213847  25731.76  25839.98    1.000
      TL          1.638911    0.082510    1.111920    2.214952    1.614567  24589.15  25547.02    1.000
      TL          2.747621    0.053710    2.293103    3.198663    2.739753  30745.92  31028.99    1.000
      TL          4.552238    0.048445    4.124177    4.984656    4.549509  19476.48  20677.03    1.000
      TL          3.086231    0.047483    2.660987    3.513596    3.079670  21124.08  22159.86    1.000
      TL          3.769257    0.050731    3.322509    4.207251    3.764439  17200.44  18373.06    1.000
      TL          3.436966    0.050076    3.004977    3.881841    3.430128  11945.49  15797.92    1.000
      TL          4.107792    0.049395    3.674007    4.544732    4.102680  18217.68  18531.62    1.000
      TL          3.785477    0.052318    3.348655    4.245014    3.779568  22500.39  23250.11    1.000
      TL          4.201452    0.061792    3.726403    4.695520    4.196046  11591.51  13017.81    1.000
      TL          4.441712    0.058403    3.989014    4.935022    4.436746  17135.20  17794.53    1.000
      TL          3.872773    0.063004    3.398483    4.375235    3.865443  19319.79  20625.88    1.000
      TL          3.692301    0.041033    3.302531    4.096140    3.688169  20147.55  20296.79    1.000
      TL          4.093323    0.043837    3.688514    4.508423    4.089356  21033.57  21134.77    1.000
      TL          4.157114    0.048294    3.726053    4.585869    4.153410  19892.83  20933.47    1.000
      TL          4.091144    0.049142    3.664457    4.528324    4.087013  22682.37  23222.64    1.000
      TL          2.469760    0.042483    2.068125    2.875499    2.463504  24630.19  25483.49    1.000
      TL          4.795250    0.055136    4.337728    5.255095    4.789648  17736.26  18250.83    1.000
      TL          2.633225    0.051071    2.193984    3.076303    2.626508  20386.96  20757.43    1.000
      TL          3.000071    0.047788    2.581246    3.439276    2.994172  17237.36  18464.55    1.000
      TL          2.400485    0.038395    2.028313    2.793872    2.394670  17431.77  17793.16    1.000
      TL          2.860557    0.051228    2.423272    3.308325    2.853049  26271.28  27102.81    1.000
      TL          3.049805    0.051444    2.620465    3.506385    3.043340  23146.15  24096.95    1.000
      TL          4.646800    0.053517    4.210387    5.116620    4.642284  16303.46  17119.24    1.000
      TL          3.481679    0.048011    3.053298    3.911528    3.476420  21837.16  21935.19    1.000
      TL          4.410990    0.045432    3.991473    4.823348    4.408093  21569.55  21848.63    1.000
      TL          5.391513    0.065486    4.896671    5.897223    5.386212  11972.83  13030.70    1.000
      TL          4.681258    0.060430    4.188780    5.154833    4.676161  14547.53  15492.13    1.000
      TL          3.479940    0.049244    3.055112    3.920259    3.474968  19720.78  20592.80    1.000
      TL          3.777296    0.041970    3.375376    4.173981    3.773054  20665.46  20826.86    1.000
      TL          2.469049    0.034646    2.110911    2.837053    2.464011  23951.00  24496.82    1.000
      TL          4.140815    0.049457    3.704703    4.574727    4.136560  21649.38  21700.02    1.000
      TL          4.481766    0.048770    4.047938    4.912851    4.477400  21125.34  21277.71    1.000
      TL          2.913366    0.044126    2.506387    3.329338    2.908120  21527.23  23601.90    1.000
      TL          2.768397    0.056439    2.315639    3.241509    2.760668  19167.02  21711.78    1.000
      TL          2.570633    0.043464    2.159735    2.975988    2.563917  22085.90  23211.22    1.000
      TL          3.401455    0.042961    3.002311    3.811845    3.395743  23131.19  23793.93    1.000
      TL          3.937679    0.052005    3.491863    4.384519    3.931741  20347.37  20885.70    1.000
      TL          3.836077    0.046774    3.421715    4.267033    3.831712  22239.86  22304.43    1.000
      TL          5.990022    0.076898    5.444884    6.530704    5.984472  13437.46  13807.91    1.000
      TL          2.432291    0.031289    2.082397    2.773227    2.427264  25534.16  27121.52    1.000
      TL          2.779440    0.047615    2.349396    3.203599    2.772907  27173.25  27263.48    1.000
      TL          4.240350    0.049724    3.808831    4.681197    4.236389  15712.11  17225.23    1.000
      TL          2.310677    0.048377    1.893922    2.756641    2.300839  16732.40  16969.93    1.000
      TL          4.451290    0.058763    3.986009    4.931929    4.446364  17331.67  17484.78    1.000
      TL          3.122062    0.046778    2.702198    3.549047    3.116795  22575.07  22879.37    1.000
      TL          5.175230    0.057625    4.712792    5.652575    5.170942  16326.41  16589.84    1.000
      TL          4.720280    0.053883    4.272460    5.178112    4.714434  14491.43  16832.05    1.000
      TL          4.723154    0.056776    4.253339    5.185983    4.717673  17996.45  18817.26    1.000
      TL          2.555713    0.050386    2.128251    3.002688    2.547807  21242.93  21355.47    1.000
      TL          3.494815    0.061508    3.013944    3.985909    3.487306  19016.97  19238.04    1.000
      TL          3.774541    0.058559    3.316869    4.263383    3.769317  21781.01  22550.63    1.000
      TL          3.937327    0.058096    3.470948    4.413892    3.931329  15458.55  15724.29    1.000
      TL          4.519923    0.056326    4.058841    4.983856    4.515469  18329.58  18735.09    1.000
      TL          3.822598    0.058038    3.358566    4.299998    3.816679  20486.30  20669.22    1.000
      TL          5.020336    0.061227    4.539216    5.505825    5.015423  17474.97  19223.75    1.000
      TL          3.435048    0.057322    2.971922    3.909907    3.428712  19373.47  19526.78    1.000
      TL          3.587770    0.063713    3.098729    4.085289    3.580809  18333.43  18640.16    1.000
      TL          1.508740    0.060804    1.047502    2.002226    1.490855  32358.26  32451.83    1.000
      TL          4.888139    0.068728    4.380480    5.407619    4.881853  19258.33  19410.39    1.000
      TL          2.814837    0.067731    2.313162    3.327350    2.803848  16793.56  19530.02    1.000
      TL          4.738259    0.061646    4.254617    5.227740    4.733677  17676.56  18933.00    1.000
      TL          3.206178    0.072928    2.703510    3.754294    3.196793  20903.66  21161.80    1.000
      TL          4.795366    0.057598    4.330034    5.268197    4.790131  14397.24  15639.59    1.000
      TL          5.222787    0.068090    4.707886    5.726812    5.217221  14958.24  15149.18    1.000
      TL          4.495546    0.050184    4.060333    4.935330    4.490280  19192.66  19451.54    1.000
      TL          4.225832    0.054582    3.781260    4.697848    4.221308  17648.01  17972.53    1.000
      TL          3.144459    0.060730    2.680881    3.644555    3.136443  21203.25  21852.19    1.000
      TL          4.392454    0.049400    3.970111    4.837419    4.388779  21868.85  21894.42    1.000
      TL          3.511749    0.056830    3.045300    3.977175    3.505049  10512.08  12270.57    1.000
      TL          3.003890    0.043796    2.604935    3.424276    2.999455  25610.05  26132.94    1.000
      TL          2.978051    0.045807    2.572238    3.407992    2.971564  22073.39  22373.16    1.000
      TL          4.190692    0.086184    3.626603    4.776160    4.179990  17591.02  18751.94    1.000
      TL          5.158674    0.065925    4.653415    5.656705    5.154567  15536.78  16139.56    1.000
      TL          4.753501    0.060361    4.281559    5.240037    4.748478  14759.31  15852.61    1.000
      TL          5.025579    0.062676    4.545727    5.525979    5.020550  13389.64  15361.91    1.000
      TL          2.644144    0.062620    2.164217    3.140429    2.634180  24858.98  25436.55    1.000
      TL          4.681498    0.052780    4.233400    5.133865    4.677903  18492.40  20405.23    1.000
      TL          5.851468    0.071143    5.335376    6.372371    5.846493   9465.15  10124.28    1.000
      TL          2.914292    0.040341    2.525068    3.312220    2.908724  21309.73  22088.70    1.000
      TL          3.376967    0.051139    2.930053    3.816586    3.372380  20118.89  20475.26    1.000
      TL          4.300839    0.053034    3.847840    4.750341    4.297132  17539.99  18452.37    1.000
      TL          3.406528    0.045627    2.999552    3.835390    3.400835  18137.75  18582.44    1.000
