      alpha_symdir             2.460491    0.166173    1.736995    3.283288    2.412486   3652.14   4146.33    1.000
      alpha_symdir             2.800271    0.421349    1.695297    4.100647    2.707527    642.62   1092.19    1.000
      alpha_symdir             2.254356    0.143194    1.594867    3.013771    2.205439   5027.96   5321.74    1.000
      alpha_symdir             2.176434    0.086638    1.646672    2.774956    2.150069   5253.31   5665.40    1.001
      alpha_symdir             2.052723    0.072770    1.542656    2.583365    2.029430   3636.17   3706.66    1.001
      alpha_symdir             2.386879    0.286718    1.515843    3.495736    2.304490   3233.09   4003.06    1.006
      alpha_symdir             2.031210    0.088131    1.496225    2.634612    2.001452   5331.33   5505.95    1.000
      alpha_symdir             3.720897    0.880669    2.123757    5.550874    3.564170   3269.11   3912.85    1.000
      alpha_symdir             1.765336    0.062657    1.303324    2.269343    1.742387   3431.81   4069.47    1.000
      alpha_symdir             2.987789    0.217336    2.144144    3.906292    2.933962   4406.73   4740.00    1.000
      alpha_symdir             2.547025    0.175606    1.815255    3.374886    2.494556   4970.25   5356.66    1.000
      alpha_symdir             4.197667    1.657469    2.183108    6.824125    3.958850   4395.86   4649.91    1.000
      alpha_symdir             3.468163    0.831710    1.988254    5.223785    3.318826   3495.28   3834.59    1.000
      alpha_symdir             2.591367    0.709680    1.270952    4.227167    2.418234   1096.95   1883.96    1.006
      alpha_symdir             2.781301    0.257070    1.874467    3.788364    2.715884   3672.19   3822.12    1.001
      alpha_symdir             2.658558    0.148867    1.980033    3.440170    2.617152   6309.78   6362.29    1.000
      alpha_symdir             2.336106    0.139851    1.662236    3.072661    2.298686    752.41   1377.38    1.000
      alpha_symdir             2.184641    0.295028    1.299468    3.263835    2.094201   1369.38   1511.25    1.003
      alpha_symdir             3.163642    1.320569    1.376032    5.436332    2.921396   4072.82   4245.89    1.000
      alpha_symdir             3.445371    1.061614    1.772127    5.424254    3.263726   3904.82   4518.80    1.000
      alpha_symdir             2.785416    0.235968    1.902942    3.729253    2.727915   5538.13   5938.40    1.000
      alpha_symdir             2.157947    0.191097    1.383424    3.036203    2.099306   4930.33   5017.58    1.000
      alpha_symdir             2.757392    0.268111    1.849347    3.780437    2.687328   2758.92   2874.72    1.000
      alpha_symdir             1.869570    0.163640    1.155313    2.680709    1.820607    334.34    513.74    1.001
      alpha_symdir             2.067394    0.099007    1.492678    2.677397    2.029903    773.99   2987.04    1.004
      alpha_symdir             2.351957    0.181428    1.597796    3.189188    2.290652   4010.68   4360.98    1.000
      alpha_symdir             2.212903    0.192452    1.425043    3.082806    2.155919   1133.72   1269.19    1.000
      alpha_symdir             2.101334    0.087004    1.574332    2.693831    2.069684   6196.13   6326.10    1.000
      alpha_symdir             3.232314    0.700584    1.872780    4.903654    3.091665    644.88    909.30    1.000
      alpha_symdir             2.221421    0.126945    1.567059    2.899821    2.177659   6266.80   6292.26    1.000
      alpha_symdir             2.543260    0.163856    1.826048    3.357240    2.497583   4352.33   4429.60    1.000
      alpha_symdir             2.232181    0.113920    1.641158    2.921720    2.198965   4214.66   4226.06    1.002
      alpha_symdir             2.466021    0.187329    1.710723    3.316611    2.405584   4655.04   5170.97    1.000
      alpha_symdir             3.354444    1.094522    1.684567    5.427909    3.162669   3504.89   4155.80    1.000
      alpha_symdir             2.287722    0.114290    1.692902    2.986860    2.253186   5824.30   6171.40    1.000
      alpha_symdir             2.137140    0.242826    1.336773    3.141635    2.056599   4450.46   4472.35    1.001
      alpha_symdir             2.269174    0.213881    1.461125    3.166302    2.198704   1344.89   1352.35    1.002
      alpha_symdir             4.139153    1.713460    1.972344    6.717473    3.898772   4873.21   4975.02    1.000
      alpha_symdir             2.602505    0.418288    1.553637    3.928060    2.491718   4258.23   4765.36    1.001
      alpha_symdir             2.052762    0.162083    1.352772    2.855228    1.997847    274.92    301.85    1.001
      alpha_symdir             2.670607    0.183638    1.927752    3.545540    2.619169   5578.11   5697.71    1.000
      alpha_symdir             2.172780    0.163314    1.469069    2.985102    2.115248   5552.31   5627.86    1.000
      alpha_symdir             2.519488    0.145258    1.847715    3.294698    2.477033   5993.63   6033.51    1.000
      alpha_symdir             2.482565    0.159987    1.759201    3.286665    2.436281   4295.29   4500.93    1.001
      alpha_symdir             1.707005    0.060191    1.248787    2.186205    1.684245    899.80   1034.82    1.001
      alpha_symdir             2.877255    0.348044    1.893401    4.063578    2.792076   5419.92   5535.49    1.000
      alpha_symdir             2.410048    0.243534    1.577987    3.401543    2.339617   4157.57   4473.63    1.000
      alpha_symdir             2.869512    0.484152    1.703712    4.226329    2.751329   1241.62   1303.16    1.000
      alpha_symdir             1.864230    0.074259    1.357251    2.396317    1.837395   2077.14   3158.23    1.000
      alpha_symdir             2.468834    0.202124    1.663568    3.345156    2.407612   5312.78   5479.97    1.000
      alpha_symdir             3.069429    0.653492    1.758933    4.697993    2.923106   3182.99   3567.35    1.000
      alpha_symdir             3.379968    0.780912    1.940209    5.163034    3.238685   3894.11   4173.68    1.000
      alpha_symdir             3.204984    0.920247    1.708182    5.115122    3.025290   3548.89   3919.54    1.000
      alpha_symdir             2.543399    0.242052    1.676572    3.502117    2.476024   4074.91   4730.17    1.000
      alpha_symdir             2.600763    0.229335    1.801131    3.571274    2.533922    387.27    571.90    1.003
      alpha_symdir             2.655594    0.290599    1.723145    3.728069    2.576823   3605.45   4244.19    1.003
      alpha_symdir             2.528762    0.161374    1.790696    3.315651    2.483303   2867.14   3721.56    1.001
      alpha_symdir             3.083144    0.601675    1.832936    4.625154    2.945186   5027.95   5088.83    1.000
      alpha_symdir             2.789989    0.468594    1.682039    4.165590    2.675776   1619.91   2300.77    1.000
      alpha_symdir             2.650073    0.258472    1.747976    3.643151    2.585164    817.23   1411.65    1.002
      alpha_symdir             2.052127    0.365749    1.079013    3.240433    1.938781    858.85    956.68    1.000
      alpha_symdir             2.795506    0.285265    1.858730    3.866585    2.731012   3561.20   3881.53    1.001
      alpha_symdir             2.978174    0.509179    1.813554    4.404687    2.853688   4907.07   4971.56    1.000
      alpha_symdir             2.439239    0.123293    1.795371    3.121932    2.401946   6074.34   6246.11    1.000
      alpha_symdir             2.455176    0.131784    1.795019    3.161601    2.412463   3775.54   3813.40    1.000
      alpha_symdir             3.073909    0.252821    2.154929    4.062752    3.012225   3922.35   4602.61    1.000
      alpha_symdir             2.701354    0.447264    1.614940    4.053753    2.588925   3352.10   3931.84    1.000
      alpha_symdir             3.916162    1.122731    2.219973    6.080837    3.734672   3809.69   4173.77    1.000
      alpha_symdir             2.930215    0.357364    1.911907    4.109264    2.842509   4686.40   4764.32    1.000
      alpha_symdir             2.825884    0.560130    1.618779    4.318937    2.692822   1086.18   1259.20    1.000
      alpha_symdir             2.774455    0.260366    1.897398    3.818904    2.706485   4881.85   5399.79    1.000
      alpha_symdir             2.356714    0.156792    1.638755    3.139019    2.309631   4230.83   4716.17    1.000
      alpha_symdir             2.253632    0.107458    1.643413    2.889603    2.221031   4711.92   4894.92    1.000
      alpha_symdir             2.138264    0.164720    1.433193    2.983750    2.081112   1891.90   2952.27    1.000
      alpha_symdir             1.964405    0.104637    1.371367    2.598915    1.926123   6684.38   6783.13    1.000
      alpha_symdir             2.410808    0.867527    1.030275    4.301090    2.223466   2682.97   2706.60    1.000
      alpha_symdir             2.092388    0.103754    1.523486    2.747613    2.055170   4797.60   4879.84    1.000
      alpha_symdir             3.310259    1.154878    1.649880    5.478756    3.102669   2961.99   3240.60    1.000
      alpha_symdir             2.211446    0.122330    1.581402    2.922073    2.169626   5291.63   5682.46    1.000
      alpha_symdir             1.944781    0.164945    1.225675    2.741512    1.894331   1263.69   1440.58    1.000
      alpha_symdir             2.466048    0.154812    1.748139    3.253528    2.421723   2126.21   3016.61    1.001
      alpha_symdir             2.415659    0.142834    1.744608    3.172146    2.370909   5469.18   5500.92    1.000
      alpha_symdir             2.251422    0.114874    1.649529    2.944893    2.213494   4367.21   4560.59    1.000
      alpha_symdir             3.419912    0.535287    2.224730    4.911698    3.311353   2310.00   2868.94    1.001
      alpha_symdir             2.281888    0.232001    1.448789    3.244431    2.212677   1053.17   1752.47    1.000
      alpha_symdir             2.802225    0.312316    1.844226    3.927929    2.724529   2323.70   3563.66    1.000
      alpha_symdir             2.674052    0.339204    1.668123    3.838694    2.591294   1290.64   1525.55    1.001
      alpha_symdir             2.662753    0.379992    1.595695    3.892357    2.563562    995.89   1256.48    1.000
      alpha_symdir             1.865091    0.098161    1.302597    2.480316    1.821159   4707.71   4808.80    1.001
      alpha_symdir             2.209651    0.155992    1.525155    3.012496    2.159153   3228.65   4118.15    1.000
      alpha_symdir             1.840948    0.058920    1.406485    2.328061    1.815074   4500.23   4630.52    1.000
      alpha_symdir             2.485902    0.175158    1.748556    3.343709    2.437273   2316.96   2410.29    1.000
      alpha_symdir             2.575132    0.159032    1.862788    3.374358    2.528880   1149.70   1944.40    1.005
      alpha_symdir             3.329318    0.932704    1.737881    5.250831    3.153067   2043.78   2380.61    1.001
      alpha_symdir             2.765844    0.219043    1.938933    3.723769    2.717202   4366.23   4794.27    1.000
      alpha_symdir             2.668954    0.155227    1.926560    3.428857    2.633935   5295.36   5773.38    1.000
      alpha_symdir             2.809581    0.591490    1.566232    4.333419    2.669401   2044.10   2547.48    1.003
      alpha_symdir             2.639204    0.348185    1.674317    3.839575    2.543028   4136.48   4850.03    1.000
      alpha_symdir             3.154043    0.294232    2.180177    4.227063    3.082096   6453.68   6676.93    1.000
      alpha_symdir             2.338812    0.158273    1.639934    3.143120    2.285799   2966.59   3167.33    1.000
