0.2048193
0.3333333
0.1590909
0.2045455
0.25
0.2
0.2307692
0.09090909
0.3103448
0.2
0.1052632
0.0625
0.1304348
0.125
0.1860465
0.1304348
0.1395349
0.05263158
0.1428571
0.125
0.3043478
0.25
0.1612903
0.03846154
0.025
0.2765957
0.3529412
0.2
0.1111111
0.1794872
0.2195122
0.3243243
0.1891892
0.05882353
0.1086957
0.25
0.1851852
0.2272727
0.1578947
0.16
0.3191489
0.1034483
0.1914894
0.2978723
0.1351351
0.07407407
0.2
0.1666667
0.1818182
0.1555556
0.04347826
0.05555556
0.2105263
0.2
0.125
0.1142857
0.1190476
0.2272727
0.15
0.1621622
0.1111111
0.2
0.08
0.1555556
0.1860465
0.15
0.1764706
0.2727273
0.1153846
0
0.125
0.1111111
0.225
0.08695652
0.07692308
0.1666667
0.1025641
0.1333333
0.1463415
0.2105263
0.09859155
0.2045455
0.2820513
0.2
0.1052632
0.02631579
0.2
0.2
0.1538462
0.125
0.2325581
0.1428571
0.1304348
0.0625
0.2
0.173913
0.3
0.07142857
0.1052632
0.2903226
