0.2093023
0.2777778
0.1818182
0.1818182
0.1590909
0.3
0.2307692
0.2727273
0.3103448
0.2
0.05263158
0.3125
0.1304348
0.125
0.2790698
0.173913
0.2325581
0.2631579
0.2857143
0.125
0.2173913
0.25
0.1290323
0.1923077
0.075
0.07407407
0.2647059
0.2
0.07407407
0.1282051
0.1707317
0.2702703
0.02702703
0.1764706
0.04347826
0.15
0.1111111
0.1818182
0.05263158
0.12
0.2765957
0
0.2765957
0.2340426
0.1081081
0.1481481
0.25
0.2916667
0.1818182
0.2222222
0.04347826
0.1666667
0
0.1666667
0.21875
0.1142857
0.1428571
0.2272727
0.2
0.1891892
0
0.15
0.04
0.1111111
0.1627907
0.2
0.1176471
0.2727273
0.1153846
0.1923077
0.2
0.2592593
0.175
0.1304348
0.1923077
0.1666667
0.3076923
0
0.195122
0.1052632
0.1578947
0.1818182
0.3333333
0.3142857
0.1052632
0.1052632
0.3333333
0.4
0.2307692
0.1666667
0.1395349
0.08571429
0.2173913
0.0625
0.15
0.1304348
0.1
0.1428571
0.3157895
0.1935484
