      TL             5.944679    0.130193    5.256808    6.671838    5.931468    622.27    777.06    1.000
      TL             6.536853    0.180149    5.732497    7.383528    6.520766    417.22    597.61    1.002
      TL             6.590057    0.133180    5.888818    7.312754    6.581343    897.21   1067.97    1.002
      TL             5.796271    0.112008    5.145007    6.447973    5.785946    913.81    923.05    1.000
      TL             6.490378    0.150068    5.742104    7.252864    6.479262    442.02    636.12    1.001
      TL             4.525672    0.123744    3.825314    5.209137    4.509152    748.91    801.41    1.001
      TL             6.075732    0.152079    5.335647    6.854657    6.066649    567.16    599.43    1.000
      TL             3.907880    0.126975    3.221560    4.610574    3.897069    141.78    385.35    1.004
      TL             5.147942    0.122765    4.467688    5.834988    5.136443    447.66    934.20    1.002
      TL             7.071921    0.158094    6.305303    7.850797    7.059724    640.51    679.77    1.000
      TL             5.786528    0.091628    5.196465    6.387394    5.777791    664.14    842.31    1.000
      TL             2.872609    0.096947    2.298723    3.509458    2.852498    889.85    905.48    1.001
      TL             4.202605    0.111396    3.571715    4.865697    4.185601    428.82    481.66    1.000
      TL             2.822719    0.075924    2.313613    3.387066    2.805758    685.93    961.17    1.009
      TL             6.473417    0.127777    5.778655    7.173763    6.464893    842.93    930.74    1.001
      TL             6.151575    0.135915    5.447486    6.889100    6.139492    400.68    534.18    1.001
      TL             6.103475    0.106184    5.456754    6.730194    6.089991   1040.24   1053.69    1.004
      TL             4.168876    0.159656    3.422752    4.981174    4.148930    732.43    792.91    1.000
      TL             1.963316    0.093867    1.405020    2.578221    1.932545    445.39    577.60    1.005
      TL             3.400379    0.081771    2.827161    3.946469    3.385934    717.64    885.86    1.001
      TL             6.239504    0.118051    5.568784    6.905733    6.231382    717.00    757.74    1.000
      TL             4.231645    0.139963    3.517284    4.978806    4.214254    520.30    633.02    1.000
      TL             4.977076    0.122439    4.280085    5.650936    4.969270    518.97    592.16    1.000
      TL             4.503559    0.128704    3.808692    5.214228    4.491769    495.86    612.70    1.000
      TL             5.977644    0.137500    5.255854    6.708786    5.973742    200.53    325.61    1.001
      TL             4.343555    0.100904    3.736342    4.975627    4.330506    751.53    755.69    1.000
      TL             6.817187    0.238172    5.862126    7.773056    6.798978    383.28    406.56    1.000
      TL             5.046742    0.103221    4.428834    5.681271    5.036887    691.87    705.87    1.002
      TL             5.275212    0.139763    4.538641    5.998070    5.263049    647.48    651.75    1.000
      TL             4.351436    0.091464    3.756227    4.938841    4.343614    326.64    401.75    1.002
      TL             5.947741    0.116967    5.278719    6.615816    5.939765    572.16    677.51    1.000
      TL             6.089532    0.159162    5.315034    6.866131    6.072789    341.87    492.35    1.001
      TL             5.266563    0.139576    4.530441    5.979189    5.270253    222.27    348.71    1.000
      TL             3.149757    0.101922    2.545090    3.783792    3.132809    488.81    650.15    1.002
      TL             5.807416    0.088994    5.227050    6.397562    5.800533    627.66    669.78    1.000
      TL             2.955401    0.062371    2.464567    3.432641    2.946498    506.53    698.60    1.007
      TL             3.602608    0.065031    3.112937    4.106127    3.594490   1115.73   1222.48    1.002
      TL             2.899487    0.080603    2.357124    3.460447    2.888407    261.11    328.00    1.000
      TL             3.335415    0.076950    2.808052    3.890079    3.324347   1138.78   1265.00    1.000
      TL             3.978930    0.079701    3.433965    4.534802    3.970390   1022.17   1108.56    1.000
      TL             6.506039    0.124513    5.837193    7.208450    6.494408    545.19    713.97    1.000
      TL             3.894424    0.119964    3.228499    4.574669    3.884416    141.58    266.98    1.000
      TL             6.627422    0.134915    5.912824    7.350663    6.619068    579.33    588.71    1.000
      TL             6.935877    0.190325    6.094927    7.792827    6.917977    326.75    382.72    1.001
      TL             6.192846    0.152611    5.439334    6.959897    6.178981    543.83    627.44    1.001
      TL             3.715903    0.152229    3.028357    4.526320    3.674434    154.77    168.41    1.004
      TL             4.772686    0.093003    4.198928    5.390022    4.762398    712.61    796.62    1.000
      TL             4.089802    0.110991    3.447639    4.747201    4.074376    545.71    616.51    1.001
      TL             5.616048    0.138191    4.908974    6.361856    5.600367    247.14    521.04    1.000
      TL             5.387631    0.099253    4.784489    6.018621    5.380136    973.94   1041.42    1.000
      TL             4.085735    0.098175    3.479029    4.709486    4.070962   1411.47   1501.96    1.001
      TL             4.106304    0.132127    3.415481    4.818624    4.082821   1114.61   1254.40    1.000
      TL             3.072338    0.091028    2.521614    3.691725    3.056998    595.23    690.60    1.001
      TL             4.777941    0.109290    4.126568    5.421324    4.768958    842.42    874.70    1.003
      TL             5.349784    0.207694    4.424321    6.189341    5.378476     37.68     45.36    1.005
      TL             4.648322    0.082827    4.086126    5.208811    4.645721   1341.32   1448.30    1.000
      TL             6.765206    0.132936    6.053932    7.482773    6.752910   1067.60   1181.70    1.000
      TL             3.913106    0.090955    3.335118    4.508182    3.902100   1117.64   1251.11    1.001
      TL             3.590020    0.099202    2.968369    4.204996    3.586780    621.48    623.40    1.000
      TL             5.132175    0.102587    4.534068    5.782654    5.123967    460.17    667.71    1.001
      TL             2.430012    0.054809    1.982452    2.890649    2.418707    904.71    981.81    1.001
      TL             5.433835    0.105909    4.801629    6.066495    5.427614    686.92    746.42    1.002
      TL             3.400713    0.081013    2.837316    3.955020    3.390689    317.49    513.61    1.000
      TL             6.585194    0.135945    5.876112    7.316782    6.575978    815.09    839.23    1.000
      TL             6.599810    0.173205    5.814215    7.443339    6.594236    552.51    660.35    1.000
      TL             5.855014    0.113978    5.188063    6.510584    5.846698    774.10   1128.11    1.001
      TL             3.347792    0.081386    2.790791    3.907328    3.332145   1191.39   1376.74    1.001
      TL             3.896213    0.102457    3.292941    4.541506    3.883536    618.01    738.43    1.000
      TL             4.132366    0.119150    3.458913    4.809690    4.122798    315.79    355.16    1.000
      TL             5.459843    0.151428    4.705817    6.248865    5.464462    332.03    483.32    1.000
      TL             6.075819    0.156484    5.199402    6.825525    6.105341     30.21     64.90    1.001
      TL             4.972390    0.204912    4.128435    5.879252    4.936389    195.36    280.08    1.001
      TL             6.721655    0.147425    5.987981    7.490015    6.713079    565.92    653.02    1.002
      TL             4.268116    0.112163    3.591482    4.914148    4.268402    210.30    319.61    1.000
      TL             3.437085    0.086452    2.874486    4.021741    3.425528    720.32    773.05    1.005
      TL             1.875094    0.060786    1.420175    2.375503    1.856388   1338.44   1458.34    1.000
      TL             6.101823    0.122603    5.424423    6.799633    6.094176    673.81    829.28    1.000
      TL             2.907459    0.055704    2.458270    3.378311    2.899145    779.46   1298.80    1.001
      TL             5.655983    0.099851    5.055983    6.294337    5.650655    843.85    847.56    1.000
      TL             3.776481    0.112102    3.149441    4.453349    3.760632    533.21    571.94    1.001
      TL             5.351507    0.105023    4.735645    5.999089    5.338337    600.39    654.15    1.000
      TL             7.086258    0.166907    6.299812    7.894764    7.074599    533.71    634.85    1.003
      TL             5.071734    0.093073    4.476036    5.664117    5.063861    330.76    458.73    1.003
      TL             5.517528    0.108420    4.882929    6.170428    5.506941    997.94   1016.24    1.003
      TL             4.441291    0.133330    3.768374    5.180587    4.421751    575.47    837.13    1.001
      TL             6.099859    0.117296    5.436782    6.776331    6.088875    414.35    448.90    1.000
      TL             4.271916    0.116806    3.605888    4.935461    4.260056    461.53    473.71    1.017
      TL             3.600633    0.080886    3.049866    4.161247    3.589770   1278.94   1444.06    1.000
      TL             3.908325    0.111614    3.266631    4.567000    3.897500    414.78    446.74    1.002
      TL             4.984958    0.207738    4.132239    5.889683    4.962757    256.97    315.95    1.005
      TL             6.320891    0.129267    5.606859    7.018215    6.311237    418.43    624.47    1.002
      TL             5.369711    0.145154    4.610248    6.122831    5.385577     46.12    430.05    1.040
      TL             7.617458    0.175019    6.823871    8.457312    7.607673    585.44    705.86    1.000
      TL             3.372270    0.099705    2.777126    4.008930    3.354343    493.76    553.57    1.004
      TL             6.958987    0.123054    6.270279    7.635211    6.951041    891.67    998.44    1.000
      TL             7.303140    0.133938    6.607087    8.030191    7.294640    841.82    881.95    1.003
      TL             3.365039    0.099869    2.672932    3.946606    3.394806     44.48    140.77    1.023
      TL             4.260289    0.097604    3.662517    4.892955    4.258089    694.50    705.69    1.000
      TL             6.297029    0.167440    5.495985    7.098068    6.290914    221.70    413.58    1.001
      TL             4.752186    0.125940    4.088953    5.470738    4.734991    823.89   1000.13    1.002
