0.1162791
0.1388889
0.1136364
0.1590909
0.1590909
0.15
0.07692308
0.09090909
0.1724138
0.08888889
0.07894737
0.125
0.1304348
0.0625
0.2325581
0.08695652
0.1162791
0.05263158
0.1428571
0.125
0.173913
0.08333333
0.06451613
0.2
0.05
0.1851852
0.1470588
0.2
0.03703704
0.1282051
0.1707317
0.1081081
0.1081081
0.1764706
0.08695652
0.05
0.03703704
0.04545455
0.05263158
0.12
0.106383
0.1034483
0.08510638
0.212766
0.02702703
0.2592593
0.2
0.04166667
0.2121212
0.1333333
0.08695652
0.1666667
0.1578947
0.06666667
0.03125
0.08571429
0.1190476
0.1818182
0.1
0.1081081
0.05555556
0.15
0.04
0.1555556
0.255814
0.15
0.05882353
0.2272727
0
0.1153846
0.1
0.07407407
0.05
0.08695652
0.03846154
0.1666667
0.2051282
0.1333333
0.09756098
0.1578947
0.1052632
0.09090909
0.1282051
0.1142857
0.05263158
0.02631579
0.1666667
0.2
0.03846154
0.08333333
0.06976744
0.08571429
0.04347826
0.1875
0.15
0.1304348
0.03333333
0.1428571
0.1842105
0.1290323
