      age[0]                   0.959640    0.002114    0.873562    1.050589    0.954228    1.000    2
      age[0]                  1.034659    0.001154    0.972630    1.103060    1.031383    1.002    2
      age[0]                   1.009671    0.001011    0.951218    1.070005    1.006381    1.010    2
      age[0]                   1.016407    0.000929    0.958896    1.078090    1.015719    1.000    2
      age[0]                   1.072800    0.001180    1.006473    1.141531    1.070801    1.008    2
      age[0]                  1.055084    0.002367    0.962851    1.155688    1.051583    1.005    2
      age[0]                  1.005594    0.000387    0.969546    1.045519    1.004213    1.001    2
      age[0]                  0.812803    0.002429    0.730106    0.909656    0.805883    1.019    2
      age[0]                  1.025070    0.000846    0.969951    1.082517    1.022867    1.000    2
      age[0]                   0.956156    0.000880    0.904801    1.019097    0.952716    1.006    2
      age[0]                  0.995918    0.002203    0.913945    1.088984    0.990868    1.009    2
      age[0]                  0.904657    0.005321    0.831189    1.057047    0.878751    1.000    2
      age[0]                  0.987807    0.004206    0.857104    1.101592    0.983841    1.000    2
      age[0]                  0.951796    0.004279    0.841748    1.084196    0.942073    1.000    2
      age[0]                   0.988366    0.000828    0.932899    1.044307    0.986766    1.003    2
      age[0]                   0.991140    0.000610    0.944301    1.040626    0.989117    1.000    2
      age[0]                   1.009430    0.000346    0.976264    1.047077    1.007416    1.002    2
      age[0]                  1.070701    0.003300    0.966932    1.184434    1.065282    1.000    2
      age[0]                  0.866576    0.012287    0.652042    1.080890    0.866718    1.005    2
      age[0]                  0.970457    0.000306    0.951793    1.004714    0.965694    1.010    2
      age[0]                   1.016663    0.001097    0.955407    1.083685    1.013847    1.005    2
      age[0]                  1.047330    0.000833    0.995467    1.104263    1.043830    1.000    2
      age[0]                  0.973881    0.003029    0.872430    1.085349    0.969479    1.000    2
      age[0]                  1.050008    0.002534    0.956217    1.147714    1.047466    1.001    2
      age[0]                  0.964309    0.000826    0.911064    1.021944    0.961786    1.001    2
      age[0]                  0.947589    0.001915    0.865345    1.033715    0.945401    1.011    2
      age[0]                  1.003919    0.002705    0.904514    1.110484    1.002558    1.006    2
      age[0]                  0.972817    0.001320    0.903283    1.043485    0.970360    1.002    2
      age[0]                  0.947752    0.002726    0.852685    1.058273    0.944966    1.003    2
      age[0]                  0.942011    0.001269    0.878416    1.017441    0.939601    1.006    2
      age[0]                   0.996257    0.001106    0.933246    1.062467    0.994038    1.006    2
      age[0]                   0.972418    0.001533    0.914781    1.047439    0.966001    1.000    2
      age[0]                  1.006215    0.000537    0.962359    1.053965    1.005250    1.008    2
      age[0]                  1.001010    0.001041    0.970761    1.065437    0.991031    1.003    2
      age[0]                   1.080930    0.001469    1.007046    1.157725    1.080006    1.041    2
      age[0]                  1.038964    0.000964    0.980139    1.099621    1.036153    1.001    2
      age[0]                  0.914849    0.001455    0.844079    0.993007    0.912792    1.000    2
      age[0]                  0.909331    0.000514    0.877822    0.946834    0.905224    1.004    2
      age[0]                  1.029240    0.000740    0.984666    1.080790    1.024649    1.001    2
      age[0]                  1.039381    0.001159    0.974677    1.108164    1.037219    1.000    2
      age[0]                   0.972531    0.001364    0.903444    1.047180    0.969877    1.011    2
      age[0]                  0.952314    0.001308    0.881743    1.021617    0.950543    1.016    2
      age[0]                   0.912635    0.002418    0.821995    1.011479    0.910595    1.001    2
      age[0]                   1.006328    0.001170    0.941163    1.074556    1.004646    1.001    2
      age[0]                  1.001462    0.000444    0.963961    1.045136    0.999167    1.000    2
      age[0]                  0.995680    0.000557    0.952323    1.043281    0.993712    1.000    2
      age[0]                  0.992052    0.000737    0.942908    1.047566    0.989818    1.001    2
      age[0]                  0.987010    0.001770    0.915302    1.065235    0.981607    1.001    2
      age[0]                  1.010299    0.001379    0.949262    1.080705    1.003430    1.000    2
      age[0]                   1.022368    0.000939    0.962976    1.080184    1.020820    1.016    2
      age[0]                  1.024499    0.001510    0.945631    1.100362    1.023197    1.000    2
      age[0]                  0.949005    0.002276    0.857753    1.042796    0.946089    1.007    2
      age[0]                  0.966903    0.004626    0.834651    1.090975    0.963937    1.001    2
      age[0]                  0.982688    0.003204    0.879660    1.091640    0.980263    1.003    2
      age[0]                  0.985766    0.001498    0.916832    1.061012    0.980938    1.006    2
      age[0]                  1.013177    0.001040    0.966044    1.076900    1.006883    1.001    2
      age[0]                   1.000378    0.001153    0.941623    1.067759    0.995501    1.009    2
      age[0]                  0.952965    0.001859    0.864484    1.032285    0.951889    1.009    2
      age[0]                  0.960682    0.001066    0.900098    1.025499    0.957736    1.000    2
      age[0]                  0.990678    0.000907    0.939174    1.048031    0.987721    1.004    2
      age[0]                  1.042844    0.001907    0.958903    1.122965    1.038123    1.000    2
      age[0]                   0.952021    0.000935    0.896703    1.013959    0.948777    1.001    2
      age[0]                  0.991728    0.000642    0.943703    1.041573    0.989846    1.002    2
      age[0]                   1.054106    0.001936    0.973654    1.141468    1.052517    1.006    2
      age[0]                   1.024115    0.001963    0.939002    1.109758    1.021632    1.021    2
      age[0]                   0.989877    0.001335    0.919985    1.057950    0.986623    1.011    2
      age[0]                  0.923481    0.004134    0.794634    1.050617    0.920178    1.004    2
      age[0]                  1.004680    0.001580    0.936709    1.077438    0.999835    1.004    2
      age[0]                  1.022404    0.002253    0.935854    1.121414    1.019711    1.002    2
      age[0]                  1.076382    0.001559    1.002218    1.154090    1.073542    1.000    2
      age[0]                   0.989705    0.001508    0.918437    1.069747    0.987300    1.005    2
      age[0]                  1.051051    0.001923    0.970851    1.141048    1.047936    1.001    2
      age[0]                  0.992040    0.001131    0.928747    1.059572    0.990533    1.000    2
      age[0]                  1.033552    0.003629    0.921808    1.152061    1.028801    1.000    2
      age[0]                  1.011132    0.000976    0.950286    1.074292    1.008872    1.000    2
      age[0]                  0.886282    0.004731    0.792191    1.017776    0.873132    1.000    2
      age[0]                  0.980911    0.001492    0.907270    1.057329    0.977486    1.016    2
      age[0]                  1.026351    0.001889    0.947588    1.116741    1.022277    1.000    2
      age[0]                   1.039814    0.001196    0.972093    1.106498    1.037651    1.004    2
      age[0]                  1.017190    0.001910    0.935180    1.104386    1.013126    1.005    2
      age[0]                  0.943965    0.002276    0.849743    1.033111    0.942730    1.003    2
      age[0]                   0.935547    0.000963    0.876917    0.998374    0.933871    1.021    2
      age[0]                  0.979225    0.001187    0.925964    1.043080    0.974092    1.008    2
      age[0]                  0.846124    0.001462    0.774225    0.920400    0.843218    1.001    2
      age[0]                  0.987291    0.001968    0.903183    1.074076    0.984720    1.002    2
      age[0]                  0.983162    0.000879    0.931118    1.045606    0.980384    1.002    2
      age[0]                  0.784757    0.005515    0.643330    0.932307    0.779335    1.001    2
      age[0]                  1.006515    0.004009    0.906093    1.119211    0.998565    1.001    2
      age[0]                  1.023780    0.002705    0.922507    1.123192    1.020476    1.000    2
      age[0]                  0.963910    0.001639    0.889105    1.048681    0.961756    1.002    2
      age[0]                   1.041317    0.001480    0.964984    1.115748    1.039058    1.000    2
      age[0]                  1.001640    0.000951    0.944955    1.064574    0.999238    1.000    2
      age[0]                   1.059353    0.001701    0.985435    1.146232    1.056401    1.002    2
      age[0]                  0.965489    0.003165    0.869752    1.077229    0.957338    1.005    2
      age[0]                   1.037276    0.001407    0.963281    1.108907    1.035725    1.004    2
      age[0]                   1.056159    0.000866    1.001283    1.115714    1.053954    1.009    2
      age[0]                  1.031023    0.000804    0.979721    1.092236    1.028972    1.007    2
      age[0]                  1.007234    0.000376    0.972493    1.044632    1.004896    1.000    2
      age[0]                  0.963076    0.002101    0.879382    1.058294    0.959595    1.006    2
      age[0]                  0.952788    0.004490    0.827309    1.085271    0.946586    1.002    2
