      alpha_symdir{1}   5.656791    2.490526    3.018240    8.847449    5.413303  11338.71  11666.57    1.000
      alpha_symdir{1}   6.023792    2.911279    3.145580    9.458913    5.780605  13238.17  13727.06    1.000
      alpha_symdir{1}   5.445370    2.262814    2.961273    8.489738    5.223178  12931.74  13315.31    1.000
      alpha_symdir{1}   4.845914    1.762650    2.557756    7.456410    4.632837  12183.84  12450.49    1.000
      alpha_symdir{1}   6.463182    3.068419    3.403166    9.946090    6.221780  12444.91  13063.82    1.000
      alpha_symdir{1}   4.122343    1.992600    1.821092    6.955778    3.878523  13360.94  13567.72    1.000
      alpha_symdir{1}   5.311665    2.275906    2.774711    8.319914    5.075082  12430.04  12496.06    1.000
      alpha_symdir{1}   2.876190    1.007113    1.313672    4.865879    2.676481  11346.55  11641.83    1.000
      alpha_symdir{1}   4.104926    1.878643    1.910149    6.861935    3.853685  10547.46  11092.78    1.000
      alpha_symdir{1}   5.502210    2.320879    2.911111    8.570028    5.286876  11885.80  12250.56    1.000
      alpha_symdir{1}   6.154792    2.929561    3.200652    9.631145    5.902689  12473.91  13047.00    1.000
      alpha_symdir{1}   3.826611    1.998613    1.564358    6.635884    3.577875  12180.90  12652.27    1.000
      alpha_symdir{1}   5.337335    2.697858    2.533431    8.620983    5.096279  11928.01  12435.92    1.000
      alpha_symdir{1}   3.578182    1.656667    1.524973    6.133954    3.335928  13014.58  13296.28    1.000
      alpha_symdir{1}   6.516920    3.106239    3.496219   10.067190    6.278696  11552.35  12125.30    1.000
      alpha_symdir{1}   5.237054    2.213421    2.692110    8.223607    5.019270  13361.76  13411.42    1.000
      alpha_symdir{1}   5.760493    2.567351    3.049338    8.973582    5.511369  12635.91  12670.26    1.000
      alpha_symdir{1}   3.647124    1.518666    1.682602    6.034575    3.415727  12871.45  12921.91    1.000
      alpha_symdir{1}   3.587671    1.963987    1.351205    6.431598    3.335790   4867.73   9389.78    1.000
      alpha_symdir{1}   3.448118    1.477240    1.529409    5.880588    3.218716  13489.03  13885.44    1.000
      alpha_symdir{1}   6.492398    3.045453    3.578849   10.132940    6.229935  13702.00  13732.99    1.000
      alpha_symdir{1}   4.732397    2.236001    2.291846    7.792684    4.466423  12912.77  13322.15    1.000
      alpha_symdir{1}   6.225272    3.049931    3.192714    9.658894    5.978821  13886.23  13943.90    1.000
      alpha_symdir{1}   6.280248    3.235176    3.154550    9.877552    6.029451  14047.81  14242.89    1.000
      alpha_symdir{1}   5.939605    2.811143    3.114076    9.329866    5.711359  11941.86  12599.09    1.000
      alpha_symdir{1}   4.764127    2.012206    2.361740    7.538735    4.538001  12225.51  12420.07    1.000
      alpha_symdir{1}   6.581352    3.115399    3.600779   10.212630    6.352116  12573.93  13089.43    1.000
      alpha_symdir{1}   5.683162    2.555445    2.945365    8.866680    5.448414  12608.52  12726.90    1.000
      alpha_symdir{1}   4.624610    2.063672    2.236855    7.472594    4.380443  12974.20  13215.63    1.000
      alpha_symdir{1}   4.620426    2.130458    2.198514    7.549130    4.382173  11431.06  12071.41    1.000
      alpha_symdir{1}   5.684459    2.678764    2.900980    9.007066    5.454898  12663.63  12882.05    1.000
      alpha_symdir{1}   5.138531    2.188167    2.574786    8.025271    4.902785  13119.78  13152.89    1.000
      alpha_symdir{1}   5.517801    2.780621    2.698555    8.863071    5.264778  13266.83  13301.09    1.000
      alpha_symdir{1}   3.042614    1.212988    1.361733    5.260210    2.816252  12716.74  12906.18    1.000
      alpha_symdir{1}   5.093362    2.039971    2.694020    7.945642    4.863685  12912.73  13091.97    1.000
      alpha_symdir{1}   3.517764    1.437501    1.642675    5.943578    3.287046  12933.21  13029.18    1.000
      alpha_symdir{1}   3.789726    1.652334    1.715680    6.339261    3.562897  11920.45  12479.01    1.000
      alpha_symdir{1}   3.194786    1.536350    1.277181    5.653063    2.944493  12880.30  13294.45    1.000
      alpha_symdir{1}   4.790770    2.370080    2.261245    7.846195    4.520898  13126.00  13484.81    1.000
      alpha_symdir{1}   4.826255    2.378355    2.299052    7.901113    4.580671  12540.30  13176.18    1.000
      alpha_symdir{1}   5.892171    2.705099    3.104056    9.208318    5.664576  12969.36  13271.42    1.000
      alpha_symdir{1}   5.377395    2.525542    2.688583    8.523722    5.129707  13186.14  13821.31    1.000
      alpha_symdir{1}   5.669795    2.450388    2.985182    8.791324    5.436724  12529.01  12789.10    1.000
      alpha_symdir{1}   5.842072    2.577256    3.126272    9.108215    5.611065  12162.47  12741.46    1.000
      alpha_symdir{1}   6.008780    2.839717    3.102422    9.376682    5.748779  12604.29  13156.08    1.000
      alpha_symdir{1}   4.044110    1.774097    1.866639    6.664670    3.804563  11614.78  12436.38    1.000
      alpha_symdir{1}   4.766334    2.212931    2.311591    7.793355    4.536335  12628.48  12822.09    1.000
      alpha_symdir{1}   3.961172    1.865134    1.709302    6.661974    3.719256  12398.71  12445.37    1.000
      alpha_symdir{1}   4.360392    1.840514    2.149445    7.128689    4.121460  12891.79  12944.71    1.000
      alpha_symdir{1}   5.391092    2.339935    2.836781    8.462600    5.155336  12319.12  12691.48    1.000
      alpha_symdir{1}   4.176003    2.058688    1.824320    7.051333    3.921696  12681.92  12991.72    1.000
      alpha_symdir{1}   4.166066    1.877082    1.983838    6.943742    3.923786  12416.36  12764.97    1.000
      alpha_symdir{1}   5.580085    2.924442    2.671214    8.963531    5.323702  12817.12  12941.11    1.000
      alpha_symdir{1}   3.826169    1.405093    1.832957    6.136164    3.620500  11353.66  12105.53    1.000
      alpha_symdir{1}   4.138669    1.563884    2.096723    6.625790    3.915607  11946.03  12362.86    1.000
      alpha_symdir{1}   4.446330    1.799949    2.170190    7.087827    4.234951  12900.93  13101.98    1.000
      alpha_symdir{1}   6.608987    3.084143    3.537505   10.056570    6.368084  13155.68  13159.27    1.000
      alpha_symdir{1}   3.626827    1.467613    1.720765    6.081301    3.402736  11868.63  12193.51    1.000
      alpha_symdir{1}   4.986800    2.358820    2.408436    8.073967    4.747022  14004.12  14272.15    1.000
      alpha_symdir{1}   4.058665    1.615309    1.988875    6.586001    3.839959  12167.45  12583.38    1.000
      alpha_symdir{1}   3.604699    1.741124    1.465225    6.194391    3.366205  11767.99  12372.87    1.000
      alpha_symdir{1}   5.535923    2.404925    2.898950    8.659258    5.310397  13263.60  13586.10    1.000
      alpha_symdir{1}   4.069996    1.806002    1.875085    6.729789    3.839850  12659.53  13383.19    1.000
      alpha_symdir{1}   5.918163    2.540336    3.184760    9.125128    5.686968  12201.42  12639.24    1.000
      alpha_symdir{1}   4.456947    1.914350    2.164672    7.216576    4.233258  11052.66  11138.14    1.000
      alpha_symdir{1}   5.831458    2.565250    3.081140    9.016389    5.596242  13266.55  13509.96    1.000
      alpha_symdir{1}   4.692140    2.376311    2.159477    7.799039    4.427287  13379.98  13739.85    1.000
      alpha_symdir{1}   3.923183    1.816128    1.724366    6.584435    3.685473  11781.40  12322.44    1.000
      alpha_symdir{1}   5.194105    2.283230    2.602294    8.128220    4.952460  13305.68  13466.70    1.000
      alpha_symdir{1}   5.161577    2.479295    2.525633    8.331460    4.920431  12647.26  13360.51    1.000
      alpha_symdir{1}   5.570169    2.575511    2.895633    8.871180    5.310945  12910.01  13066.83    1.000
      alpha_symdir{1}   4.598885    2.080612    2.233437    7.491646    4.357825  12658.68  12825.92    1.000
      alpha_symdir{1}   5.460124    2.288747    2.955910    8.506007    5.245488  12507.25  12767.77    1.000
      alpha_symdir{1}   4.109741    1.732738    1.981499    6.765111    3.877307  12266.21  12748.00    1.000
      alpha_symdir{1}   3.947318    1.711155    1.807681    6.568649    3.712689  12636.88  12703.55    1.000
      alpha_symdir{1}   3.595470    1.942944    1.361470    6.385092    3.342854  13700.18  13866.90    1.000
      alpha_symdir{1}   6.304276    3.162977    3.239332    9.886258    6.070509  11639.23  12102.90    1.000
      alpha_symdir{1}   4.927522    2.452198    2.387643    8.156987    4.679910  13583.64  13932.10    1.000
      alpha_symdir{1}   4.526041    1.817496    2.271979    7.216441    4.313300  11442.15  11836.87    1.000
      alpha_symdir{1}   4.738702    2.593112    2.061549    7.926717    4.465737  13366.19  13439.01    1.000
      alpha_symdir{1}   5.534663    2.485565    2.888566    8.752887    5.288718  12291.98  12329.00    1.000
      alpha_symdir{1}   6.967977    3.340386    3.777379   10.631230    6.736977  11939.76  12803.98    1.000
      alpha_symdir{1}   4.781571    1.864761    2.496024    7.496104    4.555179  12488.10  12791.10    1.000
      alpha_symdir{1}   5.520314    2.509549    2.812893    8.676826    5.281498  12938.62  13224.00    1.000
      alpha_symdir{1}   5.682211    2.774169    2.882561    9.020235    5.427204  12861.14  13613.35    1.000
      alpha_symdir{1}   5.929365    2.876381    3.060659    9.326896    5.687421  12962.27  13064.15    1.000
      alpha_symdir{1}   4.885994    2.337909    2.336456    7.909104    4.631239  12921.91  13162.63    1.000
      alpha_symdir{1}   3.579866    1.369484    1.720995    5.918705    3.370810  12227.77  12530.72    1.000
      alpha_symdir{1}   4.262363    1.933524    2.043988    7.038615    4.022195  12517.53  12560.79    1.000
      alpha_symdir{1}   4.586488    2.037615    2.166802    7.384292    4.345012  12401.52  13108.11    1.000
      alpha_symdir{1}   5.675545    2.574127    2.950892    8.891041    5.431728  12064.21  12628.35    1.000
      alpha_symdir{1}   5.379324    2.489805    2.766568    8.620089    5.149915  13047.27  13366.05    1.000
      alpha_symdir{1}   5.934078    2.474664    3.201093    9.027191    5.712626  12546.27  12584.38    1.000
      alpha_symdir{1}   4.720509    2.238911    2.293726    7.774041    4.486072  13150.59  13700.05    1.000
      alpha_symdir{1}   5.612038    2.310298    3.040219    8.663737    5.385906  13238.77  13401.89    1.000
      alpha_symdir{1}   5.235943    1.978408    2.850351    8.078586    5.030628  12779.82  13128.05    1.000
      alpha_symdir{1}   5.223473    2.702948    2.422556    8.464234    4.961866  13771.19  14022.78    1.000
      alpha_symdir{1}   4.620458    2.283573    2.117253    7.617108    4.365051  12941.70  13427.18    1.000
      alpha_symdir{1}   6.278324    2.976322    3.310684    9.710257    6.024946  12728.55  12790.90    1.000
      alpha_symdir{1}   4.691025    2.143110    2.272793    7.605434    4.441444  11717.02  12178.46    1.000
