      TL             5.275918    0.114633    4.604491    5.928184    5.268081   2785.27   2911.84    1.000
      TL             6.211831    0.208349    5.310380    7.097934    6.198400   2298.63   2514.80    1.000
      TL             6.023953    0.103149    5.404422    6.653948    6.016073   5183.83   5444.72    1.000
      TL             6.237283    0.124693    5.549612    6.923165    6.225527   4192.67   4259.72    1.000
      TL             6.958331    0.194865    6.090037    7.821125    6.955131    962.51   1034.76    1.001
      TL             3.523791    0.112117    2.880290    4.177407    3.512319   4691.14   4900.42    1.000
      TL             5.290547    0.139571    4.605209    6.069013    5.261559   2566.25   2644.88    1.000
      TL             3.406555    0.110397    2.796862    4.090131    3.382435   2736.16   2930.68    1.000
      TL             5.345798    0.175971    4.531375    6.163602    5.332450   3735.53   4100.15    1.001
      TL             6.433957    0.160038    5.674469    7.234618    6.419957   2572.92   2695.75    1.000
      TL             4.916026    0.095172    4.306796    5.509873    4.905664   5898.06   6252.65    1.000
      TL             2.178579    0.071953    1.654532    2.699601    2.163091   3799.26   3878.33    1.000
      TL             3.884041    0.111392    3.250988    4.557974    3.865674   4929.20   5575.43    1.000
      TL             2.729642    0.099007    2.147112    3.376122    2.711216   3770.66   3900.40    1.000
      TL             6.283642    0.155246    5.524175    7.064993    6.276237   3185.00   3228.17    1.000
      TL             6.486349    0.212618    5.569177    7.381007    6.504521   1460.55   1493.02    1.000
      TL             5.622377    0.094564    5.028130    6.230957    5.612523   5026.99   5419.85    1.000
      TL             3.933812    0.166809    3.131699    4.726946    3.908900   4053.77   4071.65    1.000
      TL             2.042807    0.115152    1.421790    2.722528    2.010657   4428.32   5308.10    1.000
      TL             2.697927    0.051241    2.260143    3.149995    2.688478   8999.80   9137.78    1.000
      TL             6.174678    0.158949    5.378837    6.964500    6.180962   2460.73   2603.71    1.000
      TL             3.645865    0.086151    3.083864    4.225229    3.631453   5147.24   5452.36    1.000
      TL             5.070789    0.201280    4.231425    5.959277    5.033851   1555.53   1699.13    1.000
      TL             3.979983    0.099502    3.378080    4.613621    3.971976   5402.58   5908.57    1.000
      TL             5.220800    0.134190    4.536983    5.960657    5.202592   2001.05   2014.44    1.000
      TL             5.129022    0.190135    4.296515    5.997433    5.110774   3246.22   3419.48    1.000
      TL             6.310409    0.190148    5.450389    7.153807    6.296611   3686.95   3788.73    1.000
      TL             5.312669    0.111221    4.667386    5.971056    5.305335   5418.12   5529.39    1.000
      TL             4.436746    0.137128    3.740085    5.178374    4.416435   2678.95   2906.58    1.000
      TL             4.986657    0.099936    4.382879    5.625040    4.976460   6693.26   6753.77    1.000
      TL             4.956591    0.107777    4.330534    5.607582    4.943901   2866.83   3013.86    1.000
      TL             5.723958    0.173426    4.917201    6.533793    5.722106     81.54    144.39    1.002
      TL             4.988285    0.108952    4.347564    5.642488    4.980477   1765.72   2756.19    1.000
      TL             2.690043    0.062330    2.218348    3.188299    2.677480   6800.66   7582.17    1.000
      TL             5.794288    0.117529    5.121950    6.465666    5.784590   6001.81   6538.58    1.201
      TL             3.220925    0.096828    2.616904    3.834772    3.209477   3022.19   3239.62    1.000
      TL             3.854566    0.086195    3.288616    4.439415    3.850174   5972.22   6186.04    1.000
      TL             2.435432    0.048963    2.007562    2.871922    2.426338   6097.56   6328.80    1.000
      TL             2.588456    0.060293    2.125939    3.085039    2.570573   4309.26   5026.16    1.000
      TL             3.454309    0.091219    2.868942    4.043788    3.447829   2264.37   2386.62    1.000
      TL             5.445883    0.183708    4.567656    6.224541    5.465200   1308.34   1379.56    1.000
      TL             4.098426    0.116760    3.421157    4.767662    4.100923   3020.28   3063.76    1.000
      TL             6.354319    0.147068    5.627029    7.127670    6.337495   2179.57   2535.80    1.000
      TL             7.199501    0.197696    6.314095    8.077607    7.198896    927.72   1171.30    1.001
      TL             5.965847    0.149190    5.214558    6.722641    5.961147   4306.13   4357.96    1.000
      TL             4.046113    0.084259    3.495544    4.620399    4.033571   4768.22   4930.71    1.000
      TL             4.456599    0.091454    3.885898    5.070010    4.430022   2361.67   2546.93    1.000
      TL             4.059335    0.114797    3.404899    4.729525    4.048498   5656.08   5959.97    1.000
      TL             5.151020    0.140506    4.414086    5.873988    5.140737   3755.99   3884.83    1.000
      TL             5.120296    0.102058    4.482767    5.730683    5.114490   4406.35   4479.66    1.000
      TL             3.648040    0.084801    3.099133    4.233339    3.630499   3330.59   3742.37    1.000
      TL             3.439965    0.116282    2.814526    4.151000    3.423305   4825.43   5284.33    1.000
      TL             2.964216    0.078111    2.435968    3.527225    2.951246   5648.07   5902.67    1.000
      TL             4.693404    0.140523    3.944096    5.432789    4.695577   2408.37   2561.28    1.000
      TL             4.662698    0.114575    3.985317    5.313518    4.655529   4745.30   5313.73    1.000
      TL             4.649927    0.119194    3.965748    5.321362    4.652034   3041.78   3125.61    1.000
      TL             6.466983    0.137889    5.755907    7.204937    6.455993   4365.89   4727.31    1.000
      TL             2.708648    0.064437    2.223957    3.221485    2.702569   7164.27   7327.99    1.000
      TL             3.419199    0.092958    2.847838    4.046514    3.408074   5941.51   6590.23    1.000
      TL             5.001934    0.113319    4.361063    5.669931    4.991738   4604.97   4677.32    1.000
      TL             1.897749    0.048945    1.482920    2.337430    1.885484   4859.91   4970.25    1.000
      TL             5.031062    0.088745    4.462152    5.626098    5.023181   4838.27   5426.53    1.000
      TL             3.840958    0.102197    3.228708    4.486386    3.831501   5479.58   5510.88    1.000
      TL             6.763016    0.134901    6.051156    7.481327    6.754485   4420.03   4461.30    1.000
      TL             6.550853    0.167716    5.755875    7.351488    6.540363   1805.92   2889.68    1.000
      TL             6.406737    0.147096    5.656904    7.154310    6.392299   3898.54   4176.23    1.000
      TL             3.420621    0.149944    2.693866    4.185799    3.393307   3738.25   3902.44    1.000
      TL             3.149036    0.151901    2.423210    3.906563    3.120645    282.95    308.55    1.000
      TL             4.838348    0.159406    4.086345    5.646553    4.822080   2124.76   2356.58    1.000
      TL             5.618254    0.185237    4.785996    6.466282    5.599788   2853.46   3029.66    1.000
      TL             5.651916    0.134677    4.949653    6.379297    5.642031   4207.08   4319.20    1.000
      TL             4.928902    0.151153    4.204369    5.722821    4.911912   4977.39   5234.32    1.000
      TL             6.622543    0.164786    5.817146    7.412300    6.611520   2781.84   3227.33    1.000
      TL             4.091110    0.117470    3.422156    4.756581    4.078816   4309.21   4719.64    1.000
      TL             3.628666    0.073937    3.108669    4.174801    3.620575   7318.90   7330.14    1.000
      TL             1.354212    0.064929    0.890355    1.860677    1.328734   4432.07   4792.17    1.000
      TL             5.368303    0.288708    4.456402    6.457947    5.283550    194.38    300.64    1.003
      TL             3.103138    0.086662    2.522799    3.670150    3.093575  10497.88  10760.18    1.000
      TL             5.958923    0.238093    5.114511    6.964290    5.903650    794.30    898.99    1.001
      TL             3.269160    0.115004    2.621599    3.949238    3.253338   5560.03   5820.05    1.000
      TL             5.950650    0.173036    5.173009    6.789832    5.936403   3483.73   3838.81    1.000
      TL             6.882879    0.166194    6.095552    7.678472    6.874520   2657.86   2764.75    1.000
      TL             5.246839    0.113660    4.583181    5.902738    5.239434   4239.99   4452.73    1.000
      TL             5.288992    0.137616    4.577060    6.029921    5.277264   2109.11   2483.64    1.000
      TL             3.758166    0.118144    3.088956    4.434067    3.748161   5718.83   6424.15    1.000
      TL             5.608028    0.122028    4.931958    6.301369    5.599702   5262.87   5313.29    1.000
      TL             5.036147    0.165500    4.256086    5.843947    5.021614   1687.31   1820.89    1.000
      TL             3.308286    0.091106    2.723028    3.899653    3.298314   5758.59   5829.08    1.000
      TL             3.984751    0.100840    3.368393    4.619185    3.980885   4861.35   4894.50    1.000
      TL             4.737978    0.128239    4.051256    5.446528    4.725100   6095.74   6658.34    1.000
      TL             6.381798    0.163385    5.590637    7.184556    6.377078   2262.16   2697.64    1.000
      TL             6.271502    0.155909    5.514592    7.063422    6.258574   4956.19   5056.94    1.000
      TL             7.027563    0.241977    6.110215    8.021783    7.017828   1231.04   1422.05    1.001
      TL             3.253058    0.131691    2.588438    3.992061    3.228734   2992.98   3084.53    1.000
      TL             6.916535    0.224204    6.027294    7.874291    6.895253   1804.69   1841.10    1.000
      TL             7.665667    0.184085    6.840457    8.520220    7.652589   2355.26   2834.17    1.000
      TL             3.486564    0.080043    2.951128    4.052198    3.477831     34.64   3248.67    1.046
      TL             4.064519    0.111767    3.405510    4.710340    4.053625   3449.16   3771.26    1.000
      TL             5.695585    0.139845    4.967476    6.430488    5.677860   2542.50   2575.70    1.000
      TL             4.231287    0.129268    3.522918    4.923522    4.221999   4819.09   4908.23    1.000
