0.3255814
0.2222222
0.1363636
0.3636364
0.2727273
0.2
0.1538462
0.2727273
0.3103448
0.2444444
0.1315789
0.0625
0.2173913
0.3125
0.372093
0.1521739
0.2790698
0.1578947
0.2857143
0.375
0.3695652
0.25
0.2903226
0.1538462
0.2
0.3333333
0.3823529
0.2
0.2592593
0.2820513
0.3170732
0.3513514
0.2162162
0.2941176
0.173913
0.05
0.1481481
0.4090909
0.1052632
0.32
0.3191489
0.2413793
0.3617021
0.3617021
0.2162162
0.2592593
0.3
0.125
0.3030303
0.3111111
0.2608696
0.1111111
0.2105263
0.1666667
0.125
0.2571429
0.1428571
0.5
0.35
0.2432432
0.1111111
0.25
0.08
0.2444444
0.255814
0.3
0.4117647
0.2727273
0.1153846
0.1538462
0.275
0.2592593
0.175
0.4347826
0.1538462
0
0.2307692
0.3333333
0.195122
0.2105263
0.2894737
0.1136364
0.2307692
0.3142857
0.1052632
0.1315789
0.3333333
0.25
0.3076923
0.25
0.1860465
0.1428571
0.2391304
0.0625
0.3
0.2173913
0.3333333
0.2142857
0.2894737
0.3225806
