      ilnvar                   0.015176    0.004827    0.000001    0.072319    0.000110     23.44     28.28    1.014
      ilnvar                   0.019286    0.009709    0.000001    0.066133    0.000053     36.85     39.68    1.000
      ilnvar                   0.000041    0.000000    0.000001    0.000177    0.000006     41.62     42.29    1.004
      ilnvar                   0.004648    0.000950    0.000001    0.018218    0.000032     29.04     39.57    1.033
      ilnvar                   0.000099    0.000000    0.000001    0.000492    0.000014     37.28     44.67    1.002
      ilnvar                   0.023242    0.004759    0.000001    0.117496    0.002020     77.60     91.04    1.016
      ilnvar                   0.000136    0.000000    0.000001    0.000715    0.000014     33.93     39.92    1.035
      ilnvar                   0.156193    0.104556    0.000001    0.804057    0.017395     60.88     88.71    1.002
      ilnvar                   0.351467    0.194078    0.000298    1.180233    0.207424     97.69    109.49    1.013
      ilnvar                   0.005575    0.001203    0.000001    0.013264    0.000034     20.26     24.18    1.023
      ilnvar                   0.000090    0.000000    0.000001    0.000450    0.000009     46.10     48.04    1.023
      ilnvar                   0.311508    0.192726    0.000181    1.126937    0.161961    288.71    306.05    1.003
      ilnvar                   0.051744    0.020845    0.000001    0.270738    0.003795     43.33     59.74    1.000
      ilnvar                   0.175759    0.084654    0.000001    0.702618    0.069178     82.88    168.88    1.002
      ilnvar                   0.000146    0.000000    0.000001    0.000685    0.000009     26.08     33.92    1.010
      ilnvar                   0.000027    0.000000    0.000001    0.000137    0.000004     27.70     27.93    1.000
      ilnvar                   0.340258    0.100519    0.000098    0.938208    0.259728     42.82     88.13    1.071
      ilnvar                   0.077269    0.024875    0.000001    0.344617    0.019322     94.44    102.67    1.000
      ilnvar                   0.552049    0.415355    0.000069    1.809588    0.344348    917.94   1095.97    1.000
      ilnvar                   0.205886    0.126611    0.000001    0.879597    0.048378     42.39     76.98    1.032
      ilnvar                   0.042167    0.033102    0.000001    0.288748    0.000098     23.24     31.87    1.041
      ilnvar                   0.043132    0.030914    0.000001    0.181453    0.001422     38.66     57.23    1.018
      ilnvar                   0.779459    0.877936    0.000015    2.627885    0.467130     28.65     50.61    1.084
      ilnvar                   0.240329    0.146314    0.000001    0.963718    0.071764     36.18     45.25    1.004
      ilnvar                   0.000056    0.000000    0.000001    0.000111    0.000004     39.43     45.86    1.027
      ilnvar                   0.106808    0.048680    0.000001    0.538018    0.008509     20.15     43.61    1.170
      ilnvar                   0.053267    0.016395    0.000001    0.296570    0.003211     37.83     38.79    1.003
      ilnvar                   0.000036    0.000000    0.000001    0.000159    0.000006     73.86     74.21    1.011
      ilnvar                   0.905851    0.934544    0.000001    2.796107    0.678772     27.12     88.39    1.062
      ilnvar                   0.199468    0.164061    0.000001    1.044050    0.006946     22.99     30.64    1.154
      ilnvar                   0.005265    0.000674    0.000001    0.016233    0.000117     25.10     29.11    1.051
      ilnvar                   0.006832    0.001457    0.000001    0.026959    0.000047     33.12     44.42    1.042
      ilnvar                   0.000047    0.000000    0.000001    0.000143    0.000004     33.81     73.60    1.024
      ilnvar                   0.280521    0.153694    0.000002    1.024513    0.146148     66.76    104.99    1.005
      ilnvar                   0.000295    0.000003    0.000001    0.000305    0.000005     25.11     31.96    1.037
      ilnvar                   0.014517    0.002185    0.000001    0.077088    0.000623     56.86     96.59    1.012
      ilnvar                   0.742227    0.404810    0.000104    1.951423    0.592552     69.01    229.17    1.015
      ilnvar                   0.379513    0.270574    0.000001    1.384292    0.202740     38.69    180.59    1.134
      ilnvar                   0.996273    0.500808    0.014507    2.331312    0.836311    593.02    753.87    1.001
      ilnvar                   0.002645    0.000178    0.000001    0.008630    0.000045     32.18     63.41    1.004
      ilnvar                   0.000026    0.000000    0.000001    0.000125    0.000003     34.01     36.41    1.035
      ilnvar                   0.000977    0.000012    0.000001    0.005568    0.000034     40.40     46.01    1.006
      ilnvar                   0.000189    0.000002    0.000001    0.000270    0.000010     68.32     73.08    1.007
      ilnvar                   0.000222    0.000002    0.000001    0.000655    0.000013     45.93     59.29    1.018
      ilnvar                   0.004895    0.000409    0.000001    0.025519    0.000045     23.69     29.47    1.004
      ilnvar                   0.001240    0.000059    0.000001    0.003851    0.000021     37.83     38.33    1.012
      ilnvar                   0.127119    0.039007    0.000001    0.506882    0.049093     31.44     58.34    1.148
      ilnvar                   0.048055    0.012267    0.000002    0.248997    0.005948     73.67     81.67    1.019
      ilnvar                   0.002660    0.000425    0.000001    0.003608    0.000026     41.89     50.61    1.023
      ilnvar                   0.002911    0.000078    0.000001    0.016807    0.000124     25.89     36.66    1.001
      ilnvar                   0.065327    0.037036    0.000001    0.425201    0.000817     32.63     41.46    1.010
      ilnvar                   0.080497    0.073205    0.000001    0.552702    0.000238     32.19     52.01    1.127
      ilnvar                   0.171922    0.094656    0.000003    0.754164    0.042248     80.91    115.17    1.000
      ilnvar                   0.012473    0.004707    0.000001    0.046208    0.000054     37.83     40.13    1.014
      ilnvar                   0.000207    0.000000    0.000001    0.001105    0.000015     65.10     70.51    1.007
      ilnvar                   0.002680    0.000131    0.000001    0.012229    0.000075     29.89     36.31    1.016
      ilnvar                   0.000040    0.000000    0.000001    0.000152    0.000005     61.11     68.37    1.011
      ilnvar                   0.252759    0.112468    0.000147    0.895150    0.134673    192.06    218.90    1.004
      ilnvar                   0.130023    0.045060    0.000014    0.543314    0.039109    105.26    118.64    1.001
      ilnvar                   0.213873    0.134512    0.000001    0.956977    0.006627     20.85     29.00    1.108
      ilnvar                   0.227579    0.210906    0.000001    0.959319    0.070012     38.77    104.82    1.003
      ilnvar                   0.000069    0.000000    0.000001    0.000329    0.000008     45.50     54.00    1.001
      ilnvar                   0.129864    0.157080    0.000001    0.934985    0.000391     21.06     33.78    1.013
      ilnvar                   0.000008    0.000000    0.000001    0.000031    0.000003     64.42     78.53    1.003
      ilnvar                   0.001467    0.000033    0.000001    0.006029    0.000088     30.93     37.70    1.022
      ilnvar                   0.853888    0.624833    0.005949    2.398397    0.646607     58.28     64.82    1.000
      ilnvar                   0.454790    0.223164    0.001124    1.349272    0.321099    273.99    344.22    1.000
      ilnvar                   0.176933    0.081398    0.000007    0.741326    0.057715     69.69     73.17    1.024
      ilnvar                   0.048041    0.015041    0.000001    0.239520    0.003195     34.44     57.13    1.027
      ilnvar                   0.101683    0.023107    0.000022    0.381924    0.047533     64.64    140.60    1.006
      ilnvar                   0.000077    0.000000    0.000001    0.000355    0.000006     41.80     43.47    1.011
      ilnvar                   0.107757    0.043165    0.000002    0.515373    0.017209     51.73     54.14    1.004
      ilnvar                   0.000399    0.000001    0.000001    0.002263    0.000028     22.45     31.54    1.055
      ilnvar                   0.206969    0.175098    0.000001    1.036061    0.016472     49.10     55.68    1.013
      ilnvar                   0.005435    0.000544    0.000001    0.024104    0.000279     93.41    105.48    1.046
      ilnvar                   0.481880    0.378658    0.000001    1.697271    0.270023    269.51    544.48    1.000
      ilnvar                   0.000072    0.000000    0.000001    0.000275    0.000009     42.89     45.60    1.029
      ilnvar                   0.121592    0.064098    0.000001    0.567373    0.012363     70.20     79.33    1.009
      ilnvar                   0.000059    0.000000    0.000001    0.000181    0.000006     39.66     50.49    1.004
      ilnvar                   0.035543    0.008151    0.000001    0.178020    0.004442     55.80     90.13    1.005
      ilnvar                   0.001401    0.000020    0.000001    0.007300    0.000058     33.75     44.92    1.023
      ilnvar                   0.000122    0.000000    0.000001    0.000641    0.000008     38.96     71.80    1.065
      ilnvar                   0.022608    0.004185    0.000004    0.123917    0.001934     43.20     43.23    1.015
      ilnvar                   0.085599    0.041971    0.000001    0.487820    0.002625     25.78     31.04    1.006
      ilnvar                   0.657393    0.334526    0.000199    1.757672    0.527102     92.15    313.81    1.028
      ilnvar                   0.002428    0.000174    0.000001    0.010497    0.000009     36.00     43.86    1.034
      ilnvar                   0.161554    0.078845    0.000001    0.703443    0.034510     48.30     52.77    1.000
      ilnvar                   0.484403    0.312750    0.000030    1.582171    0.314890     63.15    135.50    1.013
      ilnvar                   0.023810    0.013441    0.000001    0.114571    0.000757     72.50     74.35    1.001
      ilnvar                   0.215406    0.243600    0.000001    1.260263    0.000250     30.31     31.47    1.161
      ilnvar                   0.000020    0.000000    0.000001    0.000097    0.000004     33.65     51.35    1.002
      ilnvar                   0.020568    0.003784    0.000001    0.123899    0.000508     51.74     52.23    1.037
      ilnvar                   0.003546    0.000492    0.000001    0.005703    0.000005     25.61     29.95    1.019
      ilnvar                   0.046530    0.019659    0.000001    0.283631    0.000396     61.54     73.36    1.052
      ilnvar                   0.329093    0.236979    0.000001    1.304258    0.017698     28.45     41.67    1.823
      ilnvar                   0.000042    0.000000    0.000001    0.000206    0.000009     28.66     50.12    1.000
      ilnvar                   0.227831    0.090556    0.000056    0.799269    0.126027     52.16    108.22    1.035
      ilnvar                   0.134009    0.072940    0.000001    0.616959    0.029646     37.07     57.55    1.002
      ilnvar                   0.000119    0.000000    0.000001    0.000632    0.000008     40.40     43.50    1.001
      ilnvar                   0.007776    0.000734    0.000001    0.039268    0.000274     55.31     66.52    1.115
