reso  sja  d_qt  d_ci  d_rf
0.6046512 0.979829 0.07288354 0.3103862 0.4760992
0.6486486 0.9799526 0.09133628 0.3096015 0.4107594
0.6666667 0.9885095 0.1224455 0.3177519 0.3937044
0.7727273 0.9334636 0.1257702 0.2334978 0.3654688
0.7272727 0.9262185 0.2217279 0.3533936 0.5303563
0.7 0.8108782 0.2185771 0.346164 0.5102695
0.5897436 0.7271576 0.3894086 0.4595616 0.615914
0.7391304 0.9666916 0.05695652 0.193409 0.2347446
0.6551724 0.8902006 0.1580645 0.3155179 0.5921125
0.6086957 0.9273726 0.2675917 0.4728077 0.6055241
0.8461538 0.9850901 0.03448208 0.1734487 0.2510939
0.625 0.8520376 0.2102683 0.3854636 0.483696
0.7826087 0.8730645 0.1744482 0.2587066 0.4461593
0.75 0.8663433 0.1492518 0.2877993 0.3577632
0.6976744 0.8957624 0.1369274 0.3516521 0.6038243
0.7021277 0.9764066 0.05560328 0.2310735 0.3837163
0.7045455 0.9840243 0.07167325 0.2959493 0.3878571
0.85 0.9734343 0.06390977 0.1793502 0.2438407
0.875 1 0.03809524 0.065519 0.05406458
0.625 0.9802909 0.2359391 0.3518084 0.4116254
0.5652174 0.9725339 0.2495799 0.397975 0.489834
0.76 0.9519929 0.09549858 0.2597118 0.3566525
0.7741935 0.9116765 0.1182832 0.2606005 0.3354189
0.6538462 0.767209 0.3022399 0.4784023 0.7862416
0.7317073 0.9940158 0.1080018 0.2354484 0.2811178
0.6428571 0.8995744 0.1505382 0.3459656 0.5082839
0.7714286 0.9670924 0.05147248 0.1865714 0.2428623
0.8055556 0.9828583 0.09701958 0.1846634 0.2308424
0.7777778 0.9632125 0.1011859 0.2047445 0.2584651
0.7179487 0.9492043 0.08315465 0.2806129 0.4858042
0.6190476 0.978863 0.1133214 0.3369766 0.4274967
0.6486486 0.980625 0.1248769 0.2604907 0.3284312
0.6756757 0.9760748 0.08173761 0.252281 0.3710564
0.7222222 0.9735307 0.06429309 0.2384325 0.2795892
0.7021277 0.9257846 0.09762314 0.2515717 0.3431367
0.85 0.9635671 0.06030491 0.1922029 0.2194406
0.8888889 0.9437116 0.07285167 0.1694331 0.2463449
0.7391304 0.8528403 0.1666008 0.3605106 0.4906
0.7368421 0.923871 0.09583049 0.2825463 0.4062919
0.68 0.8638191 0.2038095 0.3371236 0.4332971
0.6666667 0.9163719 0.1059075 0.3074178 0.4590116
0.8 0.980054 0.09976363 0.2510222 0.338402
0.5531915 0.9101616 0.2187321 0.3908731 0.4828602
0.5319149 0.9913625 0.1573947 0.4286223 0.4947058
0.5405405 0.9870659 0.1530529 0.394643 0.4659597
0.7407407 0.9321794 0.0872651 0.2395847 0.3533002
0.6097561 0.969606 0.06794425 0.2999516 0.4567083
0.68 0.8737455 0.2220228 0.370391 0.5092052
0.4242424 0.9830194 0.2300569 0.5024866 0.5507894
0.7391304 0.917485 0.09777212 0.2358376 0.3988393
0.8333333 0.9870847 0.02826087 0.1387998 0.165732
0.9444444 0.9812658 0.0235589 0.07590816 0.1106007
0.5789474 0.9966282 0.1174299 0.2988868 0.2950269
0.9032258 0.9081489 0.1043988 0.1746075 0.266953
0.71875 0.9286068 0.1695569 0.2635319 0.3669122
0.6666667 0.9506276 0.1337533 0.330843 0.4904084
0.6904762 0.8788795 0.1804591 0.3332811 0.4232321
0.9130435 0.9219275 0.1026877 0.155614 0.196384
0.65 0.9308098 0.1863919 0.3549957 0.4447148
0.8157895 0.7434799 0.2660685 0.317378 0.4536871
0.8333333 0.9967954 0.03375104 0.1215464 0.13061
0.625 0.9922806 0.1486103 0.3381699 0.3751632
0.7692308 0.9652975 0.1326252 0.2375512 0.2992048
0.7777778 0.9512061 0.06249615 0.2378057 0.295092
0.4772727 0.970244 0.2848148 0.5347602 0.6501757
0.45 0.9962296 0.3378981 0.507784 0.5744563
0.8888889 0.9834337 0.03622291 0.1522972 0.1842866
0.7826087 0.9153334 0.1203557 0.2599179 0.4014636
0.7692308 0.9792862 0.06744979 0.2019185 0.2947096
0.6923077 0.9563302 0.09435392 0.2528094 0.2929122
0.7804878 0.9245245 0.1049834 0.2570556 0.3769543
0.5 1 0.2383324 0.4557423 0.5132791
0.725 0.9072356 0.141038 0.2391007 0.3748051
0.6521739 0.9487648 0.08929766 0.2578381 0.4303861
0.6923077 0.9984861 0.139552 0.2375202 0.2540195
0.7142857 1 0.04761905 0.1667495 0.1336088
0.5384615 0.9807218 0.1604798 0.4083757 0.5388243
1 0.9715686 0.02843137 0.09534629 0.1298776
0.6666667 0.804058 0.2206024 0.3484945 0.5510296
0.8 0.7146172 0.3356118 0.3061472 0.5152484
0.5789474 0.9784303 0.1320381 0.3530434 0.4432231
0.7045455 0.9435934 0.151773 0.3357648 0.5288675
0.8 0.9801811 0.02854909 0.1767901 0.2676843
0.6 0.9806957 0.09957326 0.3169927 0.4573319
0.6315789 0.900457 0.2244703 0.399462 0.4872472
0.6410256 0.9529982 0.1069468 0.3362428 0.4687439
0.6451613 0.9690687 0.08863636 0.2865131 0.3446935
0.7619048 0.8189436 0.2163185 0.3419199 0.4604803
0.8888889 0.9702777 0.04433498 0.183562 0.2765148
0.8333333 0.8671979 0.1849003 0.2389252 0.4014695
0.7272727 0.9500488 0.09590342 0.2675675 0.4551941
0.6666667 0.909349 0.2538915 0.3858948 0.5571894
0.5319149 0.979841 0.2974452 0.5040289 0.6570536
0.9375 0.7895299 0.2203302 0.238991 0.3849879
0.475 0.9805708 0.2973706 0.4992121 0.5989738
0.6304348 0.8132135 0.3190947 0.435222 0.5861223
0.8064516 0.9898249 0.02825024 0.1148513 0.1402955
0.8275862 0.8997838 0.1415859 0.2567497 0.4277964
0.5789474 0.8912891 0.224015 0.4121849 0.5278445
0.78125 0.9716703 0.1176578 0.2323961 0.3030394
