      age[0]                   0.968319    0.003456    0.863633    1.079267    0.961594    1.001    2
      age[0]                   1.007501    0.001422    0.954716    1.080078    1.000214    1.000    2
      age[0]                   1.026974    0.003109    0.931922    1.141142    1.018626    1.004    2
      age[0]                   1.036689    0.003457    0.935971    1.157753    1.028414    1.000    2
      age[0]                   1.012008    0.002130    0.929571    1.104901    1.006434    1.000    2
      age[0]                  1.036748    0.003981    0.928398    1.164167    1.028115    1.001    2
      age[0]                   1.015944    0.001518    0.948715    1.093077    1.010051    1.001    2
      age[0]                  0.777593    0.002227    0.723512    0.869156    0.765460    1.004    2
      age[0]                  0.952427    0.001824    0.887861    1.032654    0.944764    1.000    2
      age[0]                   0.900523    0.000997    0.850964    0.961829    0.894935    1.003    2
      age[0]                   1.040135    0.004174    0.920731    1.169932    1.033376    1.000    2
      age[0]                  0.936542    0.010161    0.831187    1.123628    0.908674    1.001    2
      age[0]                  0.906754    0.001905    0.857040    0.991998    0.895337    1.001    2
      age[0]                  0.835075    0.001421    0.792764    0.903471    0.825819    1.001    2
      age[0]                   0.991371    0.003154    0.893017    1.104506    0.985432    1.000    2
      age[0]                   1.036585    0.003317    0.936017    1.153923    1.029582    1.001    2
      age[0]                   1.018531    0.001883    0.961074    1.102806    1.009127    1.002    2
      age[0]                  0.973781    0.004852    0.853677    1.114706    0.963771    1.000    2
      age[0]                  0.743369    0.008078    0.591838    0.918202    0.729808    1.001    2
      age[0]                  1.007191    0.002729    0.951797    1.111226    0.992446    1.009    2
      age[0]                   1.015798    0.003177    0.914045    1.128991    1.009170    1.000    2
      age[0]                  1.026198    0.001508    0.979083    1.102723    1.016490    1.001    2
      age[0]                   0.904890    0.008718    0.742372    1.079730    0.896070    1.064    2
      age[0]                  0.910718    0.001481    0.859157    0.985321    0.902091    1.001    2
      age[0]                   0.954601    0.001752    0.898850    1.036683    0.945837    1.003    2
      age[0]                  0.949356    0.008768    0.772013    1.133122    0.941851    1.045    2
      age[0]                  1.034552    0.007588    0.874610    1.214988    1.025767    1.001    2
      age[0]                  0.956458    0.003888    0.847820    1.078470    0.948334    1.006    2
      age[0]                  0.839269    0.005121    0.712689    0.975904    0.830164    1.068    2
      age[0]                   0.967146    0.007932    0.797501    1.152175    0.962953    1.120    2
      age[0]                   1.083451    0.005321    0.956021    1.233312    1.074564    1.011    2
      age[0]                   0.956584    0.000888    0.914770    1.012704    0.950747    1.000    2
      age[0]                   1.103926    0.003362    0.999311    1.225028    1.098432    1.000    2
      age[0]                  1.011916    0.002214    0.970761    1.104841    0.996871    1.000    2
      age[0]                   1.014771    0.002239    0.926631    1.108361    1.010285    1.003    2
      age[0]                  0.959185    0.001328    0.901749    1.030085    0.951827    1.001    2
      age[0]                  0.859373    0.003328    0.757912    0.972544    0.851744    1.013    2
      age[0]                  0.939941    0.003307    0.872948    1.044116    0.925949    1.043    2
      age[0]                  0.989828    0.000725    0.965594    1.043147    0.981004    1.000    2
      age[0]                  1.087842    0.003725    0.982011    1.212365    1.080975    1.000    2
      age[0]                   0.928497    0.003122    0.831010    1.035093    0.920558    1.002    2
      age[0]                  0.967839    0.003800    0.861354    1.091669    0.959067    1.003    2
      age[0]                   0.799348    0.002784    0.703282    0.901805    0.795255    1.000    2
      age[0]                   0.970498    0.002785    0.882212    1.074464    0.961828    1.014    2
      age[0]                   1.014956    0.001916    0.944837    1.098188    1.007838    1.002    2
      age[0]                  1.007969    0.002057    0.930552    1.095154    1.000859    1.000    2
      age[0]                   0.946101    0.001187    0.900483    1.011703    0.939320    1.002    2
      age[0]                  1.023957    0.004699    0.915296    1.149638    1.013281    1.000    2
      age[0]                   1.131456    0.005128    1.004948    1.272924    1.122633    1.002    2
      age[0]                   0.998309    0.001352    0.943424    1.068017    0.991719    1.000    2
      age[0]                  0.968340    0.001325    0.906781    1.035119    0.963326    1.001    2
      age[0]                  1.042865    0.010147    0.856309    1.246673    1.032836    1.033    2
      age[0]                  0.890705    0.002545    0.827725    0.988165    0.879226    1.000    2
      age[0]                  0.998078    0.006000    0.858774    1.157243    0.992197    1.001    2
      age[0]                   0.994240    0.002011    0.915016    1.084382    0.988663    1.000    2
      age[0]                   1.002686    0.001003    0.966027    1.065276    0.994560    1.000    2
      age[0]                   1.029166    0.002988    0.943362    1.126497    1.019822    1.001    2
      age[0]                  0.957742    0.005397    0.855265    1.094440    0.945634    1.000    2
      age[0]                  0.981128    0.005257    0.866001    1.115895    0.969403    1.000    2
      age[0]                   1.002559    0.001763    0.933479    1.082556    0.996037    1.024    2
      age[0]                  1.036759    0.003786    0.956541    1.154264    1.023685    1.001    2
      age[0]                   0.960645    0.002050    0.879716    1.048847    0.954650    1.025    2
      age[0]                  1.059169    0.005538    0.915955    1.206369    1.053554    1.001    2
      age[0]                   1.018870    0.004904    0.899544    1.156259    1.009126    1.000    2
      age[0]                   0.926327    0.000679    0.898404    0.977432    0.918914    1.001    2
      age[0]                   0.962959    0.006291    0.833457    1.120497    0.949719    1.005    2
      age[0]                  0.848685    0.008044    0.690364    1.022282    0.836884    1.000    2
      age[0]                  1.050421    0.005356    0.921586    1.195049    1.041535    1.006    2
      age[0]                  0.962544    0.003659    0.851376    1.083725    0.956383    1.009    2
      age[0]                  1.033971    0.004511    0.919570    1.167386    1.024342    1.000    2
      age[0]                   0.987645    0.002571    0.896677    1.086768    0.982771    1.000    2
      age[0]                  1.026260    0.004302    0.909428    1.155413    1.017797    1.000    2
      age[0]                   0.991189    0.002890    0.895174    1.096319    0.985872    1.001    2
      age[0]                  1.041924    0.009954    0.847589    1.225905    1.032614    1.008    2
      age[0]                  1.009346    0.001874    0.933842    1.096715    1.003706    1.004    2
      age[0]                  0.934224    0.015853    0.792186    1.176185    0.904557    1.000    2
      age[0]                   1.035220    0.007084    0.891378    1.207245    1.022002    1.011    2
      age[0]                  1.047109    0.004945    0.922767    1.189569    1.038724    1.001    2
      age[0]                   1.015622    0.002360    0.930593    1.108512    1.009034    1.000    2
      age[0]                  1.060783    0.005528    0.928159    1.211591    1.052104    1.001    2
      age[0]                   0.875232    0.005036    0.745460    1.017467    0.867072    1.009    2
      age[0]                   0.851829    0.001873    0.775641    0.934667    0.845529    1.002    2
      age[0]                   1.009463    0.003042    0.925967    1.112507    1.000390    1.001    2
      age[0]                   0.815521    0.004461    0.701100    0.940835    0.806307    1.000    2
      age[0]                  0.855733    0.003695    0.775213    0.975424    0.841706    1.024    2
      age[0]                   0.972318    0.002404    0.885329    1.069067    0.966253    1.000    2
      age[0]                  0.619614    0.003391    0.510693    0.733781    0.613414    1.004    2
      age[0]                  0.997570    0.003565    0.905138    1.112427    0.986394    1.001    2
      age[0]                  0.998320    0.004666    0.881343    1.134740    0.989067    1.001    2
      age[0]                  0.950207    0.006872    0.787468    1.108629    0.944049    1.109    2
      age[0]                   0.989230    0.001660    0.934835    1.066667    0.981044    1.001    2
      age[0]                   0.949761    0.001401    0.902821    1.022035    0.940991    1.000    2
      age[0]                   1.005949    0.004992    0.902424    1.139287    0.994047    1.001    2
      age[0]                  0.893663    0.001716    0.830213    0.974671    0.885160    1.013    2
      age[0]                   1.029858    0.008461    0.863290    1.195693    1.022453    1.273    2
      age[0]                   1.046505    0.002280    0.963106    1.139901    1.040215    1.000    2
      age[0]                  1.190901    0.010983    1.011732    1.406367    1.175958    1.008    2
      age[0]                  0.997182    0.000783    0.962751    1.051210    0.990671    1.000    2
      age[0]                   0.824347    0.002484    0.737056    0.922202    0.817388    1.003    2
      age[0]                  0.812780    0.001256    0.778679    0.885917    0.801202    1.000    2
