      TL          8.452695    0.089596    7.864873    9.036525    8.447157   4276.02   4445.06    1.000
      TL          7.833140    0.099916    7.239214    8.472901    7.821577   1965.06   2422.57    1.000
      TL          8.145762    0.075203    7.607530    8.681039    8.142164   6802.20   7823.03    1.000
      TL          8.094208    0.081989    7.541956    8.662511    8.088870   4304.64   4501.73    1.000
      TL          8.528412    0.085610    7.948748    9.092925    8.523465   5514.98   5914.47    1.000
      TL          5.246817    0.066230    4.757461    5.762561    5.238934   8499.37   8568.46    1.000
      TL          7.823363    0.080512    7.286169    8.401564    7.818539   5693.10   6484.50    1.000
      TL          4.577902    0.060918    4.120320    5.082930    4.568872   5657.52   5979.89    1.000
      TL          6.676811    0.073782    6.154008    7.218667    6.669262   6692.56   6987.25    1.000
      TL          8.888425    0.091962    8.294015    9.484484    8.883690   4569.39   4825.35    1.000
      TL          7.151627    0.068264    6.649715    7.673451    7.146363   7705.39   8027.21    1.000
      TL          3.304924    0.062371    2.838777    3.813147    3.289289   3254.49   3519.15    1.000
      TL          5.304320    0.068048    4.807515    5.820766    5.297043   8142.21   8148.18    1.000
      TL          3.439330    0.048351    3.018782    3.874334    3.429970   5672.73   6173.00    1.000
      TL         10.113735    0.121272    9.439865   10.807340   10.106300   4970.15   5084.35    1.000
      TL          9.216512    0.091075    8.618274    9.794280    9.211855   6715.94   7006.05    1.000
      TL          8.312003    0.090937    7.750176    8.929444    8.305124   4269.82   4473.96    1.000
      TL          5.145910    0.076494    4.626330    5.702644    5.134355   6123.29   6669.74    1.000
      TL          2.813328    0.092802    2.243044    3.409063    2.787785   8015.15   8281.24    1.000
      TL          4.044691    0.056722    3.592442    4.521166    4.035832   7162.39   7444.40    1.000
      TL          8.177960    0.073176    7.636918    8.697651    8.172942   7471.89   7593.88    1.000
      TL          5.204921    0.062703    4.712906    5.693849    5.196640   6179.62   6906.79    1.000
      TL          6.660118    0.073758    6.133461    7.197120    6.654653   7219.02   7316.03    1.000
      TL          5.283925    0.056029    4.835973    5.764677    5.279527   9143.90   9242.75    1.000
      TL          7.174651    0.069280    6.655026    7.683495    7.170034   6635.70   6934.80    1.000
      TL          6.736220    0.102614    6.112520    7.354211    6.725297   3119.39   3319.64    1.000
      TL          8.104344    0.083126    7.544304    8.675283    8.098085   9006.36   9116.98    1.000
      TL          7.158373    0.078957    6.618268    7.714791    7.150518   5299.56   5867.10    1.000
      TL          6.340404    0.071909    5.830615    6.870944    6.332933   7217.78   8033.64    1.000
      TL          6.832626    0.069937    6.327808    7.364234    6.823414   3691.95   4095.16    1.000
      TL          7.564047    0.089821    7.008424    8.170896    7.558349   3653.85   3805.00    1.000
      TL          7.799157    0.086097    7.246905    8.396142    7.792722   3431.26   4841.25    1.000
      TL          6.332749    0.061207    5.845454    6.816837    6.329042   5783.07   5793.03    1.000
      TL          3.717108    0.045553    3.311978    4.142070    3.712569  10147.66  10157.35    1.000
      TL          6.963521    0.057278    6.508274    7.436488    6.959695   9152.02   9167.70    1.000
      TL          4.221971    0.060078    3.761122    4.721115    4.214382   6254.34   6323.73    1.000
      TL          4.425828    0.042794    4.023404    4.836667    4.420832   7203.40   7499.66    1.000
      TL          3.336371    0.042892    2.935619    3.748770    3.328098   4123.66   4609.03    1.000
      TL          4.646117    0.057420    4.177391    5.110446    4.638635   9839.01  10003.90    1.000
      TL          5.028977    0.052970    4.598258    5.498479    5.022583   6664.58   6828.26    1.000
      TL          8.796139    0.089972    8.215562    9.386251    8.791456   5462.96   5719.13    1.000
      TL          5.903196    0.075984    5.391262    6.465426    5.893963   3764.52   3828.99    1.000
      TL          8.243378    0.089251    7.662791    8.831602    8.237422   2671.58   2945.14    1.000
      TL          9.138358    0.090845    8.555924    9.727448    9.133818   5448.34   6098.66    1.000
      TL          7.872331    0.084841    7.311031    8.458681    7.865588   4963.97   5347.91    1.000
      TL          5.476157    0.055438    5.017142    5.931009    5.471951   8458.79   8650.14    1.000
      TL          6.537390    0.056395    6.072824    6.995834    6.532393   7601.92   7640.28    1.000
      TL          5.029052    0.069619    4.526375    5.554822    5.018006   5825.73   5857.80    1.000
      TL          6.748570    0.068099    6.246222    7.261615    6.742886   5900.07   6266.24    1.000
      TL          7.074507    0.066626    6.565662    7.572760    7.068560   6286.21   6386.58    1.000
      TL          4.582767    0.057731    4.124538    5.061860    4.574337   5239.08   5720.10    1.000
      TL          4.890592    0.081308    4.330833    5.441491    4.875216   5242.68   5290.91    1.000
      TL          4.200456    0.070765    3.688709    4.728491    4.187783   5671.86   5859.33    1.000
      TL          6.529370    0.074162    6.001530    7.068525    6.522765   5717.20   5791.97    1.000
      TL          6.696805    0.071395    6.191038    7.239778    6.690655   7343.31   7440.09    1.000
      TL          6.115770    0.058863    5.637113    6.587702    6.110047   7092.75   7535.89    1.000
      TL          9.550053    0.103197    8.906805   10.165100    9.541868   5080.21   5228.01    1.000
      TL          5.217849    0.062587    4.725559    5.702046    5.209920   8132.49   8565.20    1.000
      TL          5.131808    0.061928    4.644113    5.610144    5.124265   8746.72   8962.77    1.000
      TL          6.703467    0.074893    6.184616    7.259960    6.697560   5740.52   5966.37    1.000
      TL          3.161231    0.060509    2.693207    3.651318    3.148377   2536.53   2829.59    1.000
      TL          7.091942    0.065803    6.582254    7.585837    7.087056   7639.53   7733.21    1.000
      TL          5.136824    0.069125    4.621995    5.651254    5.125225   3624.99   4106.26    1.001
      TL          8.961012    0.090756    8.349764    9.534922    8.953214   6337.67   6510.62    1.000
      TL          9.087110    0.095997    8.480879    9.700267    9.078229   5548.50   5720.22    1.000
      TL          8.776325    0.097980    8.180955    9.407540    8.767310   7993.78   8090.11    1.000
      TL          4.636850    0.083176    4.088446    5.214226    4.621454   3766.69   4494.93    1.001
      TL          5.233376    0.079888    4.682782    5.788049    5.220130   6539.12   6733.87    1.000
      TL          6.230042    0.070345    5.715428    6.755854    6.225239   7705.01   8739.79    1.000
      TL          6.080159    0.064116    5.584037    6.572583    6.076711   8558.24   8605.77    1.000
      TL          7.152326    0.068509    6.662556    7.686282    7.149748   7796.90   7886.44    1.000
      TL          6.775437    0.077905    6.241034    7.335933    6.768041   8417.86   8688.39    1.000
      TL          8.711874    0.087087    8.162867    9.314414    8.707138   6075.43   6636.03    1.000
      TL          5.677765    0.079234    5.141501    6.239476    5.667049   4182.23   4320.23    1.000
      TL          5.101274    0.051868    4.652568    5.540622    5.093595   9296.76   9737.67    1.000
      TL          2.690462    0.102739    2.097033    3.307361    2.656296   4447.60   5333.82    1.000
      TL          8.087127    0.081176    7.530227    8.646916    8.082894   6738.58   7059.96    1.000
      TL          4.242765    0.061692    3.759050    4.726952    4.233105   5221.78   5250.96    1.000
      TL          7.889153    0.081272    7.341369    8.449444    7.885110   5599.79   5729.58    1.000
      TL          5.247441    0.072652    4.718412    5.771768    5.235629   5746.33   6211.64    1.000
      TL          7.677000    0.082548    7.116900    8.245032    7.669629   6478.75   6532.31    1.000
      TL          9.092663    0.093954    8.485622    9.679715    9.088879   4666.90   5067.50    1.000
      TL          6.913048    0.061619    6.430437    7.398234    6.910560   6147.21   7023.17    1.000
      TL          6.632005    0.065024    6.135582    7.133743    6.628219   7078.14   7851.05    1.000
      TL          5.314934    0.080269    4.782742    5.882677    5.303197   5637.32   6229.01    1.000
      TL          7.668973    0.077047    7.126434    8.211532    7.663175   8299.91   8699.62    1.000
      TL          6.043522    0.073917    5.530622    6.589514    6.033901   3882.09   3966.94    1.000
      TL          4.769866    0.056375    4.319158    5.244885    4.763737   8973.88   9128.27    1.000
      TL          5.406215    0.061623    4.937900    5.906637    5.399750   6529.36   6838.27    1.000
      TL          6.085290    0.073094    5.558466    6.613537    6.077203   7611.69   8288.59    1.000
      TL          8.563994    0.090022    7.995735    9.166536    8.555820   5419.32   5651.31    1.000
      TL          8.301379    0.089519    7.749036    8.922185    8.295121   8505.03   8778.81    1.000
      TL          9.852300    0.117898    9.198536   10.547250    9.843659   4624.36   4782.19    1.000
      TL          4.940592    0.106760    4.334325    5.602731    4.920654   4506.51   4995.04    1.000
      TL          8.482550    0.090615    7.882352    9.066130    8.476671   5682.80   6164.27    1.000
      TL          9.413123    0.095494    8.808496   10.012150    9.408444   4312.49   4889.78    1.000
      TL          4.256150    0.041998    3.849463    4.655552    4.251368   7149.81   7202.14    1.000
      TL          5.613702    0.060248    5.130535    6.091707    5.607487   6634.13   7155.16    1.000
      TL          7.703586    0.083097    7.156975    8.277609    7.696654   5264.51   5846.17    1.000
      TL          6.419180    0.069545    5.890322    6.923645    6.413048   6721.99   6764.46    1.000
