      clockrate                0.779201    0.003593    0.667072    0.899276    0.774597     56.59    140.76    1.000
      clockrate                0.770321    0.004217    0.639593    0.894247    0.767358    146.16    156.03    1.004
      clockrate                0.710380    0.001596    0.634060    0.790105    0.709564    313.86    348.86    1.000
      clockrate                0.706923    0.002805    0.608510    0.814179    0.703740     77.93    106.16    1.004
      clockrate                0.734149    0.002450    0.641402    0.833845    0.730627     96.23    179.48    1.000
      clockrate                0.606650    0.002543    0.510177    0.706024    0.603947    598.17    790.66    1.000
      clockrate                0.730399    0.001941    0.646399    0.819461    0.728971    235.33    527.72    1.006
      clockrate                1.010144    0.017573    0.780309    1.284992    0.994727    235.16    355.86    1.004
      clockrate                0.690983    0.003849    0.570906    0.810897    0.686396    316.14    329.16    1.002
      clockrate                0.676164    0.001835    0.591830    0.760282    0.674246     98.80    115.92    1.003
      clockrate                0.822774    0.005045    0.693382    0.969225    0.816775     69.12     72.09    1.002
      clockrate                0.735885    0.019290    0.478743    1.008579    0.721440    297.00    387.42    1.001
      clockrate                0.717479    0.010398    0.530519    0.920160    0.706052    151.86    191.03    1.000
      clockrate                0.815667    0.036509    0.511105    1.187592    0.780030    170.57    174.37    1.000
      clockrate                0.647527    0.002071    0.559787    0.738594    0.645875    118.79    206.51    1.001
      clockrate                0.743590    0.001738    0.662084    0.826176    0.741909    205.41    267.53    1.006
      clockrate                0.670706    0.002969    0.569439    0.778934    0.666132    243.47    256.35    1.001
      clockrate                0.718607    0.010181    0.538728    0.924137    0.706836    320.03    335.42    1.000
      clockrate                1.013409    0.052520    0.605974    1.477160    0.983355    225.80    309.59    1.000
      clockrate                0.657566    0.004347    0.535579    0.789607    0.652025     88.97    296.19    1.008
      clockrate                0.820477    0.002469    0.723461    0.917700    0.818411    234.30    240.01    1.000
      clockrate                0.713979    0.006700    0.564393    0.875956    0.705393    323.64    386.20    1.001
      clockrate                0.676541    0.008012    0.520981    0.866535    0.665883    137.76    146.69    1.018
      clockrate                0.788250    0.005081    0.650791    0.928984    0.783818    154.48    170.77    1.004
      clockrate                0.758905    0.002674    0.659515    0.861999    0.756316     64.67     78.43    1.001
      clockrate                0.690996    0.004577    0.568413    0.828289    0.683582    134.38    280.67    1.001
      clockrate                0.705033    0.003919    0.587583    0.830694    0.701323    209.75    335.34    1.001
      clockrate                0.747949    0.003677    0.635664    0.872534    0.743616    148.84    175.07    1.020
      clockrate                0.729604    0.007939    0.577425    0.916802    0.718101    100.37    118.04    1.002
      clockrate                0.793512    0.003751    0.677834    0.918569    0.788361     34.71    134.44    1.002
      clockrate                0.907029    0.011136    0.703920    1.110982    0.899883     49.65     81.38    1.017
      clockrate                0.777415    0.003785    0.662413    0.901945    0.774274    107.88    205.97    1.002
      clockrate                0.745376    0.004174    0.629165    0.874977    0.738472     56.06     77.64    1.025
      clockrate                0.696790    0.011070    0.508336    0.901077    0.685786    439.72    458.33    1.000
      clockrate                0.716801    0.001423    0.646207    0.793681    0.715653     94.74    580.86    1.001
      clockrate                0.755459    0.008236    0.594700    0.938509    0.745039    127.09    161.19    1.007
      clockrate                0.879137    0.008896    0.710804    1.067959    0.869227     52.33     63.97    1.003
      clockrate                0.773376    0.006300    0.623106    0.929234    0.767320    361.10    419.65    1.003
      clockrate                0.696499    0.007202    0.547677    0.870444    0.687804    320.92    391.17    1.000
      clockrate                0.699675    0.004682    0.573735    0.836634    0.692391     49.10    109.54    1.011
      clockrate                0.754825    0.003250    0.647374    0.869129    0.749501     34.46     93.18    1.132
      clockrate                0.780075    0.007182    0.624567    0.951192    0.770030    125.40    188.97    1.003
      clockrate                0.764026    0.003796    0.647646    0.886777    0.759250     40.67     47.92    1.005
      clockrate                0.725412    0.002937    0.622304    0.832003    0.721774     60.29    133.65    1.020
      clockrate                0.811135    0.003760    0.697424    0.934834    0.806652    249.83    285.87    1.005
      clockrate                0.779533    0.010532    0.591316    0.985702    0.767056     96.65    107.75    1.002
      clockrate                0.703969    0.004186    0.584376    0.836695    0.699244    157.03    170.74    1.002
      clockrate                0.705955    0.006142    0.559959    0.865910    0.700336    168.69    224.17    1.000
      clockrate                0.783068    0.005541    0.643266    0.930773    0.775095     84.45    160.01    1.028
      clockrate                0.719874    0.002860    0.619897    0.825982    0.715954    185.59    212.06    1.006
      clockrate                0.753704    0.007574    0.604403    0.928574    0.744357    152.39    152.75    1.010
      clockrate                0.782110    0.007829    0.617603    0.950157    0.773975    122.29    209.28    1.021
      clockrate                0.805928    0.014896    0.603397    1.031537    0.791369     64.15    162.33    1.005
      clockrate                0.713531    0.006264    0.576812    0.871346    0.703592     34.24     86.75    1.000
      clockrate                0.747200    0.005525    0.611106    0.898605    0.739799    211.83    218.01    1.002
      clockrate                0.711285    0.004990    0.579611    0.853306    0.705144     93.50    160.09    1.008
      clockrate                0.616924    0.001281    0.548514    0.688070    0.615700    410.66    424.74    1.002
      clockrate                0.733746    0.005017    0.598031    0.871925    0.728978    445.86    472.54    1.000
      clockrate                0.715445    0.004343    0.586166    0.844352    0.710874    613.29    620.09    1.000
      clockrate                0.729455    0.003459    0.618261    0.847465    0.726292    195.19    316.20    1.002
      clockrate                0.754277    0.017233    0.519430    1.014821    0.735313    179.54    192.72    1.001
      clockrate                0.683379    0.001728    0.602511    0.765744    0.681504    112.22    174.58    1.002
      clockrate                0.763937    0.009022    0.587714    0.955167    0.754693    260.57    304.40    1.000
      clockrate                0.665419    0.002037    0.579388    0.756013    0.661645     88.98    114.51    1.000
      clockrate                0.807756    0.003033    0.702086    0.916675    0.804422    144.51    154.88    1.004
      clockrate                0.649449    0.002108    0.562729    0.741779    0.646712     97.91    116.90    1.009
      clockrate                0.927479    0.023617    0.670105    1.244234    0.903850    100.97    185.65    1.003
      clockrate                0.678799    0.010860    0.491434    0.891643    0.665194    173.77    274.88    1.003
      clockrate                0.701294    0.005433    0.566923    0.845818    0.693463     70.03    142.69    1.000
      clockrate                0.748501    0.007060    0.595699    0.919450    0.740749    199.41    227.92    1.002
      clockrate                0.738812    0.002477    0.644249    0.837475    0.735956    128.79    321.48    1.013
      clockrate                0.683802    0.003901    0.569595    0.813581    0.679451    245.49    424.19    1.000
      clockrate                0.803236    0.004988    0.673215    0.946392    0.798220    173.74    176.30    1.003
      clockrate                0.794532    0.008170    0.627178    0.974918    0.787373    200.16    339.30    1.002
      clockrate                0.793028    0.004626    0.667524    0.927584    0.785653    140.09    183.22    1.001
      clockrate                0.794133    0.017674    0.560750    1.065359    0.776833    527.30    778.29    1.000
      clockrate                0.694324    0.002626    0.595047    0.794689    0.691450     68.18    100.84    1.000
      clockrate                0.773501    0.010858    0.595409    0.979751    0.759388    145.22    183.68    1.007
      clockrate                0.781353    0.002731    0.683593    0.886880    0.778687    312.81    334.07    1.002
      clockrate                0.620860    0.005416    0.482883    0.769226    0.614833    336.06    398.14    1.000
      clockrate                0.738393    0.003905    0.621109    0.861892    0.734016     52.85    153.17    1.027
      clockrate                0.698481    0.001939    0.614660    0.785620    0.695071     49.48    512.97    1.061
      clockrate                0.676094    0.002584    0.579289    0.774221    0.672310    108.81    117.05    1.007
      clockrate                0.787837    0.005573    0.651638    0.939607    0.779703     50.20    112.82    1.007
      clockrate                0.761425    0.008518    0.606320    0.955845    0.749033    112.17    155.50    1.001
      clockrate                0.724927    0.002410    0.632422    0.822492    0.722401    293.32    314.99    1.012
      clockrate                0.776787    0.009332    0.598439    0.970806    0.767614     62.25     64.62    1.004
      clockrate                0.610691    0.004213    0.490023    0.737907    0.604955    249.05    281.38    1.008
      clockrate                0.677512    0.005955    0.535374    0.829407    0.669612    100.17    151.63    1.014
      clockrate                0.762511    0.005567    0.626480    0.913787    0.756065    238.55    244.98    1.001
      clockrate                0.810312    0.003844    0.693332    0.934647    0.807703     82.72    210.28    1.000
      clockrate                0.767153    0.004880    0.644064    0.905716    0.759412     47.24     60.54    1.005
      clockrate                0.742985    0.004306    0.628984    0.881054    0.735828     59.52     64.68    1.016
      clockrate                0.931986    0.036371    0.614328    1.323310    0.901504     88.82    147.44    1.002
      clockrate                0.754380    0.003006    0.651571    0.865265    0.750178     67.71     83.81    1.011
      clockrate                0.683786    0.001724    0.603465    0.765995    0.682362    355.78    677.16    1.004
      clockrate                0.849053    0.004413    0.721987    0.980986    0.845645    107.05    246.90    1.002
      clockrate                0.908906    0.008693    0.742268    1.102325    0.899271     86.73    148.46    1.001
      clockrate                0.824231    0.006667    0.671626    0.987499    0.817700     65.88     80.75    1.005
      clockrate                0.786742    0.004032    0.666903    0.910663    0.784500    382.46    744.63    1.000
