      TL          6.102676    0.048686    5.672437    6.538559    6.099426   8930.60   9242.49    1.000
      TL          5.864864    0.047736    5.446315    6.298754    5.860878  10950.39  11209.07    1.000
      TL          6.319002    0.048929    5.886093    6.750116    6.315844  11535.99  11807.88    1.000
      TL          5.899358    0.045658    5.471982    6.307081    5.896128  11494.93  12038.29    1.000
      TL          6.468300    0.049738    6.035679    6.907359    6.463732  11339.25  12424.70    1.000
      TL          3.871672    0.035802    3.507874    4.251303    3.867855  13226.73  13538.40    1.000
      TL          5.985518    0.047659    5.560934    6.414661    5.980791  12375.85  12464.50    1.000
      TL          3.707466    0.037301    3.339924    4.097567    3.702778   9550.38   9756.07    1.000
      TL          4.973355    0.041932    4.572741    5.371033    4.969216  13413.09  14027.99    1.000
      TL          6.959875    0.056103    6.494920    7.421518    6.955554  11106.21  11308.03    1.000
      TL          5.733296    0.046694    5.309413    6.155902    5.731324  10937.79  10957.47    1.000
      TL          2.325673    0.026714    2.017116    2.652779    2.320874  11422.11  11882.04    1.000
      TL          4.007298    0.037995    3.621313    4.383395    4.002977  11935.26  12579.89    1.000
      TL          2.687841    0.030923    2.349236    3.039322    2.682154  12155.88  12218.21    1.000
      TL          7.531578    0.063005    7.045471    8.029037    7.528494   9553.41   9844.46    1.000
      TL          6.654839    0.051051    6.214006    7.092046    6.651352  11840.37  12746.62    1.000
      TL          6.328090    0.050933    5.888562    6.771920    6.326217  10776.91  11079.38    1.000
      TL          3.650892    0.036669    3.270992    4.020671    3.647212  11750.26  12131.00    1.000
      TL          1.932416    0.050812    1.517100    2.383323    1.914541  10275.23  10325.63    1.000
      TL          2.845543    0.027871    2.521018    3.175797    2.840769  14324.76  14800.00    1.000
      TL          6.700457    0.051469    6.267240    7.154415    6.698315  10617.72  11221.17    1.000
      TL          3.944691    0.037165    3.580096    4.333674    3.940280  10956.55  11617.91    1.000
      TL          5.326186    0.049201    4.887854    5.754892    5.323153  10886.91  11458.74    1.000
      TL          3.914783    0.035234    3.550812    4.281169    3.910077  13006.01  13605.87    1.000
      TL          5.823225    0.047291    5.412912    6.261078    5.818527   9972.77  10058.33    1.000
      TL          5.250366    0.054777    4.801045    5.713621    5.243792   5926.55   7065.48    1.000
      TL          6.046853    0.050732    5.589832    6.473631    6.042782  13119.59  13217.23    1.000
      TL          5.208432    0.043548    4.794026    5.612097    5.203943  10680.33  10711.84    1.000
      TL          4.727754    0.042237    4.330808    5.138188    4.724738  12727.83  13108.46    1.000
      TL          4.752626    0.036089    4.388970    5.132424    4.750315  14460.89  14472.51    1.000
      TL          5.790386    0.049873    5.339418    6.216444    5.786181   8936.74   9502.74    1.000
      TL          5.804810    0.047508    5.387708    6.235002    5.800795  12561.64  12632.66    1.000
      TL          4.882750    0.038246    4.508033    5.274632    4.880082  12340.30  12366.71    1.000
      TL          2.936156    0.032096    2.582007    3.278155    2.930160  10395.81  11001.98    1.000
      TL          5.888214    0.043209    5.476624    6.290173    5.885346  12008.01  12514.52    1.000
      TL          2.968107    0.029617    2.641886    3.318632    2.963361  10690.71  10801.70    1.000
      TL          3.457820    0.028676    3.120133    3.780618    3.454749  12350.59  12902.94    1.000
      TL          2.442484    0.022343    2.146979    2.733999    2.438953  11622.14  12310.71    1.000
      TL          3.723828    0.037826    3.353445    4.114469    3.718600   9610.00  10448.41    1.000
      TL          3.801360    0.031154    3.462192    4.151495    3.798434  14065.57  14409.61    1.000
      TL          6.477848    0.051120    6.032993    6.919519    6.475696   9240.36  10126.27    1.000
      TL          4.491142    0.040899    4.100970    4.887985    4.486542  10253.19  10477.96    1.000
      TL          6.272303    0.050916    5.837404    6.718808    6.269089   7646.30   8335.37    1.000
      TL          6.419687    0.048135    5.988520    6.850802    6.416934  11880.18  12076.34    1.000
      TL          5.695323    0.045851    5.286886    6.122481    5.691134  11490.98  11494.51    1.000
      TL          3.910977    0.032056    3.561783    4.262963    3.906785  13200.52  13653.20    1.000
      TL          5.026496    0.037224    4.664969    5.422190    5.024830  13744.82  13755.48    1.000
      TL          3.466735    0.032823    3.112130    3.819217    3.463271  10015.21  10291.36    1.000
      TL          5.254027    0.043826    4.843938    5.665183    5.250664  10131.22  10291.11    1.000
      TL          5.301980    0.041529    4.899886    5.696918    5.298421  11480.10  11819.58    1.000
      TL          3.376185    0.032978    3.029268    3.741786    3.371567  10412.86  10571.43    1.000
      TL          3.714129    0.038148    3.338168    4.104899    3.709646  12838.63  13504.17    1.000
      TL          2.904533    0.029463    2.563993    3.238078    2.899780  11982.59  12546.27    1.000
      TL          4.712557    0.040002    4.319636    5.103142    4.709315   9436.90  10780.09    1.000
      TL          5.006407    0.040809    4.609753    5.399486    5.004002  12861.36  13139.67    1.000
      TL          4.759726    0.038621    4.381651    5.156284    4.756706  13863.46  13953.35    1.000
      TL          6.916520    0.057382    6.447914    7.385533    6.913559   9524.66   9771.87    1.000
      TL          3.844071    0.035532    3.481906    4.219337    3.841676  13309.34  13518.61    1.000
      TL          3.905704    0.037502    3.530787    4.284986    3.900808  12448.78  12813.52    1.000
      TL          4.825125    0.038959    4.438942    5.212928    4.822163  10489.93  11638.85    1.000
      TL          2.648494    0.034138    2.301350    3.021172    2.641154   7402.87   8107.50    1.000
      TL          5.423046    0.041300    5.041103    5.834671    5.419722  12958.98  13612.60    1.000
      TL          3.748190    0.032367    3.394998    4.101532    3.744343  13075.89  13226.07    1.000
      TL          6.888322    0.055572    6.435518    7.362848    6.885926  10831.33  11266.60    1.000
      TL          6.333241    0.049426    5.905134    6.774141    6.330302  12071.24  12391.90    1.000
      TL          6.313780    0.051635    5.881165    6.766576    6.309214  11622.05  11862.72    1.000
      TL          3.106188    0.035260    2.741627    3.476319    3.102728   9872.41  10066.94    1.000
      TL          3.937317    0.043213    3.534459    4.345136    3.932076   9677.97  10059.41    1.000
      TL          4.564620    0.040926    4.176094    4.970184    4.561107  12686.45  12966.22    1.000
      TL          4.999640    0.045534    4.579336    5.411613    4.996202  12833.93  13451.93    1.000
      TL          5.358695    0.040195    4.966420    5.747964    5.357889  14249.53  14308.28    1.000
      TL          5.235940    0.046274    4.818027    5.661198    5.232221  12944.06  13293.54    1.000
      TL          6.281250    0.050210    5.851561    6.725236    6.276964  11543.59  11958.93    1.000
      TL          4.168208    0.040618    3.773070    4.562159    4.164656   9877.52  10802.41    1.000
      TL          3.804709    0.033523    3.452191    4.167429    3.801817  13462.83  13816.55    1.000
      TL          2.111271    0.044638    1.713479    2.531780    2.099721  13654.56  14260.62    1.000
      TL          6.048312    0.048338    5.638225    6.497531    6.044287  11521.86  11693.53    1.000
      TL          2.762743    0.028960    2.423777    3.089326    2.757784  12901.02  13273.19    1.000
      TL          5.991387    0.047719    5.555627    6.413406    5.987554  11983.34  11995.26    1.000
      TL          3.689154    0.034524    3.324499    4.053602    3.686813  15075.10  15131.01    1.000
      TL          6.040647    0.055787    5.579830    6.501076    6.034593   5358.29   6270.09    1.000
      TL          6.916536    0.054364    6.456671    7.371528    6.912089  12000.57  12390.27    1.000
      TL          5.783119    0.046287    5.353857    6.193657    5.779834  10663.10  11003.70    1.000
      TL          5.405304    0.050453    4.964311    5.839964    5.398640   7694.10   7755.45    1.000
      TL          3.939680    0.039970    3.556787    4.338039    3.934723  13613.04  14026.62    1.000
      TL          5.796616    0.047647    5.376304    6.228412    5.793072  10922.24  11285.63    1.000
      TL          4.280945    0.036667    3.907115    4.654476    4.277674   8747.21   9398.73    1.000
      TL          3.675337    0.038119    3.299607    4.063109    3.671549  10353.70  10533.06    1.000
      TL          3.762708    0.033030    3.414591    4.125409    3.758735  12975.54  13277.51    1.000
      TL          4.446536    0.038695    4.066341    4.832273    4.442365  14263.58  14682.85    1.000
      TL          6.400025    0.052297    5.950010    6.850504    6.396191   9488.90  10246.59    1.000
      TL          6.031478    0.050835    5.594005    6.474608    6.028568  11502.32  12147.48    1.000
      TL          7.228334    0.060023    6.746024    7.700762    7.222351  10864.36  11262.86    1.000
      TL          3.333523    0.040455    2.958591    3.743971    3.326265   8373.82   8735.77    1.000
      TL          6.788674    0.058339    6.316113    7.260347    6.785700  11013.12  11307.98    1.000
      TL          7.351287    0.059680    6.886389    7.843325    7.347561   8704.78   9609.65    1.000
      TL          3.401680    0.027743    3.082351    3.730682    3.398949  10681.17  12002.00    1.000
      TL          4.249144    0.036459    3.878337    4.626321    4.245356  11547.60  11679.46    1.000
      TL          6.177203    0.054395    5.724112    6.638549    6.171547   9552.43   9584.05    1.000
      TL          5.065195    0.050329    4.638731    5.516155    5.058251   3860.10   5004.48    1.000
