      clockrate{all}                0.886658    0.004895    0.750370    1.022322    0.883132     57.93     69.06    1.000
      clockrate{all}                0.677438    0.005036    0.540148    0.817925    0.673687    286.09    329.36    1.001
      clockrate{all}                0.683373    0.002945    0.576554    0.788126    0.681445    246.15    396.12    1.000
      clockrate{all}                0.645504    0.002581    0.551536    0.749165    0.642152    105.82    614.69    1.056
      clockrate{all}                0.743346    0.003311    0.636151    0.860428    0.740496    160.26    263.39    1.000
      clockrate{all}                0.739994    0.009320    0.569385    0.939887    0.731336    304.42    365.66    1.000
      clockrate{all}                0.730527    0.003421    0.621298    0.845975    0.726747     61.94    818.32    1.013
      clockrate{all}                0.914509    0.018117    0.670472    1.176152    0.902113    183.81    238.48    1.002
      clockrate{all}                0.702133    0.008116    0.532541    0.876962    0.694957    164.18    218.21    1.001
      clockrate{all}                0.786017    0.003406    0.670822    0.899423    0.783616    284.93    990.81    1.001
      clockrate{all}                0.682102    0.003089    0.579285    0.794259    0.678384     66.02    183.11    1.010
      clockrate{all}                1.151653    0.103036    0.604375    1.787283    1.098725    190.45    233.99    1.002
      clockrate{all}                0.768113    0.014424    0.553686    1.008216    0.754131     37.98    144.79    1.010
      clockrate{all}                0.781352    0.029110    0.504156    1.119480    0.752348    175.97    217.75    1.013
      clockrate{all}                0.732122    0.004342    0.608739    0.864741    0.726337     18.41    327.24    1.097
      clockrate{all}                0.670404    0.002721    0.570422    0.773660    0.668702    171.18    214.71    1.000
      clockrate{all}                0.739486    0.004739    0.613926    0.880688    0.734554    205.30    411.87    1.046
      clockrate{all}                0.853306    0.062555    0.459635    1.371385    0.802783    108.38    134.27    1.000
      clockrate{all}                1.035555    0.105754    0.473610    1.653881    0.994583    194.97    231.63    1.005
      clockrate{all}                0.829221    0.022056    0.582257    1.128031    0.805395    286.87    294.86    1.001
      clockrate{all}                0.711417    0.005445    0.573022    0.858064    0.705393     30.44     97.22    1.023
      clockrate{all}                0.840294    0.011383    0.644753    1.050110    0.829603    242.89    301.37    1.000
      clockrate{all}                0.836927    0.034477    0.529599    1.211861    0.806078     53.34     79.47    1.003
      clockrate{all}                0.801716    0.014272    0.582041    1.035081    0.788387    190.75    216.73    1.002
      clockrate{all}                0.779146    0.006563    0.631180    0.938859    0.768916     16.94     66.74    1.075
      clockrate{all}                0.648332    0.007110    0.506017    0.818043    0.638657     69.80    118.18    1.002
      clockrate{all}                0.775122    0.009824    0.601424    0.976537    0.761775     75.77     77.91    1.001
      clockrate{all}                0.847685    0.016647    0.613145    1.109140    0.835251     94.36    140.75    1.017
      clockrate{all}                0.681008    0.008378    0.521424    0.868017    0.670033    100.28    101.23    1.000
      clockrate{all}                0.789368    0.006038    0.642624    0.943110    0.782698     44.61     87.41    1.021
      clockrate{all}                0.855852    0.014978    0.646299    1.111346    0.833776     23.42     23.71    1.059
      clockrate{all}                0.639366    0.013630    0.444095    0.872051    0.620524     52.41     59.19    1.060
      clockrate{all}                0.722816    0.003077    0.614627    0.831280    0.721373    199.96    219.94    1.000
      clockrate{all}                0.591524    0.013463    0.387474    0.819690    0.578244    277.51    345.44    1.000
      clockrate{all}                0.726875    0.002423    0.634681    0.828549    0.725450    463.99    789.06    1.005
      clockrate{all}                0.718398    0.008813    0.540864    0.903049    0.710207    134.99    371.40    1.022
      clockrate{all}                0.655898    0.005976    0.507509    0.803117    0.649164    109.41    138.62    1.004
      clockrate{all}                1.073881    0.037674    0.742573    1.467852    1.040150     26.12    154.32    1.134
      clockrate{all}                0.610803    0.006390    0.465030    0.774013    0.603490    427.84    536.99    1.000
      clockrate{all}                0.715331    0.009168    0.547933    0.903827    0.701516     24.17     44.80    1.001
      clockrate{all}                0.605469    0.002478    0.511498    0.704345    0.603182     74.92    591.17    1.036
      clockrate{all}                0.788057    0.012366    0.590051    1.007309    0.774566     32.86     46.24    1.008
      clockrate{all}                0.716488    0.007433    0.555300    0.891545    0.708253     49.80     63.71    1.018
      clockrate{all}                0.685452    0.002836    0.583328    0.789935    0.682676     67.41    322.13    1.011
      clockrate{all}                0.707028    0.003772    0.587357    0.827388    0.703595    219.41    334.47    1.018
      clockrate{all}                0.682145    0.005614    0.538022    0.826604    0.676963    256.03    261.52    1.005
      clockrate{all}                0.783668    0.005385    0.640802    0.921993    0.779435    325.36    440.77    1.002
      clockrate{all}                0.751922    0.017739    0.514380    1.016456    0.736393     75.27    147.12    1.017
      clockrate{all}                0.658590    0.004516    0.533716    0.792617    0.653523     53.20     62.05    1.009
      clockrate{all}                0.649702    0.007881    0.493309    0.830062    0.641019     60.18     73.88    1.021
      clockrate{all}                0.683747    0.019671    0.451362    0.961256    0.659895     42.90     69.40    1.002
      clockrate{all}                0.640669    0.008449    0.472319    0.826805    0.632458    333.08    371.58    1.007
      clockrate{all}                0.741560    0.017823    0.509186    1.011427    0.725938    193.12    243.88    1.007
      clockrate{all}                0.713497    0.004449    0.588803    0.848052    0.709862    171.78    181.13    1.001
      clockrate{all}                0.941100    0.022589    0.666205    1.233810    0.920543     80.05    145.93    1.001
      clockrate{all}                0.853156    0.011144    0.658146    1.066971    0.843237     32.53     70.53    1.002
      clockrate{all}                0.775134    0.005181    0.645099    0.922122    0.768813     91.09    181.87    1.002
      clockrate{all}                0.669299    0.008277    0.504273    0.855464    0.661990    232.14    232.51    1.000
      clockrate{all}                0.815252    0.014572    0.605298    1.052211    0.800550    231.41    317.55    1.000
      clockrate{all}                0.822901    0.007902    0.650505    0.997259    0.818429     70.91    119.78    1.000
      clockrate{all}                1.041099    0.059777    0.599887    1.516954    1.014093    130.43    189.96    1.000
      clockrate{all}                0.667003    0.002796    0.566015    0.772610    0.665075    516.76    593.31    1.000
      clockrate{all}                0.639989    0.006918    0.487459    0.807840    0.632784    197.24    251.90    1.003
      clockrate{all}                0.599105    0.001866    0.517003    0.686043    0.597464    123.21    286.89    1.011
      clockrate{all}                0.751830    0.008674    0.584883    0.939286    0.741946     48.98     91.09    1.015
      clockrate{all}                0.838276    0.011344    0.656920    1.065974    0.819011     34.01     51.03    1.002
      clockrate{all}                0.883944    0.025796    0.607518    1.219074    0.859086    161.56    179.85    1.001
      clockrate{all}                0.902710    0.015573    0.683521    1.146285    0.888238    108.21    130.82    1.003
      clockrate{all}                0.833679    0.012032    0.643374    1.046171    0.820576     86.14     91.97    1.000
      clockrate{all}                0.840719    0.031001    0.543942    1.190408    0.813538     40.27     84.69    1.016
      clockrate{all}                0.671095    0.003645    0.554223    0.788921    0.666931    100.84    119.16    1.009
      clockrate{all}                0.627212    0.006698    0.468069    0.784584    0.621395    277.34    343.22    1.001
      clockrate{all}                0.840048    0.005961    0.691740    0.991296    0.834052    131.01    165.35    1.000
      clockrate{all}                0.693691    0.010895    0.503753    0.902075    0.683481    355.95    456.61    1.000
      clockrate{all}                0.836566    0.032818    0.538378    1.222448    0.807168    144.98    153.50    1.007
      clockrate{all}                1.958063    0.400162    0.771746    3.203591    1.914206    319.64    391.62    1.000
      clockrate{all}                0.644171    0.003365    0.535180    0.759577    0.641279    168.66    184.84    1.001
      clockrate{all}                0.721600    0.012739    0.519310    0.944775    0.706921    161.52    212.11    1.012
      clockrate{all}                0.879441    0.011539    0.682114    1.092542    0.869760     59.19    105.14    1.004
      clockrate{all}                0.797729    0.022970    0.533559    1.108554    0.777833    201.41    253.08    1.000
      clockrate{all}                0.782824    0.005884    0.638303    0.938422    0.778532    134.87    152.96    1.001
      clockrate{all}                0.760547    0.003352    0.648159    0.873109    0.757008     40.80    214.57    1.008
      clockrate{all}                0.710175    0.004727    0.571720    0.840732    0.706769    120.51    133.24    1.001
      clockrate{all}                0.760698    0.010316    0.572054    0.959134    0.749555     46.74     76.49    1.072
      clockrate{all}                0.859534    0.019339    0.629712    1.143400    0.834836     30.12     39.66    1.002
      clockrate{all}                0.655654    0.004944    0.526454    0.796057    0.648708     56.04     70.96    1.001
      clockrate{all}                1.178359    0.049815    0.788656    1.612546    1.150043     88.59    107.27    1.013
      clockrate{all}                0.718732    0.032799    0.446923    1.100635    0.671520     36.35     43.17    1.001
      clockrate{all}                0.789324    0.008101    0.624279    0.966286    0.781879    247.24    250.44    1.001
      clockrate{all}                0.894734    0.022487    0.636401    1.193097    0.870563    166.03    190.78    1.002
      clockrate{all}                0.703619    0.005265    0.571364    0.851828    0.696426    191.31    218.90    1.024
      clockrate{all}                0.699290    0.004636    0.566692    0.831799    0.695835     80.28    207.56    1.012
      clockrate{all}                0.703154    0.004016    0.580084    0.828797    0.701187    139.47    144.31    1.052
      clockrate{all}                0.839037    0.046113    0.490445    1.233674    0.803011    154.80    217.60    1.002
      clockrate{all}                0.753276    0.005546    0.614832    0.901019    0.748146    286.15    294.14    1.002
      clockrate{all}                0.830616    0.003895    0.712385    0.957542    0.828659    234.66    557.72    1.009
      clockrate{all}                0.837396    0.010380    0.652009    1.042333    0.825417    171.73    172.96    1.009
      clockrate{all}                0.849027    0.017741    0.633294    1.107769    0.828197     28.87    183.79    1.018
      clockrate{all}                0.589550    0.002674    0.489397    0.692376    0.588525    597.39    666.14    1.001
      clockrate{all}                0.819996    0.008367    0.650013    1.000571    0.811210    101.47    169.88    1.000
