0.255814
0.4166667
0.1363636
0.3181818
0.25
0.35
0.2051282
0.1818182
0.2758621
0.1333333
0.1842105
0.3125
0.173913
0.125
0.3255814
0.2173913
0.1395349
0.1578947
0.1428571
0.1875
0.3913043
0.3333333
0.1612903
0.2692308
0.125
0.4074074
0.3235294
0.3428571
0.1111111
0.1538462
0.2439024
0.2972973
0.1621622
0.2352941
0.1956522
0.25
0.2222222
0.3181818
0.2631579
0.2
0.4468085
0.06896552
0.2340426
0.2340426
0.2432432
0.2222222
0.35
0.25
0.2121212
0.3111111
0.2173913
0
0.1578947
0.2666667
0.40625
0.1714286
0.2619048
0.09090909
0.2
0.1621622
0.1666667
0.2
0.12
0.1777778
0.372093
0.325
0.1176471
0.1818182
0.07692308
0.03846154
0.25
0.3703704
0.225
0.1304348
0.2692308
0
0.2564103
0.06666667
0.2195122
0
0.1578947
0.1136364
0.2051282
0.2
0.05263158
0.1578947
0.3
0.25
0.2692308
0.25
0.2093023
0.1428571
0.2826087
0.0625
0.25
0.173913
0.1333333
0.2142857
0.3157895
0.1612903
