      age{all}[0]                   0.871317    0.001116    0.816141    0.940047    0.865203    1.002    2
      age{all}[0]                   1.017909    0.001126    0.956237    1.080399    1.013972    1.000    2
      age{all}[0]                   1.011137    0.001121    0.945003    1.075679    1.009265    1.005    2
      age{all}[0]                   0.998186    0.001174    0.935624    1.063776    0.995371    1.012    2
      age{all}[0]                   0.994033    0.000749    0.944093    1.049657    0.991872    1.003    2
      age{all}[0]                  1.038653    0.002349    0.948288    1.136396    1.034443    1.000    2
      age{all}[0]                  1.022138    0.000972    0.965629    1.085389    1.018259    1.003    2
      age{all}[0]                  0.784627    0.001169    0.726877    0.851153    0.778864    1.001    2
      age{all}[0]                  1.061617    0.002034    0.980167    1.153748    1.056734    1.000    2
      age{all}[0]                   0.957738    0.000841    0.904610    1.017206    0.954772    1.004    2
      age{all}[0]                   0.975364    0.001147    0.912297    1.042019    0.973137    1.004    2
      age{all}[0]                  0.872882    0.002020    0.831188    0.959054    0.859164    1.002    2
      age{all}[0]                  0.932299    0.002747    0.857065    1.030803    0.923260    1.002    2
      age{all}[0]                  0.946978    0.002288    0.856380    1.041114    0.942332    1.001    2
      age{all}[0]                   1.008671    0.001633    0.933716    1.091567    1.006288    1.043    2
      age{all}[0]                   1.010909    0.001350    0.945719    1.088788    1.007673    1.001    2
      age{all}[0]                   1.035312    0.001173    0.976197    1.105744    1.030707    1.007    2
      age{all}[0]                  1.046935    0.008172    0.884349    1.225447    1.037944    1.001    2
      age{all}[0]                  0.824234    0.012291    0.620157    1.034073    0.812973    1.003    2
      age{all}[0]                  1.005970    0.001824    0.951804    1.087298    0.996808    1.000    2
      age{all}[0]                   1.039085    0.002087    0.955822    1.129654    1.035592    1.004    2
      age{all}[0]                  1.036550    0.001017    0.979788    1.095009    1.033052    1.002    2
      age{all}[0]                  0.893580    0.003711    0.785713    1.019730    0.888013    1.003    2
      age{all}[0]                  0.918050    0.001675    0.859266    0.996897    0.909298    1.004    2
      age{all}[0]                   0.982480    0.001780    0.905730    1.064885    0.977937    1.015    2
      age{all}[0]                  0.975083    0.004270    0.854031    1.104913    0.970252    1.001    2
      age{all}[0]                   0.917187    0.001852    0.838823    1.006095    0.913721    1.003    2
      age{all}[0]                   0.915560    0.002324    0.834452    1.005406    0.908296    1.001    2
      age{all}[0]                  0.886825    0.002508    0.793726    0.987495    0.882099    1.000    2
      age{all}[0]                   0.890830    0.002149    0.802127    0.981230    0.888531    1.008    2
      age{all}[0]                   0.975258    0.001674    0.900216    1.061874    0.971853    1.044    2
      age{all}[0]                   1.047275    0.005055    0.926305    1.182424    1.036855    1.028    2
      age{all}[0]                   1.009764    0.000947    0.952405    1.070309    1.006341    1.000    2
      age{all}[0]                  1.089350    0.006682    0.970773    1.242461    1.074646    1.000    2
      age{all}[0]                   1.014456    0.001182    0.952616    1.086075    1.011418    1.001    2
      age{all}[0]                  0.984930    0.000960    0.930639    1.045929    0.981213    1.005    2
      age{all}[0]                  0.997561    0.003580    0.888105    1.122235    0.992998    1.000    2
      age{all}[0]                  0.910058    0.000584    0.872945    0.953024    0.907123    1.000    2
      age{all}[0]                  1.056346    0.001731    0.984863    1.138413    1.050466    1.000    2
      age{all}[0]                  1.050269    0.001967    0.971284    1.146013    1.046058    1.000    2
      age{all}[0]                   0.914879    0.001432    0.842933    0.987830    0.912397    1.006    2
      age{all}[0]                  0.933763    0.001750    0.855138    1.015600    0.930039    1.000    2
      age{all}[0]                   0.916982    0.004099    0.797132    1.044935    0.913365    1.010    2
      age{all}[0]                   0.991850    0.001222    0.927002    1.060558    0.988710    1.009    2
      age{all}[0]                   1.050609    0.001360    0.984758    1.122598    1.046358    1.000    2
      age{all}[0]                  1.067068    0.001718    0.989905    1.148766    1.062951    1.004    2
      age{all}[0]                   1.031394    0.001813    0.955248    1.116331    1.027328    1.001    2
      age{all}[0]                  0.988027    0.002529    0.915294    1.083910    0.978627    1.007    2
      age{all}[0]                   1.086991    0.001964    1.006436    1.175526    1.082253    1.002    2
      age{all}[0]                   1.070194    0.002655    0.980005    1.176789    1.064929    1.000    2
      age{all}[0]                  1.000766    0.001605    0.928477    1.083094    0.995584    1.000    2
      age{all}[0]                  0.958764    0.002507    0.865640    1.054991    0.953669    1.002    2
      age{all}[0]                  0.959411    0.004014    0.841324    1.084273    0.952339    1.001    2
      age{all}[0]                  0.973596    0.003427    0.860645    1.083658    0.969167    1.000    2
      age{all}[0]                  0.985857    0.001687    0.914023    1.067485    0.981688    1.000    2
      age{all}[0]                  1.002105    0.000706    0.966029    1.052552    0.996852    1.000    2
      age{all}[0]                   1.009627    0.001054    0.951577    1.074242    1.006389    1.005    2
      age{all}[0]                  0.965324    0.002180    0.881493    1.058166    0.959927    1.000    2
      age{all}[0]                  0.978961    0.001841    0.898663    1.064823    0.974610    1.001    2
      age{all}[0]                  0.966967    0.000942    0.927813    1.026348    0.960417    1.000    2
      age{all}[0]                  0.998134    0.001601    0.956537    1.076509    0.986446    1.000    2
      age{all}[0]                   0.996106    0.001909    0.917967    1.084897    0.991058    1.000    2
      age{all}[0]                  1.076474    0.002147    0.992803    1.169329    1.071894    1.004    2
      age{all}[0]                   1.007335    0.001435    0.937871    1.083595    1.004367    1.000    2
      age{all}[0]                   0.969263    0.001491    0.899001    1.039864    0.964506    1.009    2
      age{all}[0]                   0.997176    0.001861    0.914446    1.083782    0.995558    1.007    2
      age{all}[0]                  0.822325    0.002786    0.725257    0.930563    0.818279    1.005    2
      age{all}[0]                  0.984962    0.001068    0.925917    1.051054    0.981545    1.000    2
      age{all}[0]                  1.030892    0.003522    0.916406    1.152713    1.028320    1.000    2
      age{all}[0]                  0.998528    0.002991    0.900360    1.104178    0.992989    1.005    2
      age{all}[0]                   0.994437    0.001339    0.926494    1.069686    0.991747    1.007    2
      age{all}[0]                  1.027231    0.002578    0.936193    1.127858    1.021354    1.000    2
      age{all}[0]                   0.972478    0.001187    0.910035    1.040663    0.968863    1.000    2
      age{all}[0]                  0.963334    0.003825    0.852909    1.084917    0.954449    1.000    2
      age{all}[0]                  1.033092    0.003276    0.934770    1.141566    1.025692    1.006    2
      age{all}[0]                  0.890771    0.013297    0.792186    1.111586    0.855704    1.000    2
      age{all}[0]                   1.058985    0.002684    0.960470    1.159368    1.055922    1.000    2
      age{all}[0]                  1.059145    0.003791    0.942252    1.179496    1.054769    1.004    2
      age{all}[0]                   1.018942    0.001410    0.948721    1.095603    1.015862    1.003    2
      age{all}[0]                  1.057748    0.003776    0.949453    1.185267    1.052135    1.000    2
      age{all}[0]                   0.950938    0.003345    0.843233    1.065770    0.947401    1.003    2
      age{all}[0]                   0.912133    0.001505    0.842581    0.986471    0.908763    1.002    2
      age{all}[0]                   0.966051    0.000935    0.925964    1.023912    0.959632    1.000    2
      age{all}[0]                  0.809267    0.002319    0.719642    0.903519    0.805164    1.016    2
      age{all}[0]                  0.910976    0.002055    0.831241    1.005035    0.906965    1.001    2
      age{all}[0]                  1.016128    0.002496    0.926222    1.120103    1.011943    1.005    2
      age{all}[0]                  0.670239    0.003005    0.565380    0.785656    0.666025    1.005    2
      age{all}[0]                  1.061889    0.006129    0.915338    1.201446    1.059301    1.004    2
      age{all}[0]                  0.954559    0.001667    0.879877    1.035786    0.950296    1.004    2
      age{all}[0]                  0.878323    0.001967    0.796136    0.965772    0.874176    1.000    2
      age{all}[0]                   1.024680    0.001503    0.952893    1.102473    1.021446    1.008    2
      age{all}[0]                  1.035836    0.001868    0.953440    1.120700    1.031487    1.001    2
      age{all}[0]                   0.949120    0.000742    0.902549    0.998561    0.946503    1.006    2
      age{all}[0]                  0.988633    0.004008    0.879202    1.114099    0.979747    1.001    2
      age{all}[0]                   0.998004    0.002053    0.911425    1.083089    0.994308    1.007    2
      age{all}[0]                   1.034492    0.000912    0.976777    1.094524    1.032523    1.005    2
      age{all}[0]                  1.012325    0.001302    0.946170    1.085480    1.008509    1.001    2
      age{all}[0]                  0.993982    0.000494    0.962751    1.034658    0.989695    1.001    2
      age{all}[0]                   1.015695    0.003435    0.905024    1.133027    1.011810    1.002    2
      age{all}[0]                  0.861307    0.001272    0.795117    0.931753    0.857406    1.004    2
