      alpha_symdir{1}   0.875389    0.097568    0.273000    1.401968    0.866973   6559.83   6968.44    1.000
      alpha_symdir{1}   0.689050    0.046225    0.179345    1.024117    0.690104   7168.03   7605.76    1.000
      alpha_symdir{1}   0.719451    0.040239    0.210946    1.035181    0.721558   6439.93   6694.17    1.000
      alpha_symdir{1}   0.781625    0.053775    0.346588    1.265516    0.739031   8323.62   8424.50    1.000
      alpha_symdir{1}   0.838787    0.065024    0.253825    1.261593    0.844376   8466.38   8802.23    1.000
      alpha_symdir{1}   1.156429    0.304063    0.246952    2.248570    1.092328   7119.25   7775.95    1.000
      alpha_symdir{1}   0.998491    0.070394    0.276846    1.456774    0.984991   7513.66   7591.93    1.000
      alpha_symdir{1}   1.055272    0.208114    0.222585    1.825958    1.014520   7273.76   7477.48    1.000
      alpha_symdir{1}   0.617965    0.065200    0.195931    1.071556    0.609772   9008.01  10108.49    1.000
      alpha_symdir{1}   0.998295    0.115933    0.272387    1.542219    1.011016   5390.50   5451.66    1.000
      alpha_symdir{1}   0.581900    0.061420    0.080805    1.004146    0.562986    925.39   1314.70    1.000
      alpha_symdir{1}   0.813272    0.225440    0.175479    1.619185    0.794007   7837.23   7884.54    1.000
      alpha_symdir{1}   2.096699    1.602501    0.000009    4.369573    1.963499     56.44     98.24    1.001
      alpha_symdir{1}   1.090433    0.468333    0.005579    2.311959    1.017736   5040.62   5782.47    1.000
      alpha_symdir{1}   1.182487    0.151243    0.514433    2.039190    1.139054   7109.15   7539.81    1.000
      alpha_symdir{1}   1.767160    0.316021    0.912675    2.894008    1.650618   7065.46   7469.60    1.000
      alpha_symdir{1}   1.058102    0.063483    0.678856    1.632811    1.037896   2414.85   3541.59    1.000
      alpha_symdir{1}   1.156181    0.310099    0.234403    2.147708    1.085268   8191.92   8390.19    1.000
      alpha_symdir{1}   1.178964    0.742250    0.000078    2.781734    1.026258   6433.74   6931.46    1.000
      alpha_symdir{1}   0.960138    0.362662    0.066903    2.065137    0.875508   7396.17   7646.58    1.000
      alpha_symdir{1}   0.669448    0.033475    0.346949    1.067845    0.632686   7471.08   7522.42    1.000
      alpha_symdir{1}   0.877159    0.193937    0.201230    1.667656    0.825734   7782.64   8067.45    1.000
      alpha_symdir{1}   0.551247    0.075965    0.216983    1.072767    0.462127   7094.23   7861.00    1.000
      alpha_symdir{1}   0.573807    0.065626    0.159194    0.963499    0.605780   7860.66   7881.68    1.000
      alpha_symdir{1}   2.011503    0.474170    0.977167    3.400830    1.870962   9116.24   9641.27    1.000
      alpha_symdir{1}   0.874269    0.107031    0.224470    1.376780    0.902304   6563.37   6688.59    1.000
      alpha_symdir{1}   0.550274    0.090855    0.176977    0.996909    0.632170   2075.14   2231.20    1.000
      alpha_symdir{1}   1.061287    0.113494    0.255795    1.618673    1.048822   5833.87   5947.79    1.000
      alpha_symdir{1}   0.908835    0.118083    0.226883    1.480856    0.900807   8011.45   8472.45    1.000
      alpha_symdir{1}   0.484829    0.058321    0.204594    0.905526    0.366429   5462.87   5560.23    1.000
      alpha_symdir{1}   0.590362    0.042276    0.230730    0.982161    0.571127  10574.78  10741.22    1.000
      alpha_symdir{1}   1.312815    0.222855    0.602227    2.289112    1.223406   8389.43   8676.57    1.000
      alpha_symdir{1}   0.837305    0.072316    0.200282    1.296352    0.794210   7589.24   7626.32    1.000
      alpha_symdir{1}   1.182486    0.396302    0.225443    2.452485    1.109610   4129.46   6496.99    1.000
      alpha_symdir{1}   0.884336    0.101831    0.240255    1.336541    0.939748   3607.82   3726.87    1.000
      alpha_symdir{1}   0.955515    0.445435    0.000169    2.154271    0.834099   6835.66   6887.59    1.000
      alpha_symdir{1}   0.822066    0.157661    0.173849    1.507702    0.805590   6862.47   7015.64    1.000
      alpha_symdir{1}   1.656224    0.530968    0.675977    3.514257    1.501197   3169.13   4269.22    1.000
      alpha_symdir{1}   0.887597    0.336541    0.019745    1.919778    0.792318   6036.98   6519.28    1.000
      alpha_symdir{1}   0.875936    0.101490    0.207570    1.375903    0.866047   7417.19   7955.19    1.000
      alpha_symdir{1}   0.536028    0.042894    0.214155    0.884628    0.542001   8003.80   8130.15    1.000
      alpha_symdir{1}   0.745317    0.102547    0.186614    1.257113    0.757898   7508.03   7810.43    1.000
      alpha_symdir{1}   0.537738    0.016146    0.300051    0.803367    0.526290   8269.75   8442.38    1.000
      alpha_symdir{1}   1.000571    0.110106    0.284878    1.582445    0.985960   5801.61   6127.84    1.000
      alpha_symdir{1}   0.751923    0.031449    0.473275    1.215674    0.726342   8584.02   8989.68    1.000
      alpha_symdir{1}   0.804948    0.128854    0.221355    1.392712    0.820368   8633.75   8733.79    1.000
      alpha_symdir{1}   0.802317    0.074933    0.303617    1.320324    0.768178   7125.90   7880.49    1.000
      alpha_symdir{1}   0.751333    0.156496    0.198907    1.368381    0.794528   4580.61   5263.81    1.000
      alpha_symdir{1}   0.442512    0.084630    0.203895    1.018724    0.281160    758.06    814.22    1.012
      alpha_symdir{1}   1.140190    0.121583    0.620478    1.851948    1.079435   5368.03   6254.96    1.000
      alpha_symdir{1}   0.993189    0.169818    0.241141    1.720607    0.965691   9516.07   9652.85    1.000
      alpha_symdir{1}   0.801243    0.175091    0.084625    1.538474    0.744614   7015.56   7926.58    1.000
      alpha_symdir{1}   1.311243    0.475471    0.001623    2.553001    1.205338    993.82   4296.19    1.002
      alpha_symdir{1}   0.992338    0.111220    0.235264    1.552726    0.974097   7522.86   7686.77    1.000
      alpha_symdir{1}   0.791465    0.092177    0.312269    1.532332    0.736764   6693.37   6951.44    1.000
      alpha_symdir{1}   0.753113    0.048108    0.434095    1.340970    0.721778   6663.74   6759.32    1.000
      alpha_symdir{1}   0.686502    0.030525    0.223965    0.930597    0.707793   3548.16   3595.86    1.000
      alpha_symdir{1}   0.612903    0.107896    0.085451    1.159477    0.580286   7903.83   8217.03    1.000
      alpha_symdir{1}   0.846960    0.250523    0.080834    1.739730    0.763318   8190.86   8286.09    1.000
      alpha_symdir{1}   0.911553    0.073734    0.535180    1.476591    0.856054   8340.23   8717.46    1.000
      alpha_symdir{1}   1.080587    0.453375    0.000128    2.285316    0.969190   4984.83   5908.06    1.000
      alpha_symdir{1}   1.430063    0.479934    0.000467    2.572752    1.389107     16.08   3996.18    1.029
      alpha_symdir{1}   0.934147    0.320707    0.000109    1.885874    0.843626   4952.06   4976.78    1.000
      alpha_symdir{1}   0.889813    0.111778    0.305980    1.524488    0.835561   6759.63   6765.40    1.000
      alpha_symdir{1}   0.826998    0.074404    0.212135    1.304813    0.786570   6850.95   6914.19    1.000
      alpha_symdir{1}   1.021689    0.105871    0.260209    1.498676    1.044761   3924.72   4266.90    1.000
      alpha_symdir{1}   1.407347    0.854516    0.000006    3.152534    1.249178    943.62   1463.98    1.000
      alpha_symdir{1}   0.789565    0.240449    0.004278    1.526691    0.761067   4361.22   4583.39    1.000
      alpha_symdir{1}   0.671420    0.127922    0.185242    1.210323    0.746328   4029.53   4389.45    1.000
      alpha_symdir{1}   0.961711    0.118108    0.235010    1.529718    0.954997   7596.17   7601.16    1.000
      alpha_symdir{1}   0.676495    0.099109    0.294121    1.340550    0.565974   6987.11   7703.08    1.000
      alpha_symdir{1}   0.665128    0.118931    0.225032    1.274955    0.630446   8376.86   8656.63    1.000
      alpha_symdir{1}   1.070064    0.129360    0.458006    1.891932    1.006971   2184.52   4185.89    1.000
      alpha_symdir{1}   0.652461    0.112111    0.231048    1.269192    0.568977   9299.91   9487.12    1.000
      alpha_symdir{1}   0.553091    0.082370    0.181567    1.061550    0.505259   8586.57   9310.23    1.000
      alpha_symdir{1}   1.495593    1.189238    0.000019    3.523061    1.343084   2016.66   2595.61    1.000
      alpha_symdir{1}   1.097323    0.074037    0.719772    1.661690    1.045537   5793.95   5901.00    1.000
      alpha_symdir{1}   1.912067    1.431540    0.000002    4.079819    1.768536     44.44    118.09    1.004
      alpha_symdir{1}   0.739064    0.046148    0.257769    1.122842    0.726180   8714.39   8783.09    1.000
      alpha_symdir{1}   1.539622    0.578494    0.000683    2.910968    1.403119   3028.93   3132.87    1.000
      alpha_symdir{1}   0.694926    0.055971    0.218762    1.074020    0.710393   8596.80   8794.82    1.000
      alpha_symdir{1}   1.199844    0.069027    0.717312    1.731072    1.171571   7907.28   8476.18    1.000
      alpha_symdir{1}   0.666924    0.092583    0.251672    1.229318    0.614201   7053.08   7521.05    1.000
      alpha_symdir{1}   0.854812    0.086178    0.275923    1.409358    0.804455   6381.64   6900.71    1.000
      alpha_symdir{1}   1.797003    1.294127    0.000007    3.850172    1.661407    177.60    190.27    1.000
      alpha_symdir{1}   0.738310    0.044323    0.197368    1.035125    0.760174   4015.18   4120.82    1.000
      alpha_symdir{1}   0.747044    0.236321    0.063730    1.519897    0.757796   4428.37   4618.10    1.000
      alpha_symdir{1}   1.124850    0.480767    0.000119    2.376118    1.003620   5576.46   5627.11    1.000
      alpha_symdir{1}   1.047843    0.507141    0.000134    2.347514    0.924526   2357.23   2935.69    1.000
      alpha_symdir{1}   1.309775    0.231370    0.263601    2.195892    1.241182   2311.75   5272.59    1.000
      alpha_symdir{1}   1.041418    0.057754    0.643297    1.535807    1.013317   7461.06   7534.90    1.000
      alpha_symdir{1}   1.187390    0.264328    0.227125    2.171452    1.076301   5220.87   5943.53    1.000
      alpha_symdir{1}   0.845449    0.047935    0.520488    1.312952    0.804969   5677.21   5919.16    1.000
      alpha_symdir{1}   1.530612    0.679598    0.001202    3.056265    1.373083   3372.47   3385.12    1.000
      alpha_symdir{1}   1.203043    0.074165    0.761971    1.756365    1.157913   8736.92   9319.33    1.000
      alpha_symdir{1}   0.534956    0.066581    0.193963    0.867560    0.655802    124.71    146.26    1.000
      alpha_symdir{1}   0.580898    0.089178    0.090022    1.150029    0.495741   7566.04   7833.06    1.000
      alpha_symdir{1}   1.365833    0.401002    0.257306    2.590600    1.245161   7509.45   8010.04    1.000
      alpha_symdir{1}   0.697538    0.038026    0.293952    1.078770    0.685448   9801.43   9820.55    1.000
      alpha_symdir{1}   1.027102    0.178068    0.247051    1.689714    1.047523   4627.79   4701.24    1.000
