0.3488372
0.4444444
0.4318182
0.3636364
0.3863636
0.55
0.3076923
0.2727273
0.3448276
0.4
0.2368421
0.25
0.3043478
0.1875
0.4883721
0.3478261
0.2790698
0.4736842
0.1428571
0.25
0.3043478
0.4583333
0.2580645
0.4230769
0.325
0.5555556
0.5882353
0.4857143
0.1851852
0.4102564
0.4146341
0.4324324
0.1891892
0.3529412
0.326087
0.4
0.6666667
0.5454545
0.3684211
0.32
0.4893617
0.2068966
0.4680851
0.4042553
0.4324324
0.4074074
0.4
0.5
0.4242424
0.2444444
0.3043478
0.4444444
0.4210526
0.3
0.375
0.3428571
0.452381
0.5
0.3
0.3513514
0.05555556
0.4
0.48
0.5111111
0.4186047
0.4
0.2941176
0.4545455
0.4615385
0.3461538
0.3
0.4444444
0.45
0.4347826
0.3076923
0.3333333
0.3333333
0.2
0.3414634
0.1578947
0.3684211
0.4772727
0.5641026
0.4571429
0.4210526
0.4210526
0.2666667
0.35
0.4230769
0.375
0.1627907
0.3714286
0.5
0.1875
0.3
0.3043478
0.3
0.3214286
0.4473684
0.5806452
