      clockrate                0.524691    0.002819    0.426439    0.631705    0.520040    200.22    223.85    1.015
      clockrate                0.511370    0.002595    0.415490    0.613666    0.507704    243.64    272.59    1.000
      clockrate                0.504664    0.002917    0.408032    0.615465    0.499890     70.25    109.29    1.000
      clockrate                0.510514    0.002396    0.419281    0.607927    0.506286     49.69     76.65    1.014
      clockrate                0.535067    0.002072    0.450457    0.626132    0.531793     50.80    119.84    1.005
      clockrate                0.564392    0.004588    0.437283    0.697887    0.557830    246.34    323.67    1.001
      clockrate                0.480205    0.001264    0.411636    0.550060    0.478387    207.62    472.82    1.014
      clockrate                0.767775    0.015348    0.546744    1.016777    0.753309    234.66    288.40    1.003
      clockrate                0.408836    0.002054    0.324557    0.500382    0.404518    150.53    191.42    1.018
      clockrate                0.548047    0.001946    0.465832    0.637149    0.544115    155.71    175.81    1.016
      clockrate                0.537741    0.001698    0.459498    0.618822    0.534958    254.71    282.78    1.006
      clockrate                0.469783    0.006597    0.326698    0.634985    0.462391    429.03    503.26    1.002
      clockrate                0.446937    0.003569    0.341542    0.568833    0.439279     80.76    168.83    1.002
      clockrate                0.488223    0.018653    0.283012    0.771579    0.458960    110.97    131.11    1.000
      clockrate                0.445672    0.002061    0.361317    0.535988    0.441491     95.21     96.52    1.000
      clockrate                0.504931    0.001127    0.441377    0.572608    0.503852     92.69    118.90    1.004
      clockrate                0.500376    0.003279    0.394838    0.615824    0.494900    125.58    143.70    1.000
      clockrate                0.366172    0.004212    0.250799    0.494543    0.358588    114.89    193.77    1.001
      clockrate                0.510588    0.032477    0.245572    0.869321    0.469960    199.53    221.02    1.000
      clockrate                0.542849    0.007149    0.393705    0.706746    0.532370    347.96    409.86    1.000
      clockrate                0.497274    0.001396    0.425841    0.571025    0.494725    185.05    208.55    1.007
      clockrate                0.417594    0.001905    0.334807    0.506467    0.414613    332.85    510.14    1.000
      clockrate                0.535680    0.004234    0.424342    0.672085    0.527691     43.92    101.43    1.002
      clockrate                0.523655    0.005550    0.391620    0.673702    0.517103    152.35    179.57    1.000
      clockrate                0.584972    0.002481    0.491203    0.684156    0.580478     52.51     69.79    1.010
      clockrate                0.611066    0.008192    0.444249    0.791137    0.600217    202.28    231.77    1.003
      clockrate                0.473624    0.003376    0.367540    0.593353    0.467166    153.56    167.96    1.000
      clockrate                0.597844    0.006560    0.450037    0.754795    0.589917    146.96    174.78    1.006
      clockrate                0.558951    0.003531    0.447991    0.675524    0.554597    346.75    354.87    1.000
      clockrate                0.440875    0.001965    0.359090    0.528316    0.436223    134.67    157.98    1.003
      clockrate                0.441943    0.002374    0.350850    0.541983    0.437478    155.69    183.19    1.004
      clockrate                0.573854    0.005004    0.447237    0.714446    0.564129     89.80    110.65    1.005
      clockrate                0.502110    0.001844    0.422231    0.586060    0.498659     87.90    123.79    1.001
      clockrate                0.494875    0.008053    0.332031    0.673114    0.486794     75.64    153.25    1.000
      clockrate                0.622924    0.002625    0.532419    0.729178    0.617394     19.94     44.51    1.000
      clockrate                0.419788    0.002783    0.324506    0.528029    0.414501    408.62    514.32    1.000
      clockrate                0.613773    0.006668    0.467205    0.780634    0.604020    186.92    253.54    1.001
      clockrate                0.597774    0.005416    0.459894    0.742845    0.591084    288.03    315.76    1.000
      clockrate                0.418439    0.003098    0.315672    0.530418    0.412726    477.53    542.80    1.000
      clockrate                0.481843    0.004244    0.357182    0.605634    0.475518    105.53    135.46    1.002
      clockrate                0.474805    0.002845    0.376180    0.579567    0.470873     80.58    113.46    1.003
      clockrate                0.507033    0.004349    0.390504    0.643450    0.497766     68.05    132.28    1.036
      clockrate                0.468609    0.001606    0.393253    0.549867    0.466766    161.04    178.01    1.000
      clockrate                0.514955    0.001733    0.434301    0.596146    0.512833     44.83     96.00    1.002
      clockrate                0.466423    0.001914    0.381701    0.553334    0.464050    341.70    354.16    1.004
      clockrate                0.488526    0.002721    0.394278    0.595147    0.484391    203.62    318.29    1.001
      clockrate                0.637340    0.004540    0.513443    0.767394    0.631029    116.82    125.18    1.004
      clockrate                0.489303    0.005975    0.348265    0.643253    0.481992    138.98    169.85    1.001
      clockrate                0.440093    0.001468    0.367087    0.515445    0.438804    445.81    577.77    1.001
      clockrate                0.474135    0.002106    0.390914    0.567145    0.469210     42.94     50.12    1.000
      clockrate                0.554870    0.005763    0.419868    0.704952    0.544539    182.15    195.43    1.007
      clockrate                0.459171    0.005332    0.334446    0.608181    0.449488    130.28    156.82    1.000
      clockrate                0.579434    0.007482    0.419201    0.751984    0.570233    332.11    353.45    1.000
      clockrate                0.479460    0.001934    0.394661    0.565813    0.476786    172.90    273.63    1.000
      clockrate                0.610453    0.006314    0.473905    0.775758    0.600985    200.24    200.38    1.000
      clockrate                0.486225    0.002497    0.391497    0.585348    0.482848    251.65    267.88    1.013
      clockrate                0.429369    0.000939    0.372245    0.491643    0.428081    156.58    349.99    1.016
      clockrate                0.436142    0.005834    0.306067    0.588902    0.426117    244.43    271.64    1.000
      clockrate                0.427227    0.003666    0.319041    0.550411    0.420305    281.70    286.92    1.000
      clockrate                0.610253    0.007487    0.451750    0.781455    0.602556    126.72    132.81    1.000
      clockrate                0.418271    0.006560    0.284513    0.584188    0.404520    211.54    211.64    1.003
      clockrate                0.469300    0.001352    0.398222    0.542686    0.467016    238.07    250.25    1.002
      clockrate                0.438130    0.004118    0.327435    0.565843    0.428814    130.98    145.99    1.000
      clockrate                0.472797    0.001245    0.405921    0.542967    0.470744    166.83    251.59    1.002
      clockrate                0.423246    0.001748    0.345387    0.508654    0.419152     65.00     85.25    1.000
      clockrate                0.494115    0.003071    0.394589    0.605395    0.488359    116.82    146.14    1.000
      clockrate                0.532842    0.009568    0.369930    0.731664    0.516886    171.79    177.05    1.001
      clockrate                0.451314    0.002439    0.357469    0.549420    0.448105    435.61    446.37    1.000
      clockrate                0.405608    0.002555    0.314881    0.508131    0.399710    296.24    312.82    1.009
      clockrate                0.489697    0.002901    0.391026    0.597140    0.485788    446.35    454.31    1.005
      clockrate                0.606147    0.003566    0.496917    0.725845    0.600091    156.06    160.98    1.001
      clockrate                0.430021    0.003303    0.325918    0.543915    0.424276    296.09    312.46    1.000
      clockrate                0.503706    0.001912    0.420895    0.591503    0.501516    130.14    152.25    1.006
      clockrate                0.476271    0.002683    0.378629    0.580013    0.472752    559.96    617.85    1.000
      clockrate                0.448410    0.003470    0.341632    0.568264    0.441162    186.23    201.76    1.013
      clockrate                0.586770    0.028858    0.301090    0.918144    0.560665    543.72    606.85    1.000
      clockrate                0.456089    0.002210    0.371002    0.551901    0.452222     65.98     94.58    1.003
      clockrate                0.497656    0.008333    0.346943    0.674218    0.482432    188.71    237.16    1.009
      clockrate                0.474555    0.001549    0.402695    0.555000    0.470717     74.40    111.40    1.001
      clockrate                0.511244    0.007475    0.361376    0.688701    0.498356    300.79    314.55    1.000
      clockrate                0.551847    0.003072    0.450504    0.664851    0.547261    150.32    150.42    1.002
      clockrate                0.576821    0.002550    0.485621    0.680947    0.571560     77.28    104.19    1.001
      clockrate                0.525237    0.003311    0.418065    0.638911    0.520441    203.56    212.64    1.000
      clockrate                0.467451    0.002536    0.369712    0.564937    0.462171    102.76    149.52    1.000
      clockrate                0.498692    0.002831    0.399344    0.606067    0.493926    241.58    275.06    1.003
      clockrate                0.523277    0.001396    0.452261    0.597355    0.521668    309.24    453.85    1.004
      clockrate                0.582501    0.007318    0.425407    0.754909    0.572494    111.99    128.66    1.001
      clockrate                0.506583    0.012675    0.307429    0.722471    0.495938     96.25    100.03    1.001
      clockrate                0.450211    0.003664    0.339300    0.572932    0.444709    252.03    272.79    1.000
      clockrate                0.514925    0.002974    0.413400    0.622152    0.509649    241.80    294.62    1.003
      clockrate                0.469116    0.001641    0.393543    0.551350    0.465943     95.78    182.60    1.011
      clockrate                0.406266    0.002067    0.326125    0.493407    0.400860     45.74    139.32    1.002
      clockrate                0.489290    0.001344    0.422081    0.564920    0.486711     38.85     98.18    1.005
      clockrate                0.468585    0.008644    0.306162    0.654244    0.454519    282.39    298.06    1.000
      clockrate                0.590173    0.001824    0.505805    0.673729    0.588546    283.63    291.29    1.000
      clockrate                0.457337    0.001241    0.391276    0.528641    0.455327    234.76    260.10    1.005
      clockrate                0.485115    0.002420    0.392417    0.578243    0.480664     63.98    218.10    1.001
      clockrate                0.554307    0.004791    0.426710    0.695415    0.546435    243.71    261.86    1.012
      clockrate                0.445943    0.001349    0.376546    0.519931    0.444234    260.28    320.88    1.001
      clockrate                0.530831    0.005800    0.400411    0.689461    0.520858     74.82    116.97    1.000
