      clockrate                0.879290    0.003912    0.755884    0.998480    0.875862    265.85    368.53    1.001
      clockrate                0.840396    0.004421    0.704238    0.963725    0.837890    296.31    338.22    1.001
      clockrate                0.858152    0.002245    0.766797    0.951548    0.857274    273.52    392.58    1.000
      clockrate                0.841796    0.003707    0.731084    0.962615    0.836052    106.47    117.22    1.071
      clockrate                0.887361    0.003444    0.775977    1.006255    0.884190    120.31    168.86    1.032
      clockrate                0.723335    0.005024    0.587547    0.865638    0.720860    504.51    712.10    1.003
      clockrate                0.812782    0.002348    0.718614    0.907675    0.810940    144.62    357.23    1.002
      clockrate                1.005854    0.014861    0.779104    1.252750    0.997901    208.64    249.98    1.002
      clockrate                0.822370    0.006738    0.667864    0.986488    0.815181    254.85    361.73    1.001
      clockrate                0.798766    0.003025    0.690503    0.905956    0.796189     91.65    162.05    1.016
      clockrate                0.875247    0.003284    0.764680    0.986668    0.872479    100.01    121.61    1.007
      clockrate                0.852226    0.015810    0.611298    1.102431    0.842090    553.43    575.02    1.001
      clockrate                0.788014    0.009390    0.611937    0.986916    0.776827    118.03    150.31    1.008
      clockrate                1.063592    0.063799    0.630309    1.569728    1.032318     94.10    129.33    1.000
      clockrate                0.896994    0.003078    0.786166    1.003496    0.895597    381.69    446.34    1.004
      clockrate                0.870646    0.002882    0.767859    0.978912    0.867803    160.42    405.20    1.061
      clockrate                0.773049    0.002924    0.673150    0.883233    0.769416    139.77    217.75    1.005
      clockrate                0.771936    0.011320    0.571513    0.976710    0.762223    367.67    455.43    1.000
      clockrate                1.496319    0.149199    0.746569    2.218811    1.465934     32.69    409.27    1.013
      clockrate                0.915420    0.016421    0.707265    1.186285    0.893078     53.37    103.85    1.000
      clockrate                0.850754    0.002827    0.747785    0.955585    0.848738    336.73    931.63    1.020
      clockrate                0.824766    0.004878    0.691460    0.962509    0.821742    416.49    690.93    1.001
      clockrate                0.850519    0.014387    0.640538    1.095125    0.832943     94.04    113.96    1.005
      clockrate                0.890461    0.010131    0.712473    1.101969    0.878411     98.77    129.08    1.001
      clockrate                0.841505    0.004542    0.716505    0.975055    0.834873     38.81     43.97    1.025
      clockrate                0.968304    0.014352    0.758612    1.214253    0.953985    122.78    198.06    1.011
      clockrate                0.744530    0.004717    0.607226    0.876856    0.741700    222.84    453.72    1.000
      clockrate                0.763040    0.004369    0.638285    0.893625    0.757312     56.12    135.30    1.002
      clockrate                0.891956    0.012713    0.690330    1.118893    0.877576     61.76     67.97    1.000
      clockrate                0.884813    0.004440    0.757445    1.014629    0.879719    149.45    237.61    1.039
      clockrate                0.726003    0.004900    0.593433    0.868325    0.720866    189.81    192.99    1.000
      clockrate                0.858667    0.005318    0.726477    1.008669    0.852338     69.50     78.77    1.000
      clockrate                0.793531    0.002470    0.698957    0.894795    0.792186     91.22    259.89    1.012
      clockrate                0.774664    0.009173    0.592935    0.960621    0.766285    319.83    476.07    1.001
      clockrate                0.832020    0.002359    0.742179    0.931172    0.829977    130.98    226.08    1.001
      clockrate                0.814832    0.005305    0.678095    0.957652    0.810409    266.37    277.23    1.003
      clockrate                0.951581    0.006235    0.804345    1.108071    0.947055    135.84    342.65    1.003
      clockrate                0.934068    0.007385    0.770618    1.104192    0.928819    865.71   1026.08    1.000
      clockrate                0.887140    0.007102    0.733298    1.058697    0.878838    273.05    407.46    1.002
      clockrate                0.727505    0.004423    0.603113    0.861461    0.722203    289.23    374.64    1.002
      clockrate                0.762240    0.002860    0.660785    0.869608    0.760747    264.35    271.22    1.018
      clockrate                0.728410    0.008145    0.564252    0.916952    0.720928     97.85    123.74    1.000
      clockrate                0.857519    0.003430    0.745220    0.975288    0.854715     96.40    125.67    1.023
      clockrate                0.756790    0.002772    0.657118    0.862565    0.754536    160.90    329.08    1.000
      clockrate                0.938999    0.003657    0.818413    1.055471    0.937387    395.88    510.36    1.000
      clockrate                0.869770    0.007528    0.707002    1.041039    0.862482     34.30    224.26    1.035
      clockrate                0.915649    0.006792    0.768159    1.081059    0.905987     33.74     83.58    1.000
      clockrate                1.126559    0.018786    0.869408    1.388819    1.112430    147.88    157.02    1.004
      clockrate                0.875394    0.005757    0.732723    1.027400    0.869560    143.30    197.32    1.003
      clockrate                0.924412    0.005564    0.781121    1.070758    0.918639    116.27    180.81    1.117
      clockrate                0.771081    0.007419    0.617906    0.948064    0.761256     57.25     90.41    1.000
      clockrate                0.833166    0.022158    0.582785    1.135761    0.809457     89.23    106.99    1.011
      clockrate                0.934223    0.018683    0.686724    1.214307    0.918452    160.91    306.21    1.001
      clockrate                0.825583    0.004662    0.698386    0.955442    0.820767     59.84     74.23    1.000
      clockrate                0.836941    0.005047    0.698216    0.978150    0.831301    105.31    111.99    1.015
      clockrate                0.905229    0.005921    0.761246    1.062656    0.900062     45.64     72.26    1.000
      clockrate                0.749304    0.002046    0.663776    0.840599    0.747601    149.03    274.89    1.010
      clockrate                0.929479    0.013234    0.729844    1.162759    0.913184     82.82    117.55    1.000
      clockrate                0.987988    0.011083    0.795635    1.202184    0.976605    175.52    180.11    1.010
      clockrate                0.853527    0.008004    0.688780    1.029334    0.841773     49.12     51.14    1.000
      clockrate                0.824073    0.034403    0.508821    1.182355    0.795081    190.21    217.36    1.000
      clockrate                0.844906    0.002330    0.750386    0.940232    0.844314    763.62    842.92    1.000
      clockrate                0.767581    0.004276    0.645780    0.897465    0.762456    296.06    298.41    1.018
      clockrate                0.791625    0.002277    0.699263    0.885700    0.788919     55.06     59.46    1.001
      clockrate                0.783183    0.004108    0.667893    0.914876    0.777748    181.09    240.03    1.094
      clockrate                0.771959    0.003259    0.662048    0.881494    0.767387     90.03    165.85    1.023
      clockrate                0.950547    0.013522    0.738704    1.181068    0.938447    144.86    156.88    1.019
      clockrate                0.853784    0.010943    0.656377    1.057693    0.843310    315.49    339.29    1.000
      clockrate                0.835258    0.009535    0.665488    1.036596    0.823139     92.74     99.53    1.007
      clockrate                0.922302    0.009588    0.738713    1.119611    0.912804     92.53    267.93    1.001
      clockrate                0.880348    0.003254    0.773022    0.993704    0.876425     40.32     85.72    1.015
      clockrate                0.924616    0.005285    0.784902    1.069871    0.920149    196.17    765.18    1.001
      clockrate                0.893859    0.003754    0.774147    1.013025    0.892069    479.59    508.52    1.000
      clockrate                0.942951    0.011826    0.746775    1.168114    0.931786    225.22    237.70    1.005
      clockrate                0.842738    0.003938    0.717961    0.961005    0.838623    225.60    262.51    1.008
      clockrate                1.276943    0.079972    0.767186    1.838287    1.243432    521.17    550.13    1.001
      clockrate                0.819720    0.002885    0.716327    0.925961    0.818760    204.50    258.51    1.015
      clockrate                1.103398    0.032548    0.815379    1.470485    1.068386    169.52    197.67    1.003
      clockrate                0.818307    0.002626    0.722298    0.921675    0.815740     88.77    339.56    1.004
      clockrate                0.957065    0.018718    0.719376    1.238442    0.941255    277.27    311.76    1.003
      clockrate                0.958393    0.008845    0.775555    1.144308    0.952669    117.97    176.30    1.000
      clockrate                0.866645    0.002514    0.766499    0.963461    0.865165     46.84    207.49    1.002
      clockrate                0.749101    0.004456    0.617857    0.877707    0.744379    111.28    149.49    1.000
      clockrate                0.819930    0.004189    0.692131    0.945019    0.818046    812.58    998.53    1.007
      clockrate                0.943632    0.012496    0.749922    1.166835    0.929850    122.03    145.15    1.001
      clockrate                0.833485    0.002720    0.733920    0.937817    0.832384    457.27    795.59    1.029
      clockrate                1.017593    0.011548    0.817350    1.234892    1.011133    149.10    213.49    1.003
      clockrate                0.845501    0.007736    0.688915    1.026129    0.837202    362.38    484.08    1.000
      clockrate                0.946727    0.016346    0.725823    1.199674    0.932289     31.21     62.68    1.016
      clockrate                0.862067    0.009733    0.684671    1.060862    0.851420    228.93    234.43    1.001
      clockrate                0.806890    0.003479    0.693480    0.923847    0.803593    143.42    208.71    1.016
      clockrate                0.890338    0.007461    0.730196    1.066293    0.881072     69.45     70.78    1.086
      clockrate                0.732484    0.005096    0.607379    0.881862    0.722908     22.41     47.35    1.050
      clockrate                1.081751    0.048051    0.730785    1.531068    1.039994    112.18    154.34    1.015
      clockrate                0.925892    0.012551    0.719633    1.143140    0.912089     53.65     62.46    1.000
      clockrate                0.846849    0.002337    0.753656    0.943629    0.845602    519.84    642.79    1.001
      clockrate                0.914229    0.009079    0.740471    1.108125    0.904553    209.96    276.76    1.000
      clockrate                0.970377    0.011200    0.784648    1.186564    0.957711    114.47    171.96    1.002
      clockrate                0.749573    0.004827    0.616515    0.887381    0.744304     53.05    109.44    1.025
      clockrate                0.927981    0.004077    0.805748    1.055120    0.925994    847.48    911.66    1.000
