0.3023256
0.3611111
0.2045455
0.25
0.1590909
0.2
0.05128205
0.09090909
0.3448276
0.1555556
0.2105263
0.125
0.04347826
0.0625
0.3023256
0.1521739
0.2325581
0.05263158
0.4285714
0.1875
0.2391304
0.1666667
0.1612903
0.1538462
0.1
0.2222222
0.08823529
0.1428571
0.1851852
0.2307692
0.3170732
0.2432432
0.2162162
0.2941176
0.173913
0.2
0.1111111
0.2272727
0.1578947
0.28
0.2978723
0.3103448
0.1914894
0.3191489
0.2162162
0.2222222
0.2
0.08333333
0.1212121
0.1555556
0.3043478
0.05555556
0.1052632
0.1666667
0.15625
0.05714286
0.1190476
0.04545455
0.15
0.1891892
0.1111111
0.15
0.2
0.1555556
0.1860465
0.225
0.05882353
0.3181818
0.1538462
0.1538462
0.225
0.2222222
0.2
0.2173913
0.07692308
0
0.2051282
0.2666667
0.2439024
0.2105263
0.1315789
0.1363636
0.2307692
0.2
0.2105263
0.1842105
0.3666667
0.25
0.2692308
0.08333333
0.1627907
0.1714286
0.2173913
0.125
0.1
0.1521739
0.1666667
0.25
0.2105263
0.3870968
