      alpha_symdir   2.687754    0.235395    1.834342    3.668554    2.625495   7824.84   7922.89    1.000
      alpha_symdir   2.634402    0.405874    1.566553    3.909838    2.534331   3461.06   3591.03    1.000
      alpha_symdir   2.329355    0.150435    1.637579    3.109005    2.283099   6121.84   6240.02    1.000
      alpha_symdir   2.261078    0.121968    1.623157    2.945162    2.220142   5552.71   6184.55    1.000
      alpha_symdir   1.973049    0.124904    1.332938    2.673366    1.932985   2587.31   2728.24    1.000
      alpha_symdir   2.047000    0.198613    1.270217    2.922522    1.980192   7269.07   7688.58    1.000
      alpha_symdir   1.811773    0.059355    1.363727    2.301773    1.789255   6867.54   7302.81    1.000
      alpha_symdir   4.367731    1.483471    2.369592    6.792754    4.181000   9231.39   9261.02    1.000
      alpha_symdir   1.884918    0.084360    1.358472    2.460012    1.851106   4477.68   4792.21    1.000
      alpha_symdir   2.860636    0.206665    2.050126    3.769242    2.804302   6318.76   6610.64    1.000
      alpha_symdir   3.005648    0.297163    2.068916    4.088974    2.924777   9931.52  10232.79    1.000
      alpha_symdir   4.982769    2.186098    2.526052    7.947200    4.745889  10300.04  10957.96    1.000
      alpha_symdir   3.597422    1.002112    2.031613    5.642223    3.407207   8922.97   9196.62    1.000
      alpha_symdir   2.090299    0.348272    1.182667    3.244940    1.970209   5801.54   6050.46    1.000
      alpha_symdir   2.442999    0.138153    1.772870    3.186223    2.402456   6377.50   7148.11    1.000
      alpha_symdir   2.310903    0.105154    1.733703    2.970833    2.276648   6289.61   6685.92    1.000
      alpha_symdir   2.233073    0.112090    1.623652    2.893754    2.195460   8299.95   8714.12    1.000
      alpha_symdir   2.557021    0.445087    1.462878    3.885854    2.442309   6642.61   7013.56    1.000
      alpha_symdir   2.712715    0.983351    1.183310    4.672099    2.503009  10298.47  10323.62    1.000
      alpha_symdir   4.139425    1.537351    2.170482    6.674955    3.922096  10989.03  11536.21    1.000
      alpha_symdir   2.806169    0.233109    1.956030    3.789276    2.744638   7996.16   8236.63    1.000
      alpha_symdir   2.630914    0.388135    1.577413    3.855303    2.532289  10335.46  10343.34    1.000
      alpha_symdir   2.862972    0.344863    1.824401    4.013093    2.780113   7327.74   7527.76    1.000
      alpha_symdir   2.567229    0.298344    1.620870    3.661966    2.489081   7615.43   7882.85    1.000
      alpha_symdir   2.330561    0.137339    1.659251    3.054154    2.286582   9117.58   9587.78    1.000
      alpha_symdir   2.684926    0.280862    1.762468    3.740599    2.614768   8414.49   8952.25    1.000
      alpha_symdir   2.798196    0.314562    1.802232    3.901666    2.722706   6687.11   6963.93    1.000
      alpha_symdir   1.796533    0.068785    1.333628    2.319923    1.763852   8118.84   8369.51    1.000
      alpha_symdir   3.289379    0.620475    2.007478    4.858451    3.155361   6352.44   6546.13    1.000
      alpha_symdir   2.650032    0.228482    1.806721    3.610878    2.588012   8284.12   8737.03    1.000
      alpha_symdir   2.647717    0.181500    1.865403    3.492838    2.600862   8202.24   8552.20    1.000
      alpha_symdir   2.174918    0.099013    1.596420    2.792692    2.140426   4119.11   4249.06    1.000
      alpha_symdir   2.274878    0.168533    1.566444    3.099696    2.217153   5375.66   5383.46    1.000
      alpha_symdir   3.256916    1.080543    1.649659    5.306835    3.052671  10256.44  10541.68    1.000
      alpha_symdir   2.044877    0.078576    1.537061    2.612107    2.017291   8038.14   8203.74    1.000
      alpha_symdir   2.447466    0.388055    1.446771    3.672199    2.332786   9711.13   9835.03    1.000
      alpha_symdir   2.415603    0.238846    1.593307    3.387194    2.339147   8354.37   8466.68    1.000
      alpha_symdir   3.626245    1.593049    1.653560    6.170437    3.392264   7834.19   8186.59    1.000
      alpha_symdir   3.230769    0.726212    1.877283    4.977938    3.085177  11048.18  11049.32    1.000
      alpha_symdir   2.504552    0.279996    1.612518    3.544960    2.419904   5721.98   6590.24    1.000
      alpha_symdir   2.684124    0.227604    1.843378    3.635118    2.626723   4788.46   5009.04    1.000
      alpha_symdir   2.504117    0.273706    1.614918    3.548750    2.424644   7347.22   8382.95    1.000
      alpha_symdir   2.365666    0.142139    1.705143    3.144308    2.322225   4347.91   5795.49    1.000
      alpha_symdir   2.597632    0.199384    1.808628    3.504841    2.546222   3927.27   4234.51    1.000
      alpha_symdir   2.155967    0.106967    1.574804    2.817589    2.124801   7809.62   7848.12    1.000
      alpha_symdir   2.690835    0.301663    1.756245    3.790722    2.611188   6647.71   7298.46    1.000
      alpha_symdir   2.783852    0.462148    1.660765    4.144046    2.672744   7815.28   7960.10    1.000
      alpha_symdir   3.864757    1.080698    2.127687    5.930677    3.691101  10253.58  10278.89    1.000
      alpha_symdir   2.050275    0.096932    1.474047    2.658154    2.017123   8139.60   8247.76    1.000
      alpha_symdir   3.089196    0.364550    2.048947    4.286209    3.003765   7952.40   8661.74    1.000
      alpha_symdir   3.953269    1.308249    2.080155    6.232576    3.754755   9513.18   9774.31    1.000
      alpha_symdir   2.759649    0.481966    1.614650    4.137502    2.641903   6949.37   7516.84    1.000
      alpha_symdir   3.795918    1.385065    1.913366    6.162091    3.572421   9825.46   9982.84    1.000
      alpha_symdir   2.614036    0.219508    1.796931    3.551350    2.552777   8275.74   8337.82    1.000
      alpha_symdir   2.767644    0.304784    1.819346    3.856677    2.685172   6371.87   6726.27    1.000
      alpha_symdir   2.238728    0.158814    1.519168    3.018248    2.188149   8707.35   8736.65    1.000
      alpha_symdir   2.364870    0.133425    1.720330    3.094449    2.318896   6970.88   7246.55    1.000
      alpha_symdir   3.075902    0.566756    1.819668    4.568257    2.944153   7679.08   7780.54    1.000
      alpha_symdir   3.075597    0.557735    1.833701    4.567346    2.948325   8105.53   8328.32    1.000
      alpha_symdir   2.781309    0.285241    1.862032    3.860713    2.700830   7962.03   8133.31    1.000
      alpha_symdir   2.984355    0.982727    1.478812    5.009747    2.788373   8697.50   9013.98    1.000
      alpha_symdir   3.216378    0.408968    2.097593    4.485499    3.124142   5522.74   5869.72    1.000
      alpha_symdir   2.468680    0.302716    1.522303    3.538531    2.378093   8078.90   8198.61    1.001
      alpha_symdir   2.412477    0.121409    1.766887    3.108735    2.382244   7772.03   8102.63    1.000
      alpha_symdir   2.602058    0.185014    1.807976    3.434366    2.546765   5569.67   6251.61    1.000
      alpha_symdir   2.657005    0.194393    1.883110    3.561568    2.605341   6086.76   6528.43    1.000
      alpha_symdir   3.622598    1.012710    1.961361    5.610335    3.444725   9731.65   9800.36    1.000
      alpha_symdir   3.421343    0.741830    2.023624    5.162857    3.268075   7705.97   8352.22    1.000
      alpha_symdir   3.223568    0.540790    1.987160    4.708730    3.103390   9186.19  10211.25    1.000
      alpha_symdir   2.166553    0.237050    1.355563    3.146381    2.089994   4359.42   4607.68    1.001
      alpha_symdir   2.947936    0.338010    1.965602    4.144889    2.864934   9274.71   9409.82    1.001
      alpha_symdir   2.443249    0.221880    1.596838    3.352508    2.377279   6678.61   6730.77    1.000
      alpha_symdir   2.080365    0.095251    1.505520    2.684661    2.048598   5824.82   6041.24    1.000
      alpha_symdir   1.936023    0.120290    1.313439    2.622141    1.895257   5629.42   6016.65    1.000
      alpha_symdir   2.501631    0.293830    1.585121    3.572153    2.414808   7078.24   7736.82    1.000
      alpha_symdir   2.336102    1.095822    0.004216    4.195138    2.200505     28.59   4574.49    1.011
      alpha_symdir   1.975177    0.097921    1.406562    2.581819    1.937432   4567.72   5089.63    1.000
      alpha_symdir   4.272886    1.737413    2.143653    6.939697    4.052534  10675.82  11328.88    1.000
      alpha_symdir   2.567600    0.215326    1.773539    3.510821    2.508812   6931.09   7350.45    1.000
      alpha_symdir   1.911765    0.121315    1.309371    2.617953    1.868529   9018.58   9204.89    1.000
      alpha_symdir   2.496448    0.164836    1.783070    3.310024    2.450840   6839.10   7299.38    1.000
      alpha_symdir   2.655418    0.195011    1.890205    3.568431    2.602402   7707.84   7838.57    1.000
      alpha_symdir   2.864172    0.284088    1.966145    3.952561    2.787115   7645.24   8062.54    1.000
      alpha_symdir   2.937873    0.299049    1.989977    4.035851    2.860725   9192.01   9285.61    1.000
      alpha_symdir   3.264589    0.764119    1.814308    4.998622    3.109457   8554.02   8914.79    1.000
      alpha_symdir   2.367712    0.175050    1.625197    3.198093    2.316841   5382.42   5612.45    1.000
      alpha_symdir   2.147292    0.190076    1.386584    3.000485    2.083889   6293.35   6431.67    1.000
      alpha_symdir   2.878106    0.472462    1.746308    4.257806    2.763673   8843.49   8884.54    1.000
      alpha_symdir   2.335307    0.304433    1.409410    3.414674    2.244260   6268.95   6699.45    1.000
      alpha_symdir   2.404219    0.220726    1.625739    3.379869    2.339677   5906.14   6630.95    1.000
      alpha_symdir   2.178956    0.117822    1.579502    2.881898    2.141358   7554.43   7710.03    1.000
      alpha_symdir   2.936688    0.282472    1.989836    4.010698    2.871306   7767.17   8265.72    1.000
      alpha_symdir   2.149516    0.106104    1.555906    2.803332    2.114692   1895.39   2025.84    1.000
      alpha_symdir   2.828151    0.620864    1.606535    4.376762    2.676541   8102.93   8500.09    1.000
      alpha_symdir   2.817706    0.198903    2.001487    3.710953    2.766904   6262.67   6661.95    1.000
      alpha_symdir   2.639781    0.179970    1.861037    3.474618    2.590357   5082.07   5571.88    1.000
      alpha_symdir   1.820308    0.120105    1.242699    2.521017    1.767363   6976.40   7471.48    1.000
      alpha_symdir   3.007475    0.445940    1.893688    4.364123    2.899409   9666.85   9916.21    1.000
      alpha_symdir   2.713040    0.202672    1.939141    3.632790    2.659901   7774.71   7905.85    1.000
      alpha_symdir   2.552287    0.199233    1.744919    3.420369    2.492797   8758.89   8938.20    1.000
