      age[0]                   0.926079    0.001631    0.859692    1.010565    0.920064    1.001    2
      age[0]                  1.038241    0.001031    0.977976    1.100338    1.035366    1.000    2
      age[0]                   0.964008    0.000486    0.924353    1.011865    0.961604    1.013    2
      age[0]                   0.994914    0.000825    0.941651    1.053241    0.992231    1.003    2
      age[0]                   0.981882    0.000578    0.937046    1.030998    0.979502    1.000    2
      age[0]                  1.022514    0.001363    0.955675    1.097518    1.019230    1.004    2
      age[0]                  1.015831    0.000692    0.970785    1.067386    1.011902    1.005    2
      age[0]                  0.823679    0.004293    0.723544    0.938917    0.817613    1.003    2
      age[0]                  1.025093    0.000911    0.970189    1.087084    1.022773    1.003    2
      age[0]                   0.974565    0.000691    0.923915    1.026042    0.972093    1.003    2
      age[0]                  0.997658    0.002525    0.894247    1.087774    0.993032    1.036    2
      age[0]                  0.860082    0.000463    0.831187    0.899215    0.855757    1.002    2
      age[0]                  0.918041    0.001920    0.857052    0.998441    0.910166    1.000    2
      age[0]                  0.942097    0.008840    0.811594    1.143099    0.915111    1.001    2
      age[0]                   1.041010    0.001575    0.969085    1.120963    1.037180    1.063    2
      age[0]                   0.992705    0.000648    0.942214    1.041400    0.990837    1.011    2
      age[0]                   0.998169    0.000486    0.961863    1.043280    0.993978    1.000    2
      age[0]                  0.994748    0.003495    0.887809    1.111994    0.987158    1.003    2
      age[0]                  0.840943    0.017555    0.611483    1.096346    0.822041    1.000    2
      age[0]                  0.982323    0.000732    0.951795    1.032941    0.975596    1.003    2
      age[0]                   1.007197    0.000937    0.950342    1.069974    1.004891    1.002    2
      age[0]                  0.999370    0.000371    0.979082    1.035695    0.994134    1.001    2
      age[0]                  0.928330    0.002390    0.837301    1.027029    0.923347    1.004    2
      age[0]                  0.980808    0.001547    0.901870    1.060746    0.979028    1.003    2
      age[0]                  0.971470    0.001655    0.904405    1.050202    0.964812    1.002    2
      age[0]                  0.969938    0.002696    0.874271    1.075418    0.965189    1.000    2
      age[0]                  0.982594    0.002490    0.888015    1.081553    0.979334    1.008    2
      age[0]                  0.972634    0.001447    0.901032    1.048536    0.970034    1.006    2
      age[0]                  0.949063    0.003241    0.843405    1.064084    0.944779    1.009    2
      age[0]                   0.913589    0.001140    0.849275    0.980063    0.911892    1.001    2
      age[0]                   1.013632    0.001401    0.946715    1.089821    1.010351    1.001    2
      age[0]                  0.987504    0.001915    0.914772    1.064334    0.985326    1.015    2
      age[0]                  1.014961    0.000811    0.960146    1.073184    1.013239    1.027    2
      age[0]                  1.020912    0.001815    0.970761    1.104916    1.010485    1.001    2
      age[0]                   0.989131    0.000687    0.938798    1.040582    0.987910    1.011    2
      age[0]                  1.014572    0.000673    0.964659    1.066440    1.012947    1.004    2
      age[0]                  0.981218    0.002310    0.890279    1.078426    0.977905    1.001    2
      age[0]                  0.881487    0.000071    0.872942    0.896993    0.879236    1.000    2
      age[0]                  1.030336    0.000984    0.982677    1.092470    1.023952    1.000    2
      age[0]                  0.977284    0.000521    0.935059    1.024782    0.975614    1.041    2
      age[0]                   0.951476    0.001078    0.889683    1.015466    0.949623    1.010    2
      age[0]                  1.015816    0.002821    0.916456    1.124933    1.012844    1.014    2
      age[0]                   0.905273    0.002286    0.817191    1.009569    0.902170    1.001    2
      age[0]                   0.997759    0.001125    0.937647    1.067785    0.994320    1.002    2
      age[0]                  0.975995    0.000369    0.944216    1.014763    0.973005    1.000    2
      age[0]                  1.038696    0.001059    0.981100    1.105229    1.035603    1.002    2
      age[0]                   0.991498    0.000887    0.936466    1.052721    0.988842    1.001    2
      age[0]                  1.060138    0.003491    0.955430    1.183969    1.053449    1.026    2
      age[0]                  1.032378    0.000599    0.988488    1.082421    1.030341    1.000    2
      age[0]                   0.969722    0.000271    0.943439    1.000400    0.967443    1.012    2
      age[0]                  1.029403    0.001203    0.967878    1.100948    1.025586    1.003    2
      age[0]                  0.988162    0.004152    0.861491    1.117016    0.985582    1.010    2
      age[0]                  0.898827    0.001317    0.831795    0.966746    0.895284    1.000    2
      age[0]                  0.974599    0.004028    0.869381    1.117290    0.970071    1.027    2
      age[0]                  1.001126    0.000798    0.949128    1.057026    0.998688    1.011    2
      age[0]                  1.003977    0.001148    0.966035    1.072202    0.993696    1.011    2
      age[0]                   1.000923    0.000708    0.952882    1.052464    0.997682    1.004    2
      age[0]                  0.985087    0.003359    0.874559    1.098441    0.981888    1.004    2
      age[0]                  0.975309    0.001909    0.888298    1.060423    0.972717    1.004    2
      age[0]                  1.046772    0.001395    0.977137    1.125402    1.044576    1.000    2
      age[0]                  0.993365    0.000877    0.956538    1.047773    0.987082    1.000    2
      age[0]                   0.963954    0.000614    0.916979    1.012849    0.961085    1.003    2
      age[0]                  1.022807    0.000717    0.971554    1.074293    1.021055    1.002    2
      age[0]                   1.000033    0.001290    0.933191    1.068354    0.996822    1.003    2
      age[0]                   1.032828    0.001838    0.953478    1.119170    1.029571    1.056    2
      age[0]                   0.945066    0.001637    0.868346    1.023102    0.942049    1.017    2
      age[0]                  0.925558    0.004252    0.801160    1.051025    0.921934    1.005    2
      age[0]                  1.030355    0.001845    0.953425    1.115092    1.025699    1.000    2
      age[0]                  1.044787    0.002738    0.942890    1.145884    1.042630    1.007    2
      age[0]                  0.998943    0.001235    0.934469    1.069638    0.995420    1.005    2
      age[0]                   1.017160    0.001119    0.952591    1.084366    1.013472    1.002    2
      age[0]                  1.027834    0.001609    0.954414    1.107433    1.024049    1.000    2
      age[0]                   0.994306    0.001766    0.918835    1.077713    0.990255    1.009    2
      age[0]                  0.974016    0.002515    0.875391    1.070062    0.972358    1.001    2
      age[0]                  0.969307    0.000498    0.929626    1.012957    0.966489    1.000    2
      age[0]                  0.875734    0.006742    0.792186    1.018683    0.855539    1.003    2
      age[0]                   1.030007    0.001450    0.960731    1.111796    1.026308    1.003    2
      age[0]                  0.994194    0.001259    0.932066    1.064687    0.990284    1.001    2
      age[0]                   1.020669    0.000886    0.964098    1.080051    1.019489    1.000    2
      age[0]                  0.990367    0.001516    0.920338    1.067934    0.986266    1.002    2
      age[0]                   0.898970    0.002508    0.800285    0.998432    0.896848    1.002    2
      age[0]                   0.997375    0.002151    0.911553    1.089798    0.993293    1.013    2
      age[0]                   0.967825    0.000822    0.925964    1.021529    0.963047    1.001    2
      age[0]                  0.862547    0.002589    0.765429    0.962568    0.857611    1.001    2
      age[0]                  0.956518    0.001714    0.878596    1.039093    0.954083    1.007    2
      age[0]                  0.966265    0.000773    0.914453    1.021532    0.964637    1.001    2
      age[0]                  0.798764    0.003721    0.680536    0.917003    0.795052    1.004    2
      age[0]                  0.991045    0.002145    0.906185    1.070336    0.989966    1.003    2
      age[0]                  0.963053    0.001358    0.893745    1.034993    0.960166    1.000    2
      age[0]                  0.925667    0.003512    0.822593    1.035070    0.919411    1.003    2
      age[0]                   1.006900    0.001085    0.948597    1.071907    1.003295    1.000    2
      age[0]                  0.981279    0.000929    0.927264    1.044718    0.978148    1.001    2
      age[0]                   0.978611    0.000934    0.923407    1.037812    0.974966    1.013    2
      age[0]                  0.928312    0.003046    0.850120    1.044900    0.914095    1.004    2
      age[0]                   0.975309    0.001918    0.897018    1.064321    0.971630    1.000    2
      age[0]                   0.986826    0.000314    0.954880    1.022486    0.985218    1.000    2
      age[0]                  1.027035    0.000789    0.972988    1.080425    1.026272    1.038    2
      age[0]                  1.005128    0.000951    0.962758    1.064749    0.997984    1.000    2
      age[0]                   0.922971    0.002086    0.837656    1.012917    0.920718    1.001    2
      age[0]                  0.932976    0.003263    0.826479    1.049696    0.929390    1.000    2
