      alpha_symdir{1}   1.187445    0.077959    0.676521    1.766069    1.167115   7356.07   7742.69    1.000
      alpha_symdir{1}   1.614317    0.446902    0.673205    3.292817    1.505438    762.69   1140.75    1.000
      alpha_symdir{1}   1.226811    0.055196    0.829150    1.699108    1.187546   9046.42   9847.45    1.000
      alpha_symdir{1}   0.908686    0.022296    0.653445    1.210441    0.888093   8781.33   8947.92    1.000
      alpha_symdir{1}   1.127003    0.053769    0.770068    1.635359    1.122541   3767.99   3969.17    1.000
      alpha_symdir{1}   1.121360    0.171231    0.253966    1.853031    1.064415   9685.75   9710.81    1.000
      alpha_symdir{1}   0.931299    0.046677    0.536280    1.421111    0.917971   9845.92  10201.39    1.000
      alpha_symdir{1}   1.077490    0.159366    0.573715    1.981152    0.980979   7639.87   7805.54    1.000
      alpha_symdir{1}   0.497998    0.027129    0.274371    0.857267    0.449020  11373.28  11542.13    1.000
      alpha_symdir{1}   1.239897    0.043015    0.879978    1.656052    1.214899   9070.87   9697.43    1.000
      alpha_symdir{1}   0.988624    0.069654    0.276680    1.331440    1.025643    865.85    896.46    1.001
      alpha_symdir{1}   1.170530    0.268956    0.255835    2.069697    1.131451   8262.26   8450.20    1.000
      alpha_symdir{1}   1.402685    0.307520    0.586578    2.752874    1.294244   5789.77   6950.67    1.000
      alpha_symdir{1}   0.891845    0.153033    0.228619    1.526904    0.899251   9053.25   9208.71    1.000
      alpha_symdir{1}   1.137159    0.137481    0.309288    1.672056    1.183780   4993.22   5122.33    1.000
      alpha_symdir{1}   1.228677    0.043876    0.871944    1.652265    1.200147   8668.63   8853.03    1.000
      alpha_symdir{1}   1.368999    0.093034    0.855995    1.983285    1.324934   8979.56   8981.33    1.000
      alpha_symdir{1}   0.654285    0.080332    0.196109    1.072303    0.710715   7536.11   8030.54    1.000
      alpha_symdir{1}   0.767206    0.286656    0.071872    1.784758    0.637696   9766.67   9995.14    1.000
      alpha_symdir{1}   1.303443    0.202073    0.631671    2.294317    1.233045   2539.83   7047.14    1.000
      alpha_symdir{1}   0.659333    0.065413    0.357807    1.295114    0.573008   4376.57   4584.77    1.000
      alpha_symdir{1}   2.454055    0.869435    1.076437    4.392563    2.270953   2291.68   7015.75    1.000
      alpha_symdir{1}   1.368856    0.149573    0.709353    2.149658    1.319775   9931.46  10009.87    1.000
      alpha_symdir{1}   1.484850    0.209258    0.782544    2.593196    1.419732   8542.01   8910.85    1.000
      alpha_symdir{1}   0.787587    0.033947    0.443985    1.185467    0.777831   8478.79   8927.80    1.000
      alpha_symdir{1}   0.489166    0.078099    0.264018    1.109435    0.354669   2838.88   2942.35    1.000
      alpha_symdir{1}   1.231777    0.153162    0.363404    1.921312    1.216714   7818.02   7844.84    1.000
      alpha_symdir{1}   1.590656    0.138276    0.980633    2.366393    1.535114  11368.09  11392.10    1.000
      alpha_symdir{1}   1.391650    0.240494    0.710319    2.393437    1.282005   8573.77   8855.91    1.000
      alpha_symdir{1}   0.820124    0.117473    0.294307    1.443869    0.734903   6299.24   6674.48    1.000
      alpha_symdir{1}   1.153261    0.068833    0.706786    1.664123    1.121209   7361.07   7381.36    1.000
      alpha_symdir{1}   1.094087    0.033986    0.803893    1.466411    1.076679   1809.09   3973.14    1.000
      alpha_symdir{1}   1.132100    0.107119    0.517752    1.836384    1.112339   8912.88   9003.73    1.000
      alpha_symdir{1}   0.998409    0.157562    0.232342    1.603693    1.017449   5665.22   5670.47    1.000
      alpha_symdir{1}   1.188899    0.029086    0.908168    1.532498    1.170934   2577.34   2671.54    1.000
      alpha_symdir{1}   1.231720    0.256540    0.289285    2.196696    1.149144   9157.78   9233.21    1.000
      alpha_symdir{1}   1.505278    0.289579    0.332031    2.475972    1.448100   7880.37   8651.34    1.000
      alpha_symdir{1}   1.423956    0.307631    0.506538    2.694987    1.320386   8069.89   8138.41    1.000
      alpha_symdir{1}   0.546753    0.540021    0.064450    2.054170    0.102180      8.11      8.35    1.039
      alpha_symdir{1}   1.631204    0.194865    0.902729    2.544367    1.563711  11203.03  11291.24    1.000
      alpha_symdir{1}   0.708476    0.067165    0.309523    1.231657    0.683218   5935.74   6370.01    1.000
      alpha_symdir{1}   1.447163    0.200578    0.721931    2.332894    1.367854   9298.08   9311.37    1.000
      alpha_symdir{1}   0.853916    0.022082    0.596558    1.150134    0.835148   8543.17   8645.19    1.000
      alpha_symdir{1}   0.932876    0.035883    0.581705    1.321097    0.925969   6919.58   7591.98    1.000
      alpha_symdir{1}   1.140638    0.062675    0.739744    1.653560    1.097024   8583.39   8742.41    1.000
      alpha_symdir{1}   1.064781    0.102555    0.275120    1.576113    1.066199   7024.98   7138.77    1.000
      alpha_symdir{1}   0.906042    0.100717    0.299270    1.467093    0.886823   6922.13   7097.69    1.000
      alpha_symdir{1}   1.562619    0.401256    0.348002    2.832600    1.510441    535.11   4226.15    1.000
      alpha_symdir{1}   0.986687    0.068027    0.527693    1.620354    0.959256   7612.56   7724.74    1.000
      alpha_symdir{1}   0.590177    0.011510    0.405995    0.840028    0.586313   7980.54   8092.15    1.000
      alpha_symdir{1}   1.323758    0.248034    0.637481    2.413588    1.212820   7306.29   7662.02    1.000
      alpha_symdir{1}   0.513535    0.069814    0.091959    1.069730    0.454617   2068.53   3431.41    1.000
      alpha_symdir{1}   0.811536    0.093860    0.222867    1.362437    0.786544   9898.30  10289.68    1.000
      alpha_symdir{1}   1.014663    0.114211    0.536376    1.705202    0.933418   8420.24   8541.27    1.000
      alpha_symdir{1}   1.174577    0.104699    0.661343    1.802649    1.117111   8231.19   8387.06    1.000
      alpha_symdir{1}   1.988435    0.362894    1.009028    3.234445    1.886852  10935.26  11092.95    1.000
      alpha_symdir{1}   0.762629    0.082262    0.248347    1.117813    0.859209   1550.24   1611.01    1.000
      alpha_symdir{1}   0.390987    0.030465    0.089869    0.634694    0.421325   1066.19   1173.10    1.000
      alpha_symdir{1}   0.572034    0.051455    0.231839    1.013738    0.525328  10914.40  11838.21    1.000
      alpha_symdir{1}   0.620434    0.035190    0.229383    0.925574    0.637223  10001.80  10098.72    1.000
      alpha_symdir{1}   1.223545    0.917326    0.001709    2.895977    1.192740    120.88    241.67    1.000
      alpha_symdir{1}   1.062865    0.044003    0.726646    1.499597    1.037035   8251.91   8277.04    1.000
      alpha_symdir{1}   1.113308    0.083281    0.691874    1.809078    1.080603   6560.82   6943.81    1.000
      alpha_symdir{1}   1.059808    0.057638    0.672141    1.535998    1.017119   7573.41   7659.76    1.000
      alpha_symdir{1}   1.229405    0.053717    0.835164    1.711563    1.198263   8464.56   8523.28    1.000
      alpha_symdir{1}   0.600972    0.053008    0.286074    0.988724    0.573699   6929.10   7325.24    1.000
      alpha_symdir{1}   0.632534    0.077967    0.223132    1.160312    0.598532  11543.83  11751.48    1.000
      alpha_symdir{1}   0.482547    0.072120    0.203428    0.953406    0.314707   4603.14   4669.09    1.000
      alpha_symdir{1}   0.787170    0.068341    0.256779    1.212465    0.807990   9494.80   9686.32    1.000
      alpha_symdir{1}   1.253033    0.123736    0.345091    1.870259    1.238494   7732.62   8637.67    1.000
      alpha_symdir{1}   0.474508    0.064458    0.288988    1.182823    0.387828   3158.26   3469.44    1.000
      alpha_symdir{1}   0.897962    0.086836    0.290723    1.437354    0.878909   9319.12   9748.17    1.000
      alpha_symdir{1}   1.009964    0.052496    0.662964    1.483232    0.962098   5824.14   6639.91    1.000
      alpha_symdir{1}   1.375308    0.204807    0.302115    2.142189    1.343842   6847.29   7107.08    1.000
      alpha_symdir{1}   1.132915    0.120058    0.523467    1.859214    1.095883   8904.67   9400.11    1.000
      alpha_symdir{1}   1.392854    1.255658    0.000018    3.470658    1.244514   1507.04   1971.19    1.001
      alpha_symdir{1}   0.847970    0.086770    0.326603    1.382440    0.838334   7245.62   7602.70    1.000
      alpha_symdir{1}   0.801120    0.150670    0.248794    1.469540    0.805338  10400.13  10823.10    1.000
      alpha_symdir{1}   1.449837    0.090613    0.920049    2.065136    1.418746   9914.41  10107.38    1.000
      alpha_symdir{1}   0.691219    0.047299    0.147056    1.039760    0.699443   7396.45   8027.09    1.000
      alpha_symdir{1}   0.559987    0.035786    0.305233    0.935067    0.514725   8849.21   9209.03    1.000
      alpha_symdir{1}   1.242762    0.047532    0.841864    1.710484    1.228540   8711.57   8938.99    1.000
      alpha_symdir{1}   1.421843    0.144003    0.732163    2.149497    1.373085   7988.64   8955.78    1.000
      alpha_symdir{1}   1.063837    0.056841    0.668646    1.548258    1.026521   9432.52  10183.55    1.000
      alpha_symdir{1}   0.682303    0.135137    0.238584    1.269224    0.732773   5039.58   5233.08    1.000
      alpha_symdir{1}   0.830879    0.036383    0.513401    1.224960    0.794653   8240.43   8545.51    1.000
      alpha_symdir{1}   1.164299    0.119590    0.644266    1.959379    1.103478   8757.69   9016.40    1.000
      alpha_symdir{1}   0.871279    0.100628    0.267825    1.441555    0.848335   9336.92   9560.39    1.000
      alpha_symdir{1}   1.291676    0.230074    0.070415    2.075647    1.276347     73.98   2970.92    1.004
      alpha_symdir{1}   0.686989    0.061214    0.294657    1.163124    0.677115   3860.06   6995.42    1.000
      alpha_symdir{1}   0.873302    0.035504    0.581672    1.323990    0.856405   7438.28   7516.85    1.000
      alpha_symdir{1}   1.053906    0.152623    0.313568    1.675041    1.086440   7405.18   7406.96    1.000
      alpha_symdir{1}   1.464680    0.229565    0.742669    2.386907    1.363109   6218.22   6396.90    1.000
      alpha_symdir{1}   1.227808    0.365546    0.299411    2.390289    1.240474   5573.67   5675.56    1.000
      alpha_symdir{1}   0.938828    0.187271    0.326284    1.754950    0.855726   5043.55   5318.68    1.000
      alpha_symdir{1}   0.477700    0.066132    0.289138    1.107342    0.369763   1145.46   1166.54    1.000
      alpha_symdir{1}   0.999527    0.125538    0.252069    1.599863    0.983220   7776.05   8123.21    1.000
      alpha_symdir{1}   1.416299    0.134117    0.850726    2.172865    1.349155   9688.69   9942.87    1.000
      alpha_symdir{1}   1.369564    0.117327    0.818954    2.053922    1.302591   9198.78   9356.56    1.000
      alpha_symdir{1}   0.546446    0.012230    0.320088    0.753743    0.555053  11424.84  11481.56    1.000
