0.2790698
0.3055556
0.2045455
0.2045455
0.25
0.25
0.1282051
0.04545455
0.3448276
0.2444444
0.1842105
0.1875
0.173913
0.1875
0.3023256
0.173913
0.1395349
0.2105263
0.4285714
0.125
0.2608696
0.1666667
0.1612903
0.2692308
0.2
0.1851852
0.2352941
0.2857143
0.1111111
0.2564103
0.3170732
0.2432432
0.1081081
0.1176471
0.1521739
0.1
0.1851852
0.2272727
0.1052632
0.2
0.212766
0.1724138
0.3617021
0.212766
0.1621622
0.3333333
0.25
0.1666667
0.06060606
0.1111111
0.173913
0.05555556
0.3157895
0.2
0.125
0.05714286
0.2142857
0.2272727
0.25
0.1891892
0.1666667
0.2
0.12
0.1111111
0.2790698
0.075
0.1176471
0.4090909
0.2307692
0.2307692
0.2
0.07407407
0.2
0.2173913
0.3076923
0.1666667
0.2051282
0.2
0.2195122
0.1052632
0.1578947
0.2954545
0.1538462
0.1428571
0.1052632
0.1578947
0.3
0.2
0.2692308
0.1666667
0.09302326
0.1142857
0.1304348
0.125
0.2
0.2826087
0.06666667
0.1428571
0.2105263
0.2258065
