      clockrate                1.100383    0.007300    0.938321    1.271639    1.096541    264.05    429.62    1.011
      clockrate                1.013353    0.006427    0.863562    1.175089    1.010136    866.03    948.95    1.001
      clockrate                0.977893    0.003886    0.856013    1.099875    0.975799    241.88    247.75    1.003
      clockrate                1.088490    0.004441    0.959223    1.219818    1.086501    431.68    490.36    1.009
      clockrate                0.866489    0.003939    0.748281    0.994787    0.863975    398.45    506.89    1.008
      clockrate                0.915699    0.011538    0.718549    1.136242    0.906444    180.33    219.42    1.000
      clockrate                0.995066    0.003736    0.878540    1.118523    0.992720     84.08    820.55    1.006
      clockrate                1.324250    0.025292    1.010711    1.627910    1.317893    148.19    243.86    1.001
      clockrate                1.124485    0.010640    0.927671    1.327202    1.116533    162.28    211.29    1.001
      clockrate                1.148604    0.015996    0.930824    1.416087    1.131185     64.98     73.82    1.000
      clockrate                0.885814    0.003718    0.769329    1.007673    0.881750     50.77     98.97    1.002
      clockrate                0.932446    0.030721    0.616821    1.280721    0.910663    134.54    137.41    1.007
      clockrate                1.086037    0.012393    0.871907    1.306071    1.078944    209.25    218.99    1.001
      clockrate                1.177023    0.133673    0.671528    1.976888    1.079789    109.71    114.91    1.006
      clockrate                1.075113    0.010123    0.891822    1.275758    1.064416     46.70     51.99    1.019
      clockrate                0.982677    0.003268    0.872253    1.094225    0.980626    155.39    247.29    1.004
      clockrate                1.094831    0.007019    0.935718    1.262328    1.089367    163.06    197.85    1.021
      clockrate                1.721566    0.237124    0.947378    2.662428    1.662478     49.13     87.83    1.011
      clockrate                1.433241    0.130954    0.877512    2.146760    1.354909    453.42    493.24    1.002
      clockrate                0.901838    0.009897    0.717051    1.099867    0.891229     77.82    196.49    1.001
      clockrate                1.128740    0.004660    1.000700    1.265520    1.125673    127.14    150.11    1.001
      clockrate                1.190566    0.029313    0.907561    1.544077    1.162001     58.77     83.10    1.001
      clockrate                1.389976    0.037362    1.033585    1.772148    1.372147     86.59    102.57    1.006
      clockrate                1.103129    0.017164    0.866238    1.364219    1.087789    101.94    148.73    1.002
      clockrate                1.054920    0.005475    0.912773    1.201235    1.051724    102.84    166.77    1.003
      clockrate                1.203866    0.024953    0.930359    1.533622    1.179821     42.44     52.15    1.000
      clockrate                1.098019    0.013936    0.878773    1.334666    1.089092    236.90    285.09    1.003
      clockrate                0.992044    0.009806    0.797099    1.184023    0.983678     28.16     97.60    1.005
      clockrate                1.210627    0.055685    0.864328    1.683887    1.158062     52.02     53.11    1.028
      clockrate                1.063766    0.005580    0.918324    1.207643    1.059281    115.02    163.05    1.030
      clockrate                1.227721    0.018570    0.974602    1.500280    1.216744     23.13     27.64    1.000
      clockrate                1.206053    0.008246    1.031094    1.386065    1.201122    137.67    252.24    1.038
      clockrate                0.904286    0.003588    0.794089    1.029370    0.902545    261.20    323.35    1.009
      clockrate                1.057547    0.014276    0.831645    1.293397    1.047622    410.29    481.32    1.000
      clockrate                1.078105    0.005631    0.938047    1.224649    1.071284    115.76    140.03    1.007
      clockrate                0.890693    0.007786    0.720680    1.062688    0.881556     49.44     55.94    1.011
      clockrate                1.053094    0.016195    0.825466    1.306161    1.035767     36.21     67.06    1.002
      clockrate                0.923873    0.008841    0.747351    1.110412    0.916630    419.47    568.60    1.003
      clockrate                1.181537    0.082251    0.745278    1.769415    1.118743     45.73     73.45    1.000
      clockrate                0.953791    0.007634    0.789596    1.122793    0.944899    107.16    163.58    1.003
      clockrate                1.018131    0.004702    0.887817    1.155583    1.014792    101.51    219.55    1.008
      clockrate                1.062174    0.015313    0.821480    1.302036    1.052175     75.66     91.37    1.025
      clockrate                1.152682    0.020220    0.918468    1.450986    1.128517     28.58     60.76    1.050
      clockrate                1.057391    0.007361    0.893240    1.226209    1.052939     88.65    219.22    1.009
      clockrate                1.030004    0.006661    0.875726    1.192418    1.026253    144.77    229.86    1.000
      clockrate                0.869955    0.005154    0.729744    1.009819    0.866452    841.23   1276.96    1.000
      clockrate                1.003854    0.005729    0.861250    1.154422    1.000767    496.80    635.73    1.003
      clockrate                1.098076    0.030793    0.789158    1.450275    1.075877    245.17    256.56    1.003
      clockrate                1.110410    0.008681    0.935968    1.296771    1.103180     43.68     55.46    1.000
      clockrate                1.100167    0.009508    0.927080    1.304494    1.085940     26.25     36.03    1.049
      clockrate                1.286101    0.066519    0.894983    1.804506    1.226285     24.55     37.60    1.002
      clockrate                1.081436    0.022183    0.819201    1.375835    1.064768     63.83     64.97    1.024
      clockrate                1.388753    0.133962    0.875757    2.009617    1.317081     75.68    126.62    1.002
      clockrate                1.037793    0.007434    0.874830    1.213379    1.032739     89.58    103.56    1.009
      clockrate                1.127025    0.019984    0.876292    1.423527    1.106202    120.93    143.00    1.001
      clockrate                1.114212    0.008174    0.937045    1.289496    1.110298    398.90    638.45    1.000
      clockrate                1.093238    0.003635    0.975042    1.209242    1.091333    553.18    750.80    1.001
      clockrate                1.044024    0.033345    0.735980    1.409181    1.018857     99.62    108.81    1.006
      clockrate                1.347138    0.040956    0.988389    1.759144    1.323578     97.27    148.16    1.000
      clockrate                1.072525    0.012483    0.869842    1.294795    1.060937     93.83    122.57    1.006
      clockrate                1.317562    0.088864    0.818715    1.915620    1.266464    127.69    135.21    1.019
      clockrate                0.977021    0.003165    0.870326    1.090710    0.975780    472.13    678.12    1.006
      clockrate                1.095600    0.008394    0.925000    1.278722    1.089800    290.15    389.60    1.024
      clockrate                1.070429    0.003534    0.957771    1.191159    1.068424    219.83    419.12    1.002
      clockrate                1.108462    0.007262    0.942271    1.275281    1.103848    125.97    216.92    1.001
      clockrate                1.144396    0.010441    0.953162    1.347365    1.135138     47.69     69.91    1.012
      clockrate                1.313277    0.032096    1.003032    1.645616    1.291859    127.95    140.90    1.002
      clockrate                1.222418    0.093838    0.807144    1.864597    1.147998     74.26     75.80    1.022
      clockrate                1.030350    0.011898    0.836391    1.254389    1.019499    272.26    354.91    1.003
      clockrate                1.247144    0.031692    0.907858    1.583308    1.236283    198.71    203.38    1.001
      clockrate                1.035778    0.004969    0.902756    1.179575    1.032017    214.74    274.46    1.004
      clockrate                1.063353    0.013896    0.849885    1.302694    1.051511     88.29    254.50    1.002
      clockrate                1.225346    0.007979    1.061233    1.408624    1.219365     48.75     65.48    1.008
      clockrate                1.187716    0.026482    0.898699    1.509692    1.168571     34.06     74.46    1.006
      clockrate                1.091594    0.011690    0.893876    1.303233    1.078986     81.12    143.40    1.003
      clockrate                1.429578    0.179827    0.777397    2.310668    1.335289    393.32    453.55    1.005
      clockrate                1.052289    0.012043    0.852777    1.276179    1.041569    112.97    155.79    1.000
      clockrate                1.007129    0.009097    0.826901    1.194179    1.000606    222.44    237.96    1.000
      clockrate                1.069214    0.004778    0.939144    1.208947    1.065549    116.47    181.11    1.001
      clockrate                1.109331    0.032019    0.809611    1.468781    1.085820    245.45    264.03    1.000
      clockrate                1.142598    0.008759    0.964017    1.327297    1.137657     66.20     95.66    1.000
      clockrate                0.994789    0.002959    0.891855    1.103772    0.992896    294.18    499.73    1.003
      clockrate                0.908488    0.005910    0.764286    1.063524    0.902750    109.44    178.63    1.006
      clockrate                1.097495    0.007580    0.930550    1.267295    1.093105    119.40    330.90    1.031
      clockrate                1.328364    0.106595    0.935648    2.047178    1.222111     26.79     28.54    1.001
      clockrate                0.967144    0.004125    0.842062    1.092223    0.964779    447.68    957.19    1.000
      clockrate                1.056067    0.012528    0.853457    1.284022    1.044866     98.53    108.12    1.002
      clockrate                1.095787    0.042423    0.773087    1.509849    1.053831     72.65     93.76    1.000
      clockrate                0.942799    0.011367    0.748464    1.155994    0.931683    204.46    212.15    1.016
      clockrate                1.233682    0.031832    0.951852    1.570222    1.203435     27.54     34.95    1.048
      clockrate                1.032645    0.007504    0.866084    1.203711    1.026689     40.50     63.61    1.014
      clockrate                1.036066    0.012367    0.826877    1.249028    1.025079     46.80     49.13    1.006
      clockrate                0.987998    0.005083    0.856146    1.134865    0.982970     37.12    153.38    1.017
      clockrate                1.407946    0.092434    0.912030    2.009102    1.359145     94.23     94.97    1.011
      clockrate                1.074111    0.008153    0.904609    1.255173    1.068020     77.35     81.21    1.022
      clockrate                1.045075    0.004609    0.914635    1.179631    1.042621    933.74   1053.24    1.000
      clockrate                0.997146    0.007064    0.837510    1.164580    0.992216    136.50    265.55    1.033
      clockrate                1.113764    0.011809    0.916668    1.336843    1.105163    181.90    193.36    1.002
      clockrate                1.010808    0.003731    0.892868    1.130690    1.009462    378.83    514.44    1.000
      clockrate                1.253025    0.025331    0.970014    1.578551    1.235865     54.23     62.75    1.000
