      ilnvar                   0.021997    0.000521    0.000190    0.064822    0.014870     24.69     36.15    1.066
      ilnvar                   0.009737    0.000237    0.000001    0.037584    0.004364     26.83     30.71    1.006
      ilnvar                   0.008016    0.000164    0.000001    0.033719    0.002754     13.89     13.91    1.129
      ilnvar                   0.002876    0.000032    0.000003    0.012446    0.000902     17.09     31.29    1.048
      ilnvar                   0.007250    0.000142    0.000001    0.027962    0.003052     23.05     34.24    1.064
      ilnvar                   0.020029    0.001164    0.000028    0.087834    0.006322     46.97     50.50    1.000
      ilnvar                   0.001855    0.000057    0.000001    0.009845    0.000025     17.12     17.37    1.067
      ilnvar                   0.017501    0.000810    0.000004    0.072289    0.006601     61.75     69.79    1.002
      ilnvar                   0.014086    0.000448    0.000008    0.055797    0.005791     45.18     46.55    1.008
      ilnvar                   0.056874    0.002539    0.000459    0.155571    0.045021     33.38     39.16    1.002
      ilnvar                   0.009898    0.000285    0.000002    0.044258    0.003027     21.68     24.74    1.014
      ilnvar                   0.120656    0.022875    0.000099    0.380838    0.077655    115.88    121.56    1.002
      ilnvar                   0.017471    0.001380    0.000005    0.082808    0.003112     73.53     75.80    1.000
      ilnvar                   0.152198    0.064848    0.000044    0.634159    0.059406     83.35     95.74    1.007
      ilnvar                   0.029818    0.001497    0.000009    0.110958    0.014979     21.59     26.10    1.043
      ilnvar                   0.002350    0.000032    0.000001    0.012694    0.000125     12.40     12.51    1.019
      ilnvar                   0.024082    0.000835    0.000053    0.084682    0.014463     32.23     40.53    1.092
      ilnvar                   0.197189    0.037902    0.000012    0.561038    0.152865     57.88     96.84    1.006
      ilnvar                   0.282366    0.149798    0.000078    0.986147    0.153142    519.12    553.58    1.001
      ilnvar                   0.035188    0.003572    0.000002    0.136570    0.014442     89.93     93.30    1.002
      ilnvar                   0.009338    0.000173    0.000013    0.037727    0.004401     19.61     20.75    1.011
      ilnvar                   0.118905    0.023093    0.000240    0.409479    0.069730     42.67     53.41    1.002
      ilnvar                   0.025221    0.001171    0.000042    0.094884    0.011563     41.69     67.89    1.013
      ilnvar                   0.058252    0.004533    0.000384    0.192494    0.035706     66.02     85.18    1.000
      ilnvar                   0.002316    0.000040    0.000001    0.011939    0.000286     20.97     21.20    1.005
      ilnvar                   0.046508    0.003239    0.000203    0.154560    0.027701     24.65     30.84    1.000
      ilnvar                   0.045208    0.002346    0.000725    0.141062    0.029947     66.75     73.78    1.020
      ilnvar                   0.021013    0.000851    0.000002    0.082161    0.009959     14.88     38.32    1.000
      ilnvar                   0.082131    0.016313    0.000684    0.291220    0.041079     48.53     49.23    1.024
      ilnvar                   0.016542    0.000637    0.000022    0.067693    0.006573     25.04     28.55    1.084
      ilnvar                   0.021548    0.001027    0.000006    0.087894    0.008174     14.04     17.69    1.000
      ilnvar                   0.007171    0.000191    0.000001    0.033956    0.001652     17.96     26.58    1.196
      ilnvar                   0.003862    0.000051    0.000001    0.016679    0.001065     14.75     27.07    1.182
      ilnvar                   0.062466    0.005203    0.000203    0.196217    0.039863    185.40    190.74    1.002
      ilnvar                   0.031756    0.001301    0.000217    0.102117    0.020222     38.68     43.40    1.006
      ilnvar                   0.034295    0.004972    0.000001    0.170330    0.002273     16.56     27.19    1.021
      ilnvar                   0.064534    0.008479    0.000002    0.254047    0.027566     18.02     20.93    1.005
      ilnvar                   0.046477    0.003418    0.000096    0.156802    0.026969     72.91     87.04    1.024
      ilnvar                   0.197516    0.052366    0.000277    0.628282    0.124525     57.87     61.04    1.001
      ilnvar                   0.021596    0.001035    0.000048    0.083714    0.009625     51.08     57.53    1.002
      ilnvar                   0.004794    0.000097    0.000001    0.023275    0.000794     16.54     17.64    1.026
      ilnvar                   0.031361    0.001598    0.000059    0.112199    0.016273     52.53     57.93    1.045
      ilnvar                   0.135950    0.011660    0.007301    0.343798    0.106911     29.83     41.54    1.050
      ilnvar                   0.009950    0.000325    0.000010    0.043088    0.002918     13.40     17.10    1.039
      ilnvar                   0.016551    0.000450    0.000041    0.058256    0.008733     28.04     46.52    1.000
      ilnvar                   0.010709    0.000357    0.000002    0.045422    0.003554     36.73     45.96    1.010
      ilnvar                   0.016036    0.000317    0.000054    0.051677    0.009911     37.73     47.10    1.046
      ilnvar                   0.141614    0.015270    0.000156    0.372652    0.110225    129.63    137.65    1.008
      ilnvar                   0.017773    0.000792    0.000003    0.078686    0.004593     17.77     26.49    1.001
      ilnvar                   0.020705    0.001598    0.000002    0.101014    0.003213     13.89     24.51    1.056
      ilnvar                   0.092736    0.021052    0.000001    0.355175    0.033983     34.20     46.13    1.000
      ilnvar                   0.022653    0.001974    0.000003    0.094565    0.006722     83.24     88.25    1.027
      ilnvar                   0.256332    0.069210    0.001906    0.707937    0.184447     77.63    136.51    1.002
      ilnvar                   0.006789    0.000147    0.000001    0.030246    0.001812     34.45     40.02    1.027
      ilnvar                   0.064202    0.004227    0.000504    0.194805    0.043552     40.69     55.91    1.007
      ilnvar                   0.015450    0.000417    0.000102    0.054843    0.008372     50.62     51.83    1.033
      ilnvar                   0.001797    0.000020    0.000001    0.010174    0.000167     12.52     13.21    1.019
      ilnvar                   0.107284    0.013862    0.000248    0.328354    0.071002     72.88     85.32    1.000
      ilnvar                   0.093834    0.011538    0.000312    0.304729    0.059529     65.63     83.44    1.001
      ilnvar                   0.041539    0.002262    0.000115    0.137547    0.025423     40.97     48.06    1.024
      ilnvar                   0.317230    0.142879    0.000441    1.018242    0.204297    152.43    168.12    1.009
      ilnvar                   0.000176    0.000000    0.000001    0.000976    0.000023     18.43     25.99    1.013
      ilnvar                   0.007648    0.000245    0.000001    0.036723    0.001662     19.37     46.53    1.097
      ilnvar                   0.000373    0.000002    0.000001    0.002067    0.000035     16.59     25.67    1.094
      ilnvar                   0.014911    0.000407    0.000089    0.054608    0.006993     15.98     18.19    1.000
      ilnvar                   0.030806    0.001397    0.000138    0.105369    0.017142     23.30     39.74    1.001
      ilnvar                   0.026573    0.004479    0.000013    0.102190    0.007738    100.50    104.38    1.002
      ilnvar                   0.107914    0.035188    0.000060    0.446154    0.044574     62.50     72.17    1.021
      ilnvar                   0.014632    0.000483    0.000036    0.057825    0.006709     53.74     56.39    1.035
      ilnvar                   0.035147    0.001544    0.000278    0.113310    0.022026     55.16     98.57    1.000
      ilnvar                   0.010729    0.000294    0.000004    0.044849    0.003917     20.25     22.54    1.008
      ilnvar                   0.020851    0.001167    0.000002    0.081987    0.008382     37.71     39.58    1.001
      ilnvar                   0.005629    0.000184    0.000002    0.026108    0.000668     14.49     20.13    1.024
      ilnvar                   0.072392    0.007681    0.000055    0.235394    0.043772     37.71     51.06    1.000
      ilnvar                   0.040021    0.002056    0.000011    0.127587    0.025602     40.55     62.53    1.013
      ilnvar                   0.310560    0.196883    0.000119    1.146064    0.155875    482.26    515.58    1.003
      ilnvar                   0.103996    0.004839    0.007251    0.233219    0.088708     88.46     94.49    1.001
      ilnvar                   0.017709    0.000864    0.000012    0.074394    0.006021     79.09     82.90    1.002
      ilnvar                   0.015421    0.000361    0.000014    0.053592    0.008270     23.26     25.68    1.000
      ilnvar                   0.046879    0.005155    0.000016    0.168474    0.023237     68.87     85.11    1.004
      ilnvar                   0.002936    0.000088    0.000001    0.015779    0.000262     27.41     28.21    1.006
      ilnvar                   0.000820    0.000005    0.000001    0.005247    0.000084     17.12     19.86    1.002
      ilnvar                   0.045675    0.002014    0.000098    0.131185    0.034103     41.88     49.61    1.009
      ilnvar                   0.003762    0.000102    0.000001    0.017924    0.000417     29.77     39.93    1.051
      ilnvar                   0.148781    0.055093    0.000001    0.639104    0.046089     27.49     30.70    1.001
      ilnvar                   0.002605    0.000107    0.000001    0.010219    0.000157     19.87     22.42    1.025
      ilnvar                   0.030669    0.001444    0.000205    0.105007    0.016907     35.97     37.62    1.000
      ilnvar                   0.093139    0.017152    0.000041    0.340182    0.048682     73.22     88.43    1.004
      ilnvar                   0.021432    0.001050    0.000015    0.083941    0.008414     35.36     60.68    1.026
      ilnvar                   0.059890    0.012864    0.000001    0.234739    0.020686     24.49     34.04    1.042
      ilnvar                   0.015880    0.000584    0.000011    0.062868    0.004711     11.49     17.87    1.060
      ilnvar                   0.030679    0.001593    0.000010    0.107327    0.016284     24.32     24.48    1.015
      ilnvar                   0.004074    0.000165    0.000001    0.021856    0.000133     14.53     14.72    1.107
      ilnvar                   0.199003    0.050974    0.000047    0.622644    0.134420    129.43    142.22    1.005
      ilnvar                   0.018481    0.000485    0.000029    0.060917    0.011451     27.90     33.25    1.051
      ilnvar                   0.000756    0.000004    0.000001    0.004183    0.000095     23.85     24.64    1.013
      ilnvar                   0.016989    0.000843    0.000001    0.075492    0.004639     50.93     58.09    1.140
      ilnvar                   0.020638    0.000840    0.000012    0.076365    0.009569     43.34     50.83    1.006
      ilnvar                   0.000562    0.000002    0.000001    0.003142    0.000038     13.80     17.76    1.034
      ilnvar                   0.090472    0.007186    0.000664    0.257841    0.066967     30.27     35.49    1.002
