0.1395349
0.4166667
0.1363636
0.2272727
0.1590909
0.15
0.1538462
0.1363636
0.1034483
0.1111111
0.07894737
0.0625
0.08695652
0.125
0.2790698
0.06521739
0.2093023
0.1578947
0
0.1875
0.2608696
0.2083333
0.1612903
0.03846154
0.175
0.2962963
0.1470588
0.2
0.1481481
0.07692308
0.2682927
0.2162162
0.1621622
0.1764706
0.04347826
0.1
0.07407407
0.1818182
0.2105263
0.12
0.212766
0.1034483
0.2340426
0.3191489
0.1351351
0.1481481
0.2
0.25
0.1515152
0.1333333
0.1304348
0.2222222
0.1578947
0.1
0.125
0.1714286
0.0952381
0.2272727
0.25
0.25
0
0.15
0.16
0.1333333
0.2093023
0.075
0.1764706
0.1818182
0.03846154
0.1153846
0.175
0.1481481
0.225
0.2173913
0.03846154
0.1666667
0.4358974
0.06666667
0.07317073
0.2105263
0.1578947
0.1136364
0.2307692
0.1714286
0.2105263
0.05263158
0.2
0.15
0.1153846
0.04166667
0.2093023
0.1428571
0.2173913
0.1875
0.275
0.1956522
0.1666667
0.1428571
0.1578947
0.3548387
