      age[0]                   0.933452    0.001553    0.864297    1.012120    0.928629    1.001    2
      age[0]                  0.986388    0.001074    0.954716    1.058162    0.975795    1.001    2
      age[0]                   0.997182    0.000726    0.949969    1.052912    0.994076    1.001    2
      age[0]                   1.021881    0.000785    0.972223    1.080060    1.018853    1.003    2
      age[0]                   1.098777    0.001714    1.024955    1.187301    1.095910    1.008    2
      age[0]                  1.015274    0.001603    0.946322    1.100807    1.011391    1.001    2
      age[0]                  1.011478    0.000404    0.974682    1.050966    1.009555    1.008    2
      age[0]                  0.770394    0.001571    0.723511    0.846470    0.761112    1.003    2
      age[0]                  0.998738    0.000660    0.951874    1.049742    0.996259    1.000    2
      age[0]                   0.944354    0.000829    0.892103    1.004419    0.940830    1.001    2
      age[0]                   0.979397    0.002113    0.896092    1.064886    0.976720    1.002    2
      age[0]                  0.909642    0.008885    0.831190    1.106213    0.871128    1.006    2
      age[0]                  0.910706    0.001423    0.857039    0.982526    0.904664    1.000    2
      age[0]                  0.919302    0.002314    0.832095    1.015785    0.914224    1.000    2
      age[0]                   0.990798    0.001135    0.926941    1.057748    0.989725    1.003    2
      age[0]                   0.951624    0.000368    0.916132    0.988954    0.950093    1.001    2
      age[0]                   0.996251    0.000325    0.964656    1.031841    0.993677    1.001    2
      age[0]                  0.937320    0.002935    0.841096    1.038193    0.932847    1.006    2
      age[0]                  0.935817    0.024325    0.656113    1.242429    0.916909    1.000    2
      age[0]                  1.022953    0.001914    0.951797    1.103925    1.017203    1.001    2
      age[0]                   0.964809    0.000528    0.922716    1.010196    0.962828    1.000    2
      age[0]                  1.019379    0.001877    0.979082    1.111311    1.005483    1.002    2
      age[0]                  0.887824    0.001809    0.811147    0.975809    0.884340    1.001    2
      age[0]                  0.987850    0.002132    0.901521    1.080967    0.984083    1.000    2
      age[0]                  0.941048    0.000597    0.898856    0.987155    0.937831    1.002    2
      age[0]                  0.975967    0.003996    0.860815    1.097243    0.972017    1.000    2
      age[0]                  0.976688    0.002231    0.888169    1.071751    0.972656    1.000    2
      age[0]                  0.977624    0.001741    0.898682    1.058527    0.974845    1.006    2
      age[0]                  0.964393    0.007111    0.797960    1.136206    0.961312    1.022    2
      age[0]                   0.940469    0.001942    0.860775    1.030929    0.937236    1.009    2
      age[0]                   1.002049    0.002620    0.907126    1.102774    0.999836    1.001    2
      age[0]                   0.938532    0.000437    0.914769    0.982391    0.932176    1.009    2
      age[0]                  1.026594    0.000565    0.979619    1.070853    1.026969    1.001    2
      age[0]                  1.003568    0.001012    0.970761    1.067200    0.994165    1.001    2
      age[0]                   0.989804    0.000884    0.933180    1.047996    0.988370    1.013    2
      age[0]                  0.982186    0.000501    0.938963    1.027469    0.981009    1.007    2
      age[0]                  0.963596    0.003028    0.851043    1.072307    0.963132    1.000    2
      age[0]                  0.907893    0.000516    0.877445    0.948399    0.902889    1.000    2
      age[0]                  1.011612    0.000627    0.969667    1.059490    1.007602    1.000    2
      age[0]                  1.027880    0.000813    0.975635    1.085795    1.025918    1.003    2
      age[0]                   0.932455    0.001376    0.862807    1.006087    0.929121    1.013    2
      age[0]                  1.050112    0.003831    0.936828    1.178100    1.042535    1.006    2
      age[0]                   0.990969    0.011105    0.783082    1.209691    0.985165    1.060    2
      age[0]                   0.998596    0.001085    0.938272    1.065291    0.995500    1.002    2
      age[0]                  0.986201    0.000969    0.942603    1.054518    0.977989    1.010    2
      age[0]                  1.027219    0.000823    0.974619    1.084036    1.025002    1.000    2
      age[0]                   0.979411    0.000695    0.932036    1.033954    0.977443    1.000    2
      age[0]                  0.977041    0.001779    0.915297    1.054202    0.970068    1.003    2
      age[0]                  0.985450    0.000315    0.953615    1.018757    0.983507    1.000    2
      age[0]                   0.970932    0.000432    0.943409    1.010517    0.966404    1.000    2
      age[0]                  0.976051    0.001327    0.907835    1.040129    0.971298    1.021    2
      age[0]                  1.040909    0.004915    0.908059    1.173222    1.036764    1.000    2
      age[0]                  0.912111    0.003086    0.827724    1.011380    0.904874    1.001    2
      age[0]                  0.983155    0.003788    0.872675    1.098799    0.972911    1.012    2
      age[0]                  1.001484    0.001194    0.936595    1.072082    0.999013    1.000    2
      age[0]                  0.989340    0.000721    0.966028    1.029203    0.982299    1.027    2
      age[0]                   0.996009    0.000785    0.948163    1.053303    0.991075    1.001    2
      age[0]                  0.932515    0.002201    0.855384    1.019495    0.926749    1.006    2
      age[0]                  0.937137    0.001956    0.866137    1.018220    0.932582    1.002    2
      age[0]                  0.979643    0.000811    0.932364    1.034767    0.976354    1.000    2
      age[0]                  1.008476    0.002384    0.956537    1.102837    0.997229    1.025    2
      age[0]                   0.986817    0.002587    0.904417    1.084929    0.976604    1.070    2
      age[0]                  1.001596    0.000609    0.956656    1.050935    0.998869    1.003    2
      age[0]                   0.958303    0.001067    0.901426    1.023071    0.955209    1.000    2
      age[0]                   1.039688    0.002464    0.951113    1.142960    1.034699    1.000    2
      age[0]                   0.990049    0.001507    0.915062    1.068512    0.987934    1.030    2
      age[0]                  0.962790    0.006393    0.813949    1.130280    0.955650    1.000    2
      age[0]                  0.983088    0.001607    0.905760    1.059219    0.978851    1.005    2
      age[0]                  1.000427    0.002133    0.911858    1.090550    0.996718    1.000    2
      age[0]                  0.997506    0.001171    0.936657    1.068394    0.994097    1.003    2
      age[0]                   0.962130    0.000681    0.912246    1.013860    0.960136    1.032    2
      age[0]                  1.007165    0.001178    0.944978    1.076466    1.004313    1.004    2
      age[0]                   0.971619    0.000969    0.915542    1.032934    0.967704    1.003    2
      age[0]                  0.885131    0.001110    0.836715    0.947147    0.879448    1.013    2
      age[0]                  0.970464    0.000604    0.927378    1.018567    0.967399    1.000    2
      age[0]                  0.973470    0.023210    0.792186    1.258436    0.939648    1.000    2
      age[0]                   0.968278    0.001765    0.896694    1.051998    0.963501    1.003    2
      age[0]                  0.990895    0.000895    0.936863    1.052252    0.987920    1.000    2
      age[0]                   0.989973    0.000644    0.942322    1.039304    0.988344    1.012    2
      age[0]                  0.987119    0.001466    0.916428    1.066613    0.983858    1.000    2
      age[0]                   0.892607    0.001499    0.823176    0.969651    0.891738    1.004    2
      age[0]                   1.023103    0.003024    0.926036    1.113770    1.018531    1.058    2
      age[0]                   1.061155    0.003133    0.955238    1.171176    1.057721    1.002    2
      age[0]                  0.857490    0.002736    0.761724    0.963903    0.851552    1.028    2
      age[0]                  0.909460    0.003056    0.783922    1.002299    0.908784    1.002    2
      age[0]                  0.996067    0.001022    0.939160    1.059799    0.993131    1.002    2
      age[0]                  0.787283    0.004051    0.671237    0.916461    0.780972    1.011    2
      age[0]                  0.959085    0.001118    0.908600    1.026458    0.951288    1.006    2
      age[0]                  0.982228    0.001446    0.908980    1.058393    0.979888    1.015    2
      age[0]                  0.957115    0.004492    0.833900    1.093892    0.948635    1.037    2
      age[0]                   1.057318    0.001869    0.978902    1.145673    1.053895    1.007    2
      age[0]                  0.996654    0.001272    0.931578    1.068907    0.992849    1.000    2
      age[0]                   0.937969    0.000512    0.902463    0.981119    0.934252    1.003    2
      age[0]                  0.906095    0.002131    0.841158    0.997595    0.895352    1.004    2
      age[0]                   0.957548    0.001236    0.888920    1.027919    0.953549    1.009    2
      age[0]                   0.999807    0.000448    0.961868    1.040755    0.997959    1.007    2
      age[0]                  0.997421    0.000453    0.958225    1.038648    0.996061    1.010    2
      age[0]                  0.993470    0.000241    0.967027    1.024518    0.991370    1.000    2
      age[0]                   0.913283    0.001314    0.840864    0.982115    0.911625    1.009    2
      age[0]                  0.880983    0.004403    0.778730    1.000093    0.872921    1.006    2
