0.255814
0.3333333
0.25
0.2954545
0.4090909
0.3
0.1794872
0.2272727
0.3793103
0.2666667
0.1052632
0.3125
0.3478261
0.125
0.3255814
0.173913
0.2790698
0.3157895
0.5714286
0.1875
0.3478261
0.3333333
0.1612903
0.1923077
0.225
0.1851852
0.3529412
0.3428571
0.1851852
0.3076923
0.3414634
0.3243243
0.08108108
0.4117647
0.326087
0.3
0.2592593
0.5454545
0.3157895
0.32
0.4468085
0.137931
0.3404255
0.3829787
0.2432432
0.2592593
0.425
0.3333333
0.3030303
0.3111111
0.2173913
0.1666667
0.1578947
0.2
0.21875
0.1714286
0.452381
0.2727273
0.2
0.2702703
0.2777778
0.2
0.32
0.2
0.2790698
0.25
0.4117647
0.2727273
0.2307692
0.3076923
0.325
0.1851852
0.35
0.4347826
0.1923077
0.5
0.4358974
0.2
0.2682927
0.2631579
0.2894737
0.1818182
0.4615385
0.2571429
0.1578947
0.2105263
0.2666667
0.3
0.2692308
0.375
0.3023256
0.2285714
0.2608696
0.3125
0.15
0.3043478
0.2333333
0.3214286
0.4210526
0.1935484
