      TL          8.541479    0.136495    7.832392    9.274500    8.531765   5130.62   6273.88    1.000
      TL          7.756805    0.132227    7.039062    8.457947    7.745507   6096.98   6494.96    1.000
      TL          8.339197    0.126655    7.651364    9.042226    8.329912   6627.59   7045.76    1.000
      TL          7.602957    0.106510    6.982934    8.254725    7.597351   7690.07   8697.83    1.000
      TL          8.096033    0.127183    7.402871    8.801884    8.089338   7298.71   7392.83    1.000
      TL          5.455625    0.131531    4.750984    6.166180    5.441041   5687.80   5972.56    1.000
      TL          7.486435    0.108738    6.832273    8.122179    7.479919   8346.17   8769.10    1.000
      TL          5.665520    0.131064    4.984868    6.395602    5.652312   5983.69   6404.73    1.000
      TL          6.683809    0.112422    6.021727    7.337079    6.675745   9331.82   9475.21    1.000
      TL          9.092551    0.138401    8.366631    9.820115    9.085097   5791.91   5919.00    1.000
      TL          7.294517    0.115804    6.633350    7.963514    7.284748   5137.60   5302.16    1.000
      TL          3.599123    0.092640    3.036550    4.222366    3.587207   7715.48   7904.86    1.000
      TL          5.691470    0.114543    5.058181    6.386264    5.678529   8383.57   9120.04    1.000
      TL          3.570430    0.081345    3.012495    4.130284    3.560036  10902.43  10993.67    1.000
      TL          9.237962    0.156764    8.471155   10.018330    9.226330   6846.25   7204.47    1.000
      TL          9.813157    0.154790    9.019082   10.563260    9.807647   7549.02   7686.52    1.000
      TL          8.319633    0.134401    7.581130    9.017109    8.312360   6134.80   6681.81    1.000
      TL          4.929815    0.106117    4.286455    5.561912    4.918993  10509.38  10726.02    1.000
      TL          3.991738    0.418334    2.836798    5.285509    3.923685   9514.70   9588.65    1.000
      TL          4.279730    0.118687    3.607900    4.947625    4.263224   4159.65   6382.91    1.000
      TL          9.000041    0.138234    8.279435    9.735354    8.991116   7003.39   7078.45    1.000
      TL          5.296969    0.094786    4.696806    5.900023    5.286846   7169.86   7289.83    1.000
      TL          6.905750    0.120657    6.245877    7.606801    6.897300   7731.27   7982.42    1.000
      TL          5.589471    0.104454    4.972361    6.230043    5.579421   7087.23   7525.92    1.000
      TL          7.413328    0.114688    6.759725    8.082441    7.403253   3908.27   4748.01    1.000
      TL          6.987138    0.130341    6.287660    7.695480    6.976978   7716.95   8447.24    1.000
      TL          8.416535    0.152230    7.651022    9.169424    8.408794   8095.91   8670.90    1.000
      TL          7.093712    0.109873    6.472718    7.768429    7.084404   7844.43   8336.39    1.000
      TL          6.699132    0.131787    5.993301    7.416514    6.685296   6757.57   7583.56    1.000
      TL          6.732182    0.107121    6.097832    7.374244    6.726034   4225.08   5684.38    1.000
      TL          7.838304    0.140007    7.119578    8.583421    7.826334   4276.27   4280.09    1.000
      TL          7.921433    0.125533    7.249488    8.636675    7.912994   8370.63   8452.87    1.000
      TL          7.455321    0.135329    6.755985    8.194752    7.444625   5306.34   5399.26    1.000
      TL          4.521092    0.110177    3.896209    5.191477    4.506550   8852.33   9166.23    1.000
      TL          7.553037    0.102175    6.942498    8.197869    7.546211   8410.52   8414.21    1.000
      TL          4.208641    0.092402    3.618728    4.800667    4.196441   6158.47   6258.25    1.000
      TL          5.072279    0.086205    4.518842    5.668971    5.061685   9069.12   9313.94    1.000
      TL          3.716215    0.080496    3.180198    4.276155    3.703910   4159.08   4693.26    1.000
      TL          5.040581    0.120212    4.376784    5.718136    5.027824   8013.08   8077.54    1.000
      TL          5.942488    0.119308    5.276615    6.635946    5.928260   4561.02   5044.49    1.000
      TL          8.324442    0.127078    7.644035    9.040245    8.317097   6163.85   6812.19    1.000
      TL          5.636105    0.091997    5.056194    6.245065    5.627367   6596.45   6948.54    1.000
      TL          8.361740    0.123096    7.685397    9.051237    8.352127   7184.64   7229.39    1.000
      TL          8.767172    0.127316    8.102226    9.489679    8.760969   7941.55   8048.62    1.000
      TL          7.512807    0.125971    6.822886    8.204119    7.502872   6405.30   6460.78    1.000
      TL          5.802555    0.094808    5.206431    6.404446    5.795511   8251.28   8490.12    1.000
      TL          6.323030    0.089690    5.727971    6.902336    6.317083   6342.03   6680.91    1.000
      TL          5.139157    0.111347    4.508528    5.813955    5.127429   7113.41   7428.86    1.000
      TL          7.346016    0.122245    6.702342    8.068293    7.336174   6741.86   6905.47    1.000
      TL          6.965637    0.091668    6.382534    7.558079    6.961231   8651.53   8853.43    1.000
      TL          5.021819    0.113343    4.374980    5.688674    5.005675   5130.06   5350.40    1.000
      TL          4.920425    0.108448    4.273988    5.559097    4.909066  10592.41  10662.38    1.000
      TL          4.244165    0.098816    3.633747    4.855371    4.232147   8827.13   8970.68    1.000
      TL          7.156956    0.124466    6.488192    7.861210    7.145180   7967.13   8584.19    1.000
      TL          7.133206    0.129195    6.455394    7.859587    7.124047   6909.39   6956.85    1.000
      TL          6.440948    0.100180    5.830680    7.071489    6.432884   7270.30   7468.24    1.000
      TL          9.274511    0.152246    8.506245   10.026650    9.265718   6077.19   6304.70    1.000
      TL          5.228669    0.102827    4.612023    5.860392    5.216959   6803.31   7064.40    1.000
      TL          5.703784    0.141175    4.984936    6.451057    5.691722   6454.85   6681.18    1.000
      TL          7.121945    0.112962    6.493756    7.804698    7.114940   7157.27   7395.73    1.000
      TL          3.430621    0.090699    2.843975    4.015380    3.415291   7610.53   8047.43    1.000
      TL          7.237906    0.109769    6.570550    7.875610    7.230873   6297.39   6890.47    1.000
      TL          4.946108    0.083584    4.387190    5.518946    4.941982   8576.54   8784.82    1.000
      TL          9.484857    0.145882    8.751907   10.234130    9.478546   7665.66   7800.39    1.000
      TL          8.255198    0.125995    7.563274    8.949989    8.245199   6878.87   7257.77    1.000
      TL          8.623300    0.148070    7.896478    9.397972    8.613452   7400.50   7725.37    1.000
      TL          4.377300    0.111708    3.750209    5.059826    4.361190   6196.01   6882.74    1.000
      TL          5.382112    0.123068    4.716805    6.085894    5.367654   7569.54   8051.60    1.000
      TL          7.187408    0.150595    6.440915    7.950263    7.179590   7372.44   7396.06    1.000
      TL          6.624060    0.122839    5.947018    7.310874    6.616855   9001.62   9110.26    1.000
      TL          7.541316    0.115165    6.891395    8.221869    7.533003   6530.00   6820.69    1.000
      TL          6.642669    0.113497    5.997093    7.320894    6.636968   9135.32   9830.15    1.000
      TL          7.998639    0.117531    7.355280    8.694178    7.991496   9002.33   9141.31    1.000
      TL          5.946716    0.127186    5.239974    6.637374    5.934770   5896.23   6748.44    1.001
      TL          5.224506    0.092940    4.635407    5.826356    5.217135   5361.23   5515.96    1.000
      TL          3.501651    0.379421    2.384587    4.721908    3.428925   8013.08   8036.73    1.000
      TL          7.931045    0.134121    7.232492    8.666442    7.923055   5824.55   6037.20    1.000
      TL          4.461701    0.113170    3.822720    5.131078    4.446148  10876.45  11229.48    1.000
      TL          7.618286    0.115624    6.945873    8.271387    7.613008   8028.60   8169.36    1.000
      TL          5.052165    0.111955    4.383786    5.689662    5.041118  10202.09  10519.99    1.000
      TL          8.101142    0.148511    7.345391    8.849716    8.091604   5180.87   5377.28    1.000
      TL          9.163272    0.143650    8.421758    9.905474    9.153838   8032.60   8060.71    1.000
      TL          7.292298    0.117507    6.634652    7.971024    7.283248   6855.93   6886.39    1.000
      TL          7.599709    0.134630    6.867146    8.307683    7.589869   6323.01   6471.70    1.000
      TL          6.469501    0.205464    5.635333    7.407733    6.447395   5692.44   6434.21    1.000
      TL          7.559067    0.113379    6.888209    8.215464    7.552868   9811.16  10350.64    1.000
      TL          6.100782    0.111211    5.476248    6.774671    6.089332   4792.42   5545.86    1.000
      TL          5.111931    0.116821    4.450395    5.789702    5.098623   7414.88   8060.89    1.000
      TL          5.767334    0.121529    5.120021    6.486037    5.757268   5756.48   6051.32    1.000
      TL          6.263673    0.121529    5.607002    6.971286    6.254397   9032.89   9053.82    1.000
      TL          8.412953    0.139861    7.689310    9.149143    8.406409   5417.69   5630.59    1.000
      TL          8.732948    0.150289    7.981291    9.498573    8.722912   7735.15   8401.56    1.000
      TL         10.514135    0.210269    9.616514   11.409860   10.506860   2616.14   3137.97    1.000
      TL          5.447496    0.191057    4.647216    6.348283    5.421018   5678.89   5719.09    1.000
      TL          8.625217    0.134574    7.935145    9.372670    8.615632   6802.07   7314.03    1.000
      TL         10.003282    0.159696    9.233655   10.798380    9.995931   6326.32   7016.33    1.000
      TL          4.837292    0.075669    4.314490    5.386091    4.830698   9400.76  10247.65    1.000
      TL          5.600524    0.090221    5.008572    6.178819    5.593535   8701.67   9042.82    1.000
      TL          8.342542    0.145008    7.609686    9.093633    8.335148   5281.73   5316.05    1.000
      TL          6.729267    0.116495    6.060396    7.403246    6.720620   6401.40   7065.21    1.000
