      ilnvar                   0.000168    0.000001    0.000001    0.000511    0.000004     25.27     43.78    1.020
      ilnvar                   0.029057    0.010184    0.000001    0.151100    0.000807     36.97     44.24    1.001
      ilnvar                   0.000133    0.000001    0.000001    0.000220    0.000005     30.01     41.76    1.030
      ilnvar                   0.000508    0.000007    0.000001    0.001506    0.000010     26.13     35.63    1.026
      ilnvar                   0.000593    0.000008    0.000001    0.001731    0.000016     36.69     41.57    1.001
      ilnvar                   0.109595    0.080888    0.000001    0.714025    0.000569     32.57     44.31    1.129
      ilnvar                   0.000059    0.000000    0.000001    0.000344    0.000005     29.65     45.70    1.035
      ilnvar                   1.135504    0.659289    0.000142    2.691544    0.957545    147.03    225.94    1.003
      ilnvar                   0.012640    0.003532    0.000001    0.044771    0.000247     34.01     44.12    1.009
      ilnvar                   0.000111    0.000000    0.000001    0.000422    0.000003     46.27     48.86    1.019
      ilnvar                   0.000046    0.000000    0.000001    0.000145    0.000004     40.88     42.32    1.021
      ilnvar                   0.893552    0.635182    0.000307    2.439457    0.683557    336.70    502.54    1.002
      ilnvar                   1.173651    0.918503    0.001628    3.025901    0.965565    138.62    178.01    1.001
      ilnvar                   0.125941    0.060623    0.000001    0.587735    0.016695     65.65     88.37    1.004
      ilnvar                   0.000178    0.000001    0.000001    0.000599    0.000004     35.24     48.60    1.029
      ilnvar                   0.000039    0.000000    0.000001    0.000192    0.000006     23.28     28.07    1.051
      ilnvar                   0.000011    0.000000    0.000001    0.000049    0.000003     39.83     59.67    1.039
      ilnvar                   0.089175    0.043495    0.000001    0.455197    0.009021     87.07     89.67    1.001
      ilnvar                   0.921559    0.749200    0.000270    2.615922    0.666880   1651.92   1799.44    1.000
      ilnvar                   0.614063    0.390306    0.000002    1.795507    0.469004     40.44    213.58    1.018
      ilnvar                   0.000029    0.000000    0.000001    0.000110    0.000004     40.19     41.40    1.011
      ilnvar                   0.385271    0.301632    0.000013    1.477236    0.164178     61.66     79.20    1.020
      ilnvar                   0.064091    0.051871    0.000001    0.408359    0.000888     42.51     56.77    1.118
      ilnvar                   0.484434    0.617674    0.000001    2.089701    0.009479     31.45     76.61    1.381
      ilnvar                   0.000029    0.000000    0.000001    0.000127    0.000005     82.74     93.48    1.014
      ilnvar                   0.008059    0.001930    0.000001    0.027797    0.000107     57.58     70.76    1.002
      ilnvar                   0.040480    0.041886    0.000001    0.139122    0.000388     26.62     33.29    1.015
      ilnvar                   0.000156    0.000000    0.000001    0.000770    0.000009     34.23     39.99    1.017
      ilnvar                   2.091164    1.151952    0.359956    4.302244    1.895714    557.93    572.68    1.000
      ilnvar                   0.000110    0.000000    0.000001    0.000635    0.000008     24.10     30.19    1.000
      ilnvar                   0.078090    0.055381    0.000001    0.600341    0.000084     25.59     28.69    1.169
      ilnvar                   0.001136    0.000043    0.000001    0.003718    0.000019     45.67     53.63    1.003
      ilnvar                   0.000045    0.000000    0.000001    0.000203    0.000006     42.56     54.15    1.002
      ilnvar                   0.123970    0.058002    0.000028    0.518670    0.039640    189.40    206.12    1.000
      ilnvar                   0.000009    0.000000    0.000001    0.000033    0.000003     44.02     70.04    1.021
      ilnvar                   0.314256    0.225181    0.000001    1.267649    0.097543     41.75     63.61    1.033
      ilnvar                   0.035156    0.016158    0.000001    0.211537    0.000513     47.70     64.96    1.057
      ilnvar                   0.055777    0.026306    0.000001    0.328519    0.000331     32.36     34.45    1.037
      ilnvar                   0.157076    0.115410    0.000001    0.837325    0.015578     55.38     73.65    1.001
      ilnvar                   0.000157    0.000000    0.000001    0.000739    0.000011     67.23     73.56    1.000
      ilnvar                   0.000010    0.000000    0.000001    0.000045    0.000002     50.78     56.47    1.001
      ilnvar                   0.000425    0.000003    0.000001    0.001849    0.000031     42.15     50.78    1.000
      ilnvar                   0.000024    0.000000    0.000001    0.000095    0.000004     26.83     37.60    1.023
      ilnvar                   0.000050    0.000000    0.000001    0.000184    0.000007     36.21     51.29    1.009
      ilnvar                   0.000140    0.000000    0.000001    0.000668    0.000015     40.91     43.34    1.029
      ilnvar                   0.004138    0.000137    0.000001    0.019662    0.000331     52.03     55.23    1.011
      ilnvar                   0.001277    0.000040    0.000001    0.004597    0.000027     27.81     37.18    1.050
      ilnvar                   0.127858    0.186159    0.000001    0.757213    0.000118     41.11     45.81    1.057
      ilnvar                   0.416060    0.500125    0.000001    1.891295    0.005674     54.10     56.49    1.603
      ilnvar                   0.000024    0.000000    0.000001    0.000116    0.000003     45.73     53.05    1.005
      ilnvar                   0.157884    0.083646    0.000001    0.735560    0.029362     46.75     48.78    1.000
      ilnvar                   0.508153    0.301165    0.000001    1.565954    0.383410     25.27    380.66    1.098
      ilnvar                   1.055784    0.781339    0.001276    2.745364    0.871696    131.62    214.49    1.000
      ilnvar                   0.000242    0.000001    0.000001    0.001205    0.000018     62.27     75.23    1.007
      ilnvar                   0.023403    0.016706    0.000001    0.059421    0.000021     24.22     39.22    1.025
      ilnvar                   0.015967    0.004806    0.000001    0.084329    0.000083     27.50     32.69    1.040
      ilnvar                   0.005517    0.001441    0.000001    0.009087    0.000060     34.88     42.30    1.020
      ilnvar                   0.315080    0.291204    0.000220    1.389257    0.106368     69.96     96.35    1.023
      ilnvar                   0.588679    0.405281    0.000001    1.803690    0.444080     36.38     49.44    1.006
      ilnvar                   0.000963    0.000048    0.000001    0.003410    0.000018     52.64     72.52    1.013
      ilnvar                   0.354611    0.198542    0.000041    1.192068    0.214893    126.18    210.05    1.001
      ilnvar                   0.000014    0.000000    0.000001    0.000059    0.000003     35.36     38.69    1.022
      ilnvar                   0.002558    0.000179    0.000001    0.010920    0.000036     59.54     76.37    1.007
      ilnvar                   0.000022    0.000000    0.000001    0.000078    0.000003     37.51     50.60    1.017
      ilnvar                   0.000026    0.000000    0.000001    0.000095    0.000004     48.38     52.33    1.011
      ilnvar                   0.889188    1.189431    0.000001    2.924525    0.080375     47.02    123.14    2.635
      ilnvar                   0.044521    0.016289    0.000001    0.211692    0.003114     95.47    116.06    1.000
      ilnvar                   0.949157    0.775787    0.000320    2.662389    0.725042     86.05    190.20    1.004
      ilnvar                   0.000545    0.000007    0.000001    0.002215    0.000019     34.77     38.50    1.011
      ilnvar                   0.086554    0.065055    0.000001    0.503481    0.002299     34.36     41.68    1.005
      ilnvar                   0.000111    0.000000    0.000001    0.000491    0.000007     29.12     50.55    1.029
      ilnvar                   0.008069    0.002286    0.000001    0.029582    0.000037     51.97     59.49    1.041
      ilnvar                   0.000053    0.000000    0.000001    0.000323    0.000004     25.18     29.59    1.008
      ilnvar                   0.000337    0.000003    0.000001    0.001395    0.000014     61.58     81.25    1.000
      ilnvar                   0.003569    0.000190    0.000001    0.016438    0.000146     42.53     58.88    1.011
      ilnvar                   0.180895    0.091729    0.000001    0.705025    0.079255    191.89    576.55    1.001
      ilnvar                   0.000038    0.000000    0.000001    0.000109    0.000004     41.26     59.77    1.000
      ilnvar                   0.993187    1.003204    0.000006    2.934545    0.738030     49.86     76.89    1.000
      ilnvar                   0.000116    0.000000    0.000001    0.000491    0.000005     34.40     35.17    1.000
      ilnvar                   0.053032    0.032499    0.000001    0.325799    0.000940     40.54     67.32    1.033
      ilnvar                   0.049974    0.050583    0.000001    0.318952    0.000116     26.16     52.21    1.071
      ilnvar                   0.673188    0.676980    0.000001    2.245154    0.165714     33.02    174.89    2.658
      ilnvar                   0.075923    0.025077    0.000001    0.348765    0.011703     32.93     34.64    1.002
      ilnvar                   0.000072    0.000000    0.000001    0.000366    0.000014     64.14     64.19    1.017
      ilnvar                   2.100536    1.294831    0.242399    4.400985    1.892102    984.61   1027.84    1.001
      ilnvar                   0.000408    0.000002    0.000001    0.003116    0.000007     25.41     28.31    1.034
      ilnvar                   0.001630    0.000219    0.000001    0.002606    0.000024     53.48     72.84    1.005
      ilnvar                   1.251271    0.662449    0.009458    2.805113    1.064865    699.06    813.42    1.001
      ilnvar                   0.423579    0.368508    0.000001    1.592031    0.177498     22.76     57.78    1.082
      ilnvar                   0.229726    0.228345    0.000001    1.212405    0.000740     26.00     28.92    1.004
      ilnvar                   0.001086    0.000042    0.000001    0.002733    0.000027     47.97     49.55    1.002
      ilnvar                   0.019301    0.010199    0.000001    0.091196    0.000028     36.09     38.49    1.053
      ilnvar                   0.000024    0.000000    0.000001    0.000096    0.000004     46.12     56.07    1.036
      ilnvar                   0.200716    0.130626    0.000001    0.874232    0.029856     35.58     55.82    1.019
      ilnvar                   0.000035    0.000000    0.000001    0.000155    0.000006     45.34     60.25    1.004
      ilnvar                   0.000018    0.000000    0.000001    0.000087    0.000003     24.79     45.85    1.030
      ilnvar                   0.000896    0.000015    0.000001    0.003258    0.000039     43.28     44.27    1.025
      ilnvar                   0.335437    0.244055    0.000001    1.324173    0.123869     27.42     63.39    1.078
      ilnvar                   0.160943    0.195193    0.000001    1.044952    0.000027     24.18     45.21    1.208
      ilnvar                   0.011322    0.002038    0.000001    0.066274    0.000104     51.32     66.63    1.094
